0.5059,-0.15,0.4346,0.48990839404148423,-0.15875678241518001,0.4274330543118368,0.5059,-0.15,0.43168612847667714,0.48990839404148423,-0.15875678241518001,0.4274330543118368,0.011315756658919754,"[0.011315756658919754, 0.012192407496521018, 0.01288995615295488, 0.01359963525141729, 0.014321891165186378, 0.015181047888625853, 0.01592941522152252, 0.01673874496494045, 0.01751440457689525, 0.01835087734908702, 0.019202544572813795, 0.020070622325609303, 0.02095627718778323, 0.02186061264947246, 0.022737260153569413, 0.023681097053535004, 0.024646250751560458, 0.025633386418693636, 0.02659237614956749, 0.027623542314219474, 0.0286250346734827, 0.029647102596467904, 0.03056454213255984, 0.031680305841655834, 0.03263530150735364, 0.033606764937046466, 0.034593095597664145, 0.03536350794006898, 0.035930760474075646, 0.03631257033147624, 0.03661317474198803, 0.03688385713543919, 0.03738127616234113, 0.037934719347479336, 0.03858163380471939, 0.03921882339006296, 0.03999131852533767, 0.04074980907886149, 0.04127472956039594, 0.04151563832077664, 0.04151964454301027, 0.04123464219442919, 0.04096829512038153, 0.04056460486818273, 0.04028281736824196, 0.04000166841569801, 0.03919762289117317, 0.037812479337396496, 0.03622310391275238, 0.03453579653228067, 0.0330206041779641, 0.031565009966306234, 0.03054064037737075, 0.029904305612678588, 0.029394155816597912, 0.028896840658953926, 0.02825322628704274, 0.027685220830545497, 0.02666364029859006, 0.025486033827772144, 0.02414387260068274, 0.023028867611909868, 0.022681878550084772, 0.02299235797660897, 0.02387546679328945, 0.024738332374206702, 0.025547718436096926, 0.026640938816603423, 0.02759836215880636, 0.028240938725365098, 0.028199955208514017, 0.028168175430310402, 0.02767018559717724, 0.027414861073674215, 0.027239233260695786, 0.0274939869379551, 0.027874761581110984, 0.02868161073982207, 0.029514734605865275, 0.030345172291974937, 0.031248268714928727, 0.032298002681611045, 0.033509628354587276, 0.0348066615601669, 0.03569061118903811, 0.03631377821401384, 0.03654105211474412, 0.03646788532881584, 0.03572808397059345, 0.03427781350345514, 0.03309813106562172, 0.031639416134799855, 0.02970329439236902, 0.027599049067936567, 0.02603054913364457, 0.024090316372098155, 0.02220132238001286, 0.02051452966091278, 0.019044426362309692, 0.017805605247084858, 0.01643252777018217, 0.01523003850809785, 0.01424180324883461, 0.013706552220618947, 0.0130880570946912, 0.012988920737072255, 0.013178248200839212, 0.013386796436950147, 0.01359897371732897, 0.01439195864266014, 0.015495810506657983, 0.016686507754200334, 0.01807173050136072, 0.019341411872889052, 0.020370802976522343, 0.0213787239197115, 0.02262888584538598, 0.02401686851684336, 0.025523335513576738, 0.026670410326906566, 0.02758824337325398, 0.02810647098585074, 0.028219175888028712, 0.02804128716256827, 0.027840212128430745, 0.02799079668741686, 0.027988272685847155, 0.02831306909632167, 0.028434723397990712, 0.0285549391753426, 0.02832607944879636, 0.02800347501499142, 0.027460301198426997, 0.02681840364884072, 0.026203190519756815, 0.02552364346313934, 0.024940794741503684, 0.024553643852497812, 0.024009602077058226, 0.023587486328410737, 0.023053226444370627, 0.02237349941244249, 0.021247392964358097, 0.01948489409103017, 0.01759577829009665, 0.015969918059865678, 0.014849832783247986, 0.014164911869984548, 0.013546042864334782, 0.01328357500957488, 0.012905521640083246, 0.012806686101790404, 0.01256569256360443, 0.01270015008783326, 0.013333718053885597, 0.014364706842779438, 0.015230812921928084, 0.016214173123414017, 0.017422309714956504, 0.01848297873673576, 0.019690103784110968, 0.02062988015396428, 0.021304326954883004, 0.021542023987470748, 0.021445001132587415, 0.02128479356968176, 0.021154257299581803, 0.020548768777841446, 0.020419411659703072, 0.020346908766621045, 0.02018386842926173, 0.020060715556614095, 0.019970155121820186, 0.019905412966441507, 0.019860328269953802, 0.019689549628068632, 0.019110038324468673, 0.018401772510693467, 0.01773443768827515, 0.01691379473734185, 0.0163889904882787, 0.015891976533507178, 0.015695148472402557, 0.015634975895130635, 0.01548249397414641, 0.015250362203767827, 0.01446715870868431, 0.013690714184349355, 0.013111437378948002, 0.01280400987898366, 0.012789088065484542, 0.012885508256999974, 0.012645414791893052, 0.012533763320360268, 0.01300792748125149, 0.014045480441271196, 0.015593406388961941, 0.017496649938682926, 0.01947963017829757, 0.021814960986639112, 0.0244888991790445, 0.027455202671237973, 0.030462142682767764, 0.03347516022004274, 0.03632355277573078, 0.03911728575744543, 0.041489125175428104, 0.043617926344794986, 0.04507509866910146, 0.045973158335007626, 0.046666313335408376, 0.047747911364257295, 0.04910015737076979, 0.051170936172887156, 0.05323921785426519, 0.05484930583024696, 0.05598397968583077, 0.056516639752925084, 0.05678375349578094, 0.05655312215346535, 0.05709318659280136, 0.05753330561326649, 0.05822424761198231, 0.05856641837777238, 0.058663546697002605, 0.05829520111627496, 0.058019458378357286, 0.05786276302771312, 0.057678835712609886, 0.05721489013034267, 0.05620972754199197, 0.05488023496470325, 0.05291870088860013, 0.05085359195424363, 0.04836971777146554, 0.045888993393773454, 0.04332790860019442, 0.040721243397433354, 0.03815348906679705, 0.03609755066086763, 0.03431153121207709, 0.03269994312791247, 0.03113246913067769, 0.029533434333839276, 0.02779284963423818, 0.02581340528028532, 0.023636664296078556, 0.021032966406022018, 0.018298152858289164, 0.015471223173718233, 0.012975006021594128, 0.011476514573927241, 0.011190786613452559, 0.012013514795745658, 0.013192708648177051, 0.0146026096239084, 0.016627808096549106, 0.019288816219412905, 0.022115031993867204, 0.024956066779425322, 0.027947127033299147, 0.030317719296220055, 0.03213024736687776, 0.033908117916643665, 0.035613155393420214, 0.03695858371541455, 0.0370883147011733, 0.035844860180821725, 0.03331269225961453, 0.030127822662769057, 0.026675716455458534, 0.02305094507263966, 0.019294584365168215, 0.016588874620184203, 0.013459760460278334, 0.010513659470637583, 0.008184205378854309, 0.005908681970234855, 0.003908372487361734, 0.002250880846271649, 0.001837561814419065, 0.003902446460586522, 0.00649131804032715, 0.008842266053540701, 0.011337576744963709, 0.013847821453172829, 0.016241515374979285, 0.018506880743639053, 0.020753891025054552, 0.022854281545735794, 0.025177910908837288, 0.027764777035113285, 0.0302577363231247, 0.032552204835272186, 0.033962244268502154, 0.03530995724171245, 0.036795414568091225, 0.03840706162943578, 0.039993850675796264, 0.04133645030179679, 0.04211247094820217, 0.04239213751353172, 0.042192499106345205, 0.04200269786908514, 0.041897190162155235, 0.041830932940717325, 0.04166737666619139, 0.04206882264734189, 0.0426127097658282, 0.042895687146734904, 0.04300135533202284, 0.04249799814293581, 0.041897582995049115, 0.04072077112408416, 0.03927976254850985, 0.037331499513228325, 0.035889992777759706, 0.03456359233645024, 0.033243529781910974, 0.03199033675126687, 0.03059935779738079, 0.029272240636492235, 0.027900707354997015, 0.02654938414970694, 0.02543173352052397, 0.024311103096379235, 0.023065212419431085, 0.021685454855791198, 0.02041159885695607, 0.019056064221564174, 0.017656707279948437, 0.01626614648165674, 0.015012383850973622, 0.013603567963072178, 0.012189757837366814, 0.010674529938407772, 0.009407142987148039, 0.008344525906195775, 0.007439054007672372, 0.0072034584519923735, 0.007775010970036668, 0.009047582903156274, 0.010731538882415681, 0.01253460028234948, 0.014333543563369548, 0.016070624592636203, 0.017817726146123574, 0.019557256660804743, 0.02116824086555951, 0.022529303997840977, 0.023628588936546305, 0.02391411988476377, 0.02359656311707365, 0.022355277074164143, 0.020961866673625245, 0.018393580144489934, 0.015660552711922182, 0.013874328661167971, 0.01254026736778108, 0.011812131260623127, 0.010800298354986543, 0.00961805971638548, 0.008471507575266851, 0.007656757785702683, 0.006719580941926242, 0.0056999472982024405, 0.005125787188458596, 0.00504686530895439, 0.005697178935649704, 0.006245540782853768, 0.0070976650798796875, 0.007900543705723831, 0.008755370167568399, 0.009807746909975117, 0.011209592216881203, 0.01276960312030194, 0.014467251258771754, 0.015865855510978952, 0.01751794577394112, 0.01978728846519214, 0.022540086452385207, 0.024859037758439572, 0.02589623397823137, 0.02611181133516041, 0.026565850619759173, 0.0272557734372972, 0.02776644526036269, 0.02799937699621002, 0.02818388188652303, 0.02806005928616626, 0.028083982827741123, 0.02781538632605852, 0.027763976455106594, 0.028120518002563644, 0.028688559534023904, 0.029389365084960088, 0.030059907204608147, 0.03052096911154336, 0.031053468449087778, 0.03142000488428638, 0.03173833045042581, 0.031892653890475096, 0.03198060527161537, 0.031944507243272385, 0.03180892531117334, 0.03180195743523648, 0.03175983113429147, 0.03185651864929952, 0.032146459060636644, 0.032526908876218445, 0.033087790299913135, 0.03370146462957083, 0.0342847740780508, 0.0344768243549477, 0.03441738754137779, 0.034008301029805295]",0.011315756658919754,0.015991605958515787,0.00875678241518002,0.007166945688163173,0.0,0.0,0.002913871523322842,0.015991605958515787,0.00875678241518002,0.007166945688163173,0.0,1717635300.7038982,2024-06-06_10-55-00
0.5059,-0.14928,0.43490219842405736,0.4898274967548873,-0.15884360185619534,0.427339638004636,0.5059,-0.14928,0.4319322353176124,0.4898274967548873,-0.15884360185619534,0.427339638004636,0.012192407496521018,"[0.011315756658919754, 0.012192407496521018, 0.01288995615295488, 0.01359963525141729, 0.014321891165186378, 0.015181047888625853, 0.01592941522152252, 0.01673874496494045, 0.01751440457689525, 0.01835087734908702, 0.019202544572813795, 0.020070622325609303, 0.02095627718778323, 0.02186061264947246, 0.022737260153569413, 0.023681097053535004, 0.024646250751560458, 0.025633386418693636, 0.02659237614956749, 0.027623542314219474, 0.0286250346734827, 0.029647102596467904, 0.03056454213255984, 0.031680305841655834, 0.03263530150735364, 0.033606764937046466, 0.034593095597664145, 0.03536350794006898, 0.035930760474075646, 0.03631257033147624, 0.03661317474198803, 0.03688385713543919, 0.03738127616234113, 0.037934719347479336, 0.03858163380471939, 0.03921882339006296, 0.03999131852533767, 0.04074980907886149, 0.04127472956039594, 0.04151563832077664, 0.04151964454301027, 0.04123464219442919, 0.04096829512038153, 0.04056460486818273, 0.04028281736824196, 0.04000166841569801, 0.03919762289117317, 0.037812479337396496, 0.03622310391275238, 0.03453579653228067, 0.0330206041779641, 0.031565009966306234, 0.03054064037737075, 0.029904305612678588, 0.029394155816597912, 0.028896840658953926, 0.02825322628704274, 0.027685220830545497, 0.02666364029859006, 0.025486033827772144, 0.02414387260068274, 0.023028867611909868, 0.022681878550084772, 0.02299235797660897, 0.02387546679328945, 0.024738332374206702, 0.025547718436096926, 0.026640938816603423, 0.02759836215880636, 0.028240938725365098, 0.028199955208514017, 0.028168175430310402, 0.02767018559717724, 0.027414861073674215, 0.027239233260695786, 0.0274939869379551, 0.027874761581110984, 0.02868161073982207, 0.029514734605865275, 0.030345172291974937, 0.031248268714928727, 0.032298002681611045, 0.033509628354587276, 0.0348066615601669, 0.03569061118903811, 0.03631377821401384, 0.03654105211474412, 0.03646788532881584, 0.03572808397059345, 0.03427781350345514, 0.03309813106562172, 0.031639416134799855, 0.02970329439236902, 0.027599049067936567, 0.02603054913364457, 0.024090316372098155, 0.02220132238001286, 0.02051452966091278, 0.019044426362309692, 0.017805605247084858, 0.01643252777018217, 0.01523003850809785, 0.01424180324883461, 0.013706552220618947, 0.0130880570946912, 0.012988920737072255, 0.013178248200839212, 0.013386796436950147, 0.01359897371732897, 0.01439195864266014, 0.015495810506657983, 0.016686507754200334, 0.01807173050136072, 0.019341411872889052, 0.020370802976522343, 0.0213787239197115, 0.02262888584538598, 0.02401686851684336, 0.025523335513576738, 0.026670410326906566, 0.02758824337325398, 0.02810647098585074, 0.028219175888028712, 0.02804128716256827, 0.027840212128430745, 0.02799079668741686, 0.027988272685847155, 0.02831306909632167, 0.028434723397990712, 0.0285549391753426, 0.02832607944879636, 0.02800347501499142, 0.027460301198426997, 0.02681840364884072, 0.026203190519756815, 0.02552364346313934, 0.024940794741503684, 0.024553643852497812, 0.024009602077058226, 0.023587486328410737, 0.023053226444370627, 0.02237349941244249, 0.021247392964358097, 0.01948489409103017, 0.01759577829009665, 0.015969918059865678, 0.014849832783247986, 0.014164911869984548, 0.013546042864334782, 0.01328357500957488, 0.012905521640083246, 0.012806686101790404, 0.01256569256360443, 0.01270015008783326, 0.013333718053885597, 0.014364706842779438, 0.015230812921928084, 0.016214173123414017, 0.017422309714956504, 0.01848297873673576, 0.019690103784110968, 0.02062988015396428, 0.021304326954883004, 0.021542023987470748, 0.021445001132587415, 0.02128479356968176, 0.021154257299581803, 0.020548768777841446, 0.020419411659703072, 0.020346908766621045, 0.02018386842926173, 0.020060715556614095, 0.019970155121820186, 0.019905412966441507, 0.019860328269953802, 0.019689549628068632, 0.019110038324468673, 0.018401772510693467, 0.01773443768827515, 0.01691379473734185, 0.0163889904882787, 0.015891976533507178, 0.015695148472402557, 0.015634975895130635, 0.01548249397414641, 0.015250362203767827, 0.01446715870868431, 0.013690714184349355, 0.013111437378948002, 0.01280400987898366, 0.012789088065484542, 0.012885508256999974, 0.012645414791893052, 0.012533763320360268, 0.01300792748125149, 0.014045480441271196, 0.015593406388961941, 0.017496649938682926, 0.01947963017829757, 0.021814960986639112, 0.0244888991790445, 0.027455202671237973, 0.030462142682767764, 0.03347516022004274, 0.03632355277573078, 0.03911728575744543, 0.041489125175428104, 0.043617926344794986, 0.04507509866910146, 0.045973158335007626, 0.046666313335408376, 0.047747911364257295, 0.04910015737076979, 0.051170936172887156, 0.05323921785426519, 0.05484930583024696, 0.05598397968583077, 0.056516639752925084, 0.05678375349578094, 0.05655312215346535, 0.05709318659280136, 0.05753330561326649, 0.05822424761198231, 0.05856641837777238, 0.058663546697002605, 0.05829520111627496, 0.058019458378357286, 0.05786276302771312, 0.057678835712609886, 0.05721489013034267, 0.05620972754199197, 0.05488023496470325, 0.05291870088860013, 0.05085359195424363, 0.04836971777146554, 0.045888993393773454, 0.04332790860019442, 0.040721243397433354, 0.03815348906679705, 0.03609755066086763, 0.03431153121207709, 0.03269994312791247, 0.03113246913067769, 0.029533434333839276, 0.02779284963423818, 0.02581340528028532, 0.023636664296078556, 0.021032966406022018, 0.018298152858289164, 0.015471223173718233, 0.012975006021594128, 0.011476514573927241, 0.011190786613452559, 0.012013514795745658, 0.013192708648177051, 0.0146026096239084, 0.016627808096549106, 0.019288816219412905, 0.022115031993867204, 0.024956066779425322, 0.027947127033299147, 0.030317719296220055, 0.03213024736687776, 0.033908117916643665, 0.035613155393420214, 0.03695858371541455, 0.0370883147011733, 0.035844860180821725, 0.03331269225961453, 0.030127822662769057, 0.026675716455458534, 0.02305094507263966, 0.019294584365168215, 0.016588874620184203, 0.013459760460278334, 0.010513659470637583, 0.008184205378854309, 0.005908681970234855, 0.003908372487361734, 0.002250880846271649, 0.001837561814419065, 0.003902446460586522, 0.00649131804032715, 0.008842266053540701, 0.011337576744963709, 0.013847821453172829, 0.016241515374979285, 0.018506880743639053, 0.020753891025054552, 0.022854281545735794, 0.025177910908837288, 0.027764777035113285, 0.0302577363231247, 0.032552204835272186, 0.033962244268502154, 0.03530995724171245, 0.036795414568091225, 0.03840706162943578, 0.039993850675796264, 0.04133645030179679, 0.04211247094820217, 0.04239213751353172, 0.042192499106345205, 0.04200269786908514, 0.041897190162155235, 0.041830932940717325, 0.04166737666619139, 0.04206882264734189, 0.0426127097658282, 0.042895687146734904, 0.04300135533202284, 0.04249799814293581, 0.041897582995049115, 0.04072077112408416, 0.03927976254850985, 0.037331499513228325, 0.035889992777759706, 0.03456359233645024, 0.033243529781910974, 0.03199033675126687, 0.03059935779738079, 0.029272240636492235, 0.027900707354997015, 0.02654938414970694, 0.02543173352052397, 0.024311103096379235, 0.023065212419431085, 0.021685454855791198, 0.02041159885695607, 0.019056064221564174, 0.017656707279948437, 0.01626614648165674, 0.015012383850973622, 0.013603567963072178, 0.012189757837366814, 0.010674529938407772, 0.009407142987148039, 0.008344525906195775, 0.007439054007672372, 0.0072034584519923735, 0.007775010970036668, 0.009047582903156274, 0.010731538882415681, 0.01253460028234948, 0.014333543563369548, 0.016070624592636203, 0.017817726146123574, 0.019557256660804743, 0.02116824086555951, 0.022529303997840977, 0.023628588936546305, 0.02391411988476377, 0.02359656311707365, 0.022355277074164143, 0.020961866673625245, 0.018393580144489934, 0.015660552711922182, 0.013874328661167971, 0.01254026736778108, 0.011812131260623127, 0.010800298354986543, 0.00961805971638548, 0.008471507575266851, 0.007656757785702683, 0.006719580941926242, 0.0056999472982024405, 0.005125787188458596, 0.00504686530895439, 0.005697178935649704, 0.006245540782853768, 0.0070976650798796875, 0.007900543705723831, 0.008755370167568399, 0.009807746909975117, 0.011209592216881203, 0.01276960312030194, 0.014467251258771754, 0.015865855510978952, 0.01751794577394112, 0.01978728846519214, 0.022540086452385207, 0.024859037758439572, 0.02589623397823137, 0.02611181133516041, 0.026565850619759173, 0.0272557734372972, 0.02776644526036269, 0.02799937699621002, 0.02818388188652303, 0.02806005928616626, 0.028083982827741123, 0.02781538632605852, 0.027763976455106594, 0.028120518002563644, 0.028688559534023904, 0.029389365084960088, 0.030059907204608147, 0.03052096911154336, 0.031053468449087778, 0.03142000488428638, 0.03173833045042581, 0.031892653890475096, 0.03198060527161537, 0.031944507243272385, 0.03180892531117334, 0.03180195743523648, 0.03175983113429147, 0.03185651864929952, 0.032146459060636644, 0.032526908876218445, 0.033087790299913135, 0.03370146462957083, 0.0342847740780508, 0.0344768243549477, 0.03441738754137779, 0.034008301029805295]",0.012192407496521018,0.016072503245112724,0.009563601856195342,0.0075625604194213825,0.0,0.0,0.002969963106444984,0.016072503245112724,0.009563601856195342,0.0075625604194213825,0.023999999999999997,1717635300.7268407,2024-06-06_10-55-00
0.5059,-0.14856,0.43520802357597793,0.4897737373513488,-0.15887674279363015,0.42748042448213386,0.5059,-0.14856,0.4321819688864108,0.4897737373513488,-0.15887674279363015,0.42748042448213386,0.01288995615295488,"[0.011315756658919754, 0.012192407496521018, 0.01288995615295488, 0.01359963525141729, 0.014321891165186378, 0.015181047888625853, 0.01592941522152252, 0.01673874496494045, 0.01751440457689525, 0.01835087734908702, 0.019202544572813795, 0.020070622325609303, 0.02095627718778323, 0.02186061264947246, 0.022737260153569413, 0.023681097053535004, 0.024646250751560458, 0.025633386418693636, 0.02659237614956749, 0.027623542314219474, 0.0286250346734827, 0.029647102596467904, 0.03056454213255984, 0.031680305841655834, 0.03263530150735364, 0.033606764937046466, 0.034593095597664145, 0.03536350794006898, 0.035930760474075646, 0.03631257033147624, 0.03661317474198803, 0.03688385713543919, 0.03738127616234113, 0.037934719347479336, 0.03858163380471939, 0.03921882339006296, 0.03999131852533767, 0.04074980907886149, 0.04127472956039594, 0.04151563832077664, 0.04151964454301027, 0.04123464219442919, 0.04096829512038153, 0.04056460486818273, 0.04028281736824196, 0.04000166841569801, 0.03919762289117317, 0.037812479337396496, 0.03622310391275238, 0.03453579653228067, 0.0330206041779641, 0.031565009966306234, 0.03054064037737075, 0.029904305612678588, 0.029394155816597912, 0.028896840658953926, 0.02825322628704274, 0.027685220830545497, 0.02666364029859006, 0.025486033827772144, 0.02414387260068274, 0.023028867611909868, 0.022681878550084772, 0.02299235797660897, 0.02387546679328945, 0.024738332374206702, 0.025547718436096926, 0.026640938816603423, 0.02759836215880636, 0.028240938725365098, 0.028199955208514017, 0.028168175430310402, 0.02767018559717724, 0.027414861073674215, 0.027239233260695786, 0.0274939869379551, 0.027874761581110984, 0.02868161073982207, 0.029514734605865275, 0.030345172291974937, 0.031248268714928727, 0.032298002681611045, 0.033509628354587276, 0.0348066615601669, 0.03569061118903811, 0.03631377821401384, 0.03654105211474412, 0.03646788532881584, 0.03572808397059345, 0.03427781350345514, 0.03309813106562172, 0.031639416134799855, 0.02970329439236902, 0.027599049067936567, 0.02603054913364457, 0.024090316372098155, 0.02220132238001286, 0.02051452966091278, 0.019044426362309692, 0.017805605247084858, 0.01643252777018217, 0.01523003850809785, 0.01424180324883461, 0.013706552220618947, 0.0130880570946912, 0.012988920737072255, 0.013178248200839212, 0.013386796436950147, 0.01359897371732897, 0.01439195864266014, 0.015495810506657983, 0.016686507754200334, 0.01807173050136072, 0.019341411872889052, 0.020370802976522343, 0.0213787239197115, 0.02262888584538598, 0.02401686851684336, 0.025523335513576738, 0.026670410326906566, 0.02758824337325398, 0.02810647098585074, 0.028219175888028712, 0.02804128716256827, 0.027840212128430745, 0.02799079668741686, 0.027988272685847155, 0.02831306909632167, 0.028434723397990712, 0.0285549391753426, 0.02832607944879636, 0.02800347501499142, 0.027460301198426997, 0.02681840364884072, 0.026203190519756815, 0.02552364346313934, 0.024940794741503684, 0.024553643852497812, 0.024009602077058226, 0.023587486328410737, 0.023053226444370627, 0.02237349941244249, 0.021247392964358097, 0.01948489409103017, 0.01759577829009665, 0.015969918059865678, 0.014849832783247986, 0.014164911869984548, 0.013546042864334782, 0.01328357500957488, 0.012905521640083246, 0.012806686101790404, 0.01256569256360443, 0.01270015008783326, 0.013333718053885597, 0.014364706842779438, 0.015230812921928084, 0.016214173123414017, 0.017422309714956504, 0.01848297873673576, 0.019690103784110968, 0.02062988015396428, 0.021304326954883004, 0.021542023987470748, 0.021445001132587415, 0.02128479356968176, 0.021154257299581803, 0.020548768777841446, 0.020419411659703072, 0.020346908766621045, 0.02018386842926173, 0.020060715556614095, 0.019970155121820186, 0.019905412966441507, 0.019860328269953802, 0.019689549628068632, 0.019110038324468673, 0.018401772510693467, 0.01773443768827515, 0.01691379473734185, 0.0163889904882787, 0.015891976533507178, 0.015695148472402557, 0.015634975895130635, 0.01548249397414641, 0.015250362203767827, 0.01446715870868431, 0.013690714184349355, 0.013111437378948002, 0.01280400987898366, 0.012789088065484542, 0.012885508256999974, 0.012645414791893052, 0.012533763320360268, 0.01300792748125149, 0.014045480441271196, 0.015593406388961941, 0.017496649938682926, 0.01947963017829757, 0.021814960986639112, 0.0244888991790445, 0.027455202671237973, 0.030462142682767764, 0.03347516022004274, 0.03632355277573078, 0.03911728575744543, 0.041489125175428104, 0.043617926344794986, 0.04507509866910146, 0.045973158335007626, 0.046666313335408376, 0.047747911364257295, 0.04910015737076979, 0.051170936172887156, 0.05323921785426519, 0.05484930583024696, 0.05598397968583077, 0.056516639752925084, 0.05678375349578094, 0.05655312215346535, 0.05709318659280136, 0.05753330561326649, 0.05822424761198231, 0.05856641837777238, 0.058663546697002605, 0.05829520111627496, 0.058019458378357286, 0.05786276302771312, 0.057678835712609886, 0.05721489013034267, 0.05620972754199197, 0.05488023496470325, 0.05291870088860013, 0.05085359195424363, 0.04836971777146554, 0.045888993393773454, 0.04332790860019442, 0.040721243397433354, 0.03815348906679705, 0.03609755066086763, 0.03431153121207709, 0.03269994312791247, 0.03113246913067769, 0.029533434333839276, 0.02779284963423818, 0.02581340528028532, 0.023636664296078556, 0.021032966406022018, 0.018298152858289164, 0.015471223173718233, 0.012975006021594128, 0.011476514573927241, 0.011190786613452559, 0.012013514795745658, 0.013192708648177051, 0.0146026096239084, 0.016627808096549106, 0.019288816219412905, 0.022115031993867204, 0.024956066779425322, 0.027947127033299147, 0.030317719296220055, 0.03213024736687776, 0.033908117916643665, 0.035613155393420214, 0.03695858371541455, 0.0370883147011733, 0.035844860180821725, 0.03331269225961453, 0.030127822662769057, 0.026675716455458534, 0.02305094507263966, 0.019294584365168215, 0.016588874620184203, 0.013459760460278334, 0.010513659470637583, 0.008184205378854309, 0.005908681970234855, 0.003908372487361734, 0.002250880846271649, 0.001837561814419065, 0.003902446460586522, 0.00649131804032715, 0.008842266053540701, 0.011337576744963709, 0.013847821453172829, 0.016241515374979285, 0.018506880743639053, 0.020753891025054552, 0.022854281545735794, 0.025177910908837288, 0.027764777035113285, 0.0302577363231247, 0.032552204835272186, 0.033962244268502154, 0.03530995724171245, 0.036795414568091225, 0.03840706162943578, 0.039993850675796264, 0.04133645030179679, 0.04211247094820217, 0.04239213751353172, 0.042192499106345205, 0.04200269786908514, 0.041897190162155235, 0.041830932940717325, 0.04166737666619139, 0.04206882264734189, 0.0426127097658282, 0.042895687146734904, 0.04300135533202284, 0.04249799814293581, 0.041897582995049115, 0.04072077112408416, 0.03927976254850985, 0.037331499513228325, 0.035889992777759706, 0.03456359233645024, 0.033243529781910974, 0.03199033675126687, 0.03059935779738079, 0.029272240636492235, 0.027900707354997015, 0.02654938414970694, 0.02543173352052397, 0.024311103096379235, 0.023065212419431085, 0.021685454855791198, 0.02041159885695607, 0.019056064221564174, 0.017656707279948437, 0.01626614648165674, 0.015012383850973622, 0.013603567963072178, 0.012189757837366814, 0.010674529938407772, 0.009407142987148039, 0.008344525906195775, 0.007439054007672372, 0.0072034584519923735, 0.007775010970036668, 0.009047582903156274, 0.010731538882415681, 0.01253460028234948, 0.014333543563369548, 0.016070624592636203, 0.017817726146123574, 0.019557256660804743, 0.02116824086555951, 0.022529303997840977, 0.023628588936546305, 0.02391411988476377, 0.02359656311707365, 0.022355277074164143, 0.020961866673625245, 0.018393580144489934, 0.015660552711922182, 0.013874328661167971, 0.01254026736778108, 0.011812131260623127, 0.010800298354986543, 0.00961805971638548, 0.008471507575266851, 0.007656757785702683, 0.006719580941926242, 0.0056999472982024405, 0.005125787188458596, 0.00504686530895439, 0.005697178935649704, 0.006245540782853768, 0.0070976650798796875, 0.007900543705723831, 0.008755370167568399, 0.009807746909975117, 0.011209592216881203, 0.01276960312030194, 0.014467251258771754, 0.015865855510978952, 0.01751794577394112, 0.01978728846519214, 0.022540086452385207, 0.024859037758439572, 0.02589623397823137, 0.02611181133516041, 0.026565850619759173, 0.0272557734372972, 0.02776644526036269, 0.02799937699621002, 0.02818388188652303, 0.02806005928616626, 0.028083982827741123, 0.02781538632605852, 0.027763976455106594, 0.028120518002563644, 0.028688559534023904, 0.029389365084960088, 0.030059907204608147, 0.03052096911154336, 0.031053468449087778, 0.03142000488428638, 0.03173833045042581, 0.031892653890475096, 0.03198060527161537, 0.031944507243272385, 0.03180892531117334, 0.03180195743523648, 0.03175983113429147, 0.03185651864929952, 0.032146459060636644, 0.032526908876218445, 0.033087790299913135, 0.03370146462957083, 0.0342847740780508, 0.0344768243549477, 0.03441738754137779, 0.034008301029805295]",0.01288995615295488,0.01612626264865119,0.010316742793630151,0.007727599093844073,0.0,0.0,0.003026054689567126,0.01612626264865119,0.010316742793630151,0.007727599093844073,0.047999999999999994,1717635300.7509015,2024-06-06_10-55-00
0.5059,-0.14784,0.43552106999032286,0.489719934923481,-0.15890985582752784,0.4276211730967337,0.5059,-0.14784,0.4324389237176336,0.489719934923481,-0.15890985582752784,0.4276211730967337,0.01359963525141729,"[0.011315756658919754, 0.012192407496521018, 0.01288995615295488, 0.01359963525141729, 0.014321891165186378, 0.015181047888625853, 0.01592941522152252, 0.01673874496494045, 0.01751440457689525, 0.01835087734908702, 0.019202544572813795, 0.020070622325609303, 0.02095627718778323, 0.02186061264947246, 0.022737260153569413, 0.023681097053535004, 0.024646250751560458, 0.025633386418693636, 0.02659237614956749, 0.027623542314219474, 0.0286250346734827, 0.029647102596467904, 0.03056454213255984, 0.031680305841655834, 0.03263530150735364, 0.033606764937046466, 0.034593095597664145, 0.03536350794006898, 0.035930760474075646, 0.03631257033147624, 0.03661317474198803, 0.03688385713543919, 0.03738127616234113, 0.037934719347479336, 0.03858163380471939, 0.03921882339006296, 0.03999131852533767, 0.04074980907886149, 0.04127472956039594, 0.04151563832077664, 0.04151964454301027, 0.04123464219442919, 0.04096829512038153, 0.04056460486818273, 0.04028281736824196, 0.04000166841569801, 0.03919762289117317, 0.037812479337396496, 0.03622310391275238, 0.03453579653228067, 0.0330206041779641, 0.031565009966306234, 0.03054064037737075, 0.029904305612678588, 0.029394155816597912, 0.028896840658953926, 0.02825322628704274, 0.027685220830545497, 0.02666364029859006, 0.025486033827772144, 0.02414387260068274, 0.023028867611909868, 0.022681878550084772, 0.02299235797660897, 0.02387546679328945, 0.024738332374206702, 0.025547718436096926, 0.026640938816603423, 0.02759836215880636, 0.028240938725365098, 0.028199955208514017, 0.028168175430310402, 0.02767018559717724, 0.027414861073674215, 0.027239233260695786, 0.0274939869379551, 0.027874761581110984, 0.02868161073982207, 0.029514734605865275, 0.030345172291974937, 0.031248268714928727, 0.032298002681611045, 0.033509628354587276, 0.0348066615601669, 0.03569061118903811, 0.03631377821401384, 0.03654105211474412, 0.03646788532881584, 0.03572808397059345, 0.03427781350345514, 0.03309813106562172, 0.031639416134799855, 0.02970329439236902, 0.027599049067936567, 0.02603054913364457, 0.024090316372098155, 0.02220132238001286, 0.02051452966091278, 0.019044426362309692, 0.017805605247084858, 0.01643252777018217, 0.01523003850809785, 0.01424180324883461, 0.013706552220618947, 0.0130880570946912, 0.012988920737072255, 0.013178248200839212, 0.013386796436950147, 0.01359897371732897, 0.01439195864266014, 0.015495810506657983, 0.016686507754200334, 0.01807173050136072, 0.019341411872889052, 0.020370802976522343, 0.0213787239197115, 0.02262888584538598, 0.02401686851684336, 0.025523335513576738, 0.026670410326906566, 0.02758824337325398, 0.02810647098585074, 0.028219175888028712, 0.02804128716256827, 0.027840212128430745, 0.02799079668741686, 0.027988272685847155, 0.02831306909632167, 0.028434723397990712, 0.0285549391753426, 0.02832607944879636, 0.02800347501499142, 0.027460301198426997, 0.02681840364884072, 0.026203190519756815, 0.02552364346313934, 0.024940794741503684, 0.024553643852497812, 0.024009602077058226, 0.023587486328410737, 0.023053226444370627, 0.02237349941244249, 0.021247392964358097, 0.01948489409103017, 0.01759577829009665, 0.015969918059865678, 0.014849832783247986, 0.014164911869984548, 0.013546042864334782, 0.01328357500957488, 0.012905521640083246, 0.012806686101790404, 0.01256569256360443, 0.01270015008783326, 0.013333718053885597, 0.014364706842779438, 0.015230812921928084, 0.016214173123414017, 0.017422309714956504, 0.01848297873673576, 0.019690103784110968, 0.02062988015396428, 0.021304326954883004, 0.021542023987470748, 0.021445001132587415, 0.02128479356968176, 0.021154257299581803, 0.020548768777841446, 0.020419411659703072, 0.020346908766621045, 0.02018386842926173, 0.020060715556614095, 0.019970155121820186, 0.019905412966441507, 0.019860328269953802, 0.019689549628068632, 0.019110038324468673, 0.018401772510693467, 0.01773443768827515, 0.01691379473734185, 0.0163889904882787, 0.015891976533507178, 0.015695148472402557, 0.015634975895130635, 0.01548249397414641, 0.015250362203767827, 0.01446715870868431, 0.013690714184349355, 0.013111437378948002, 0.01280400987898366, 0.012789088065484542, 0.012885508256999974, 0.012645414791893052, 0.012533763320360268, 0.01300792748125149, 0.014045480441271196, 0.015593406388961941, 0.017496649938682926, 0.01947963017829757, 0.021814960986639112, 0.0244888991790445, 0.027455202671237973, 0.030462142682767764, 0.03347516022004274, 0.03632355277573078, 0.03911728575744543, 0.041489125175428104, 0.043617926344794986, 0.04507509866910146, 0.045973158335007626, 0.046666313335408376, 0.047747911364257295, 0.04910015737076979, 0.051170936172887156, 0.05323921785426519, 0.05484930583024696, 0.05598397968583077, 0.056516639752925084, 0.05678375349578094, 0.05655312215346535, 0.05709318659280136, 0.05753330561326649, 0.05822424761198231, 0.05856641837777238, 0.058663546697002605, 0.05829520111627496, 0.058019458378357286, 0.05786276302771312, 0.057678835712609886, 0.05721489013034267, 0.05620972754199197, 0.05488023496470325, 0.05291870088860013, 0.05085359195424363, 0.04836971777146554, 0.045888993393773454, 0.04332790860019442, 0.040721243397433354, 0.03815348906679705, 0.03609755066086763, 0.03431153121207709, 0.03269994312791247, 0.03113246913067769, 0.029533434333839276, 0.02779284963423818, 0.02581340528028532, 0.023636664296078556, 0.021032966406022018, 0.018298152858289164, 0.015471223173718233, 0.012975006021594128, 0.011476514573927241, 0.011190786613452559, 0.012013514795745658, 0.013192708648177051, 0.0146026096239084, 0.016627808096549106, 0.019288816219412905, 0.022115031993867204, 0.024956066779425322, 0.027947127033299147, 0.030317719296220055, 0.03213024736687776, 0.033908117916643665, 0.035613155393420214, 0.03695858371541455, 0.0370883147011733, 0.035844860180821725, 0.03331269225961453, 0.030127822662769057, 0.026675716455458534, 0.02305094507263966, 0.019294584365168215, 0.016588874620184203, 0.013459760460278334, 0.010513659470637583, 0.008184205378854309, 0.005908681970234855, 0.003908372487361734, 0.002250880846271649, 0.001837561814419065, 0.003902446460586522, 0.00649131804032715, 0.008842266053540701, 0.011337576744963709, 0.013847821453172829, 0.016241515374979285, 0.018506880743639053, 0.020753891025054552, 0.022854281545735794, 0.025177910908837288, 0.027764777035113285, 0.0302577363231247, 0.032552204835272186, 0.033962244268502154, 0.03530995724171245, 0.036795414568091225, 0.03840706162943578, 0.039993850675796264, 0.04133645030179679, 0.04211247094820217, 0.04239213751353172, 0.042192499106345205, 0.04200269786908514, 0.041897190162155235, 0.041830932940717325, 0.04166737666619139, 0.04206882264734189, 0.0426127097658282, 0.042895687146734904, 0.04300135533202284, 0.04249799814293581, 0.041897582995049115, 0.04072077112408416, 0.03927976254850985, 0.037331499513228325, 0.035889992777759706, 0.03456359233645024, 0.033243529781910974, 0.03199033675126687, 0.03059935779738079, 0.029272240636492235, 0.027900707354997015, 0.02654938414970694, 0.02543173352052397, 0.024311103096379235, 0.023065212419431085, 0.021685454855791198, 0.02041159885695607, 0.019056064221564174, 0.017656707279948437, 0.01626614648165674, 0.015012383850973622, 0.013603567963072178, 0.012189757837366814, 0.010674529938407772, 0.009407142987148039, 0.008344525906195775, 0.007439054007672372, 0.0072034584519923735, 0.007775010970036668, 0.009047582903156274, 0.010731538882415681, 0.01253460028234948, 0.014333543563369548, 0.016070624592636203, 0.017817726146123574, 0.019557256660804743, 0.02116824086555951, 0.022529303997840977, 0.023628588936546305, 0.02391411988476377, 0.02359656311707365, 0.022355277074164143, 0.020961866673625245, 0.018393580144489934, 0.015660552711922182, 0.013874328661167971, 0.01254026736778108, 0.011812131260623127, 0.010800298354986543, 0.00961805971638548, 0.008471507575266851, 0.007656757785702683, 0.006719580941926242, 0.0056999472982024405, 0.005125787188458596, 0.00504686530895439, 0.005697178935649704, 0.006245540782853768, 0.0070976650798796875, 0.007900543705723831, 0.008755370167568399, 0.009807746909975117, 0.011209592216881203, 0.01276960312030194, 0.014467251258771754, 0.015865855510978952, 0.01751794577394112, 0.01978728846519214, 0.022540086452385207, 0.024859037758439572, 0.02589623397823137, 0.02611181133516041, 0.026565850619759173, 0.0272557734372972, 0.02776644526036269, 0.02799937699621002, 0.02818388188652303, 0.02806005928616626, 0.028083982827741123, 0.02781538632605852, 0.027763976455106594, 0.028120518002563644, 0.028688559534023904, 0.029389365084960088, 0.030059907204608147, 0.03052096911154336, 0.031053468449087778, 0.03142000488428638, 0.03173833045042581, 0.031892653890475096, 0.03198060527161537, 0.031944507243272385, 0.03180892531117334, 0.03180195743523648, 0.03175983113429147, 0.03185651864929952, 0.032146459060636644, 0.032526908876218445, 0.033087790299913135, 0.03370146462957083, 0.0342847740780508, 0.0344768243549477, 0.03441738754137779, 0.034008301029805295]",0.01359963525141729,0.016180065076519035,0.011069855827527841,0.007899896893589164,0.0,0.0,0.003082146272689268,0.016180065076519035,0.011069855827527841,0.007899896893589164,0.072,1717635300.775216,2024-06-06_10-55-00
0.5059,-0.14712,0.43584486803297573,0.48966608950354995,-0.15894294096502867,0.4277618838387013,0.5059,-0.14712,0.4327066301771643,0.48966608950354995,-0.15894294096502867,0.4277618838387013,0.014321891165186378,"[0.011315756658919754, 0.012192407496521018, 0.01288995615295488, 0.01359963525141729, 0.014321891165186378, 0.015181047888625853, 0.01592941522152252, 0.01673874496494045, 0.01751440457689525, 0.01835087734908702, 0.019202544572813795, 0.020070622325609303, 0.02095627718778323, 0.02186061264947246, 0.022737260153569413, 0.023681097053535004, 0.024646250751560458, 0.025633386418693636, 0.02659237614956749, 0.027623542314219474, 0.0286250346734827, 0.029647102596467904, 0.03056454213255984, 0.031680305841655834, 0.03263530150735364, 0.033606764937046466, 0.034593095597664145, 0.03536350794006898, 0.035930760474075646, 0.03631257033147624, 0.03661317474198803, 0.03688385713543919, 0.03738127616234113, 0.037934719347479336, 0.03858163380471939, 0.03921882339006296, 0.03999131852533767, 0.04074980907886149, 0.04127472956039594, 0.04151563832077664, 0.04151964454301027, 0.04123464219442919, 0.04096829512038153, 0.04056460486818273, 0.04028281736824196, 0.04000166841569801, 0.03919762289117317, 0.037812479337396496, 0.03622310391275238, 0.03453579653228067, 0.0330206041779641, 0.031565009966306234, 0.03054064037737075, 0.029904305612678588, 0.029394155816597912, 0.028896840658953926, 0.02825322628704274, 0.027685220830545497, 0.02666364029859006, 0.025486033827772144, 0.02414387260068274, 0.023028867611909868, 0.022681878550084772, 0.02299235797660897, 0.02387546679328945, 0.024738332374206702, 0.025547718436096926, 0.026640938816603423, 0.02759836215880636, 0.028240938725365098, 0.028199955208514017, 0.028168175430310402, 0.02767018559717724, 0.027414861073674215, 0.027239233260695786, 0.0274939869379551, 0.027874761581110984, 0.02868161073982207, 0.029514734605865275, 0.030345172291974937, 0.031248268714928727, 0.032298002681611045, 0.033509628354587276, 0.0348066615601669, 0.03569061118903811, 0.03631377821401384, 0.03654105211474412, 0.03646788532881584, 0.03572808397059345, 0.03427781350345514, 0.03309813106562172, 0.031639416134799855, 0.02970329439236902, 0.027599049067936567, 0.02603054913364457, 0.024090316372098155, 0.02220132238001286, 0.02051452966091278, 0.019044426362309692, 0.017805605247084858, 0.01643252777018217, 0.01523003850809785, 0.01424180324883461, 0.013706552220618947, 0.0130880570946912, 0.012988920737072255, 0.013178248200839212, 0.013386796436950147, 0.01359897371732897, 0.01439195864266014, 0.015495810506657983, 0.016686507754200334, 0.01807173050136072, 0.019341411872889052, 0.020370802976522343, 0.0213787239197115, 0.02262888584538598, 0.02401686851684336, 0.025523335513576738, 0.026670410326906566, 0.02758824337325398, 0.02810647098585074, 0.028219175888028712, 0.02804128716256827, 0.027840212128430745, 0.02799079668741686, 0.027988272685847155, 0.02831306909632167, 0.028434723397990712, 0.0285549391753426, 0.02832607944879636, 0.02800347501499142, 0.027460301198426997, 0.02681840364884072, 0.026203190519756815, 0.02552364346313934, 0.024940794741503684, 0.024553643852497812, 0.024009602077058226, 0.023587486328410737, 0.023053226444370627, 0.02237349941244249, 0.021247392964358097, 0.01948489409103017, 0.01759577829009665, 0.015969918059865678, 0.014849832783247986, 0.014164911869984548, 0.013546042864334782, 0.01328357500957488, 0.012905521640083246, 0.012806686101790404, 0.01256569256360443, 0.01270015008783326, 0.013333718053885597, 0.014364706842779438, 0.015230812921928084, 0.016214173123414017, 0.017422309714956504, 0.01848297873673576, 0.019690103784110968, 0.02062988015396428, 0.021304326954883004, 0.021542023987470748, 0.021445001132587415, 0.02128479356968176, 0.021154257299581803, 0.020548768777841446, 0.020419411659703072, 0.020346908766621045, 0.02018386842926173, 0.020060715556614095, 0.019970155121820186, 0.019905412966441507, 0.019860328269953802, 0.019689549628068632, 0.019110038324468673, 0.018401772510693467, 0.01773443768827515, 0.01691379473734185, 0.0163889904882787, 0.015891976533507178, 0.015695148472402557, 0.015634975895130635, 0.01548249397414641, 0.015250362203767827, 0.01446715870868431, 0.013690714184349355, 0.013111437378948002, 0.01280400987898366, 0.012789088065484542, 0.012885508256999974, 0.012645414791893052, 0.012533763320360268, 0.01300792748125149, 0.014045480441271196, 0.015593406388961941, 0.017496649938682926, 0.01947963017829757, 0.021814960986639112, 0.0244888991790445, 0.027455202671237973, 0.030462142682767764, 0.03347516022004274, 0.03632355277573078, 0.03911728575744543, 0.041489125175428104, 0.043617926344794986, 0.04507509866910146, 0.045973158335007626, 0.046666313335408376, 0.047747911364257295, 0.04910015737076979, 0.051170936172887156, 0.05323921785426519, 0.05484930583024696, 0.05598397968583077, 0.056516639752925084, 0.05678375349578094, 0.05655312215346535, 0.05709318659280136, 0.05753330561326649, 0.05822424761198231, 0.05856641837777238, 0.058663546697002605, 0.05829520111627496, 0.058019458378357286, 0.05786276302771312, 0.057678835712609886, 0.05721489013034267, 0.05620972754199197, 0.05488023496470325, 0.05291870088860013, 0.05085359195424363, 0.04836971777146554, 0.045888993393773454, 0.04332790860019442, 0.040721243397433354, 0.03815348906679705, 0.03609755066086763, 0.03431153121207709, 0.03269994312791247, 0.03113246913067769, 0.029533434333839276, 0.02779284963423818, 0.02581340528028532, 0.023636664296078556, 0.021032966406022018, 0.018298152858289164, 0.015471223173718233, 0.012975006021594128, 0.011476514573927241, 0.011190786613452559, 0.012013514795745658, 0.013192708648177051, 0.0146026096239084, 0.016627808096549106, 0.019288816219412905, 0.022115031993867204, 0.024956066779425322, 0.027947127033299147, 0.030317719296220055, 0.03213024736687776, 0.033908117916643665, 0.035613155393420214, 0.03695858371541455, 0.0370883147011733, 0.035844860180821725, 0.03331269225961453, 0.030127822662769057, 0.026675716455458534, 0.02305094507263966, 0.019294584365168215, 0.016588874620184203, 0.013459760460278334, 0.010513659470637583, 0.008184205378854309, 0.005908681970234855, 0.003908372487361734, 0.002250880846271649, 0.001837561814419065, 0.003902446460586522, 0.00649131804032715, 0.008842266053540701, 0.011337576744963709, 0.013847821453172829, 0.016241515374979285, 0.018506880743639053, 0.020753891025054552, 0.022854281545735794, 0.025177910908837288, 0.027764777035113285, 0.0302577363231247, 0.032552204835272186, 0.033962244268502154, 0.03530995724171245, 0.036795414568091225, 0.03840706162943578, 0.039993850675796264, 0.04133645030179679, 0.04211247094820217, 0.04239213751353172, 0.042192499106345205, 0.04200269786908514, 0.041897190162155235, 0.041830932940717325, 0.04166737666619139, 0.04206882264734189, 0.0426127097658282, 0.042895687146734904, 0.04300135533202284, 0.04249799814293581, 0.041897582995049115, 0.04072077112408416, 0.03927976254850985, 0.037331499513228325, 0.035889992777759706, 0.03456359233645024, 0.033243529781910974, 0.03199033675126687, 0.03059935779738079, 0.029272240636492235, 0.027900707354997015, 0.02654938414970694, 0.02543173352052397, 0.024311103096379235, 0.023065212419431085, 0.021685454855791198, 0.02041159885695607, 0.019056064221564174, 0.017656707279948437, 0.01626614648165674, 0.015012383850973622, 0.013603567963072178, 0.012189757837366814, 0.010674529938407772, 0.009407142987148039, 0.008344525906195775, 0.007439054007672372, 0.0072034584519923735, 0.007775010970036668, 0.009047582903156274, 0.010731538882415681, 0.01253460028234948, 0.014333543563369548, 0.016070624592636203, 0.017817726146123574, 0.019557256660804743, 0.02116824086555951, 0.022529303997840977, 0.023628588936546305, 0.02391411988476377, 0.02359656311707365, 0.022355277074164143, 0.020961866673625245, 0.018393580144489934, 0.015660552711922182, 0.013874328661167971, 0.01254026736778108, 0.011812131260623127, 0.010800298354986543, 0.00961805971638548, 0.008471507575266851, 0.007656757785702683, 0.006719580941926242, 0.0056999472982024405, 0.005125787188458596, 0.00504686530895439, 0.005697178935649704, 0.006245540782853768, 0.0070976650798796875, 0.007900543705723831, 0.008755370167568399, 0.009807746909975117, 0.011209592216881203, 0.01276960312030194, 0.014467251258771754, 0.015865855510978952, 0.01751794577394112, 0.01978728846519214, 0.022540086452385207, 0.024859037758439572, 0.02589623397823137, 0.02611181133516041, 0.026565850619759173, 0.0272557734372972, 0.02776644526036269, 0.02799937699621002, 0.02818388188652303, 0.02806005928616626, 0.028083982827741123, 0.02781538632605852, 0.027763976455106594, 0.028120518002563644, 0.028688559534023904, 0.029389365084960088, 0.030059907204608147, 0.03052096911154336, 0.031053468449087778, 0.03142000488428638, 0.03173833045042581, 0.031892653890475096, 0.03198060527161537, 0.031944507243272385, 0.03180892531117334, 0.03180195743523648, 0.03175983113429147, 0.03185651864929952, 0.032146459060636644, 0.032526908876218445, 0.033087790299913135, 0.03370146462957083, 0.0342847740780508, 0.0344768243549477, 0.03441738754137779, 0.034008301029805295]",0.014321891165186378,0.016233910496450066,0.011822940965028672,0.008082984194274445,0.0,0.0,0.00313823785581141,0.016233910496450066,0.011822940965028672,0.008082984194274445,0.09599999999999999,1717635300.7993212,2024-06-06_10-55-00
0.5059,-0.1464,0.4361828523602623,0.4895313815862993,-0.15906274772223383,0.4278091414075357,0.5059,-0.1464,0.4329754922009125,0.4895313815862993,-0.15906274772223383,0.4278091414075357,0.015181047888625853,"[0.011315756658919754, 0.012192407496521018, 0.01288995615295488, 0.01359963525141729, 0.014321891165186378, 0.015181047888625853, 0.01592941522152252, 0.01673874496494045, 0.01751440457689525, 0.01835087734908702, 0.019202544572813795, 0.020070622325609303, 0.02095627718778323, 0.02186061264947246, 0.022737260153569413, 0.023681097053535004, 0.024646250751560458, 0.025633386418693636, 0.02659237614956749, 0.027623542314219474, 0.0286250346734827, 0.029647102596467904, 0.03056454213255984, 0.031680305841655834, 0.03263530150735364, 0.033606764937046466, 0.034593095597664145, 0.03536350794006898, 0.035930760474075646, 0.03631257033147624, 0.03661317474198803, 0.03688385713543919, 0.03738127616234113, 0.037934719347479336, 0.03858163380471939, 0.03921882339006296, 0.03999131852533767, 0.04074980907886149, 0.04127472956039594, 0.04151563832077664, 0.04151964454301027, 0.04123464219442919, 0.04096829512038153, 0.04056460486818273, 0.04028281736824196, 0.04000166841569801, 0.03919762289117317, 0.037812479337396496, 0.03622310391275238, 0.03453579653228067, 0.0330206041779641, 0.031565009966306234, 0.03054064037737075, 0.029904305612678588, 0.029394155816597912, 0.028896840658953926, 0.02825322628704274, 0.027685220830545497, 0.02666364029859006, 0.025486033827772144, 0.02414387260068274, 0.023028867611909868, 0.022681878550084772, 0.02299235797660897, 0.02387546679328945, 0.024738332374206702, 0.025547718436096926, 0.026640938816603423, 0.02759836215880636, 0.028240938725365098, 0.028199955208514017, 0.028168175430310402, 0.02767018559717724, 0.027414861073674215, 0.027239233260695786, 0.0274939869379551, 0.027874761581110984, 0.02868161073982207, 0.029514734605865275, 0.030345172291974937, 0.031248268714928727, 0.032298002681611045, 0.033509628354587276, 0.0348066615601669, 0.03569061118903811, 0.03631377821401384, 0.03654105211474412, 0.03646788532881584, 0.03572808397059345, 0.03427781350345514, 0.03309813106562172, 0.031639416134799855, 0.02970329439236902, 0.027599049067936567, 0.02603054913364457, 0.024090316372098155, 0.02220132238001286, 0.02051452966091278, 0.019044426362309692, 0.017805605247084858, 0.01643252777018217, 0.01523003850809785, 0.01424180324883461, 0.013706552220618947, 0.0130880570946912, 0.012988920737072255, 0.013178248200839212, 0.013386796436950147, 0.01359897371732897, 0.01439195864266014, 0.015495810506657983, 0.016686507754200334, 0.01807173050136072, 0.019341411872889052, 0.020370802976522343, 0.0213787239197115, 0.02262888584538598, 0.02401686851684336, 0.025523335513576738, 0.026670410326906566, 0.02758824337325398, 0.02810647098585074, 0.028219175888028712, 0.02804128716256827, 0.027840212128430745, 0.02799079668741686, 0.027988272685847155, 0.02831306909632167, 0.028434723397990712, 0.0285549391753426, 0.02832607944879636, 0.02800347501499142, 0.027460301198426997, 0.02681840364884072, 0.026203190519756815, 0.02552364346313934, 0.024940794741503684, 0.024553643852497812, 0.024009602077058226, 0.023587486328410737, 0.023053226444370627, 0.02237349941244249, 0.021247392964358097, 0.01948489409103017, 0.01759577829009665, 0.015969918059865678, 0.014849832783247986, 0.014164911869984548, 0.013546042864334782, 0.01328357500957488, 0.012905521640083246, 0.012806686101790404, 0.01256569256360443, 0.01270015008783326, 0.013333718053885597, 0.014364706842779438, 0.015230812921928084, 0.016214173123414017, 0.017422309714956504, 0.01848297873673576, 0.019690103784110968, 0.02062988015396428, 0.021304326954883004, 0.021542023987470748, 0.021445001132587415, 0.02128479356968176, 0.021154257299581803, 0.020548768777841446, 0.020419411659703072, 0.020346908766621045, 0.02018386842926173, 0.020060715556614095, 0.019970155121820186, 0.019905412966441507, 0.019860328269953802, 0.019689549628068632, 0.019110038324468673, 0.018401772510693467, 0.01773443768827515, 0.01691379473734185, 0.0163889904882787, 0.015891976533507178, 0.015695148472402557, 0.015634975895130635, 0.01548249397414641, 0.015250362203767827, 0.01446715870868431, 0.013690714184349355, 0.013111437378948002, 0.01280400987898366, 0.012789088065484542, 0.012885508256999974, 0.012645414791893052, 0.012533763320360268, 0.01300792748125149, 0.014045480441271196, 0.015593406388961941, 0.017496649938682926, 0.01947963017829757, 0.021814960986639112, 0.0244888991790445, 0.027455202671237973, 0.030462142682767764, 0.03347516022004274, 0.03632355277573078, 0.03911728575744543, 0.041489125175428104, 0.043617926344794986, 0.04507509866910146, 0.045973158335007626, 0.046666313335408376, 0.047747911364257295, 0.04910015737076979, 0.051170936172887156, 0.05323921785426519, 0.05484930583024696, 0.05598397968583077, 0.056516639752925084, 0.05678375349578094, 0.05655312215346535, 0.05709318659280136, 0.05753330561326649, 0.05822424761198231, 0.05856641837777238, 0.058663546697002605, 0.05829520111627496, 0.058019458378357286, 0.05786276302771312, 0.057678835712609886, 0.05721489013034267, 0.05620972754199197, 0.05488023496470325, 0.05291870088860013, 0.05085359195424363, 0.04836971777146554, 0.045888993393773454, 0.04332790860019442, 0.040721243397433354, 0.03815348906679705, 0.03609755066086763, 0.03431153121207709, 0.03269994312791247, 0.03113246913067769, 0.029533434333839276, 0.02779284963423818, 0.02581340528028532, 0.023636664296078556, 0.021032966406022018, 0.018298152858289164, 0.015471223173718233, 0.012975006021594128, 0.011476514573927241, 0.011190786613452559, 0.012013514795745658, 0.013192708648177051, 0.0146026096239084, 0.016627808096549106, 0.019288816219412905, 0.022115031993867204, 0.024956066779425322, 0.027947127033299147, 0.030317719296220055, 0.03213024736687776, 0.033908117916643665, 0.035613155393420214, 0.03695858371541455, 0.0370883147011733, 0.035844860180821725, 0.03331269225961453, 0.030127822662769057, 0.026675716455458534, 0.02305094507263966, 0.019294584365168215, 0.016588874620184203, 0.013459760460278334, 0.010513659470637583, 0.008184205378854309, 0.005908681970234855, 0.003908372487361734, 0.002250880846271649, 0.001837561814419065, 0.003902446460586522, 0.00649131804032715, 0.008842266053540701, 0.011337576744963709, 0.013847821453172829, 0.016241515374979285, 0.018506880743639053, 0.020753891025054552, 0.022854281545735794, 0.025177910908837288, 0.027764777035113285, 0.0302577363231247, 0.032552204835272186, 0.033962244268502154, 0.03530995724171245, 0.036795414568091225, 0.03840706162943578, 0.039993850675796264, 0.04133645030179679, 0.04211247094820217, 0.04239213751353172, 0.042192499106345205, 0.04200269786908514, 0.041897190162155235, 0.041830932940717325, 0.04166737666619139, 0.04206882264734189, 0.0426127097658282, 0.042895687146734904, 0.04300135533202284, 0.04249799814293581, 0.041897582995049115, 0.04072077112408416, 0.03927976254850985, 0.037331499513228325, 0.035889992777759706, 0.03456359233645024, 0.033243529781910974, 0.03199033675126687, 0.03059935779738079, 0.029272240636492235, 0.027900707354997015, 0.02654938414970694, 0.02543173352052397, 0.024311103096379235, 0.023065212419431085, 0.021685454855791198, 0.02041159885695607, 0.019056064221564174, 0.017656707279948437, 0.01626614648165674, 0.015012383850973622, 0.013603567963072178, 0.012189757837366814, 0.010674529938407772, 0.009407142987148039, 0.008344525906195775, 0.007439054007672372, 0.0072034584519923735, 0.007775010970036668, 0.009047582903156274, 0.010731538882415681, 0.01253460028234948, 0.014333543563369548, 0.016070624592636203, 0.017817726146123574, 0.019557256660804743, 0.02116824086555951, 0.022529303997840977, 0.023628588936546305, 0.02391411988476377, 0.02359656311707365, 0.022355277074164143, 0.020961866673625245, 0.018393580144489934, 0.015660552711922182, 0.013874328661167971, 0.01254026736778108, 0.011812131260623127, 0.010800298354986543, 0.00961805971638548, 0.008471507575266851, 0.007656757785702683, 0.006719580941926242, 0.0056999472982024405, 0.005125787188458596, 0.00504686530895439, 0.005697178935649704, 0.006245540782853768, 0.0070976650798796875, 0.007900543705723831, 0.008755370167568399, 0.009807746909975117, 0.011209592216881203, 0.01276960312030194, 0.014467251258771754, 0.015865855510978952, 0.01751794577394112, 0.01978728846519214, 0.022540086452385207, 0.024859037758439572, 0.02589623397823137, 0.02611181133516041, 0.026565850619759173, 0.0272557734372972, 0.02776644526036269, 0.02799937699621002, 0.02818388188652303, 0.02806005928616626, 0.028083982827741123, 0.02781538632605852, 0.027763976455106594, 0.028120518002563644, 0.028688559534023904, 0.029389365084960088, 0.030059907204608147, 0.03052096911154336, 0.031053468449087778, 0.03142000488428638, 0.03173833045042581, 0.031892653890475096, 0.03198060527161537, 0.031944507243272385, 0.03180892531117334, 0.03180195743523648, 0.03175983113429147, 0.03185651864929952, 0.032146459060636644, 0.032526908876218445, 0.033087790299913135, 0.03370146462957083, 0.0342847740780508, 0.0344768243549477, 0.03441738754137779, 0.034008301029805295]",0.015181047888625853,0.016368618413700742,0.01266274772223383,0.008373710952726598,0.0,0.0,0.003207360159349748,0.016368618413700742,0.01266274772223383,0.008373710952726598,0.12,1717635300.822898,2024-06-06_10-55-00
0.5059,-0.14568,0.4365383310264225,0.4894774780050871,-0.15909577008533443,0.42794976989447964,0.5059,-0.14568,0.43325924241945124,0.4894774780050871,-0.15909577008533443,0.42794976989447964,0.01592941522152252,"[0.011315756658919754, 0.012192407496521018, 0.01288995615295488, 0.01359963525141729, 0.014321891165186378, 0.015181047888625853, 0.01592941522152252, 0.01673874496494045, 0.01751440457689525, 0.01835087734908702, 0.019202544572813795, 0.020070622325609303, 0.02095627718778323, 0.02186061264947246, 0.022737260153569413, 0.023681097053535004, 0.024646250751560458, 0.025633386418693636, 0.02659237614956749, 0.027623542314219474, 0.0286250346734827, 0.029647102596467904, 0.03056454213255984, 0.031680305841655834, 0.03263530150735364, 0.033606764937046466, 0.034593095597664145, 0.03536350794006898, 0.035930760474075646, 0.03631257033147624, 0.03661317474198803, 0.03688385713543919, 0.03738127616234113, 0.037934719347479336, 0.03858163380471939, 0.03921882339006296, 0.03999131852533767, 0.04074980907886149, 0.04127472956039594, 0.04151563832077664, 0.04151964454301027, 0.04123464219442919, 0.04096829512038153, 0.04056460486818273, 0.04028281736824196, 0.04000166841569801, 0.03919762289117317, 0.037812479337396496, 0.03622310391275238, 0.03453579653228067, 0.0330206041779641, 0.031565009966306234, 0.03054064037737075, 0.029904305612678588, 0.029394155816597912, 0.028896840658953926, 0.02825322628704274, 0.027685220830545497, 0.02666364029859006, 0.025486033827772144, 0.02414387260068274, 0.023028867611909868, 0.022681878550084772, 0.02299235797660897, 0.02387546679328945, 0.024738332374206702, 0.025547718436096926, 0.026640938816603423, 0.02759836215880636, 0.028240938725365098, 0.028199955208514017, 0.028168175430310402, 0.02767018559717724, 0.027414861073674215, 0.027239233260695786, 0.0274939869379551, 0.027874761581110984, 0.02868161073982207, 0.029514734605865275, 0.030345172291974937, 0.031248268714928727, 0.032298002681611045, 0.033509628354587276, 0.0348066615601669, 0.03569061118903811, 0.03631377821401384, 0.03654105211474412, 0.03646788532881584, 0.03572808397059345, 0.03427781350345514, 0.03309813106562172, 0.031639416134799855, 0.02970329439236902, 0.027599049067936567, 0.02603054913364457, 0.024090316372098155, 0.02220132238001286, 0.02051452966091278, 0.019044426362309692, 0.017805605247084858, 0.01643252777018217, 0.01523003850809785, 0.01424180324883461, 0.013706552220618947, 0.0130880570946912, 0.012988920737072255, 0.013178248200839212, 0.013386796436950147, 0.01359897371732897, 0.01439195864266014, 0.015495810506657983, 0.016686507754200334, 0.01807173050136072, 0.019341411872889052, 0.020370802976522343, 0.0213787239197115, 0.02262888584538598, 0.02401686851684336, 0.025523335513576738, 0.026670410326906566, 0.02758824337325398, 0.02810647098585074, 0.028219175888028712, 0.02804128716256827, 0.027840212128430745, 0.02799079668741686, 0.027988272685847155, 0.02831306909632167, 0.028434723397990712, 0.0285549391753426, 0.02832607944879636, 0.02800347501499142, 0.027460301198426997, 0.02681840364884072, 0.026203190519756815, 0.02552364346313934, 0.024940794741503684, 0.024553643852497812, 0.024009602077058226, 0.023587486328410737, 0.023053226444370627, 0.02237349941244249, 0.021247392964358097, 0.01948489409103017, 0.01759577829009665, 0.015969918059865678, 0.014849832783247986, 0.014164911869984548, 0.013546042864334782, 0.01328357500957488, 0.012905521640083246, 0.012806686101790404, 0.01256569256360443, 0.01270015008783326, 0.013333718053885597, 0.014364706842779438, 0.015230812921928084, 0.016214173123414017, 0.017422309714956504, 0.01848297873673576, 0.019690103784110968, 0.02062988015396428, 0.021304326954883004, 0.021542023987470748, 0.021445001132587415, 0.02128479356968176, 0.021154257299581803, 0.020548768777841446, 0.020419411659703072, 0.020346908766621045, 0.02018386842926173, 0.020060715556614095, 0.019970155121820186, 0.019905412966441507, 0.019860328269953802, 0.019689549628068632, 0.019110038324468673, 0.018401772510693467, 0.01773443768827515, 0.01691379473734185, 0.0163889904882787, 0.015891976533507178, 0.015695148472402557, 0.015634975895130635, 0.01548249397414641, 0.015250362203767827, 0.01446715870868431, 0.013690714184349355, 0.013111437378948002, 0.01280400987898366, 0.012789088065484542, 0.012885508256999974, 0.012645414791893052, 0.012533763320360268, 0.01300792748125149, 0.014045480441271196, 0.015593406388961941, 0.017496649938682926, 0.01947963017829757, 0.021814960986639112, 0.0244888991790445, 0.027455202671237973, 0.030462142682767764, 0.03347516022004274, 0.03632355277573078, 0.03911728575744543, 0.041489125175428104, 0.043617926344794986, 0.04507509866910146, 0.045973158335007626, 0.046666313335408376, 0.047747911364257295, 0.04910015737076979, 0.051170936172887156, 0.05323921785426519, 0.05484930583024696, 0.05598397968583077, 0.056516639752925084, 0.05678375349578094, 0.05655312215346535, 0.05709318659280136, 0.05753330561326649, 0.05822424761198231, 0.05856641837777238, 0.058663546697002605, 0.05829520111627496, 0.058019458378357286, 0.05786276302771312, 0.057678835712609886, 0.05721489013034267, 0.05620972754199197, 0.05488023496470325, 0.05291870088860013, 0.05085359195424363, 0.04836971777146554, 0.045888993393773454, 0.04332790860019442, 0.040721243397433354, 0.03815348906679705, 0.03609755066086763, 0.03431153121207709, 0.03269994312791247, 0.03113246913067769, 0.029533434333839276, 0.02779284963423818, 0.02581340528028532, 0.023636664296078556, 0.021032966406022018, 0.018298152858289164, 0.015471223173718233, 0.012975006021594128, 0.011476514573927241, 0.011190786613452559, 0.012013514795745658, 0.013192708648177051, 0.0146026096239084, 0.016627808096549106, 0.019288816219412905, 0.022115031993867204, 0.024956066779425322, 0.027947127033299147, 0.030317719296220055, 0.03213024736687776, 0.033908117916643665, 0.035613155393420214, 0.03695858371541455, 0.0370883147011733, 0.035844860180821725, 0.03331269225961453, 0.030127822662769057, 0.026675716455458534, 0.02305094507263966, 0.019294584365168215, 0.016588874620184203, 0.013459760460278334, 0.010513659470637583, 0.008184205378854309, 0.005908681970234855, 0.003908372487361734, 0.002250880846271649, 0.001837561814419065, 0.003902446460586522, 0.00649131804032715, 0.008842266053540701, 0.011337576744963709, 0.013847821453172829, 0.016241515374979285, 0.018506880743639053, 0.020753891025054552, 0.022854281545735794, 0.025177910908837288, 0.027764777035113285, 0.0302577363231247, 0.032552204835272186, 0.033962244268502154, 0.03530995724171245, 0.036795414568091225, 0.03840706162943578, 0.039993850675796264, 0.04133645030179679, 0.04211247094820217, 0.04239213751353172, 0.042192499106345205, 0.04200269786908514, 0.041897190162155235, 0.041830932940717325, 0.04166737666619139, 0.04206882264734189, 0.0426127097658282, 0.042895687146734904, 0.04300135533202284, 0.04249799814293581, 0.041897582995049115, 0.04072077112408416, 0.03927976254850985, 0.037331499513228325, 0.035889992777759706, 0.03456359233645024, 0.033243529781910974, 0.03199033675126687, 0.03059935779738079, 0.029272240636492235, 0.027900707354997015, 0.02654938414970694, 0.02543173352052397, 0.024311103096379235, 0.023065212419431085, 0.021685454855791198, 0.02041159885695607, 0.019056064221564174, 0.017656707279948437, 0.01626614648165674, 0.015012383850973622, 0.013603567963072178, 0.012189757837366814, 0.010674529938407772, 0.009407142987148039, 0.008344525906195775, 0.007439054007672372, 0.0072034584519923735, 0.007775010970036668, 0.009047582903156274, 0.010731538882415681, 0.01253460028234948, 0.014333543563369548, 0.016070624592636203, 0.017817726146123574, 0.019557256660804743, 0.02116824086555951, 0.022529303997840977, 0.023628588936546305, 0.02391411988476377, 0.02359656311707365, 0.022355277074164143, 0.020961866673625245, 0.018393580144489934, 0.015660552711922182, 0.013874328661167971, 0.01254026736778108, 0.011812131260623127, 0.010800298354986543, 0.00961805971638548, 0.008471507575266851, 0.007656757785702683, 0.006719580941926242, 0.0056999472982024405, 0.005125787188458596, 0.00504686530895439, 0.005697178935649704, 0.006245540782853768, 0.0070976650798796875, 0.007900543705723831, 0.008755370167568399, 0.009807746909975117, 0.011209592216881203, 0.01276960312030194, 0.014467251258771754, 0.015865855510978952, 0.01751794577394112, 0.01978728846519214, 0.022540086452385207, 0.024859037758439572, 0.02589623397823137, 0.02611181133516041, 0.026565850619759173, 0.0272557734372972, 0.02776644526036269, 0.02799937699621002, 0.02818388188652303, 0.02806005928616626, 0.028083982827741123, 0.02781538632605852, 0.027763976455106594, 0.028120518002563644, 0.028688559534023904, 0.029389365084960088, 0.030059907204608147, 0.03052096911154336, 0.031053468449087778, 0.03142000488428638, 0.03173833045042581, 0.031892653890475096, 0.03198060527161537, 0.031944507243272385, 0.03180892531117334, 0.03180195743523648, 0.03175983113429147, 0.03185651864929952, 0.032146459060636644, 0.032526908876218445, 0.033087790299913135, 0.03370146462957083, 0.0342847740780508, 0.0344768243549477, 0.03441738754137779, 0.034008301029805295]",0.01592941522152252,0.016422521994912898,0.013415770085334427,0.00858856113194284,0.0,0.0,0.0032790886069712366,0.016422521994912898,0.013415770085334427,0.00858856113194284,0.144,1717635300.8468926,2024-06-06_10-55-00
0.5059,-0.14496,0.4369144554492486,0.4894774780050871,-0.15909577008533443,0.42794976989447964,0.5059,-0.14496,0.43356363839465584,0.4894774780050871,-0.15909577008533443,0.42794976989447964,0.01673874496494045,"[0.011315756658919754, 0.012192407496521018, 0.01288995615295488, 0.01359963525141729, 0.014321891165186378, 0.015181047888625853, 0.01592941522152252, 0.01673874496494045, 0.01751440457689525, 0.01835087734908702, 0.019202544572813795, 0.020070622325609303, 0.02095627718778323, 0.02186061264947246, 0.022737260153569413, 0.023681097053535004, 0.024646250751560458, 0.025633386418693636, 0.02659237614956749, 0.027623542314219474, 0.0286250346734827, 0.029647102596467904, 0.03056454213255984, 0.031680305841655834, 0.03263530150735364, 0.033606764937046466, 0.034593095597664145, 0.03536350794006898, 0.035930760474075646, 0.03631257033147624, 0.03661317474198803, 0.03688385713543919, 0.03738127616234113, 0.037934719347479336, 0.03858163380471939, 0.03921882339006296, 0.03999131852533767, 0.04074980907886149, 0.04127472956039594, 0.04151563832077664, 0.04151964454301027, 0.04123464219442919, 0.04096829512038153, 0.04056460486818273, 0.04028281736824196, 0.04000166841569801, 0.03919762289117317, 0.037812479337396496, 0.03622310391275238, 0.03453579653228067, 0.0330206041779641, 0.031565009966306234, 0.03054064037737075, 0.029904305612678588, 0.029394155816597912, 0.028896840658953926, 0.02825322628704274, 0.027685220830545497, 0.02666364029859006, 0.025486033827772144, 0.02414387260068274, 0.023028867611909868, 0.022681878550084772, 0.02299235797660897, 0.02387546679328945, 0.024738332374206702, 0.025547718436096926, 0.026640938816603423, 0.02759836215880636, 0.028240938725365098, 0.028199955208514017, 0.028168175430310402, 0.02767018559717724, 0.027414861073674215, 0.027239233260695786, 0.0274939869379551, 0.027874761581110984, 0.02868161073982207, 0.029514734605865275, 0.030345172291974937, 0.031248268714928727, 0.032298002681611045, 0.033509628354587276, 0.0348066615601669, 0.03569061118903811, 0.03631377821401384, 0.03654105211474412, 0.03646788532881584, 0.03572808397059345, 0.03427781350345514, 0.03309813106562172, 0.031639416134799855, 0.02970329439236902, 0.027599049067936567, 0.02603054913364457, 0.024090316372098155, 0.02220132238001286, 0.02051452966091278, 0.019044426362309692, 0.017805605247084858, 0.01643252777018217, 0.01523003850809785, 0.01424180324883461, 0.013706552220618947, 0.0130880570946912, 0.012988920737072255, 0.013178248200839212, 0.013386796436950147, 0.01359897371732897, 0.01439195864266014, 0.015495810506657983, 0.016686507754200334, 0.01807173050136072, 0.019341411872889052, 0.020370802976522343, 0.0213787239197115, 0.02262888584538598, 0.02401686851684336, 0.025523335513576738, 0.026670410326906566, 0.02758824337325398, 0.02810647098585074, 0.028219175888028712, 0.02804128716256827, 0.027840212128430745, 0.02799079668741686, 0.027988272685847155, 0.02831306909632167, 0.028434723397990712, 0.0285549391753426, 0.02832607944879636, 0.02800347501499142, 0.027460301198426997, 0.02681840364884072, 0.026203190519756815, 0.02552364346313934, 0.024940794741503684, 0.024553643852497812, 0.024009602077058226, 0.023587486328410737, 0.023053226444370627, 0.02237349941244249, 0.021247392964358097, 0.01948489409103017, 0.01759577829009665, 0.015969918059865678, 0.014849832783247986, 0.014164911869984548, 0.013546042864334782, 0.01328357500957488, 0.012905521640083246, 0.012806686101790404, 0.01256569256360443, 0.01270015008783326, 0.013333718053885597, 0.014364706842779438, 0.015230812921928084, 0.016214173123414017, 0.017422309714956504, 0.01848297873673576, 0.019690103784110968, 0.02062988015396428, 0.021304326954883004, 0.021542023987470748, 0.021445001132587415, 0.02128479356968176, 0.021154257299581803, 0.020548768777841446, 0.020419411659703072, 0.020346908766621045, 0.02018386842926173, 0.020060715556614095, 0.019970155121820186, 0.019905412966441507, 0.019860328269953802, 0.019689549628068632, 0.019110038324468673, 0.018401772510693467, 0.01773443768827515, 0.01691379473734185, 0.0163889904882787, 0.015891976533507178, 0.015695148472402557, 0.015634975895130635, 0.01548249397414641, 0.015250362203767827, 0.01446715870868431, 0.013690714184349355, 0.013111437378948002, 0.01280400987898366, 0.012789088065484542, 0.012885508256999974, 0.012645414791893052, 0.012533763320360268, 0.01300792748125149, 0.014045480441271196, 0.015593406388961941, 0.017496649938682926, 0.01947963017829757, 0.021814960986639112, 0.0244888991790445, 0.027455202671237973, 0.030462142682767764, 0.03347516022004274, 0.03632355277573078, 0.03911728575744543, 0.041489125175428104, 0.043617926344794986, 0.04507509866910146, 0.045973158335007626, 0.046666313335408376, 0.047747911364257295, 0.04910015737076979, 0.051170936172887156, 0.05323921785426519, 0.05484930583024696, 0.05598397968583077, 0.056516639752925084, 0.05678375349578094, 0.05655312215346535, 0.05709318659280136, 0.05753330561326649, 0.05822424761198231, 0.05856641837777238, 0.058663546697002605, 0.05829520111627496, 0.058019458378357286, 0.05786276302771312, 0.057678835712609886, 0.05721489013034267, 0.05620972754199197, 0.05488023496470325, 0.05291870088860013, 0.05085359195424363, 0.04836971777146554, 0.045888993393773454, 0.04332790860019442, 0.040721243397433354, 0.03815348906679705, 0.03609755066086763, 0.03431153121207709, 0.03269994312791247, 0.03113246913067769, 0.029533434333839276, 0.02779284963423818, 0.02581340528028532, 0.023636664296078556, 0.021032966406022018, 0.018298152858289164, 0.015471223173718233, 0.012975006021594128, 0.011476514573927241, 0.011190786613452559, 0.012013514795745658, 0.013192708648177051, 0.0146026096239084, 0.016627808096549106, 0.019288816219412905, 0.022115031993867204, 0.024956066779425322, 0.027947127033299147, 0.030317719296220055, 0.03213024736687776, 0.033908117916643665, 0.035613155393420214, 0.03695858371541455, 0.0370883147011733, 0.035844860180821725, 0.03331269225961453, 0.030127822662769057, 0.026675716455458534, 0.02305094507263966, 0.019294584365168215, 0.016588874620184203, 0.013459760460278334, 0.010513659470637583, 0.008184205378854309, 0.005908681970234855, 0.003908372487361734, 0.002250880846271649, 0.001837561814419065, 0.003902446460586522, 0.00649131804032715, 0.008842266053540701, 0.011337576744963709, 0.013847821453172829, 0.016241515374979285, 0.018506880743639053, 0.020753891025054552, 0.022854281545735794, 0.025177910908837288, 0.027764777035113285, 0.0302577363231247, 0.032552204835272186, 0.033962244268502154, 0.03530995724171245, 0.036795414568091225, 0.03840706162943578, 0.039993850675796264, 0.04133645030179679, 0.04211247094820217, 0.04239213751353172, 0.042192499106345205, 0.04200269786908514, 0.041897190162155235, 0.041830932940717325, 0.04166737666619139, 0.04206882264734189, 0.0426127097658282, 0.042895687146734904, 0.04300135533202284, 0.04249799814293581, 0.041897582995049115, 0.04072077112408416, 0.03927976254850985, 0.037331499513228325, 0.035889992777759706, 0.03456359233645024, 0.033243529781910974, 0.03199033675126687, 0.03059935779738079, 0.029272240636492235, 0.027900707354997015, 0.02654938414970694, 0.02543173352052397, 0.024311103096379235, 0.023065212419431085, 0.021685454855791198, 0.02041159885695607, 0.019056064221564174, 0.017656707279948437, 0.01626614648165674, 0.015012383850973622, 0.013603567963072178, 0.012189757837366814, 0.010674529938407772, 0.009407142987148039, 0.008344525906195775, 0.007439054007672372, 0.0072034584519923735, 0.007775010970036668, 0.009047582903156274, 0.010731538882415681, 0.01253460028234948, 0.014333543563369548, 0.016070624592636203, 0.017817726146123574, 0.019557256660804743, 0.02116824086555951, 0.022529303997840977, 0.023628588936546305, 0.02391411988476377, 0.02359656311707365, 0.022355277074164143, 0.020961866673625245, 0.018393580144489934, 0.015660552711922182, 0.013874328661167971, 0.01254026736778108, 0.011812131260623127, 0.010800298354986543, 0.00961805971638548, 0.008471507575266851, 0.007656757785702683, 0.006719580941926242, 0.0056999472982024405, 0.005125787188458596, 0.00504686530895439, 0.005697178935649704, 0.006245540782853768, 0.0070976650798796875, 0.007900543705723831, 0.008755370167568399, 0.009807746909975117, 0.011209592216881203, 0.01276960312030194, 0.014467251258771754, 0.015865855510978952, 0.01751794577394112, 0.01978728846519214, 0.022540086452385207, 0.024859037758439572, 0.02589623397823137, 0.02611181133516041, 0.026565850619759173, 0.0272557734372972, 0.02776644526036269, 0.02799937699621002, 0.02818388188652303, 0.02806005928616626, 0.028083982827741123, 0.02781538632605852, 0.027763976455106594, 0.028120518002563644, 0.028688559534023904, 0.029389365084960088, 0.030059907204608147, 0.03052096911154336, 0.031053468449087778, 0.03142000488428638, 0.03173833045042581, 0.031892653890475096, 0.03198060527161537, 0.031944507243272385, 0.03180892531117334, 0.03180195743523648, 0.03175983113429147, 0.03185651864929952, 0.032146459060636644, 0.032526908876218445, 0.033087790299913135, 0.03370146462957083, 0.0342847740780508, 0.0344768243549477, 0.03441738754137779, 0.034008301029805295]",0.01673874496494045,0.016422521994912898,0.014135770085334426,0.00896468555476898,0.0,0.0,0.0033508170545927807,0.016422521994912898,0.014135770085334426,0.00896468555476898,0.16799999999999998,1717635300.8709857,2024-06-06_10-55-00
0.5059,-0.14424,0.437314191438346,0.48942353153895507,-0.15912876456495384,0.4280903604873504,0.5059,-0.14424,0.4338916459361317,0.48942353153895507,-0.15912876456495384,0.4280903604873504,0.01751440457689525,"[0.011315756658919754, 0.012192407496521018, 0.01288995615295488, 0.01359963525141729, 0.014321891165186378, 0.015181047888625853, 0.01592941522152252, 0.01673874496494045, 0.01751440457689525, 0.01835087734908702, 0.019202544572813795, 0.020070622325609303, 0.02095627718778323, 0.02186061264947246, 0.022737260153569413, 0.023681097053535004, 0.024646250751560458, 0.025633386418693636, 0.02659237614956749, 0.027623542314219474, 0.0286250346734827, 0.029647102596467904, 0.03056454213255984, 0.031680305841655834, 0.03263530150735364, 0.033606764937046466, 0.034593095597664145, 0.03536350794006898, 0.035930760474075646, 0.03631257033147624, 0.03661317474198803, 0.03688385713543919, 0.03738127616234113, 0.037934719347479336, 0.03858163380471939, 0.03921882339006296, 0.03999131852533767, 0.04074980907886149, 0.04127472956039594, 0.04151563832077664, 0.04151964454301027, 0.04123464219442919, 0.04096829512038153, 0.04056460486818273, 0.04028281736824196, 0.04000166841569801, 0.03919762289117317, 0.037812479337396496, 0.03622310391275238, 0.03453579653228067, 0.0330206041779641, 0.031565009966306234, 0.03054064037737075, 0.029904305612678588, 0.029394155816597912, 0.028896840658953926, 0.02825322628704274, 0.027685220830545497, 0.02666364029859006, 0.025486033827772144, 0.02414387260068274, 0.023028867611909868, 0.022681878550084772, 0.02299235797660897, 0.02387546679328945, 0.024738332374206702, 0.025547718436096926, 0.026640938816603423, 0.02759836215880636, 0.028240938725365098, 0.028199955208514017, 0.028168175430310402, 0.02767018559717724, 0.027414861073674215, 0.027239233260695786, 0.0274939869379551, 0.027874761581110984, 0.02868161073982207, 0.029514734605865275, 0.030345172291974937, 0.031248268714928727, 0.032298002681611045, 0.033509628354587276, 0.0348066615601669, 0.03569061118903811, 0.03631377821401384, 0.03654105211474412, 0.03646788532881584, 0.03572808397059345, 0.03427781350345514, 0.03309813106562172, 0.031639416134799855, 0.02970329439236902, 0.027599049067936567, 0.02603054913364457, 0.024090316372098155, 0.02220132238001286, 0.02051452966091278, 0.019044426362309692, 0.017805605247084858, 0.01643252777018217, 0.01523003850809785, 0.01424180324883461, 0.013706552220618947, 0.0130880570946912, 0.012988920737072255, 0.013178248200839212, 0.013386796436950147, 0.01359897371732897, 0.01439195864266014, 0.015495810506657983, 0.016686507754200334, 0.01807173050136072, 0.019341411872889052, 0.020370802976522343, 0.0213787239197115, 0.02262888584538598, 0.02401686851684336, 0.025523335513576738, 0.026670410326906566, 0.02758824337325398, 0.02810647098585074, 0.028219175888028712, 0.02804128716256827, 0.027840212128430745, 0.02799079668741686, 0.027988272685847155, 0.02831306909632167, 0.028434723397990712, 0.0285549391753426, 0.02832607944879636, 0.02800347501499142, 0.027460301198426997, 0.02681840364884072, 0.026203190519756815, 0.02552364346313934, 0.024940794741503684, 0.024553643852497812, 0.024009602077058226, 0.023587486328410737, 0.023053226444370627, 0.02237349941244249, 0.021247392964358097, 0.01948489409103017, 0.01759577829009665, 0.015969918059865678, 0.014849832783247986, 0.014164911869984548, 0.013546042864334782, 0.01328357500957488, 0.012905521640083246, 0.012806686101790404, 0.01256569256360443, 0.01270015008783326, 0.013333718053885597, 0.014364706842779438, 0.015230812921928084, 0.016214173123414017, 0.017422309714956504, 0.01848297873673576, 0.019690103784110968, 0.02062988015396428, 0.021304326954883004, 0.021542023987470748, 0.021445001132587415, 0.02128479356968176, 0.021154257299581803, 0.020548768777841446, 0.020419411659703072, 0.020346908766621045, 0.02018386842926173, 0.020060715556614095, 0.019970155121820186, 0.019905412966441507, 0.019860328269953802, 0.019689549628068632, 0.019110038324468673, 0.018401772510693467, 0.01773443768827515, 0.01691379473734185, 0.0163889904882787, 0.015891976533507178, 0.015695148472402557, 0.015634975895130635, 0.01548249397414641, 0.015250362203767827, 0.01446715870868431, 0.013690714184349355, 0.013111437378948002, 0.01280400987898366, 0.012789088065484542, 0.012885508256999974, 0.012645414791893052, 0.012533763320360268, 0.01300792748125149, 0.014045480441271196, 0.015593406388961941, 0.017496649938682926, 0.01947963017829757, 0.021814960986639112, 0.0244888991790445, 0.027455202671237973, 0.030462142682767764, 0.03347516022004274, 0.03632355277573078, 0.03911728575744543, 0.041489125175428104, 0.043617926344794986, 0.04507509866910146, 0.045973158335007626, 0.046666313335408376, 0.047747911364257295, 0.04910015737076979, 0.051170936172887156, 0.05323921785426519, 0.05484930583024696, 0.05598397968583077, 0.056516639752925084, 0.05678375349578094, 0.05655312215346535, 0.05709318659280136, 0.05753330561326649, 0.05822424761198231, 0.05856641837777238, 0.058663546697002605, 0.05829520111627496, 0.058019458378357286, 0.05786276302771312, 0.057678835712609886, 0.05721489013034267, 0.05620972754199197, 0.05488023496470325, 0.05291870088860013, 0.05085359195424363, 0.04836971777146554, 0.045888993393773454, 0.04332790860019442, 0.040721243397433354, 0.03815348906679705, 0.03609755066086763, 0.03431153121207709, 0.03269994312791247, 0.03113246913067769, 0.029533434333839276, 0.02779284963423818, 0.02581340528028532, 0.023636664296078556, 0.021032966406022018, 0.018298152858289164, 0.015471223173718233, 0.012975006021594128, 0.011476514573927241, 0.011190786613452559, 0.012013514795745658, 0.013192708648177051, 0.0146026096239084, 0.016627808096549106, 0.019288816219412905, 0.022115031993867204, 0.024956066779425322, 0.027947127033299147, 0.030317719296220055, 0.03213024736687776, 0.033908117916643665, 0.035613155393420214, 0.03695858371541455, 0.0370883147011733, 0.035844860180821725, 0.03331269225961453, 0.030127822662769057, 0.026675716455458534, 0.02305094507263966, 0.019294584365168215, 0.016588874620184203, 0.013459760460278334, 0.010513659470637583, 0.008184205378854309, 0.005908681970234855, 0.003908372487361734, 0.002250880846271649, 0.001837561814419065, 0.003902446460586522, 0.00649131804032715, 0.008842266053540701, 0.011337576744963709, 0.013847821453172829, 0.016241515374979285, 0.018506880743639053, 0.020753891025054552, 0.022854281545735794, 0.025177910908837288, 0.027764777035113285, 0.0302577363231247, 0.032552204835272186, 0.033962244268502154, 0.03530995724171245, 0.036795414568091225, 0.03840706162943578, 0.039993850675796264, 0.04133645030179679, 0.04211247094820217, 0.04239213751353172, 0.042192499106345205, 0.04200269786908514, 0.041897190162155235, 0.041830932940717325, 0.04166737666619139, 0.04206882264734189, 0.0426127097658282, 0.042895687146734904, 0.04300135533202284, 0.04249799814293581, 0.041897582995049115, 0.04072077112408416, 0.03927976254850985, 0.037331499513228325, 0.035889992777759706, 0.03456359233645024, 0.033243529781910974, 0.03199033675126687, 0.03059935779738079, 0.029272240636492235, 0.027900707354997015, 0.02654938414970694, 0.02543173352052397, 0.024311103096379235, 0.023065212419431085, 0.021685454855791198, 0.02041159885695607, 0.019056064221564174, 0.017656707279948437, 0.01626614648165674, 0.015012383850973622, 0.013603567963072178, 0.012189757837366814, 0.010674529938407772, 0.009407142987148039, 0.008344525906195775, 0.007439054007672372, 0.0072034584519923735, 0.007775010970036668, 0.009047582903156274, 0.010731538882415681, 0.01253460028234948, 0.014333543563369548, 0.016070624592636203, 0.017817726146123574, 0.019557256660804743, 0.02116824086555951, 0.022529303997840977, 0.023628588936546305, 0.02391411988476377, 0.02359656311707365, 0.022355277074164143, 0.020961866673625245, 0.018393580144489934, 0.015660552711922182, 0.013874328661167971, 0.01254026736778108, 0.011812131260623127, 0.010800298354986543, 0.00961805971638548, 0.008471507575266851, 0.007656757785702683, 0.006719580941926242, 0.0056999472982024405, 0.005125787188458596, 0.00504686530895439, 0.005697178935649704, 0.006245540782853768, 0.0070976650798796875, 0.007900543705723831, 0.008755370167568399, 0.009807746909975117, 0.011209592216881203, 0.01276960312030194, 0.014467251258771754, 0.015865855510978952, 0.01751794577394112, 0.01978728846519214, 0.022540086452385207, 0.024859037758439572, 0.02589623397823137, 0.02611181133516041, 0.026565850619759173, 0.0272557734372972, 0.02776644526036269, 0.02799937699621002, 0.02818388188652303, 0.02806005928616626, 0.028083982827741123, 0.02781538632605852, 0.027763976455106594, 0.028120518002563644, 0.028688559534023904, 0.029389365084960088, 0.030059907204608147, 0.03052096911154336, 0.031053468449087778, 0.03142000488428638, 0.03173833045042581, 0.031892653890475096, 0.03198060527161537, 0.031944507243272385, 0.03180892531117334, 0.03180195743523648, 0.03175983113429147, 0.03185651864929952, 0.032146459060636644, 0.032526908876218445, 0.033087790299913135, 0.03370146462957083, 0.0342847740780508, 0.0344768243549477, 0.03441738754137779, 0.034008301029805295]",0.01751440457689525,0.016476468461044946,0.014888764564953832,0.009223830950995604,0.0,0.0,0.0034225455022142692,0.016476468461044946,0.014888764564953832,0.009223830950995604,0.19199999999999998,1717635300.8954127,2024-06-06_10-55-00
0.5059,-0.14351999999999998,0.43774029148384336,0.48942353153895507,-0.15912876456495384,0.4280903604873504,0.5059,-0.14351999999999998,0.4342832983090537,0.48942353153895507,-0.15912876456495384,0.4280903604873504,0.01835087734908702,"[0.011315756658919754, 0.012192407496521018, 0.01288995615295488, 0.01359963525141729, 0.014321891165186378, 0.015181047888625853, 0.01592941522152252, 0.01673874496494045, 0.01751440457689525, 0.01835087734908702, 0.019202544572813795, 0.020070622325609303, 0.02095627718778323, 0.02186061264947246, 0.022737260153569413, 0.023681097053535004, 0.024646250751560458, 0.025633386418693636, 0.02659237614956749, 0.027623542314219474, 0.0286250346734827, 0.029647102596467904, 0.03056454213255984, 0.031680305841655834, 0.03263530150735364, 0.033606764937046466, 0.034593095597664145, 0.03536350794006898, 0.035930760474075646, 0.03631257033147624, 0.03661317474198803, 0.03688385713543919, 0.03738127616234113, 0.037934719347479336, 0.03858163380471939, 0.03921882339006296, 0.03999131852533767, 0.04074980907886149, 0.04127472956039594, 0.04151563832077664, 0.04151964454301027, 0.04123464219442919, 0.04096829512038153, 0.04056460486818273, 0.04028281736824196, 0.04000166841569801, 0.03919762289117317, 0.037812479337396496, 0.03622310391275238, 0.03453579653228067, 0.0330206041779641, 0.031565009966306234, 0.03054064037737075, 0.029904305612678588, 0.029394155816597912, 0.028896840658953926, 0.02825322628704274, 0.027685220830545497, 0.02666364029859006, 0.025486033827772144, 0.02414387260068274, 0.023028867611909868, 0.022681878550084772, 0.02299235797660897, 0.02387546679328945, 0.024738332374206702, 0.025547718436096926, 0.026640938816603423, 0.02759836215880636, 0.028240938725365098, 0.028199955208514017, 0.028168175430310402, 0.02767018559717724, 0.027414861073674215, 0.027239233260695786, 0.0274939869379551, 0.027874761581110984, 0.02868161073982207, 0.029514734605865275, 0.030345172291974937, 0.031248268714928727, 0.032298002681611045, 0.033509628354587276, 0.0348066615601669, 0.03569061118903811, 0.03631377821401384, 0.03654105211474412, 0.03646788532881584, 0.03572808397059345, 0.03427781350345514, 0.03309813106562172, 0.031639416134799855, 0.02970329439236902, 0.027599049067936567, 0.02603054913364457, 0.024090316372098155, 0.02220132238001286, 0.02051452966091278, 0.019044426362309692, 0.017805605247084858, 0.01643252777018217, 0.01523003850809785, 0.01424180324883461, 0.013706552220618947, 0.0130880570946912, 0.012988920737072255, 0.013178248200839212, 0.013386796436950147, 0.01359897371732897, 0.01439195864266014, 0.015495810506657983, 0.016686507754200334, 0.01807173050136072, 0.019341411872889052, 0.020370802976522343, 0.0213787239197115, 0.02262888584538598, 0.02401686851684336, 0.025523335513576738, 0.026670410326906566, 0.02758824337325398, 0.02810647098585074, 0.028219175888028712, 0.02804128716256827, 0.027840212128430745, 0.02799079668741686, 0.027988272685847155, 0.02831306909632167, 0.028434723397990712, 0.0285549391753426, 0.02832607944879636, 0.02800347501499142, 0.027460301198426997, 0.02681840364884072, 0.026203190519756815, 0.02552364346313934, 0.024940794741503684, 0.024553643852497812, 0.024009602077058226, 0.023587486328410737, 0.023053226444370627, 0.02237349941244249, 0.021247392964358097, 0.01948489409103017, 0.01759577829009665, 0.015969918059865678, 0.014849832783247986, 0.014164911869984548, 0.013546042864334782, 0.01328357500957488, 0.012905521640083246, 0.012806686101790404, 0.01256569256360443, 0.01270015008783326, 0.013333718053885597, 0.014364706842779438, 0.015230812921928084, 0.016214173123414017, 0.017422309714956504, 0.01848297873673576, 0.019690103784110968, 0.02062988015396428, 0.021304326954883004, 0.021542023987470748, 0.021445001132587415, 0.02128479356968176, 0.021154257299581803, 0.020548768777841446, 0.020419411659703072, 0.020346908766621045, 0.02018386842926173, 0.020060715556614095, 0.019970155121820186, 0.019905412966441507, 0.019860328269953802, 0.019689549628068632, 0.019110038324468673, 0.018401772510693467, 0.01773443768827515, 0.01691379473734185, 0.0163889904882787, 0.015891976533507178, 0.015695148472402557, 0.015634975895130635, 0.01548249397414641, 0.015250362203767827, 0.01446715870868431, 0.013690714184349355, 0.013111437378948002, 0.01280400987898366, 0.012789088065484542, 0.012885508256999974, 0.012645414791893052, 0.012533763320360268, 0.01300792748125149, 0.014045480441271196, 0.015593406388961941, 0.017496649938682926, 0.01947963017829757, 0.021814960986639112, 0.0244888991790445, 0.027455202671237973, 0.030462142682767764, 0.03347516022004274, 0.03632355277573078, 0.03911728575744543, 0.041489125175428104, 0.043617926344794986, 0.04507509866910146, 0.045973158335007626, 0.046666313335408376, 0.047747911364257295, 0.04910015737076979, 0.051170936172887156, 0.05323921785426519, 0.05484930583024696, 0.05598397968583077, 0.056516639752925084, 0.05678375349578094, 0.05655312215346535, 0.05709318659280136, 0.05753330561326649, 0.05822424761198231, 0.05856641837777238, 0.058663546697002605, 0.05829520111627496, 0.058019458378357286, 0.05786276302771312, 0.057678835712609886, 0.05721489013034267, 0.05620972754199197, 0.05488023496470325, 0.05291870088860013, 0.05085359195424363, 0.04836971777146554, 0.045888993393773454, 0.04332790860019442, 0.040721243397433354, 0.03815348906679705, 0.03609755066086763, 0.03431153121207709, 0.03269994312791247, 0.03113246913067769, 0.029533434333839276, 0.02779284963423818, 0.02581340528028532, 0.023636664296078556, 0.021032966406022018, 0.018298152858289164, 0.015471223173718233, 0.012975006021594128, 0.011476514573927241, 0.011190786613452559, 0.012013514795745658, 0.013192708648177051, 0.0146026096239084, 0.016627808096549106, 0.019288816219412905, 0.022115031993867204, 0.024956066779425322, 0.027947127033299147, 0.030317719296220055, 0.03213024736687776, 0.033908117916643665, 0.035613155393420214, 0.03695858371541455, 0.0370883147011733, 0.035844860180821725, 0.03331269225961453, 0.030127822662769057, 0.026675716455458534, 0.02305094507263966, 0.019294584365168215, 0.016588874620184203, 0.013459760460278334, 0.010513659470637583, 0.008184205378854309, 0.005908681970234855, 0.003908372487361734, 0.002250880846271649, 0.001837561814419065, 0.003902446460586522, 0.00649131804032715, 0.008842266053540701, 0.011337576744963709, 0.013847821453172829, 0.016241515374979285, 0.018506880743639053, 0.020753891025054552, 0.022854281545735794, 0.025177910908837288, 0.027764777035113285, 0.0302577363231247, 0.032552204835272186, 0.033962244268502154, 0.03530995724171245, 0.036795414568091225, 0.03840706162943578, 0.039993850675796264, 0.04133645030179679, 0.04211247094820217, 0.04239213751353172, 0.042192499106345205, 0.04200269786908514, 0.041897190162155235, 0.041830932940717325, 0.04166737666619139, 0.04206882264734189, 0.0426127097658282, 0.042895687146734904, 0.04300135533202284, 0.04249799814293581, 0.041897582995049115, 0.04072077112408416, 0.03927976254850985, 0.037331499513228325, 0.035889992777759706, 0.03456359233645024, 0.033243529781910974, 0.03199033675126687, 0.03059935779738079, 0.029272240636492235, 0.027900707354997015, 0.02654938414970694, 0.02543173352052397, 0.024311103096379235, 0.023065212419431085, 0.021685454855791198, 0.02041159885695607, 0.019056064221564174, 0.017656707279948437, 0.01626614648165674, 0.015012383850973622, 0.013603567963072178, 0.012189757837366814, 0.010674529938407772, 0.009407142987148039, 0.008344525906195775, 0.007439054007672372, 0.0072034584519923735, 0.007775010970036668, 0.009047582903156274, 0.010731538882415681, 0.01253460028234948, 0.014333543563369548, 0.016070624592636203, 0.017817726146123574, 0.019557256660804743, 0.02116824086555951, 0.022529303997840977, 0.023628588936546305, 0.02391411988476377, 0.02359656311707365, 0.022355277074164143, 0.020961866673625245, 0.018393580144489934, 0.015660552711922182, 0.013874328661167971, 0.01254026736778108, 0.011812131260623127, 0.010800298354986543, 0.00961805971638548, 0.008471507575266851, 0.007656757785702683, 0.006719580941926242, 0.0056999472982024405, 0.005125787188458596, 0.00504686530895439, 0.005697178935649704, 0.006245540782853768, 0.0070976650798796875, 0.007900543705723831, 0.008755370167568399, 0.009807746909975117, 0.011209592216881203, 0.01276960312030194, 0.014467251258771754, 0.015865855510978952, 0.01751794577394112, 0.01978728846519214, 0.022540086452385207, 0.024859037758439572, 0.02589623397823137, 0.02611181133516041, 0.026565850619759173, 0.0272557734372972, 0.02776644526036269, 0.02799937699621002, 0.02818388188652303, 0.02806005928616626, 0.028083982827741123, 0.02781538632605852, 0.027763976455106594, 0.028120518002563644, 0.028688559534023904, 0.029389365084960088, 0.030059907204608147, 0.03052096911154336, 0.031053468449087778, 0.03142000488428638, 0.03173833045042581, 0.031892653890475096, 0.03198060527161537, 0.031944507243272385, 0.03180892531117334, 0.03180195743523648, 0.03175983113429147, 0.03185651864929952, 0.032146459060636644, 0.032526908876218445, 0.033087790299913135, 0.03370146462957083, 0.0342847740780508, 0.0344768243549477, 0.03441738754137779, 0.034008301029805295]",0.01835087734908702,0.016476468461044946,0.015608764564953859,0.009649930996492972,0.0,0.0,0.0034569931747896465,0.016476468461044946,0.015608764564953859,0.009649930996492972,0.21600000000000003,1717635300.9187894,2024-06-06_10-55-00
0.5059,-0.14279999999999998,0.43819526849550205,0.48942353153895507,-0.15912876456495384,0.4280903604873504,0.5059,-0.14279999999999998,0.43472246803566006,0.48942353153895507,-0.15912876456495384,0.4280903604873504,0.019202544572813795,"[0.011315756658919754, 0.012192407496521018, 0.01288995615295488, 0.01359963525141729, 0.014321891165186378, 0.015181047888625853, 0.01592941522152252, 0.01673874496494045, 0.01751440457689525, 0.01835087734908702, 0.019202544572813795, 0.020070622325609303, 0.02095627718778323, 0.02186061264947246, 0.022737260153569413, 0.023681097053535004, 0.024646250751560458, 0.025633386418693636, 0.02659237614956749, 0.027623542314219474, 0.0286250346734827, 0.029647102596467904, 0.03056454213255984, 0.031680305841655834, 0.03263530150735364, 0.033606764937046466, 0.034593095597664145, 0.03536350794006898, 0.035930760474075646, 0.03631257033147624, 0.03661317474198803, 0.03688385713543919, 0.03738127616234113, 0.037934719347479336, 0.03858163380471939, 0.03921882339006296, 0.03999131852533767, 0.04074980907886149, 0.04127472956039594, 0.04151563832077664, 0.04151964454301027, 0.04123464219442919, 0.04096829512038153, 0.04056460486818273, 0.04028281736824196, 0.04000166841569801, 0.03919762289117317, 0.037812479337396496, 0.03622310391275238, 0.03453579653228067, 0.0330206041779641, 0.031565009966306234, 0.03054064037737075, 0.029904305612678588, 0.029394155816597912, 0.028896840658953926, 0.02825322628704274, 0.027685220830545497, 0.02666364029859006, 0.025486033827772144, 0.02414387260068274, 0.023028867611909868, 0.022681878550084772, 0.02299235797660897, 0.02387546679328945, 0.024738332374206702, 0.025547718436096926, 0.026640938816603423, 0.02759836215880636, 0.028240938725365098, 0.028199955208514017, 0.028168175430310402, 0.02767018559717724, 0.027414861073674215, 0.027239233260695786, 0.0274939869379551, 0.027874761581110984, 0.02868161073982207, 0.029514734605865275, 0.030345172291974937, 0.031248268714928727, 0.032298002681611045, 0.033509628354587276, 0.0348066615601669, 0.03569061118903811, 0.03631377821401384, 0.03654105211474412, 0.03646788532881584, 0.03572808397059345, 0.03427781350345514, 0.03309813106562172, 0.031639416134799855, 0.02970329439236902, 0.027599049067936567, 0.02603054913364457, 0.024090316372098155, 0.02220132238001286, 0.02051452966091278, 0.019044426362309692, 0.017805605247084858, 0.01643252777018217, 0.01523003850809785, 0.01424180324883461, 0.013706552220618947, 0.0130880570946912, 0.012988920737072255, 0.013178248200839212, 0.013386796436950147, 0.01359897371732897, 0.01439195864266014, 0.015495810506657983, 0.016686507754200334, 0.01807173050136072, 0.019341411872889052, 0.020370802976522343, 0.0213787239197115, 0.02262888584538598, 0.02401686851684336, 0.025523335513576738, 0.026670410326906566, 0.02758824337325398, 0.02810647098585074, 0.028219175888028712, 0.02804128716256827, 0.027840212128430745, 0.02799079668741686, 0.027988272685847155, 0.02831306909632167, 0.028434723397990712, 0.0285549391753426, 0.02832607944879636, 0.02800347501499142, 0.027460301198426997, 0.02681840364884072, 0.026203190519756815, 0.02552364346313934, 0.024940794741503684, 0.024553643852497812, 0.024009602077058226, 0.023587486328410737, 0.023053226444370627, 0.02237349941244249, 0.021247392964358097, 0.01948489409103017, 0.01759577829009665, 0.015969918059865678, 0.014849832783247986, 0.014164911869984548, 0.013546042864334782, 0.01328357500957488, 0.012905521640083246, 0.012806686101790404, 0.01256569256360443, 0.01270015008783326, 0.013333718053885597, 0.014364706842779438, 0.015230812921928084, 0.016214173123414017, 0.017422309714956504, 0.01848297873673576, 0.019690103784110968, 0.02062988015396428, 0.021304326954883004, 0.021542023987470748, 0.021445001132587415, 0.02128479356968176, 0.021154257299581803, 0.020548768777841446, 0.020419411659703072, 0.020346908766621045, 0.02018386842926173, 0.020060715556614095, 0.019970155121820186, 0.019905412966441507, 0.019860328269953802, 0.019689549628068632, 0.019110038324468673, 0.018401772510693467, 0.01773443768827515, 0.01691379473734185, 0.0163889904882787, 0.015891976533507178, 0.015695148472402557, 0.015634975895130635, 0.01548249397414641, 0.015250362203767827, 0.01446715870868431, 0.013690714184349355, 0.013111437378948002, 0.01280400987898366, 0.012789088065484542, 0.012885508256999974, 0.012645414791893052, 0.012533763320360268, 0.01300792748125149, 0.014045480441271196, 0.015593406388961941, 0.017496649938682926, 0.01947963017829757, 0.021814960986639112, 0.0244888991790445, 0.027455202671237973, 0.030462142682767764, 0.03347516022004274, 0.03632355277573078, 0.03911728575744543, 0.041489125175428104, 0.043617926344794986, 0.04507509866910146, 0.045973158335007626, 0.046666313335408376, 0.047747911364257295, 0.04910015737076979, 0.051170936172887156, 0.05323921785426519, 0.05484930583024696, 0.05598397968583077, 0.056516639752925084, 0.05678375349578094, 0.05655312215346535, 0.05709318659280136, 0.05753330561326649, 0.05822424761198231, 0.05856641837777238, 0.058663546697002605, 0.05829520111627496, 0.058019458378357286, 0.05786276302771312, 0.057678835712609886, 0.05721489013034267, 0.05620972754199197, 0.05488023496470325, 0.05291870088860013, 0.05085359195424363, 0.04836971777146554, 0.045888993393773454, 0.04332790860019442, 0.040721243397433354, 0.03815348906679705, 0.03609755066086763, 0.03431153121207709, 0.03269994312791247, 0.03113246913067769, 0.029533434333839276, 0.02779284963423818, 0.02581340528028532, 0.023636664296078556, 0.021032966406022018, 0.018298152858289164, 0.015471223173718233, 0.012975006021594128, 0.011476514573927241, 0.011190786613452559, 0.012013514795745658, 0.013192708648177051, 0.0146026096239084, 0.016627808096549106, 0.019288816219412905, 0.022115031993867204, 0.024956066779425322, 0.027947127033299147, 0.030317719296220055, 0.03213024736687776, 0.033908117916643665, 0.035613155393420214, 0.03695858371541455, 0.0370883147011733, 0.035844860180821725, 0.03331269225961453, 0.030127822662769057, 0.026675716455458534, 0.02305094507263966, 0.019294584365168215, 0.016588874620184203, 0.013459760460278334, 0.010513659470637583, 0.008184205378854309, 0.005908681970234855, 0.003908372487361734, 0.002250880846271649, 0.001837561814419065, 0.003902446460586522, 0.00649131804032715, 0.008842266053540701, 0.011337576744963709, 0.013847821453172829, 0.016241515374979285, 0.018506880743639053, 0.020753891025054552, 0.022854281545735794, 0.025177910908837288, 0.027764777035113285, 0.0302577363231247, 0.032552204835272186, 0.033962244268502154, 0.03530995724171245, 0.036795414568091225, 0.03840706162943578, 0.039993850675796264, 0.04133645030179679, 0.04211247094820217, 0.04239213751353172, 0.042192499106345205, 0.04200269786908514, 0.041897190162155235, 0.041830932940717325, 0.04166737666619139, 0.04206882264734189, 0.0426127097658282, 0.042895687146734904, 0.04300135533202284, 0.04249799814293581, 0.041897582995049115, 0.04072077112408416, 0.03927976254850985, 0.037331499513228325, 0.035889992777759706, 0.03456359233645024, 0.033243529781910974, 0.03199033675126687, 0.03059935779738079, 0.029272240636492235, 0.027900707354997015, 0.02654938414970694, 0.02543173352052397, 0.024311103096379235, 0.023065212419431085, 0.021685454855791198, 0.02041159885695607, 0.019056064221564174, 0.017656707279948437, 0.01626614648165674, 0.015012383850973622, 0.013603567963072178, 0.012189757837366814, 0.010674529938407772, 0.009407142987148039, 0.008344525906195775, 0.007439054007672372, 0.0072034584519923735, 0.007775010970036668, 0.009047582903156274, 0.010731538882415681, 0.01253460028234948, 0.014333543563369548, 0.016070624592636203, 0.017817726146123574, 0.019557256660804743, 0.02116824086555951, 0.022529303997840977, 0.023628588936546305, 0.02391411988476377, 0.02359656311707365, 0.022355277074164143, 0.020961866673625245, 0.018393580144489934, 0.015660552711922182, 0.013874328661167971, 0.01254026736778108, 0.011812131260623127, 0.010800298354986543, 0.00961805971638548, 0.008471507575266851, 0.007656757785702683, 0.006719580941926242, 0.0056999472982024405, 0.005125787188458596, 0.00504686530895439, 0.005697178935649704, 0.006245540782853768, 0.0070976650798796875, 0.007900543705723831, 0.008755370167568399, 0.009807746909975117, 0.011209592216881203, 0.01276960312030194, 0.014467251258771754, 0.015865855510978952, 0.01751794577394112, 0.01978728846519214, 0.022540086452385207, 0.024859037758439572, 0.02589623397823137, 0.02611181133516041, 0.026565850619759173, 0.0272557734372972, 0.02776644526036269, 0.02799937699621002, 0.02818388188652303, 0.02806005928616626, 0.028083982827741123, 0.02781538632605852, 0.027763976455106594, 0.028120518002563644, 0.028688559534023904, 0.029389365084960088, 0.030059907204608147, 0.03052096911154336, 0.031053468449087778, 0.03142000488428638, 0.03173833045042581, 0.031892653890475096, 0.03198060527161537, 0.031944507243272385, 0.03180892531117334, 0.03180195743523648, 0.03175983113429147, 0.03185651864929952, 0.032146459060636644, 0.032526908876218445, 0.033087790299913135, 0.03370146462957083, 0.0342847740780508, 0.0344768243549477, 0.03441738754137779, 0.034008301029805295]",0.019202544572813795,0.016476468461044946,0.016328764564953857,0.01010490800815167,0.0,0.0,0.003472800459841996,0.016476468461044946,0.016328764564953857,0.01010490800815167,0.24,1717635300.9433455,2024-06-06_10-55-00
0.5059,-0.14207999999999998,0.4386813711731169,0.48942353153895507,-0.15912876456495384,0.4280903604873504,0.5059,-0.14207999999999998,0.4351927634282226,0.48942353153895507,-0.15912876456495384,0.4280903604873504,0.020070622325609303,"[0.011315756658919754, 0.012192407496521018, 0.01288995615295488, 0.01359963525141729, 0.014321891165186378, 0.015181047888625853, 0.01592941522152252, 0.01673874496494045, 0.01751440457689525, 0.01835087734908702, 0.019202544572813795, 0.020070622325609303, 0.02095627718778323, 0.02186061264947246, 0.022737260153569413, 0.023681097053535004, 0.024646250751560458, 0.025633386418693636, 0.02659237614956749, 0.027623542314219474, 0.0286250346734827, 0.029647102596467904, 0.03056454213255984, 0.031680305841655834, 0.03263530150735364, 0.033606764937046466, 0.034593095597664145, 0.03536350794006898, 0.035930760474075646, 0.03631257033147624, 0.03661317474198803, 0.03688385713543919, 0.03738127616234113, 0.037934719347479336, 0.03858163380471939, 0.03921882339006296, 0.03999131852533767, 0.04074980907886149, 0.04127472956039594, 0.04151563832077664, 0.04151964454301027, 0.04123464219442919, 0.04096829512038153, 0.04056460486818273, 0.04028281736824196, 0.04000166841569801, 0.03919762289117317, 0.037812479337396496, 0.03622310391275238, 0.03453579653228067, 0.0330206041779641, 0.031565009966306234, 0.03054064037737075, 0.029904305612678588, 0.029394155816597912, 0.028896840658953926, 0.02825322628704274, 0.027685220830545497, 0.02666364029859006, 0.025486033827772144, 0.02414387260068274, 0.023028867611909868, 0.022681878550084772, 0.02299235797660897, 0.02387546679328945, 0.024738332374206702, 0.025547718436096926, 0.026640938816603423, 0.02759836215880636, 0.028240938725365098, 0.028199955208514017, 0.028168175430310402, 0.02767018559717724, 0.027414861073674215, 0.027239233260695786, 0.0274939869379551, 0.027874761581110984, 0.02868161073982207, 0.029514734605865275, 0.030345172291974937, 0.031248268714928727, 0.032298002681611045, 0.033509628354587276, 0.0348066615601669, 0.03569061118903811, 0.03631377821401384, 0.03654105211474412, 0.03646788532881584, 0.03572808397059345, 0.03427781350345514, 0.03309813106562172, 0.031639416134799855, 0.02970329439236902, 0.027599049067936567, 0.02603054913364457, 0.024090316372098155, 0.02220132238001286, 0.02051452966091278, 0.019044426362309692, 0.017805605247084858, 0.01643252777018217, 0.01523003850809785, 0.01424180324883461, 0.013706552220618947, 0.0130880570946912, 0.012988920737072255, 0.013178248200839212, 0.013386796436950147, 0.01359897371732897, 0.01439195864266014, 0.015495810506657983, 0.016686507754200334, 0.01807173050136072, 0.019341411872889052, 0.020370802976522343, 0.0213787239197115, 0.02262888584538598, 0.02401686851684336, 0.025523335513576738, 0.026670410326906566, 0.02758824337325398, 0.02810647098585074, 0.028219175888028712, 0.02804128716256827, 0.027840212128430745, 0.02799079668741686, 0.027988272685847155, 0.02831306909632167, 0.028434723397990712, 0.0285549391753426, 0.02832607944879636, 0.02800347501499142, 0.027460301198426997, 0.02681840364884072, 0.026203190519756815, 0.02552364346313934, 0.024940794741503684, 0.024553643852497812, 0.024009602077058226, 0.023587486328410737, 0.023053226444370627, 0.02237349941244249, 0.021247392964358097, 0.01948489409103017, 0.01759577829009665, 0.015969918059865678, 0.014849832783247986, 0.014164911869984548, 0.013546042864334782, 0.01328357500957488, 0.012905521640083246, 0.012806686101790404, 0.01256569256360443, 0.01270015008783326, 0.013333718053885597, 0.014364706842779438, 0.015230812921928084, 0.016214173123414017, 0.017422309714956504, 0.01848297873673576, 0.019690103784110968, 0.02062988015396428, 0.021304326954883004, 0.021542023987470748, 0.021445001132587415, 0.02128479356968176, 0.021154257299581803, 0.020548768777841446, 0.020419411659703072, 0.020346908766621045, 0.02018386842926173, 0.020060715556614095, 0.019970155121820186, 0.019905412966441507, 0.019860328269953802, 0.019689549628068632, 0.019110038324468673, 0.018401772510693467, 0.01773443768827515, 0.01691379473734185, 0.0163889904882787, 0.015891976533507178, 0.015695148472402557, 0.015634975895130635, 0.01548249397414641, 0.015250362203767827, 0.01446715870868431, 0.013690714184349355, 0.013111437378948002, 0.01280400987898366, 0.012789088065484542, 0.012885508256999974, 0.012645414791893052, 0.012533763320360268, 0.01300792748125149, 0.014045480441271196, 0.015593406388961941, 0.017496649938682926, 0.01947963017829757, 0.021814960986639112, 0.0244888991790445, 0.027455202671237973, 0.030462142682767764, 0.03347516022004274, 0.03632355277573078, 0.03911728575744543, 0.041489125175428104, 0.043617926344794986, 0.04507509866910146, 0.045973158335007626, 0.046666313335408376, 0.047747911364257295, 0.04910015737076979, 0.051170936172887156, 0.05323921785426519, 0.05484930583024696, 0.05598397968583077, 0.056516639752925084, 0.05678375349578094, 0.05655312215346535, 0.05709318659280136, 0.05753330561326649, 0.05822424761198231, 0.05856641837777238, 0.058663546697002605, 0.05829520111627496, 0.058019458378357286, 0.05786276302771312, 0.057678835712609886, 0.05721489013034267, 0.05620972754199197, 0.05488023496470325, 0.05291870088860013, 0.05085359195424363, 0.04836971777146554, 0.045888993393773454, 0.04332790860019442, 0.040721243397433354, 0.03815348906679705, 0.03609755066086763, 0.03431153121207709, 0.03269994312791247, 0.03113246913067769, 0.029533434333839276, 0.02779284963423818, 0.02581340528028532, 0.023636664296078556, 0.021032966406022018, 0.018298152858289164, 0.015471223173718233, 0.012975006021594128, 0.011476514573927241, 0.011190786613452559, 0.012013514795745658, 0.013192708648177051, 0.0146026096239084, 0.016627808096549106, 0.019288816219412905, 0.022115031993867204, 0.024956066779425322, 0.027947127033299147, 0.030317719296220055, 0.03213024736687776, 0.033908117916643665, 0.035613155393420214, 0.03695858371541455, 0.0370883147011733, 0.035844860180821725, 0.03331269225961453, 0.030127822662769057, 0.026675716455458534, 0.02305094507263966, 0.019294584365168215, 0.016588874620184203, 0.013459760460278334, 0.010513659470637583, 0.008184205378854309, 0.005908681970234855, 0.003908372487361734, 0.002250880846271649, 0.001837561814419065, 0.003902446460586522, 0.00649131804032715, 0.008842266053540701, 0.011337576744963709, 0.013847821453172829, 0.016241515374979285, 0.018506880743639053, 0.020753891025054552, 0.022854281545735794, 0.025177910908837288, 0.027764777035113285, 0.0302577363231247, 0.032552204835272186, 0.033962244268502154, 0.03530995724171245, 0.036795414568091225, 0.03840706162943578, 0.039993850675796264, 0.04133645030179679, 0.04211247094820217, 0.04239213751353172, 0.042192499106345205, 0.04200269786908514, 0.041897190162155235, 0.041830932940717325, 0.04166737666619139, 0.04206882264734189, 0.0426127097658282, 0.042895687146734904, 0.04300135533202284, 0.04249799814293581, 0.041897582995049115, 0.04072077112408416, 0.03927976254850985, 0.037331499513228325, 0.035889992777759706, 0.03456359233645024, 0.033243529781910974, 0.03199033675126687, 0.03059935779738079, 0.029272240636492235, 0.027900707354997015, 0.02654938414970694, 0.02543173352052397, 0.024311103096379235, 0.023065212419431085, 0.021685454855791198, 0.02041159885695607, 0.019056064221564174, 0.017656707279948437, 0.01626614648165674, 0.015012383850973622, 0.013603567963072178, 0.012189757837366814, 0.010674529938407772, 0.009407142987148039, 0.008344525906195775, 0.007439054007672372, 0.0072034584519923735, 0.007775010970036668, 0.009047582903156274, 0.010731538882415681, 0.01253460028234948, 0.014333543563369548, 0.016070624592636203, 0.017817726146123574, 0.019557256660804743, 0.02116824086555951, 0.022529303997840977, 0.023628588936546305, 0.02391411988476377, 0.02359656311707365, 0.022355277074164143, 0.020961866673625245, 0.018393580144489934, 0.015660552711922182, 0.013874328661167971, 0.01254026736778108, 0.011812131260623127, 0.010800298354986543, 0.00961805971638548, 0.008471507575266851, 0.007656757785702683, 0.006719580941926242, 0.0056999472982024405, 0.005125787188458596, 0.00504686530895439, 0.005697178935649704, 0.006245540782853768, 0.0070976650798796875, 0.007900543705723831, 0.008755370167568399, 0.009807746909975117, 0.011209592216881203, 0.01276960312030194, 0.014467251258771754, 0.015865855510978952, 0.01751794577394112, 0.01978728846519214, 0.022540086452385207, 0.024859037758439572, 0.02589623397823137, 0.02611181133516041, 0.026565850619759173, 0.0272557734372972, 0.02776644526036269, 0.02799937699621002, 0.02818388188652303, 0.02806005928616626, 0.028083982827741123, 0.02781538632605852, 0.027763976455106594, 0.028120518002563644, 0.028688559534023904, 0.029389365084960088, 0.030059907204608147, 0.03052096911154336, 0.031053468449087778, 0.03142000488428638, 0.03173833045042581, 0.031892653890475096, 0.03198060527161537, 0.031944507243272385, 0.03180892531117334, 0.03180195743523648, 0.03175983113429147, 0.03185651864929952, 0.032146459060636644, 0.032526908876218445, 0.033087790299913135, 0.03370146462957083, 0.0342847740780508, 0.0344768243549477, 0.03441738754137779, 0.034008301029805295]",0.020070622325609303,0.016476468461044946,0.017048764564953856,0.010591010685766511,0.0,0.0,0.00348860774489429,0.016476468461044946,0.017048764564953856,0.010591010685766511,0.264,1717635300.9674199,2024-06-06_10-55-00
0.5059,-0.14135999999999999,0.43920056117889705,0.48942353153895507,-0.15912876456495384,0.4280903604873504,0.5059,-0.14135999999999999,0.43569614614895047,0.48942353153895507,-0.15912876456495384,0.4280903604873504,0.02095627718778323,"[0.011315756658919754, 0.012192407496521018, 0.01288995615295488, 0.01359963525141729, 0.014321891165186378, 0.015181047888625853, 0.01592941522152252, 0.01673874496494045, 0.01751440457689525, 0.01835087734908702, 0.019202544572813795, 0.020070622325609303, 0.02095627718778323, 0.02186061264947246, 0.022737260153569413, 0.023681097053535004, 0.024646250751560458, 0.025633386418693636, 0.02659237614956749, 0.027623542314219474, 0.0286250346734827, 0.029647102596467904, 0.03056454213255984, 0.031680305841655834, 0.03263530150735364, 0.033606764937046466, 0.034593095597664145, 0.03536350794006898, 0.035930760474075646, 0.03631257033147624, 0.03661317474198803, 0.03688385713543919, 0.03738127616234113, 0.037934719347479336, 0.03858163380471939, 0.03921882339006296, 0.03999131852533767, 0.04074980907886149, 0.04127472956039594, 0.04151563832077664, 0.04151964454301027, 0.04123464219442919, 0.04096829512038153, 0.04056460486818273, 0.04028281736824196, 0.04000166841569801, 0.03919762289117317, 0.037812479337396496, 0.03622310391275238, 0.03453579653228067, 0.0330206041779641, 0.031565009966306234, 0.03054064037737075, 0.029904305612678588, 0.029394155816597912, 0.028896840658953926, 0.02825322628704274, 0.027685220830545497, 0.02666364029859006, 0.025486033827772144, 0.02414387260068274, 0.023028867611909868, 0.022681878550084772, 0.02299235797660897, 0.02387546679328945, 0.024738332374206702, 0.025547718436096926, 0.026640938816603423, 0.02759836215880636, 0.028240938725365098, 0.028199955208514017, 0.028168175430310402, 0.02767018559717724, 0.027414861073674215, 0.027239233260695786, 0.0274939869379551, 0.027874761581110984, 0.02868161073982207, 0.029514734605865275, 0.030345172291974937, 0.031248268714928727, 0.032298002681611045, 0.033509628354587276, 0.0348066615601669, 0.03569061118903811, 0.03631377821401384, 0.03654105211474412, 0.03646788532881584, 0.03572808397059345, 0.03427781350345514, 0.03309813106562172, 0.031639416134799855, 0.02970329439236902, 0.027599049067936567, 0.02603054913364457, 0.024090316372098155, 0.02220132238001286, 0.02051452966091278, 0.019044426362309692, 0.017805605247084858, 0.01643252777018217, 0.01523003850809785, 0.01424180324883461, 0.013706552220618947, 0.0130880570946912, 0.012988920737072255, 0.013178248200839212, 0.013386796436950147, 0.01359897371732897, 0.01439195864266014, 0.015495810506657983, 0.016686507754200334, 0.01807173050136072, 0.019341411872889052, 0.020370802976522343, 0.0213787239197115, 0.02262888584538598, 0.02401686851684336, 0.025523335513576738, 0.026670410326906566, 0.02758824337325398, 0.02810647098585074, 0.028219175888028712, 0.02804128716256827, 0.027840212128430745, 0.02799079668741686, 0.027988272685847155, 0.02831306909632167, 0.028434723397990712, 0.0285549391753426, 0.02832607944879636, 0.02800347501499142, 0.027460301198426997, 0.02681840364884072, 0.026203190519756815, 0.02552364346313934, 0.024940794741503684, 0.024553643852497812, 0.024009602077058226, 0.023587486328410737, 0.023053226444370627, 0.02237349941244249, 0.021247392964358097, 0.01948489409103017, 0.01759577829009665, 0.015969918059865678, 0.014849832783247986, 0.014164911869984548, 0.013546042864334782, 0.01328357500957488, 0.012905521640083246, 0.012806686101790404, 0.01256569256360443, 0.01270015008783326, 0.013333718053885597, 0.014364706842779438, 0.015230812921928084, 0.016214173123414017, 0.017422309714956504, 0.01848297873673576, 0.019690103784110968, 0.02062988015396428, 0.021304326954883004, 0.021542023987470748, 0.021445001132587415, 0.02128479356968176, 0.021154257299581803, 0.020548768777841446, 0.020419411659703072, 0.020346908766621045, 0.02018386842926173, 0.020060715556614095, 0.019970155121820186, 0.019905412966441507, 0.019860328269953802, 0.019689549628068632, 0.019110038324468673, 0.018401772510693467, 0.01773443768827515, 0.01691379473734185, 0.0163889904882787, 0.015891976533507178, 0.015695148472402557, 0.015634975895130635, 0.01548249397414641, 0.015250362203767827, 0.01446715870868431, 0.013690714184349355, 0.013111437378948002, 0.01280400987898366, 0.012789088065484542, 0.012885508256999974, 0.012645414791893052, 0.012533763320360268, 0.01300792748125149, 0.014045480441271196, 0.015593406388961941, 0.017496649938682926, 0.01947963017829757, 0.021814960986639112, 0.0244888991790445, 0.027455202671237973, 0.030462142682767764, 0.03347516022004274, 0.03632355277573078, 0.03911728575744543, 0.041489125175428104, 0.043617926344794986, 0.04507509866910146, 0.045973158335007626, 0.046666313335408376, 0.047747911364257295, 0.04910015737076979, 0.051170936172887156, 0.05323921785426519, 0.05484930583024696, 0.05598397968583077, 0.056516639752925084, 0.05678375349578094, 0.05655312215346535, 0.05709318659280136, 0.05753330561326649, 0.05822424761198231, 0.05856641837777238, 0.058663546697002605, 0.05829520111627496, 0.058019458378357286, 0.05786276302771312, 0.057678835712609886, 0.05721489013034267, 0.05620972754199197, 0.05488023496470325, 0.05291870088860013, 0.05085359195424363, 0.04836971777146554, 0.045888993393773454, 0.04332790860019442, 0.040721243397433354, 0.03815348906679705, 0.03609755066086763, 0.03431153121207709, 0.03269994312791247, 0.03113246913067769, 0.029533434333839276, 0.02779284963423818, 0.02581340528028532, 0.023636664296078556, 0.021032966406022018, 0.018298152858289164, 0.015471223173718233, 0.012975006021594128, 0.011476514573927241, 0.011190786613452559, 0.012013514795745658, 0.013192708648177051, 0.0146026096239084, 0.016627808096549106, 0.019288816219412905, 0.022115031993867204, 0.024956066779425322, 0.027947127033299147, 0.030317719296220055, 0.03213024736687776, 0.033908117916643665, 0.035613155393420214, 0.03695858371541455, 0.0370883147011733, 0.035844860180821725, 0.03331269225961453, 0.030127822662769057, 0.026675716455458534, 0.02305094507263966, 0.019294584365168215, 0.016588874620184203, 0.013459760460278334, 0.010513659470637583, 0.008184205378854309, 0.005908681970234855, 0.003908372487361734, 0.002250880846271649, 0.001837561814419065, 0.003902446460586522, 0.00649131804032715, 0.008842266053540701, 0.011337576744963709, 0.013847821453172829, 0.016241515374979285, 0.018506880743639053, 0.020753891025054552, 0.022854281545735794, 0.025177910908837288, 0.027764777035113285, 0.0302577363231247, 0.032552204835272186, 0.033962244268502154, 0.03530995724171245, 0.036795414568091225, 0.03840706162943578, 0.039993850675796264, 0.04133645030179679, 0.04211247094820217, 0.04239213751353172, 0.042192499106345205, 0.04200269786908514, 0.041897190162155235, 0.041830932940717325, 0.04166737666619139, 0.04206882264734189, 0.0426127097658282, 0.042895687146734904, 0.04300135533202284, 0.04249799814293581, 0.041897582995049115, 0.04072077112408416, 0.03927976254850985, 0.037331499513228325, 0.035889992777759706, 0.03456359233645024, 0.033243529781910974, 0.03199033675126687, 0.03059935779738079, 0.029272240636492235, 0.027900707354997015, 0.02654938414970694, 0.02543173352052397, 0.024311103096379235, 0.023065212419431085, 0.021685454855791198, 0.02041159885695607, 0.019056064221564174, 0.017656707279948437, 0.01626614648165674, 0.015012383850973622, 0.013603567963072178, 0.012189757837366814, 0.010674529938407772, 0.009407142987148039, 0.008344525906195775, 0.007439054007672372, 0.0072034584519923735, 0.007775010970036668, 0.009047582903156274, 0.010731538882415681, 0.01253460028234948, 0.014333543563369548, 0.016070624592636203, 0.017817726146123574, 0.019557256660804743, 0.02116824086555951, 0.022529303997840977, 0.023628588936546305, 0.02391411988476377, 0.02359656311707365, 0.022355277074164143, 0.020961866673625245, 0.018393580144489934, 0.015660552711922182, 0.013874328661167971, 0.01254026736778108, 0.011812131260623127, 0.010800298354986543, 0.00961805971638548, 0.008471507575266851, 0.007656757785702683, 0.006719580941926242, 0.0056999472982024405, 0.005125787188458596, 0.00504686530895439, 0.005697178935649704, 0.006245540782853768, 0.0070976650798796875, 0.007900543705723831, 0.008755370167568399, 0.009807746909975117, 0.011209592216881203, 0.01276960312030194, 0.014467251258771754, 0.015865855510978952, 0.01751794577394112, 0.01978728846519214, 0.022540086452385207, 0.024859037758439572, 0.02589623397823137, 0.02611181133516041, 0.026565850619759173, 0.0272557734372972, 0.02776644526036269, 0.02799937699621002, 0.02818388188652303, 0.02806005928616626, 0.028083982827741123, 0.02781538632605852, 0.027763976455106594, 0.028120518002563644, 0.028688559534023904, 0.029389365084960088, 0.030059907204608147, 0.03052096911154336, 0.031053468449087778, 0.03142000488428638, 0.03173833045042581, 0.031892653890475096, 0.03198060527161537, 0.031944507243272385, 0.03180892531117334, 0.03180195743523648, 0.03175983113429147, 0.03185651864929952, 0.032146459060636644, 0.032526908876218445, 0.033087790299913135, 0.03370146462957083, 0.0342847740780508, 0.0344768243549477, 0.03441738754137779, 0.034008301029805295]",0.02095627718778323,0.016476468461044946,0.017768764564953854,0.011110200691546668,0.0,0.0,0.0035044150299465837,0.016476468461044946,0.017768764564953854,0.011110200691546668,0.288,1717635300.9936996,2024-06-06_10-55-00
0.5059,-0.14064,0.43975449227124164,0.48942353153895507,-0.15912876456495384,0.4280903604873504,0.5059,-0.14064,0.4363011596202426,0.48942353153895507,-0.15912876456495384,0.4280903604873504,0.02186061264947246,"[0.011315756658919754, 0.012192407496521018, 0.01288995615295488, 0.01359963525141729, 0.014321891165186378, 0.015181047888625853, 0.01592941522152252, 0.01673874496494045, 0.01751440457689525, 0.01835087734908702, 0.019202544572813795, 0.020070622325609303, 0.02095627718778323, 0.02186061264947246, 0.022737260153569413, 0.023681097053535004, 0.024646250751560458, 0.025633386418693636, 0.02659237614956749, 0.027623542314219474, 0.0286250346734827, 0.029647102596467904, 0.03056454213255984, 0.031680305841655834, 0.03263530150735364, 0.033606764937046466, 0.034593095597664145, 0.03536350794006898, 0.035930760474075646, 0.03631257033147624, 0.03661317474198803, 0.03688385713543919, 0.03738127616234113, 0.037934719347479336, 0.03858163380471939, 0.03921882339006296, 0.03999131852533767, 0.04074980907886149, 0.04127472956039594, 0.04151563832077664, 0.04151964454301027, 0.04123464219442919, 0.04096829512038153, 0.04056460486818273, 0.04028281736824196, 0.04000166841569801, 0.03919762289117317, 0.037812479337396496, 0.03622310391275238, 0.03453579653228067, 0.0330206041779641, 0.031565009966306234, 0.03054064037737075, 0.029904305612678588, 0.029394155816597912, 0.028896840658953926, 0.02825322628704274, 0.027685220830545497, 0.02666364029859006, 0.025486033827772144, 0.02414387260068274, 0.023028867611909868, 0.022681878550084772, 0.02299235797660897, 0.02387546679328945, 0.024738332374206702, 0.025547718436096926, 0.026640938816603423, 0.02759836215880636, 0.028240938725365098, 0.028199955208514017, 0.028168175430310402, 0.02767018559717724, 0.027414861073674215, 0.027239233260695786, 0.0274939869379551, 0.027874761581110984, 0.02868161073982207, 0.029514734605865275, 0.030345172291974937, 0.031248268714928727, 0.032298002681611045, 0.033509628354587276, 0.0348066615601669, 0.03569061118903811, 0.03631377821401384, 0.03654105211474412, 0.03646788532881584, 0.03572808397059345, 0.03427781350345514, 0.03309813106562172, 0.031639416134799855, 0.02970329439236902, 0.027599049067936567, 0.02603054913364457, 0.024090316372098155, 0.02220132238001286, 0.02051452966091278, 0.019044426362309692, 0.017805605247084858, 0.01643252777018217, 0.01523003850809785, 0.01424180324883461, 0.013706552220618947, 0.0130880570946912, 0.012988920737072255, 0.013178248200839212, 0.013386796436950147, 0.01359897371732897, 0.01439195864266014, 0.015495810506657983, 0.016686507754200334, 0.01807173050136072, 0.019341411872889052, 0.020370802976522343, 0.0213787239197115, 0.02262888584538598, 0.02401686851684336, 0.025523335513576738, 0.026670410326906566, 0.02758824337325398, 0.02810647098585074, 0.028219175888028712, 0.02804128716256827, 0.027840212128430745, 0.02799079668741686, 0.027988272685847155, 0.02831306909632167, 0.028434723397990712, 0.0285549391753426, 0.02832607944879636, 0.02800347501499142, 0.027460301198426997, 0.02681840364884072, 0.026203190519756815, 0.02552364346313934, 0.024940794741503684, 0.024553643852497812, 0.024009602077058226, 0.023587486328410737, 0.023053226444370627, 0.02237349941244249, 0.021247392964358097, 0.01948489409103017, 0.01759577829009665, 0.015969918059865678, 0.014849832783247986, 0.014164911869984548, 0.013546042864334782, 0.01328357500957488, 0.012905521640083246, 0.012806686101790404, 0.01256569256360443, 0.01270015008783326, 0.013333718053885597, 0.014364706842779438, 0.015230812921928084, 0.016214173123414017, 0.017422309714956504, 0.01848297873673576, 0.019690103784110968, 0.02062988015396428, 0.021304326954883004, 0.021542023987470748, 0.021445001132587415, 0.02128479356968176, 0.021154257299581803, 0.020548768777841446, 0.020419411659703072, 0.020346908766621045, 0.02018386842926173, 0.020060715556614095, 0.019970155121820186, 0.019905412966441507, 0.019860328269953802, 0.019689549628068632, 0.019110038324468673, 0.018401772510693467, 0.01773443768827515, 0.01691379473734185, 0.0163889904882787, 0.015891976533507178, 0.015695148472402557, 0.015634975895130635, 0.01548249397414641, 0.015250362203767827, 0.01446715870868431, 0.013690714184349355, 0.013111437378948002, 0.01280400987898366, 0.012789088065484542, 0.012885508256999974, 0.012645414791893052, 0.012533763320360268, 0.01300792748125149, 0.014045480441271196, 0.015593406388961941, 0.017496649938682926, 0.01947963017829757, 0.021814960986639112, 0.0244888991790445, 0.027455202671237973, 0.030462142682767764, 0.03347516022004274, 0.03632355277573078, 0.03911728575744543, 0.041489125175428104, 0.043617926344794986, 0.04507509866910146, 0.045973158335007626, 0.046666313335408376, 0.047747911364257295, 0.04910015737076979, 0.051170936172887156, 0.05323921785426519, 0.05484930583024696, 0.05598397968583077, 0.056516639752925084, 0.05678375349578094, 0.05655312215346535, 0.05709318659280136, 0.05753330561326649, 0.05822424761198231, 0.05856641837777238, 0.058663546697002605, 0.05829520111627496, 0.058019458378357286, 0.05786276302771312, 0.057678835712609886, 0.05721489013034267, 0.05620972754199197, 0.05488023496470325, 0.05291870088860013, 0.05085359195424363, 0.04836971777146554, 0.045888993393773454, 0.04332790860019442, 0.040721243397433354, 0.03815348906679705, 0.03609755066086763, 0.03431153121207709, 0.03269994312791247, 0.03113246913067769, 0.029533434333839276, 0.02779284963423818, 0.02581340528028532, 0.023636664296078556, 0.021032966406022018, 0.018298152858289164, 0.015471223173718233, 0.012975006021594128, 0.011476514573927241, 0.011190786613452559, 0.012013514795745658, 0.013192708648177051, 0.0146026096239084, 0.016627808096549106, 0.019288816219412905, 0.022115031993867204, 0.024956066779425322, 0.027947127033299147, 0.030317719296220055, 0.03213024736687776, 0.033908117916643665, 0.035613155393420214, 0.03695858371541455, 0.0370883147011733, 0.035844860180821725, 0.03331269225961453, 0.030127822662769057, 0.026675716455458534, 0.02305094507263966, 0.019294584365168215, 0.016588874620184203, 0.013459760460278334, 0.010513659470637583, 0.008184205378854309, 0.005908681970234855, 0.003908372487361734, 0.002250880846271649, 0.001837561814419065, 0.003902446460586522, 0.00649131804032715, 0.008842266053540701, 0.011337576744963709, 0.013847821453172829, 0.016241515374979285, 0.018506880743639053, 0.020753891025054552, 0.022854281545735794, 0.025177910908837288, 0.027764777035113285, 0.0302577363231247, 0.032552204835272186, 0.033962244268502154, 0.03530995724171245, 0.036795414568091225, 0.03840706162943578, 0.039993850675796264, 0.04133645030179679, 0.04211247094820217, 0.04239213751353172, 0.042192499106345205, 0.04200269786908514, 0.041897190162155235, 0.041830932940717325, 0.04166737666619139, 0.04206882264734189, 0.0426127097658282, 0.042895687146734904, 0.04300135533202284, 0.04249799814293581, 0.041897582995049115, 0.04072077112408416, 0.03927976254850985, 0.037331499513228325, 0.035889992777759706, 0.03456359233645024, 0.033243529781910974, 0.03199033675126687, 0.03059935779738079, 0.029272240636492235, 0.027900707354997015, 0.02654938414970694, 0.02543173352052397, 0.024311103096379235, 0.023065212419431085, 0.021685454855791198, 0.02041159885695607, 0.019056064221564174, 0.017656707279948437, 0.01626614648165674, 0.015012383850973622, 0.013603567963072178, 0.012189757837366814, 0.010674529938407772, 0.009407142987148039, 0.008344525906195775, 0.007439054007672372, 0.0072034584519923735, 0.007775010970036668, 0.009047582903156274, 0.010731538882415681, 0.01253460028234948, 0.014333543563369548, 0.016070624592636203, 0.017817726146123574, 0.019557256660804743, 0.02116824086555951, 0.022529303997840977, 0.023628588936546305, 0.02391411988476377, 0.02359656311707365, 0.022355277074164143, 0.020961866673625245, 0.018393580144489934, 0.015660552711922182, 0.013874328661167971, 0.01254026736778108, 0.011812131260623127, 0.010800298354986543, 0.00961805971638548, 0.008471507575266851, 0.007656757785702683, 0.006719580941926242, 0.0056999472982024405, 0.005125787188458596, 0.00504686530895439, 0.005697178935649704, 0.006245540782853768, 0.0070976650798796875, 0.007900543705723831, 0.008755370167568399, 0.009807746909975117, 0.011209592216881203, 0.01276960312030194, 0.014467251258771754, 0.015865855510978952, 0.01751794577394112, 0.01978728846519214, 0.022540086452385207, 0.024859037758439572, 0.02589623397823137, 0.02611181133516041, 0.026565850619759173, 0.0272557734372972, 0.02776644526036269, 0.02799937699621002, 0.02818388188652303, 0.02806005928616626, 0.028083982827741123, 0.02781538632605852, 0.027763976455106594, 0.028120518002563644, 0.028688559534023904, 0.029389365084960088, 0.030059907204608147, 0.03052096911154336, 0.031053468449087778, 0.03142000488428638, 0.03173833045042581, 0.031892653890475096, 0.03198060527161537, 0.031944507243272385, 0.03180892531117334, 0.03180195743523648, 0.03175983113429147, 0.03185651864929952, 0.032146459060636644, 0.032526908876218445, 0.033087790299913135, 0.03370146462957083, 0.0342847740780508, 0.0344768243549477, 0.03441738754137779, 0.034008301029805295]",0.02186061264947246,0.016476468461044946,0.018488764564953852,0.011664131783891252,0.0,0.0,0.0034533326509990636,0.016476468461044946,0.018488764564953852,0.011664131783891252,0.312,1717635301.0148895,2024-06-06_10-55-01
0.5059,-0.13992,0.4403444915470426,0.4893695422201333,-0.15916173116825683,0.4282309131764855,0.5059,-0.13992,0.43700913093899096,0.4893695422201333,-0.15916173116825683,0.4282309131764855,0.022737260153569413,"[0.011315756658919754, 0.012192407496521018, 0.01288995615295488, 0.01359963525141729, 0.014321891165186378, 0.015181047888625853, 0.01592941522152252, 0.01673874496494045, 0.01751440457689525, 0.01835087734908702, 0.019202544572813795, 0.020070622325609303, 0.02095627718778323, 0.02186061264947246, 0.022737260153569413, 0.023681097053535004, 0.024646250751560458, 0.025633386418693636, 0.02659237614956749, 0.027623542314219474, 0.0286250346734827, 0.029647102596467904, 0.03056454213255984, 0.031680305841655834, 0.03263530150735364, 0.033606764937046466, 0.034593095597664145, 0.03536350794006898, 0.035930760474075646, 0.03631257033147624, 0.03661317474198803, 0.03688385713543919, 0.03738127616234113, 0.037934719347479336, 0.03858163380471939, 0.03921882339006296, 0.03999131852533767, 0.04074980907886149, 0.04127472956039594, 0.04151563832077664, 0.04151964454301027, 0.04123464219442919, 0.04096829512038153, 0.04056460486818273, 0.04028281736824196, 0.04000166841569801, 0.03919762289117317, 0.037812479337396496, 0.03622310391275238, 0.03453579653228067, 0.0330206041779641, 0.031565009966306234, 0.03054064037737075, 0.029904305612678588, 0.029394155816597912, 0.028896840658953926, 0.02825322628704274, 0.027685220830545497, 0.02666364029859006, 0.025486033827772144, 0.02414387260068274, 0.023028867611909868, 0.022681878550084772, 0.02299235797660897, 0.02387546679328945, 0.024738332374206702, 0.025547718436096926, 0.026640938816603423, 0.02759836215880636, 0.028240938725365098, 0.028199955208514017, 0.028168175430310402, 0.02767018559717724, 0.027414861073674215, 0.027239233260695786, 0.0274939869379551, 0.027874761581110984, 0.02868161073982207, 0.029514734605865275, 0.030345172291974937, 0.031248268714928727, 0.032298002681611045, 0.033509628354587276, 0.0348066615601669, 0.03569061118903811, 0.03631377821401384, 0.03654105211474412, 0.03646788532881584, 0.03572808397059345, 0.03427781350345514, 0.03309813106562172, 0.031639416134799855, 0.02970329439236902, 0.027599049067936567, 0.02603054913364457, 0.024090316372098155, 0.02220132238001286, 0.02051452966091278, 0.019044426362309692, 0.017805605247084858, 0.01643252777018217, 0.01523003850809785, 0.01424180324883461, 0.013706552220618947, 0.0130880570946912, 0.012988920737072255, 0.013178248200839212, 0.013386796436950147, 0.01359897371732897, 0.01439195864266014, 0.015495810506657983, 0.016686507754200334, 0.01807173050136072, 0.019341411872889052, 0.020370802976522343, 0.0213787239197115, 0.02262888584538598, 0.02401686851684336, 0.025523335513576738, 0.026670410326906566, 0.02758824337325398, 0.02810647098585074, 0.028219175888028712, 0.02804128716256827, 0.027840212128430745, 0.02799079668741686, 0.027988272685847155, 0.02831306909632167, 0.028434723397990712, 0.0285549391753426, 0.02832607944879636, 0.02800347501499142, 0.027460301198426997, 0.02681840364884072, 0.026203190519756815, 0.02552364346313934, 0.024940794741503684, 0.024553643852497812, 0.024009602077058226, 0.023587486328410737, 0.023053226444370627, 0.02237349941244249, 0.021247392964358097, 0.01948489409103017, 0.01759577829009665, 0.015969918059865678, 0.014849832783247986, 0.014164911869984548, 0.013546042864334782, 0.01328357500957488, 0.012905521640083246, 0.012806686101790404, 0.01256569256360443, 0.01270015008783326, 0.013333718053885597, 0.014364706842779438, 0.015230812921928084, 0.016214173123414017, 0.017422309714956504, 0.01848297873673576, 0.019690103784110968, 0.02062988015396428, 0.021304326954883004, 0.021542023987470748, 0.021445001132587415, 0.02128479356968176, 0.021154257299581803, 0.020548768777841446, 0.020419411659703072, 0.020346908766621045, 0.02018386842926173, 0.020060715556614095, 0.019970155121820186, 0.019905412966441507, 0.019860328269953802, 0.019689549628068632, 0.019110038324468673, 0.018401772510693467, 0.01773443768827515, 0.01691379473734185, 0.0163889904882787, 0.015891976533507178, 0.015695148472402557, 0.015634975895130635, 0.01548249397414641, 0.015250362203767827, 0.01446715870868431, 0.013690714184349355, 0.013111437378948002, 0.01280400987898366, 0.012789088065484542, 0.012885508256999974, 0.012645414791893052, 0.012533763320360268, 0.01300792748125149, 0.014045480441271196, 0.015593406388961941, 0.017496649938682926, 0.01947963017829757, 0.021814960986639112, 0.0244888991790445, 0.027455202671237973, 0.030462142682767764, 0.03347516022004274, 0.03632355277573078, 0.03911728575744543, 0.041489125175428104, 0.043617926344794986, 0.04507509866910146, 0.045973158335007626, 0.046666313335408376, 0.047747911364257295, 0.04910015737076979, 0.051170936172887156, 0.05323921785426519, 0.05484930583024696, 0.05598397968583077, 0.056516639752925084, 0.05678375349578094, 0.05655312215346535, 0.05709318659280136, 0.05753330561326649, 0.05822424761198231, 0.05856641837777238, 0.058663546697002605, 0.05829520111627496, 0.058019458378357286, 0.05786276302771312, 0.057678835712609886, 0.05721489013034267, 0.05620972754199197, 0.05488023496470325, 0.05291870088860013, 0.05085359195424363, 0.04836971777146554, 0.045888993393773454, 0.04332790860019442, 0.040721243397433354, 0.03815348906679705, 0.03609755066086763, 0.03431153121207709, 0.03269994312791247, 0.03113246913067769, 0.029533434333839276, 0.02779284963423818, 0.02581340528028532, 0.023636664296078556, 0.021032966406022018, 0.018298152858289164, 0.015471223173718233, 0.012975006021594128, 0.011476514573927241, 0.011190786613452559, 0.012013514795745658, 0.013192708648177051, 0.0146026096239084, 0.016627808096549106, 0.019288816219412905, 0.022115031993867204, 0.024956066779425322, 0.027947127033299147, 0.030317719296220055, 0.03213024736687776, 0.033908117916643665, 0.035613155393420214, 0.03695858371541455, 0.0370883147011733, 0.035844860180821725, 0.03331269225961453, 0.030127822662769057, 0.026675716455458534, 0.02305094507263966, 0.019294584365168215, 0.016588874620184203, 0.013459760460278334, 0.010513659470637583, 0.008184205378854309, 0.005908681970234855, 0.003908372487361734, 0.002250880846271649, 0.001837561814419065, 0.003902446460586522, 0.00649131804032715, 0.008842266053540701, 0.011337576744963709, 0.013847821453172829, 0.016241515374979285, 0.018506880743639053, 0.020753891025054552, 0.022854281545735794, 0.025177910908837288, 0.027764777035113285, 0.0302577363231247, 0.032552204835272186, 0.033962244268502154, 0.03530995724171245, 0.036795414568091225, 0.03840706162943578, 0.039993850675796264, 0.04133645030179679, 0.04211247094820217, 0.04239213751353172, 0.042192499106345205, 0.04200269786908514, 0.041897190162155235, 0.041830932940717325, 0.04166737666619139, 0.04206882264734189, 0.0426127097658282, 0.042895687146734904, 0.04300135533202284, 0.04249799814293581, 0.041897582995049115, 0.04072077112408416, 0.03927976254850985, 0.037331499513228325, 0.035889992777759706, 0.03456359233645024, 0.033243529781910974, 0.03199033675126687, 0.03059935779738079, 0.029272240636492235, 0.027900707354997015, 0.02654938414970694, 0.02543173352052397, 0.024311103096379235, 0.023065212419431085, 0.021685454855791198, 0.02041159885695607, 0.019056064221564174, 0.017656707279948437, 0.01626614648165674, 0.015012383850973622, 0.013603567963072178, 0.012189757837366814, 0.010674529938407772, 0.009407142987148039, 0.008344525906195775, 0.007439054007672372, 0.0072034584519923735, 0.007775010970036668, 0.009047582903156274, 0.010731538882415681, 0.01253460028234948, 0.014333543563369548, 0.016070624592636203, 0.017817726146123574, 0.019557256660804743, 0.02116824086555951, 0.022529303997840977, 0.023628588936546305, 0.02391411988476377, 0.02359656311707365, 0.022355277074164143, 0.020961866673625245, 0.018393580144489934, 0.015660552711922182, 0.013874328661167971, 0.01254026736778108, 0.011812131260623127, 0.010800298354986543, 0.00961805971638548, 0.008471507575266851, 0.007656757785702683, 0.006719580941926242, 0.0056999472982024405, 0.005125787188458596, 0.00504686530895439, 0.005697178935649704, 0.006245540782853768, 0.0070976650798796875, 0.007900543705723831, 0.008755370167568399, 0.009807746909975117, 0.011209592216881203, 0.01276960312030194, 0.014467251258771754, 0.015865855510978952, 0.01751794577394112, 0.01978728846519214, 0.022540086452385207, 0.024859037758439572, 0.02589623397823137, 0.02611181133516041, 0.026565850619759173, 0.0272557734372972, 0.02776644526036269, 0.02799937699621002, 0.02818388188652303, 0.02806005928616626, 0.028083982827741123, 0.02781538632605852, 0.027763976455106594, 0.028120518002563644, 0.028688559534023904, 0.029389365084960088, 0.030059907204608147, 0.03052096911154336, 0.031053468449087778, 0.03142000488428638, 0.03173833045042581, 0.031892653890475096, 0.03198060527161537, 0.031944507243272385, 0.03180892531117334, 0.03180195743523648, 0.03175983113429147, 0.03185651864929952, 0.032146459060636644, 0.032526908876218445, 0.033087790299913135, 0.03370146462957083, 0.0342847740780508, 0.0344768243549477, 0.03441738754137779, 0.034008301029805295]",0.022737260153569413,0.016530457779866725,0.019241731168256837,0.012113578370557099,0.0,0.0,0.0033353606080516185,0.016530457779866725,0.019241731168256837,0.012113578370557099,0.33599999999999997,1717635301.0387533,2024-06-06_10-55-01
0.5059,-0.1392,0.44097154292643065,0.4893695422201333,-0.15916173116825683,0.4282309131764855,0.5059,-0.1392,0.4377541543613265,0.4893695422201333,-0.15916173116825683,0.4282309131764855,0.023681097053535004,"[0.011315756658919754, 0.012192407496521018, 0.01288995615295488, 0.01359963525141729, 0.014321891165186378, 0.015181047888625853, 0.01592941522152252, 0.01673874496494045, 0.01751440457689525, 0.01835087734908702, 0.019202544572813795, 0.020070622325609303, 0.02095627718778323, 0.02186061264947246, 0.022737260153569413, 0.023681097053535004, 0.024646250751560458, 0.025633386418693636, 0.02659237614956749, 0.027623542314219474, 0.0286250346734827, 0.029647102596467904, 0.03056454213255984, 0.031680305841655834, 0.03263530150735364, 0.033606764937046466, 0.034593095597664145, 0.03536350794006898, 0.035930760474075646, 0.03631257033147624, 0.03661317474198803, 0.03688385713543919, 0.03738127616234113, 0.037934719347479336, 0.03858163380471939, 0.03921882339006296, 0.03999131852533767, 0.04074980907886149, 0.04127472956039594, 0.04151563832077664, 0.04151964454301027, 0.04123464219442919, 0.04096829512038153, 0.04056460486818273, 0.04028281736824196, 0.04000166841569801, 0.03919762289117317, 0.037812479337396496, 0.03622310391275238, 0.03453579653228067, 0.0330206041779641, 0.031565009966306234, 0.03054064037737075, 0.029904305612678588, 0.029394155816597912, 0.028896840658953926, 0.02825322628704274, 0.027685220830545497, 0.02666364029859006, 0.025486033827772144, 0.02414387260068274, 0.023028867611909868, 0.022681878550084772, 0.02299235797660897, 0.02387546679328945, 0.024738332374206702, 0.025547718436096926, 0.026640938816603423, 0.02759836215880636, 0.028240938725365098, 0.028199955208514017, 0.028168175430310402, 0.02767018559717724, 0.027414861073674215, 0.027239233260695786, 0.0274939869379551, 0.027874761581110984, 0.02868161073982207, 0.029514734605865275, 0.030345172291974937, 0.031248268714928727, 0.032298002681611045, 0.033509628354587276, 0.0348066615601669, 0.03569061118903811, 0.03631377821401384, 0.03654105211474412, 0.03646788532881584, 0.03572808397059345, 0.03427781350345514, 0.03309813106562172, 0.031639416134799855, 0.02970329439236902, 0.027599049067936567, 0.02603054913364457, 0.024090316372098155, 0.02220132238001286, 0.02051452966091278, 0.019044426362309692, 0.017805605247084858, 0.01643252777018217, 0.01523003850809785, 0.01424180324883461, 0.013706552220618947, 0.0130880570946912, 0.012988920737072255, 0.013178248200839212, 0.013386796436950147, 0.01359897371732897, 0.01439195864266014, 0.015495810506657983, 0.016686507754200334, 0.01807173050136072, 0.019341411872889052, 0.020370802976522343, 0.0213787239197115, 0.02262888584538598, 0.02401686851684336, 0.025523335513576738, 0.026670410326906566, 0.02758824337325398, 0.02810647098585074, 0.028219175888028712, 0.02804128716256827, 0.027840212128430745, 0.02799079668741686, 0.027988272685847155, 0.02831306909632167, 0.028434723397990712, 0.0285549391753426, 0.02832607944879636, 0.02800347501499142, 0.027460301198426997, 0.02681840364884072, 0.026203190519756815, 0.02552364346313934, 0.024940794741503684, 0.024553643852497812, 0.024009602077058226, 0.023587486328410737, 0.023053226444370627, 0.02237349941244249, 0.021247392964358097, 0.01948489409103017, 0.01759577829009665, 0.015969918059865678, 0.014849832783247986, 0.014164911869984548, 0.013546042864334782, 0.01328357500957488, 0.012905521640083246, 0.012806686101790404, 0.01256569256360443, 0.01270015008783326, 0.013333718053885597, 0.014364706842779438, 0.015230812921928084, 0.016214173123414017, 0.017422309714956504, 0.01848297873673576, 0.019690103784110968, 0.02062988015396428, 0.021304326954883004, 0.021542023987470748, 0.021445001132587415, 0.02128479356968176, 0.021154257299581803, 0.020548768777841446, 0.020419411659703072, 0.020346908766621045, 0.02018386842926173, 0.020060715556614095, 0.019970155121820186, 0.019905412966441507, 0.019860328269953802, 0.019689549628068632, 0.019110038324468673, 0.018401772510693467, 0.01773443768827515, 0.01691379473734185, 0.0163889904882787, 0.015891976533507178, 0.015695148472402557, 0.015634975895130635, 0.01548249397414641, 0.015250362203767827, 0.01446715870868431, 0.013690714184349355, 0.013111437378948002, 0.01280400987898366, 0.012789088065484542, 0.012885508256999974, 0.012645414791893052, 0.012533763320360268, 0.01300792748125149, 0.014045480441271196, 0.015593406388961941, 0.017496649938682926, 0.01947963017829757, 0.021814960986639112, 0.0244888991790445, 0.027455202671237973, 0.030462142682767764, 0.03347516022004274, 0.03632355277573078, 0.03911728575744543, 0.041489125175428104, 0.043617926344794986, 0.04507509866910146, 0.045973158335007626, 0.046666313335408376, 0.047747911364257295, 0.04910015737076979, 0.051170936172887156, 0.05323921785426519, 0.05484930583024696, 0.05598397968583077, 0.056516639752925084, 0.05678375349578094, 0.05655312215346535, 0.05709318659280136, 0.05753330561326649, 0.05822424761198231, 0.05856641837777238, 0.058663546697002605, 0.05829520111627496, 0.058019458378357286, 0.05786276302771312, 0.057678835712609886, 0.05721489013034267, 0.05620972754199197, 0.05488023496470325, 0.05291870088860013, 0.05085359195424363, 0.04836971777146554, 0.045888993393773454, 0.04332790860019442, 0.040721243397433354, 0.03815348906679705, 0.03609755066086763, 0.03431153121207709, 0.03269994312791247, 0.03113246913067769, 0.029533434333839276, 0.02779284963423818, 0.02581340528028532, 0.023636664296078556, 0.021032966406022018, 0.018298152858289164, 0.015471223173718233, 0.012975006021594128, 0.011476514573927241, 0.011190786613452559, 0.012013514795745658, 0.013192708648177051, 0.0146026096239084, 0.016627808096549106, 0.019288816219412905, 0.022115031993867204, 0.024956066779425322, 0.027947127033299147, 0.030317719296220055, 0.03213024736687776, 0.033908117916643665, 0.035613155393420214, 0.03695858371541455, 0.0370883147011733, 0.035844860180821725, 0.03331269225961453, 0.030127822662769057, 0.026675716455458534, 0.02305094507263966, 0.019294584365168215, 0.016588874620184203, 0.013459760460278334, 0.010513659470637583, 0.008184205378854309, 0.005908681970234855, 0.003908372487361734, 0.002250880846271649, 0.001837561814419065, 0.003902446460586522, 0.00649131804032715, 0.008842266053540701, 0.011337576744963709, 0.013847821453172829, 0.016241515374979285, 0.018506880743639053, 0.020753891025054552, 0.022854281545735794, 0.025177910908837288, 0.027764777035113285, 0.0302577363231247, 0.032552204835272186, 0.033962244268502154, 0.03530995724171245, 0.036795414568091225, 0.03840706162943578, 0.039993850675796264, 0.04133645030179679, 0.04211247094820217, 0.04239213751353172, 0.042192499106345205, 0.04200269786908514, 0.041897190162155235, 0.041830932940717325, 0.04166737666619139, 0.04206882264734189, 0.0426127097658282, 0.042895687146734904, 0.04300135533202284, 0.04249799814293581, 0.041897582995049115, 0.04072077112408416, 0.03927976254850985, 0.037331499513228325, 0.035889992777759706, 0.03456359233645024, 0.033243529781910974, 0.03199033675126687, 0.03059935779738079, 0.029272240636492235, 0.027900707354997015, 0.02654938414970694, 0.02543173352052397, 0.024311103096379235, 0.023065212419431085, 0.021685454855791198, 0.02041159885695607, 0.019056064221564174, 0.017656707279948437, 0.01626614648165674, 0.015012383850973622, 0.013603567963072178, 0.012189757837366814, 0.010674529938407772, 0.009407142987148039, 0.008344525906195775, 0.007439054007672372, 0.0072034584519923735, 0.007775010970036668, 0.009047582903156274, 0.010731538882415681, 0.01253460028234948, 0.014333543563369548, 0.016070624592636203, 0.017817726146123574, 0.019557256660804743, 0.02116824086555951, 0.022529303997840977, 0.023628588936546305, 0.02391411988476377, 0.02359656311707365, 0.022355277074164143, 0.020961866673625245, 0.018393580144489934, 0.015660552711922182, 0.013874328661167971, 0.01254026736778108, 0.011812131260623127, 0.010800298354986543, 0.00961805971638548, 0.008471507575266851, 0.007656757785702683, 0.006719580941926242, 0.0056999472982024405, 0.005125787188458596, 0.00504686530895439, 0.005697178935649704, 0.006245540782853768, 0.0070976650798796875, 0.007900543705723831, 0.008755370167568399, 0.009807746909975117, 0.011209592216881203, 0.01276960312030194, 0.014467251258771754, 0.015865855510978952, 0.01751794577394112, 0.01978728846519214, 0.022540086452385207, 0.024859037758439572, 0.02589623397823137, 0.02611181133516041, 0.026565850619759173, 0.0272557734372972, 0.02776644526036269, 0.02799937699621002, 0.02818388188652303, 0.02806005928616626, 0.028083982827741123, 0.02781538632605852, 0.027763976455106594, 0.028120518002563644, 0.028688559534023904, 0.029389365084960088, 0.030059907204608147, 0.03052096911154336, 0.031053468449087778, 0.03142000488428638, 0.03173833045042581, 0.031892653890475096, 0.03198060527161537, 0.031944507243272385, 0.03180892531117334, 0.03180195743523648, 0.03175983113429147, 0.03185651864929952, 0.032146459060636644, 0.032526908876218445, 0.033087790299913135, 0.03370146462957083, 0.0342847740780508, 0.0344768243549477, 0.03441738754137779, 0.034008301029805295]",0.023681097053535004,0.016530457779866725,0.019961731168256835,0.012740629749945165,0.0,0.0,0.0032173885651041734,0.016530457779866725,0.019961731168256835,0.012740629749945165,0.36,1717635301.0631728,2024-06-06_10-55-01
0.5059,-0.13848,0.44163627299980796,0.4893695422201333,-0.15916173116825683,0.4282309131764855,0.5059,-0.13848,0.4385368564776512,0.4893695422201333,-0.15916173116825683,0.4282309131764855,0.024646250751560458,"[0.011315756658919754, 0.012192407496521018, 0.01288995615295488, 0.01359963525141729, 0.014321891165186378, 0.015181047888625853, 0.01592941522152252, 0.01673874496494045, 0.01751440457689525, 0.01835087734908702, 0.019202544572813795, 0.020070622325609303, 0.02095627718778323, 0.02186061264947246, 0.022737260153569413, 0.023681097053535004, 0.024646250751560458, 0.025633386418693636, 0.02659237614956749, 0.027623542314219474, 0.0286250346734827, 0.029647102596467904, 0.03056454213255984, 0.031680305841655834, 0.03263530150735364, 0.033606764937046466, 0.034593095597664145, 0.03536350794006898, 0.035930760474075646, 0.03631257033147624, 0.03661317474198803, 0.03688385713543919, 0.03738127616234113, 0.037934719347479336, 0.03858163380471939, 0.03921882339006296, 0.03999131852533767, 0.04074980907886149, 0.04127472956039594, 0.04151563832077664, 0.04151964454301027, 0.04123464219442919, 0.04096829512038153, 0.04056460486818273, 0.04028281736824196, 0.04000166841569801, 0.03919762289117317, 0.037812479337396496, 0.03622310391275238, 0.03453579653228067, 0.0330206041779641, 0.031565009966306234, 0.03054064037737075, 0.029904305612678588, 0.029394155816597912, 0.028896840658953926, 0.02825322628704274, 0.027685220830545497, 0.02666364029859006, 0.025486033827772144, 0.02414387260068274, 0.023028867611909868, 0.022681878550084772, 0.02299235797660897, 0.02387546679328945, 0.024738332374206702, 0.025547718436096926, 0.026640938816603423, 0.02759836215880636, 0.028240938725365098, 0.028199955208514017, 0.028168175430310402, 0.02767018559717724, 0.027414861073674215, 0.027239233260695786, 0.0274939869379551, 0.027874761581110984, 0.02868161073982207, 0.029514734605865275, 0.030345172291974937, 0.031248268714928727, 0.032298002681611045, 0.033509628354587276, 0.0348066615601669, 0.03569061118903811, 0.03631377821401384, 0.03654105211474412, 0.03646788532881584, 0.03572808397059345, 0.03427781350345514, 0.03309813106562172, 0.031639416134799855, 0.02970329439236902, 0.027599049067936567, 0.02603054913364457, 0.024090316372098155, 0.02220132238001286, 0.02051452966091278, 0.019044426362309692, 0.017805605247084858, 0.01643252777018217, 0.01523003850809785, 0.01424180324883461, 0.013706552220618947, 0.0130880570946912, 0.012988920737072255, 0.013178248200839212, 0.013386796436950147, 0.01359897371732897, 0.01439195864266014, 0.015495810506657983, 0.016686507754200334, 0.01807173050136072, 0.019341411872889052, 0.020370802976522343, 0.0213787239197115, 0.02262888584538598, 0.02401686851684336, 0.025523335513576738, 0.026670410326906566, 0.02758824337325398, 0.02810647098585074, 0.028219175888028712, 0.02804128716256827, 0.027840212128430745, 0.02799079668741686, 0.027988272685847155, 0.02831306909632167, 0.028434723397990712, 0.0285549391753426, 0.02832607944879636, 0.02800347501499142, 0.027460301198426997, 0.02681840364884072, 0.026203190519756815, 0.02552364346313934, 0.024940794741503684, 0.024553643852497812, 0.024009602077058226, 0.023587486328410737, 0.023053226444370627, 0.02237349941244249, 0.021247392964358097, 0.01948489409103017, 0.01759577829009665, 0.015969918059865678, 0.014849832783247986, 0.014164911869984548, 0.013546042864334782, 0.01328357500957488, 0.012905521640083246, 0.012806686101790404, 0.01256569256360443, 0.01270015008783326, 0.013333718053885597, 0.014364706842779438, 0.015230812921928084, 0.016214173123414017, 0.017422309714956504, 0.01848297873673576, 0.019690103784110968, 0.02062988015396428, 0.021304326954883004, 0.021542023987470748, 0.021445001132587415, 0.02128479356968176, 0.021154257299581803, 0.020548768777841446, 0.020419411659703072, 0.020346908766621045, 0.02018386842926173, 0.020060715556614095, 0.019970155121820186, 0.019905412966441507, 0.019860328269953802, 0.019689549628068632, 0.019110038324468673, 0.018401772510693467, 0.01773443768827515, 0.01691379473734185, 0.0163889904882787, 0.015891976533507178, 0.015695148472402557, 0.015634975895130635, 0.01548249397414641, 0.015250362203767827, 0.01446715870868431, 0.013690714184349355, 0.013111437378948002, 0.01280400987898366, 0.012789088065484542, 0.012885508256999974, 0.012645414791893052, 0.012533763320360268, 0.01300792748125149, 0.014045480441271196, 0.015593406388961941, 0.017496649938682926, 0.01947963017829757, 0.021814960986639112, 0.0244888991790445, 0.027455202671237973, 0.030462142682767764, 0.03347516022004274, 0.03632355277573078, 0.03911728575744543, 0.041489125175428104, 0.043617926344794986, 0.04507509866910146, 0.045973158335007626, 0.046666313335408376, 0.047747911364257295, 0.04910015737076979, 0.051170936172887156, 0.05323921785426519, 0.05484930583024696, 0.05598397968583077, 0.056516639752925084, 0.05678375349578094, 0.05655312215346535, 0.05709318659280136, 0.05753330561326649, 0.05822424761198231, 0.05856641837777238, 0.058663546697002605, 0.05829520111627496, 0.058019458378357286, 0.05786276302771312, 0.057678835712609886, 0.05721489013034267, 0.05620972754199197, 0.05488023496470325, 0.05291870088860013, 0.05085359195424363, 0.04836971777146554, 0.045888993393773454, 0.04332790860019442, 0.040721243397433354, 0.03815348906679705, 0.03609755066086763, 0.03431153121207709, 0.03269994312791247, 0.03113246913067769, 0.029533434333839276, 0.02779284963423818, 0.02581340528028532, 0.023636664296078556, 0.021032966406022018, 0.018298152858289164, 0.015471223173718233, 0.012975006021594128, 0.011476514573927241, 0.011190786613452559, 0.012013514795745658, 0.013192708648177051, 0.0146026096239084, 0.016627808096549106, 0.019288816219412905, 0.022115031993867204, 0.024956066779425322, 0.027947127033299147, 0.030317719296220055, 0.03213024736687776, 0.033908117916643665, 0.035613155393420214, 0.03695858371541455, 0.0370883147011733, 0.035844860180821725, 0.03331269225961453, 0.030127822662769057, 0.026675716455458534, 0.02305094507263966, 0.019294584365168215, 0.016588874620184203, 0.013459760460278334, 0.010513659470637583, 0.008184205378854309, 0.005908681970234855, 0.003908372487361734, 0.002250880846271649, 0.001837561814419065, 0.003902446460586522, 0.00649131804032715, 0.008842266053540701, 0.011337576744963709, 0.013847821453172829, 0.016241515374979285, 0.018506880743639053, 0.020753891025054552, 0.022854281545735794, 0.025177910908837288, 0.027764777035113285, 0.0302577363231247, 0.032552204835272186, 0.033962244268502154, 0.03530995724171245, 0.036795414568091225, 0.03840706162943578, 0.039993850675796264, 0.04133645030179679, 0.04211247094820217, 0.04239213751353172, 0.042192499106345205, 0.04200269786908514, 0.041897190162155235, 0.041830932940717325, 0.04166737666619139, 0.04206882264734189, 0.0426127097658282, 0.042895687146734904, 0.04300135533202284, 0.04249799814293581, 0.041897582995049115, 0.04072077112408416, 0.03927976254850985, 0.037331499513228325, 0.035889992777759706, 0.03456359233645024, 0.033243529781910974, 0.03199033675126687, 0.03059935779738079, 0.029272240636492235, 0.027900707354997015, 0.02654938414970694, 0.02543173352052397, 0.024311103096379235, 0.023065212419431085, 0.021685454855791198, 0.02041159885695607, 0.019056064221564174, 0.017656707279948437, 0.01626614648165674, 0.015012383850973622, 0.013603567963072178, 0.012189757837366814, 0.010674529938407772, 0.009407142987148039, 0.008344525906195775, 0.007439054007672372, 0.0072034584519923735, 0.007775010970036668, 0.009047582903156274, 0.010731538882415681, 0.01253460028234948, 0.014333543563369548, 0.016070624592636203, 0.017817726146123574, 0.019557256660804743, 0.02116824086555951, 0.022529303997840977, 0.023628588936546305, 0.02391411988476377, 0.02359656311707365, 0.022355277074164143, 0.020961866673625245, 0.018393580144489934, 0.015660552711922182, 0.013874328661167971, 0.01254026736778108, 0.011812131260623127, 0.010800298354986543, 0.00961805971638548, 0.008471507575266851, 0.007656757785702683, 0.006719580941926242, 0.0056999472982024405, 0.005125787188458596, 0.00504686530895439, 0.005697178935649704, 0.006245540782853768, 0.0070976650798796875, 0.007900543705723831, 0.008755370167568399, 0.009807746909975117, 0.011209592216881203, 0.01276960312030194, 0.014467251258771754, 0.015865855510978952, 0.01751794577394112, 0.01978728846519214, 0.022540086452385207, 0.024859037758439572, 0.02589623397823137, 0.02611181133516041, 0.026565850619759173, 0.0272557734372972, 0.02776644526036269, 0.02799937699621002, 0.02818388188652303, 0.02806005928616626, 0.028083982827741123, 0.02781538632605852, 0.027763976455106594, 0.028120518002563644, 0.028688559534023904, 0.029389365084960088, 0.030059907204608147, 0.03052096911154336, 0.031053468449087778, 0.03142000488428638, 0.03173833045042581, 0.031892653890475096, 0.03198060527161537, 0.031944507243272385, 0.03180892531117334, 0.03180195743523648, 0.03175983113429147, 0.03185651864929952, 0.032146459060636644, 0.032526908876218445, 0.033087790299913135, 0.03370146462957083, 0.0342847740780508, 0.0344768243549477, 0.03441738754137779, 0.034008301029805295]",0.024646250751560458,0.016530457779866725,0.020681731168256834,0.013405359823322471,0.0,0.0,0.0030994165221567282,0.016530457779866725,0.020681731168256834,0.013405359823322471,0.38399999999999995,1717635301.0872467,2024-06-06_10-55-01
0.5059,-0.13776,0.4423389393421733,0.4893695422201333,-0.15916173116825683,0.4282309131764855,0.5059,-0.13776,0.43942406174325493,0.4893695422201333,-0.15916173116825683,0.4282309131764855,0.025633386418693636,"[0.011315756658919754, 0.012192407496521018, 0.01288995615295488, 0.01359963525141729, 0.014321891165186378, 0.015181047888625853, 0.01592941522152252, 0.01673874496494045, 0.01751440457689525, 0.01835087734908702, 0.019202544572813795, 0.020070622325609303, 0.02095627718778323, 0.02186061264947246, 0.022737260153569413, 0.023681097053535004, 0.024646250751560458, 0.025633386418693636, 0.02659237614956749, 0.027623542314219474, 0.0286250346734827, 0.029647102596467904, 0.03056454213255984, 0.031680305841655834, 0.03263530150735364, 0.033606764937046466, 0.034593095597664145, 0.03536350794006898, 0.035930760474075646, 0.03631257033147624, 0.03661317474198803, 0.03688385713543919, 0.03738127616234113, 0.037934719347479336, 0.03858163380471939, 0.03921882339006296, 0.03999131852533767, 0.04074980907886149, 0.04127472956039594, 0.04151563832077664, 0.04151964454301027, 0.04123464219442919, 0.04096829512038153, 0.04056460486818273, 0.04028281736824196, 0.04000166841569801, 0.03919762289117317, 0.037812479337396496, 0.03622310391275238, 0.03453579653228067, 0.0330206041779641, 0.031565009966306234, 0.03054064037737075, 0.029904305612678588, 0.029394155816597912, 0.028896840658953926, 0.02825322628704274, 0.027685220830545497, 0.02666364029859006, 0.025486033827772144, 0.02414387260068274, 0.023028867611909868, 0.022681878550084772, 0.02299235797660897, 0.02387546679328945, 0.024738332374206702, 0.025547718436096926, 0.026640938816603423, 0.02759836215880636, 0.028240938725365098, 0.028199955208514017, 0.028168175430310402, 0.02767018559717724, 0.027414861073674215, 0.027239233260695786, 0.0274939869379551, 0.027874761581110984, 0.02868161073982207, 0.029514734605865275, 0.030345172291974937, 0.031248268714928727, 0.032298002681611045, 0.033509628354587276, 0.0348066615601669, 0.03569061118903811, 0.03631377821401384, 0.03654105211474412, 0.03646788532881584, 0.03572808397059345, 0.03427781350345514, 0.03309813106562172, 0.031639416134799855, 0.02970329439236902, 0.027599049067936567, 0.02603054913364457, 0.024090316372098155, 0.02220132238001286, 0.02051452966091278, 0.019044426362309692, 0.017805605247084858, 0.01643252777018217, 0.01523003850809785, 0.01424180324883461, 0.013706552220618947, 0.0130880570946912, 0.012988920737072255, 0.013178248200839212, 0.013386796436950147, 0.01359897371732897, 0.01439195864266014, 0.015495810506657983, 0.016686507754200334, 0.01807173050136072, 0.019341411872889052, 0.020370802976522343, 0.0213787239197115, 0.02262888584538598, 0.02401686851684336, 0.025523335513576738, 0.026670410326906566, 0.02758824337325398, 0.02810647098585074, 0.028219175888028712, 0.02804128716256827, 0.027840212128430745, 0.02799079668741686, 0.027988272685847155, 0.02831306909632167, 0.028434723397990712, 0.0285549391753426, 0.02832607944879636, 0.02800347501499142, 0.027460301198426997, 0.02681840364884072, 0.026203190519756815, 0.02552364346313934, 0.024940794741503684, 0.024553643852497812, 0.024009602077058226, 0.023587486328410737, 0.023053226444370627, 0.02237349941244249, 0.021247392964358097, 0.01948489409103017, 0.01759577829009665, 0.015969918059865678, 0.014849832783247986, 0.014164911869984548, 0.013546042864334782, 0.01328357500957488, 0.012905521640083246, 0.012806686101790404, 0.01256569256360443, 0.01270015008783326, 0.013333718053885597, 0.014364706842779438, 0.015230812921928084, 0.016214173123414017, 0.017422309714956504, 0.01848297873673576, 0.019690103784110968, 0.02062988015396428, 0.021304326954883004, 0.021542023987470748, 0.021445001132587415, 0.02128479356968176, 0.021154257299581803, 0.020548768777841446, 0.020419411659703072, 0.020346908766621045, 0.02018386842926173, 0.020060715556614095, 0.019970155121820186, 0.019905412966441507, 0.019860328269953802, 0.019689549628068632, 0.019110038324468673, 0.018401772510693467, 0.01773443768827515, 0.01691379473734185, 0.0163889904882787, 0.015891976533507178, 0.015695148472402557, 0.015634975895130635, 0.01548249397414641, 0.015250362203767827, 0.01446715870868431, 0.013690714184349355, 0.013111437378948002, 0.01280400987898366, 0.012789088065484542, 0.012885508256999974, 0.012645414791893052, 0.012533763320360268, 0.01300792748125149, 0.014045480441271196, 0.015593406388961941, 0.017496649938682926, 0.01947963017829757, 0.021814960986639112, 0.0244888991790445, 0.027455202671237973, 0.030462142682767764, 0.03347516022004274, 0.03632355277573078, 0.03911728575744543, 0.041489125175428104, 0.043617926344794986, 0.04507509866910146, 0.045973158335007626, 0.046666313335408376, 0.047747911364257295, 0.04910015737076979, 0.051170936172887156, 0.05323921785426519, 0.05484930583024696, 0.05598397968583077, 0.056516639752925084, 0.05678375349578094, 0.05655312215346535, 0.05709318659280136, 0.05753330561326649, 0.05822424761198231, 0.05856641837777238, 0.058663546697002605, 0.05829520111627496, 0.058019458378357286, 0.05786276302771312, 0.057678835712609886, 0.05721489013034267, 0.05620972754199197, 0.05488023496470325, 0.05291870088860013, 0.05085359195424363, 0.04836971777146554, 0.045888993393773454, 0.04332790860019442, 0.040721243397433354, 0.03815348906679705, 0.03609755066086763, 0.03431153121207709, 0.03269994312791247, 0.03113246913067769, 0.029533434333839276, 0.02779284963423818, 0.02581340528028532, 0.023636664296078556, 0.021032966406022018, 0.018298152858289164, 0.015471223173718233, 0.012975006021594128, 0.011476514573927241, 0.011190786613452559, 0.012013514795745658, 0.013192708648177051, 0.0146026096239084, 0.016627808096549106, 0.019288816219412905, 0.022115031993867204, 0.024956066779425322, 0.027947127033299147, 0.030317719296220055, 0.03213024736687776, 0.033908117916643665, 0.035613155393420214, 0.03695858371541455, 0.0370883147011733, 0.035844860180821725, 0.03331269225961453, 0.030127822662769057, 0.026675716455458534, 0.02305094507263966, 0.019294584365168215, 0.016588874620184203, 0.013459760460278334, 0.010513659470637583, 0.008184205378854309, 0.005908681970234855, 0.003908372487361734, 0.002250880846271649, 0.001837561814419065, 0.003902446460586522, 0.00649131804032715, 0.008842266053540701, 0.011337576744963709, 0.013847821453172829, 0.016241515374979285, 0.018506880743639053, 0.020753891025054552, 0.022854281545735794, 0.025177910908837288, 0.027764777035113285, 0.0302577363231247, 0.032552204835272186, 0.033962244268502154, 0.03530995724171245, 0.036795414568091225, 0.03840706162943578, 0.039993850675796264, 0.04133645030179679, 0.04211247094820217, 0.04239213751353172, 0.042192499106345205, 0.04200269786908514, 0.041897190162155235, 0.041830932940717325, 0.04166737666619139, 0.04206882264734189, 0.0426127097658282, 0.042895687146734904, 0.04300135533202284, 0.04249799814293581, 0.041897582995049115, 0.04072077112408416, 0.03927976254850985, 0.037331499513228325, 0.035889992777759706, 0.03456359233645024, 0.033243529781910974, 0.03199033675126687, 0.03059935779738079, 0.029272240636492235, 0.027900707354997015, 0.02654938414970694, 0.02543173352052397, 0.024311103096379235, 0.023065212419431085, 0.021685454855791198, 0.02041159885695607, 0.019056064221564174, 0.017656707279948437, 0.01626614648165674, 0.015012383850973622, 0.013603567963072178, 0.012189757837366814, 0.010674529938407772, 0.009407142987148039, 0.008344525906195775, 0.007439054007672372, 0.0072034584519923735, 0.007775010970036668, 0.009047582903156274, 0.010731538882415681, 0.01253460028234948, 0.014333543563369548, 0.016070624592636203, 0.017817726146123574, 0.019557256660804743, 0.02116824086555951, 0.022529303997840977, 0.023628588936546305, 0.02391411988476377, 0.02359656311707365, 0.022355277074164143, 0.020961866673625245, 0.018393580144489934, 0.015660552711922182, 0.013874328661167971, 0.01254026736778108, 0.011812131260623127, 0.010800298354986543, 0.00961805971638548, 0.008471507575266851, 0.007656757785702683, 0.006719580941926242, 0.0056999472982024405, 0.005125787188458596, 0.00504686530895439, 0.005697178935649704, 0.006245540782853768, 0.0070976650798796875, 0.007900543705723831, 0.008755370167568399, 0.009807746909975117, 0.011209592216881203, 0.01276960312030194, 0.014467251258771754, 0.015865855510978952, 0.01751794577394112, 0.01978728846519214, 0.022540086452385207, 0.024859037758439572, 0.02589623397823137, 0.02611181133516041, 0.026565850619759173, 0.0272557734372972, 0.02776644526036269, 0.02799937699621002, 0.02818388188652303, 0.02806005928616626, 0.028083982827741123, 0.02781538632605852, 0.027763976455106594, 0.028120518002563644, 0.028688559534023904, 0.029389365084960088, 0.030059907204608147, 0.03052096911154336, 0.031053468449087778, 0.03142000488428638, 0.03173833045042581, 0.031892653890475096, 0.03198060527161537, 0.031944507243272385, 0.03180892531117334, 0.03180195743523648, 0.03175983113429147, 0.03185651864929952, 0.032146459060636644, 0.032526908876218445, 0.033087790299913135, 0.03370146462957083, 0.0342847740780508, 0.0344768243549477, 0.03441738754137779, 0.034008301029805295]",0.025633386418693636,0.016530457779866725,0.021401731168256832,0.014108026165687793,0.0,0.0,0.0029148775989183418,0.016530457779866725,0.021401731168256832,0.014108026165687793,0.40800000000000003,1717635301.1108036,2024-06-06_10-55-01
0.5059,-0.13704,0.4430794213842226,0.48931551008084384,-0.159194669902411,0.4283714279522384,0.5059,-0.13704,0.44048221646912467,0.48931551008084384,-0.159194669902411,0.4283714279522384,0.02659237614956749,"[0.011315756658919754, 0.012192407496521018, 0.01288995615295488, 0.01359963525141729, 0.014321891165186378, 0.015181047888625853, 0.01592941522152252, 0.01673874496494045, 0.01751440457689525, 0.01835087734908702, 0.019202544572813795, 0.020070622325609303, 0.02095627718778323, 0.02186061264947246, 0.022737260153569413, 0.023681097053535004, 0.024646250751560458, 0.025633386418693636, 0.02659237614956749, 0.027623542314219474, 0.0286250346734827, 0.029647102596467904, 0.03056454213255984, 0.031680305841655834, 0.03263530150735364, 0.033606764937046466, 0.034593095597664145, 0.03536350794006898, 0.035930760474075646, 0.03631257033147624, 0.03661317474198803, 0.03688385713543919, 0.03738127616234113, 0.037934719347479336, 0.03858163380471939, 0.03921882339006296, 0.03999131852533767, 0.04074980907886149, 0.04127472956039594, 0.04151563832077664, 0.04151964454301027, 0.04123464219442919, 0.04096829512038153, 0.04056460486818273, 0.04028281736824196, 0.04000166841569801, 0.03919762289117317, 0.037812479337396496, 0.03622310391275238, 0.03453579653228067, 0.0330206041779641, 0.031565009966306234, 0.03054064037737075, 0.029904305612678588, 0.029394155816597912, 0.028896840658953926, 0.02825322628704274, 0.027685220830545497, 0.02666364029859006, 0.025486033827772144, 0.02414387260068274, 0.023028867611909868, 0.022681878550084772, 0.02299235797660897, 0.02387546679328945, 0.024738332374206702, 0.025547718436096926, 0.026640938816603423, 0.02759836215880636, 0.028240938725365098, 0.028199955208514017, 0.028168175430310402, 0.02767018559717724, 0.027414861073674215, 0.027239233260695786, 0.0274939869379551, 0.027874761581110984, 0.02868161073982207, 0.029514734605865275, 0.030345172291974937, 0.031248268714928727, 0.032298002681611045, 0.033509628354587276, 0.0348066615601669, 0.03569061118903811, 0.03631377821401384, 0.03654105211474412, 0.03646788532881584, 0.03572808397059345, 0.03427781350345514, 0.03309813106562172, 0.031639416134799855, 0.02970329439236902, 0.027599049067936567, 0.02603054913364457, 0.024090316372098155, 0.02220132238001286, 0.02051452966091278, 0.019044426362309692, 0.017805605247084858, 0.01643252777018217, 0.01523003850809785, 0.01424180324883461, 0.013706552220618947, 0.0130880570946912, 0.012988920737072255, 0.013178248200839212, 0.013386796436950147, 0.01359897371732897, 0.01439195864266014, 0.015495810506657983, 0.016686507754200334, 0.01807173050136072, 0.019341411872889052, 0.020370802976522343, 0.0213787239197115, 0.02262888584538598, 0.02401686851684336, 0.025523335513576738, 0.026670410326906566, 0.02758824337325398, 0.02810647098585074, 0.028219175888028712, 0.02804128716256827, 0.027840212128430745, 0.02799079668741686, 0.027988272685847155, 0.02831306909632167, 0.028434723397990712, 0.0285549391753426, 0.02832607944879636, 0.02800347501499142, 0.027460301198426997, 0.02681840364884072, 0.026203190519756815, 0.02552364346313934, 0.024940794741503684, 0.024553643852497812, 0.024009602077058226, 0.023587486328410737, 0.023053226444370627, 0.02237349941244249, 0.021247392964358097, 0.01948489409103017, 0.01759577829009665, 0.015969918059865678, 0.014849832783247986, 0.014164911869984548, 0.013546042864334782, 0.01328357500957488, 0.012905521640083246, 0.012806686101790404, 0.01256569256360443, 0.01270015008783326, 0.013333718053885597, 0.014364706842779438, 0.015230812921928084, 0.016214173123414017, 0.017422309714956504, 0.01848297873673576, 0.019690103784110968, 0.02062988015396428, 0.021304326954883004, 0.021542023987470748, 0.021445001132587415, 0.02128479356968176, 0.021154257299581803, 0.020548768777841446, 0.020419411659703072, 0.020346908766621045, 0.02018386842926173, 0.020060715556614095, 0.019970155121820186, 0.019905412966441507, 0.019860328269953802, 0.019689549628068632, 0.019110038324468673, 0.018401772510693467, 0.01773443768827515, 0.01691379473734185, 0.0163889904882787, 0.015891976533507178, 0.015695148472402557, 0.015634975895130635, 0.01548249397414641, 0.015250362203767827, 0.01446715870868431, 0.013690714184349355, 0.013111437378948002, 0.01280400987898366, 0.012789088065484542, 0.012885508256999974, 0.012645414791893052, 0.012533763320360268, 0.01300792748125149, 0.014045480441271196, 0.015593406388961941, 0.017496649938682926, 0.01947963017829757, 0.021814960986639112, 0.0244888991790445, 0.027455202671237973, 0.030462142682767764, 0.03347516022004274, 0.03632355277573078, 0.03911728575744543, 0.041489125175428104, 0.043617926344794986, 0.04507509866910146, 0.045973158335007626, 0.046666313335408376, 0.047747911364257295, 0.04910015737076979, 0.051170936172887156, 0.05323921785426519, 0.05484930583024696, 0.05598397968583077, 0.056516639752925084, 0.05678375349578094, 0.05655312215346535, 0.05709318659280136, 0.05753330561326649, 0.05822424761198231, 0.05856641837777238, 0.058663546697002605, 0.05829520111627496, 0.058019458378357286, 0.05786276302771312, 0.057678835712609886, 0.05721489013034267, 0.05620972754199197, 0.05488023496470325, 0.05291870088860013, 0.05085359195424363, 0.04836971777146554, 0.045888993393773454, 0.04332790860019442, 0.040721243397433354, 0.03815348906679705, 0.03609755066086763, 0.03431153121207709, 0.03269994312791247, 0.03113246913067769, 0.029533434333839276, 0.02779284963423818, 0.02581340528028532, 0.023636664296078556, 0.021032966406022018, 0.018298152858289164, 0.015471223173718233, 0.012975006021594128, 0.011476514573927241, 0.011190786613452559, 0.012013514795745658, 0.013192708648177051, 0.0146026096239084, 0.016627808096549106, 0.019288816219412905, 0.022115031993867204, 0.024956066779425322, 0.027947127033299147, 0.030317719296220055, 0.03213024736687776, 0.033908117916643665, 0.035613155393420214, 0.03695858371541455, 0.0370883147011733, 0.035844860180821725, 0.03331269225961453, 0.030127822662769057, 0.026675716455458534, 0.02305094507263966, 0.019294584365168215, 0.016588874620184203, 0.013459760460278334, 0.010513659470637583, 0.008184205378854309, 0.005908681970234855, 0.003908372487361734, 0.002250880846271649, 0.001837561814419065, 0.003902446460586522, 0.00649131804032715, 0.008842266053540701, 0.011337576744963709, 0.013847821453172829, 0.016241515374979285, 0.018506880743639053, 0.020753891025054552, 0.022854281545735794, 0.025177910908837288, 0.027764777035113285, 0.0302577363231247, 0.032552204835272186, 0.033962244268502154, 0.03530995724171245, 0.036795414568091225, 0.03840706162943578, 0.039993850675796264, 0.04133645030179679, 0.04211247094820217, 0.04239213751353172, 0.042192499106345205, 0.04200269786908514, 0.041897190162155235, 0.041830932940717325, 0.04166737666619139, 0.04206882264734189, 0.0426127097658282, 0.042895687146734904, 0.04300135533202284, 0.04249799814293581, 0.041897582995049115, 0.04072077112408416, 0.03927976254850985, 0.037331499513228325, 0.035889992777759706, 0.03456359233645024, 0.033243529781910974, 0.03199033675126687, 0.03059935779738079, 0.029272240636492235, 0.027900707354997015, 0.02654938414970694, 0.02543173352052397, 0.024311103096379235, 0.023065212419431085, 0.021685454855791198, 0.02041159885695607, 0.019056064221564174, 0.017656707279948437, 0.01626614648165674, 0.015012383850973622, 0.013603567963072178, 0.012189757837366814, 0.010674529938407772, 0.009407142987148039, 0.008344525906195775, 0.007439054007672372, 0.0072034584519923735, 0.007775010970036668, 0.009047582903156274, 0.010731538882415681, 0.01253460028234948, 0.014333543563369548, 0.016070624592636203, 0.017817726146123574, 0.019557256660804743, 0.02116824086555951, 0.022529303997840977, 0.023628588936546305, 0.02391411988476377, 0.02359656311707365, 0.022355277074164143, 0.020961866673625245, 0.018393580144489934, 0.015660552711922182, 0.013874328661167971, 0.01254026736778108, 0.011812131260623127, 0.010800298354986543, 0.00961805971638548, 0.008471507575266851, 0.007656757785702683, 0.006719580941926242, 0.0056999472982024405, 0.005125787188458596, 0.00504686530895439, 0.005697178935649704, 0.006245540782853768, 0.0070976650798796875, 0.007900543705723831, 0.008755370167568399, 0.009807746909975117, 0.011209592216881203, 0.01276960312030194, 0.014467251258771754, 0.015865855510978952, 0.01751794577394112, 0.01978728846519214, 0.022540086452385207, 0.024859037758439572, 0.02589623397823137, 0.02611181133516041, 0.026565850619759173, 0.0272557734372972, 0.02776644526036269, 0.02799937699621002, 0.02818388188652303, 0.02806005928616626, 0.028083982827741123, 0.02781538632605852, 0.027763976455106594, 0.028120518002563644, 0.028688559534023904, 0.029389365084960088, 0.030059907204608147, 0.03052096911154336, 0.031053468449087778, 0.03142000488428638, 0.03173833045042581, 0.031892653890475096, 0.03198060527161537, 0.031944507243272385, 0.03180892531117334, 0.03180195743523648, 0.03175983113429147, 0.03185651864929952, 0.032146459060636644, 0.032526908876218445, 0.033087790299913135, 0.03370146462957083, 0.0342847740780508, 0.0344768243549477, 0.03441738754137779, 0.034008301029805295]",0.02659237614956749,0.016584489919156176,0.022154669902410995,0.014707993431984201,0.0,0.0,0.0025972049150979615,0.016584489919156176,0.022154669902410995,0.014707993431984201,0.43200000000000005,1717635301.135034,2024-06-06_10-55-01
0.5059,-0.13632,0.44385721391360333,0.48931551008084384,-0.159194669902411,0.4283714279522384,0.5059,-0.13632,0.44157768168232575,0.48931551008084384,-0.159194669902411,0.4283714279522384,0.027623542314219474,"[0.011315756658919754, 0.012192407496521018, 0.01288995615295488, 0.01359963525141729, 0.014321891165186378, 0.015181047888625853, 0.01592941522152252, 0.01673874496494045, 0.01751440457689525, 0.01835087734908702, 0.019202544572813795, 0.020070622325609303, 0.02095627718778323, 0.02186061264947246, 0.022737260153569413, 0.023681097053535004, 0.024646250751560458, 0.025633386418693636, 0.02659237614956749, 0.027623542314219474, 0.0286250346734827, 0.029647102596467904, 0.03056454213255984, 0.031680305841655834, 0.03263530150735364, 0.033606764937046466, 0.034593095597664145, 0.03536350794006898, 0.035930760474075646, 0.03631257033147624, 0.03661317474198803, 0.03688385713543919, 0.03738127616234113, 0.037934719347479336, 0.03858163380471939, 0.03921882339006296, 0.03999131852533767, 0.04074980907886149, 0.04127472956039594, 0.04151563832077664, 0.04151964454301027, 0.04123464219442919, 0.04096829512038153, 0.04056460486818273, 0.04028281736824196, 0.04000166841569801, 0.03919762289117317, 0.037812479337396496, 0.03622310391275238, 0.03453579653228067, 0.0330206041779641, 0.031565009966306234, 0.03054064037737075, 0.029904305612678588, 0.029394155816597912, 0.028896840658953926, 0.02825322628704274, 0.027685220830545497, 0.02666364029859006, 0.025486033827772144, 0.02414387260068274, 0.023028867611909868, 0.022681878550084772, 0.02299235797660897, 0.02387546679328945, 0.024738332374206702, 0.025547718436096926, 0.026640938816603423, 0.02759836215880636, 0.028240938725365098, 0.028199955208514017, 0.028168175430310402, 0.02767018559717724, 0.027414861073674215, 0.027239233260695786, 0.0274939869379551, 0.027874761581110984, 0.02868161073982207, 0.029514734605865275, 0.030345172291974937, 0.031248268714928727, 0.032298002681611045, 0.033509628354587276, 0.0348066615601669, 0.03569061118903811, 0.03631377821401384, 0.03654105211474412, 0.03646788532881584, 0.03572808397059345, 0.03427781350345514, 0.03309813106562172, 0.031639416134799855, 0.02970329439236902, 0.027599049067936567, 0.02603054913364457, 0.024090316372098155, 0.02220132238001286, 0.02051452966091278, 0.019044426362309692, 0.017805605247084858, 0.01643252777018217, 0.01523003850809785, 0.01424180324883461, 0.013706552220618947, 0.0130880570946912, 0.012988920737072255, 0.013178248200839212, 0.013386796436950147, 0.01359897371732897, 0.01439195864266014, 0.015495810506657983, 0.016686507754200334, 0.01807173050136072, 0.019341411872889052, 0.020370802976522343, 0.0213787239197115, 0.02262888584538598, 0.02401686851684336, 0.025523335513576738, 0.026670410326906566, 0.02758824337325398, 0.02810647098585074, 0.028219175888028712, 0.02804128716256827, 0.027840212128430745, 0.02799079668741686, 0.027988272685847155, 0.02831306909632167, 0.028434723397990712, 0.0285549391753426, 0.02832607944879636, 0.02800347501499142, 0.027460301198426997, 0.02681840364884072, 0.026203190519756815, 0.02552364346313934, 0.024940794741503684, 0.024553643852497812, 0.024009602077058226, 0.023587486328410737, 0.023053226444370627, 0.02237349941244249, 0.021247392964358097, 0.01948489409103017, 0.01759577829009665, 0.015969918059865678, 0.014849832783247986, 0.014164911869984548, 0.013546042864334782, 0.01328357500957488, 0.012905521640083246, 0.012806686101790404, 0.01256569256360443, 0.01270015008783326, 0.013333718053885597, 0.014364706842779438, 0.015230812921928084, 0.016214173123414017, 0.017422309714956504, 0.01848297873673576, 0.019690103784110968, 0.02062988015396428, 0.021304326954883004, 0.021542023987470748, 0.021445001132587415, 0.02128479356968176, 0.021154257299581803, 0.020548768777841446, 0.020419411659703072, 0.020346908766621045, 0.02018386842926173, 0.020060715556614095, 0.019970155121820186, 0.019905412966441507, 0.019860328269953802, 0.019689549628068632, 0.019110038324468673, 0.018401772510693467, 0.01773443768827515, 0.01691379473734185, 0.0163889904882787, 0.015891976533507178, 0.015695148472402557, 0.015634975895130635, 0.01548249397414641, 0.015250362203767827, 0.01446715870868431, 0.013690714184349355, 0.013111437378948002, 0.01280400987898366, 0.012789088065484542, 0.012885508256999974, 0.012645414791893052, 0.012533763320360268, 0.01300792748125149, 0.014045480441271196, 0.015593406388961941, 0.017496649938682926, 0.01947963017829757, 0.021814960986639112, 0.0244888991790445, 0.027455202671237973, 0.030462142682767764, 0.03347516022004274, 0.03632355277573078, 0.03911728575744543, 0.041489125175428104, 0.043617926344794986, 0.04507509866910146, 0.045973158335007626, 0.046666313335408376, 0.047747911364257295, 0.04910015737076979, 0.051170936172887156, 0.05323921785426519, 0.05484930583024696, 0.05598397968583077, 0.056516639752925084, 0.05678375349578094, 0.05655312215346535, 0.05709318659280136, 0.05753330561326649, 0.05822424761198231, 0.05856641837777238, 0.058663546697002605, 0.05829520111627496, 0.058019458378357286, 0.05786276302771312, 0.057678835712609886, 0.05721489013034267, 0.05620972754199197, 0.05488023496470325, 0.05291870088860013, 0.05085359195424363, 0.04836971777146554, 0.045888993393773454, 0.04332790860019442, 0.040721243397433354, 0.03815348906679705, 0.03609755066086763, 0.03431153121207709, 0.03269994312791247, 0.03113246913067769, 0.029533434333839276, 0.02779284963423818, 0.02581340528028532, 0.023636664296078556, 0.021032966406022018, 0.018298152858289164, 0.015471223173718233, 0.012975006021594128, 0.011476514573927241, 0.011190786613452559, 0.012013514795745658, 0.013192708648177051, 0.0146026096239084, 0.016627808096549106, 0.019288816219412905, 0.022115031993867204, 0.024956066779425322, 0.027947127033299147, 0.030317719296220055, 0.03213024736687776, 0.033908117916643665, 0.035613155393420214, 0.03695858371541455, 0.0370883147011733, 0.035844860180821725, 0.03331269225961453, 0.030127822662769057, 0.026675716455458534, 0.02305094507263966, 0.019294584365168215, 0.016588874620184203, 0.013459760460278334, 0.010513659470637583, 0.008184205378854309, 0.005908681970234855, 0.003908372487361734, 0.002250880846271649, 0.001837561814419065, 0.003902446460586522, 0.00649131804032715, 0.008842266053540701, 0.011337576744963709, 0.013847821453172829, 0.016241515374979285, 0.018506880743639053, 0.020753891025054552, 0.022854281545735794, 0.025177910908837288, 0.027764777035113285, 0.0302577363231247, 0.032552204835272186, 0.033962244268502154, 0.03530995724171245, 0.036795414568091225, 0.03840706162943578, 0.039993850675796264, 0.04133645030179679, 0.04211247094820217, 0.04239213751353172, 0.042192499106345205, 0.04200269786908514, 0.041897190162155235, 0.041830932940717325, 0.04166737666619139, 0.04206882264734189, 0.0426127097658282, 0.042895687146734904, 0.04300135533202284, 0.04249799814293581, 0.041897582995049115, 0.04072077112408416, 0.03927976254850985, 0.037331499513228325, 0.035889992777759706, 0.03456359233645024, 0.033243529781910974, 0.03199033675126687, 0.03059935779738079, 0.029272240636492235, 0.027900707354997015, 0.02654938414970694, 0.02543173352052397, 0.024311103096379235, 0.023065212419431085, 0.021685454855791198, 0.02041159885695607, 0.019056064221564174, 0.017656707279948437, 0.01626614648165674, 0.015012383850973622, 0.013603567963072178, 0.012189757837366814, 0.010674529938407772, 0.009407142987148039, 0.008344525906195775, 0.007439054007672372, 0.0072034584519923735, 0.007775010970036668, 0.009047582903156274, 0.010731538882415681, 0.01253460028234948, 0.014333543563369548, 0.016070624592636203, 0.017817726146123574, 0.019557256660804743, 0.02116824086555951, 0.022529303997840977, 0.023628588936546305, 0.02391411988476377, 0.02359656311707365, 0.022355277074164143, 0.020961866673625245, 0.018393580144489934, 0.015660552711922182, 0.013874328661167971, 0.01254026736778108, 0.011812131260623127, 0.010800298354986543, 0.00961805971638548, 0.008471507575266851, 0.007656757785702683, 0.006719580941926242, 0.0056999472982024405, 0.005125787188458596, 0.00504686530895439, 0.005697178935649704, 0.006245540782853768, 0.0070976650798796875, 0.007900543705723831, 0.008755370167568399, 0.009807746909975117, 0.011209592216881203, 0.01276960312030194, 0.014467251258771754, 0.015865855510978952, 0.01751794577394112, 0.01978728846519214, 0.022540086452385207, 0.024859037758439572, 0.02589623397823137, 0.02611181133516041, 0.026565850619759173, 0.0272557734372972, 0.02776644526036269, 0.02799937699621002, 0.02818388188652303, 0.02806005928616626, 0.028083982827741123, 0.02781538632605852, 0.027763976455106594, 0.028120518002563644, 0.028688559534023904, 0.029389365084960088, 0.030059907204608147, 0.03052096911154336, 0.031053468449087778, 0.03142000488428638, 0.03173833045042581, 0.031892653890475096, 0.03198060527161537, 0.031944507243272385, 0.03180892531117334, 0.03180195743523648, 0.03175983113429147, 0.03185651864929952, 0.032146459060636644, 0.032526908876218445, 0.033087790299913135, 0.03370146462957083, 0.0342847740780508, 0.0344768243549477, 0.03441738754137779, 0.034008301029805295]",0.027623542314219474,0.016584489919156176,0.022874669902410993,0.015485785961364906,0.0,0.0,0.002279532231277581,0.016584489919156176,0.022874669902410993,0.015485785961364906,0.456,1717635301.1591656,2024-06-06_10-55-01
0.5059,-0.1356,0.44467142326310194,0.48926143515330134,-0.1592275807745872,0.42851190480497814,0.5059,-0.1356,0.44270956371564474,0.48926143515330134,-0.1592275807745872,0.42851190480497814,0.0286250346734827,"[0.011315756658919754, 0.012192407496521018, 0.01288995615295488, 0.01359963525141729, 0.014321891165186378, 0.015181047888625853, 0.01592941522152252, 0.01673874496494045, 0.01751440457689525, 0.01835087734908702, 0.019202544572813795, 0.020070622325609303, 0.02095627718778323, 0.02186061264947246, 0.022737260153569413, 0.023681097053535004, 0.024646250751560458, 0.025633386418693636, 0.02659237614956749, 0.027623542314219474, 0.0286250346734827, 0.029647102596467904, 0.03056454213255984, 0.031680305841655834, 0.03263530150735364, 0.033606764937046466, 0.034593095597664145, 0.03536350794006898, 0.035930760474075646, 0.03631257033147624, 0.03661317474198803, 0.03688385713543919, 0.03738127616234113, 0.037934719347479336, 0.03858163380471939, 0.03921882339006296, 0.03999131852533767, 0.04074980907886149, 0.04127472956039594, 0.04151563832077664, 0.04151964454301027, 0.04123464219442919, 0.04096829512038153, 0.04056460486818273, 0.04028281736824196, 0.04000166841569801, 0.03919762289117317, 0.037812479337396496, 0.03622310391275238, 0.03453579653228067, 0.0330206041779641, 0.031565009966306234, 0.03054064037737075, 0.029904305612678588, 0.029394155816597912, 0.028896840658953926, 0.02825322628704274, 0.027685220830545497, 0.02666364029859006, 0.025486033827772144, 0.02414387260068274, 0.023028867611909868, 0.022681878550084772, 0.02299235797660897, 0.02387546679328945, 0.024738332374206702, 0.025547718436096926, 0.026640938816603423, 0.02759836215880636, 0.028240938725365098, 0.028199955208514017, 0.028168175430310402, 0.02767018559717724, 0.027414861073674215, 0.027239233260695786, 0.0274939869379551, 0.027874761581110984, 0.02868161073982207, 0.029514734605865275, 0.030345172291974937, 0.031248268714928727, 0.032298002681611045, 0.033509628354587276, 0.0348066615601669, 0.03569061118903811, 0.03631377821401384, 0.03654105211474412, 0.03646788532881584, 0.03572808397059345, 0.03427781350345514, 0.03309813106562172, 0.031639416134799855, 0.02970329439236902, 0.027599049067936567, 0.02603054913364457, 0.024090316372098155, 0.02220132238001286, 0.02051452966091278, 0.019044426362309692, 0.017805605247084858, 0.01643252777018217, 0.01523003850809785, 0.01424180324883461, 0.013706552220618947, 0.0130880570946912, 0.012988920737072255, 0.013178248200839212, 0.013386796436950147, 0.01359897371732897, 0.01439195864266014, 0.015495810506657983, 0.016686507754200334, 0.01807173050136072, 0.019341411872889052, 0.020370802976522343, 0.0213787239197115, 0.02262888584538598, 0.02401686851684336, 0.025523335513576738, 0.026670410326906566, 0.02758824337325398, 0.02810647098585074, 0.028219175888028712, 0.02804128716256827, 0.027840212128430745, 0.02799079668741686, 0.027988272685847155, 0.02831306909632167, 0.028434723397990712, 0.0285549391753426, 0.02832607944879636, 0.02800347501499142, 0.027460301198426997, 0.02681840364884072, 0.026203190519756815, 0.02552364346313934, 0.024940794741503684, 0.024553643852497812, 0.024009602077058226, 0.023587486328410737, 0.023053226444370627, 0.02237349941244249, 0.021247392964358097, 0.01948489409103017, 0.01759577829009665, 0.015969918059865678, 0.014849832783247986, 0.014164911869984548, 0.013546042864334782, 0.01328357500957488, 0.012905521640083246, 0.012806686101790404, 0.01256569256360443, 0.01270015008783326, 0.013333718053885597, 0.014364706842779438, 0.015230812921928084, 0.016214173123414017, 0.017422309714956504, 0.01848297873673576, 0.019690103784110968, 0.02062988015396428, 0.021304326954883004, 0.021542023987470748, 0.021445001132587415, 0.02128479356968176, 0.021154257299581803, 0.020548768777841446, 0.020419411659703072, 0.020346908766621045, 0.02018386842926173, 0.020060715556614095, 0.019970155121820186, 0.019905412966441507, 0.019860328269953802, 0.019689549628068632, 0.019110038324468673, 0.018401772510693467, 0.01773443768827515, 0.01691379473734185, 0.0163889904882787, 0.015891976533507178, 0.015695148472402557, 0.015634975895130635, 0.01548249397414641, 0.015250362203767827, 0.01446715870868431, 0.013690714184349355, 0.013111437378948002, 0.01280400987898366, 0.012789088065484542, 0.012885508256999974, 0.012645414791893052, 0.012533763320360268, 0.01300792748125149, 0.014045480441271196, 0.015593406388961941, 0.017496649938682926, 0.01947963017829757, 0.021814960986639112, 0.0244888991790445, 0.027455202671237973, 0.030462142682767764, 0.03347516022004274, 0.03632355277573078, 0.03911728575744543, 0.041489125175428104, 0.043617926344794986, 0.04507509866910146, 0.045973158335007626, 0.046666313335408376, 0.047747911364257295, 0.04910015737076979, 0.051170936172887156, 0.05323921785426519, 0.05484930583024696, 0.05598397968583077, 0.056516639752925084, 0.05678375349578094, 0.05655312215346535, 0.05709318659280136, 0.05753330561326649, 0.05822424761198231, 0.05856641837777238, 0.058663546697002605, 0.05829520111627496, 0.058019458378357286, 0.05786276302771312, 0.057678835712609886, 0.05721489013034267, 0.05620972754199197, 0.05488023496470325, 0.05291870088860013, 0.05085359195424363, 0.04836971777146554, 0.045888993393773454, 0.04332790860019442, 0.040721243397433354, 0.03815348906679705, 0.03609755066086763, 0.03431153121207709, 0.03269994312791247, 0.03113246913067769, 0.029533434333839276, 0.02779284963423818, 0.02581340528028532, 0.023636664296078556, 0.021032966406022018, 0.018298152858289164, 0.015471223173718233, 0.012975006021594128, 0.011476514573927241, 0.011190786613452559, 0.012013514795745658, 0.013192708648177051, 0.0146026096239084, 0.016627808096549106, 0.019288816219412905, 0.022115031993867204, 0.024956066779425322, 0.027947127033299147, 0.030317719296220055, 0.03213024736687776, 0.033908117916643665, 0.035613155393420214, 0.03695858371541455, 0.0370883147011733, 0.035844860180821725, 0.03331269225961453, 0.030127822662769057, 0.026675716455458534, 0.02305094507263966, 0.019294584365168215, 0.016588874620184203, 0.013459760460278334, 0.010513659470637583, 0.008184205378854309, 0.005908681970234855, 0.003908372487361734, 0.002250880846271649, 0.001837561814419065, 0.003902446460586522, 0.00649131804032715, 0.008842266053540701, 0.011337576744963709, 0.013847821453172829, 0.016241515374979285, 0.018506880743639053, 0.020753891025054552, 0.022854281545735794, 0.025177910908837288, 0.027764777035113285, 0.0302577363231247, 0.032552204835272186, 0.033962244268502154, 0.03530995724171245, 0.036795414568091225, 0.03840706162943578, 0.039993850675796264, 0.04133645030179679, 0.04211247094820217, 0.04239213751353172, 0.042192499106345205, 0.04200269786908514, 0.041897190162155235, 0.041830932940717325, 0.04166737666619139, 0.04206882264734189, 0.0426127097658282, 0.042895687146734904, 0.04300135533202284, 0.04249799814293581, 0.041897582995049115, 0.04072077112408416, 0.03927976254850985, 0.037331499513228325, 0.035889992777759706, 0.03456359233645024, 0.033243529781910974, 0.03199033675126687, 0.03059935779738079, 0.029272240636492235, 0.027900707354997015, 0.02654938414970694, 0.02543173352052397, 0.024311103096379235, 0.023065212419431085, 0.021685454855791198, 0.02041159885695607, 0.019056064221564174, 0.017656707279948437, 0.01626614648165674, 0.015012383850973622, 0.013603567963072178, 0.012189757837366814, 0.010674529938407772, 0.009407142987148039, 0.008344525906195775, 0.007439054007672372, 0.0072034584519923735, 0.007775010970036668, 0.009047582903156274, 0.010731538882415681, 0.01253460028234948, 0.014333543563369548, 0.016070624592636203, 0.017817726146123574, 0.019557256660804743, 0.02116824086555951, 0.022529303997840977, 0.023628588936546305, 0.02391411988476377, 0.02359656311707365, 0.022355277074164143, 0.020961866673625245, 0.018393580144489934, 0.015660552711922182, 0.013874328661167971, 0.01254026736778108, 0.011812131260623127, 0.010800298354986543, 0.00961805971638548, 0.008471507575266851, 0.007656757785702683, 0.006719580941926242, 0.0056999472982024405, 0.005125787188458596, 0.00504686530895439, 0.005697178935649704, 0.006245540782853768, 0.0070976650798796875, 0.007900543705723831, 0.008755370167568399, 0.009807746909975117, 0.011209592216881203, 0.01276960312030194, 0.014467251258771754, 0.015865855510978952, 0.01751794577394112, 0.01978728846519214, 0.022540086452385207, 0.024859037758439572, 0.02589623397823137, 0.02611181133516041, 0.026565850619759173, 0.0272557734372972, 0.02776644526036269, 0.02799937699621002, 0.02818388188652303, 0.02806005928616626, 0.028083982827741123, 0.02781538632605852, 0.027763976455106594, 0.028120518002563644, 0.028688559534023904, 0.029389365084960088, 0.030059907204608147, 0.03052096911154336, 0.031053468449087778, 0.03142000488428638, 0.03173833045042581, 0.031892653890475096, 0.03198060527161537, 0.031944507243272385, 0.03180892531117334, 0.03180195743523648, 0.03175983113429147, 0.03185651864929952, 0.032146459060636644, 0.032526908876218445, 0.033087790299913135, 0.03370146462957083, 0.0342847740780508, 0.0344768243549477, 0.03441738754137779, 0.034008301029805295]",0.0286250346734827,0.016638564846698678,0.02362758077458721,0.0161595184581238,0.0,0.0,0.001961859547457201,0.016638564846698678,0.02362758077458721,0.0161595184581238,0.48,1717635301.1831963,2024-06-06_10-55-01
0.5059,-0.13488,0.44552076622556164,0.4892073174697128,-0.1592604637919594,0.42865234372508904,0.5059,-0.13488,0.4439145441971989,0.4892073174697128,-0.1592604637919594,0.42865234372508904,0.029647102596467904,"[0.011315756658919754, 0.012192407496521018, 0.01288995615295488, 0.01359963525141729, 0.014321891165186378, 0.015181047888625853, 0.01592941522152252, 0.01673874496494045, 0.01751440457689525, 0.01835087734908702, 0.019202544572813795, 0.020070622325609303, 0.02095627718778323, 0.02186061264947246, 0.022737260153569413, 0.023681097053535004, 0.024646250751560458, 0.025633386418693636, 0.02659237614956749, 0.027623542314219474, 0.0286250346734827, 0.029647102596467904, 0.03056454213255984, 0.031680305841655834, 0.03263530150735364, 0.033606764937046466, 0.034593095597664145, 0.03536350794006898, 0.035930760474075646, 0.03631257033147624, 0.03661317474198803, 0.03688385713543919, 0.03738127616234113, 0.037934719347479336, 0.03858163380471939, 0.03921882339006296, 0.03999131852533767, 0.04074980907886149, 0.04127472956039594, 0.04151563832077664, 0.04151964454301027, 0.04123464219442919, 0.04096829512038153, 0.04056460486818273, 0.04028281736824196, 0.04000166841569801, 0.03919762289117317, 0.037812479337396496, 0.03622310391275238, 0.03453579653228067, 0.0330206041779641, 0.031565009966306234, 0.03054064037737075, 0.029904305612678588, 0.029394155816597912, 0.028896840658953926, 0.02825322628704274, 0.027685220830545497, 0.02666364029859006, 0.025486033827772144, 0.02414387260068274, 0.023028867611909868, 0.022681878550084772, 0.02299235797660897, 0.02387546679328945, 0.024738332374206702, 0.025547718436096926, 0.026640938816603423, 0.02759836215880636, 0.028240938725365098, 0.028199955208514017, 0.028168175430310402, 0.02767018559717724, 0.027414861073674215, 0.027239233260695786, 0.0274939869379551, 0.027874761581110984, 0.02868161073982207, 0.029514734605865275, 0.030345172291974937, 0.031248268714928727, 0.032298002681611045, 0.033509628354587276, 0.0348066615601669, 0.03569061118903811, 0.03631377821401384, 0.03654105211474412, 0.03646788532881584, 0.03572808397059345, 0.03427781350345514, 0.03309813106562172, 0.031639416134799855, 0.02970329439236902, 0.027599049067936567, 0.02603054913364457, 0.024090316372098155, 0.02220132238001286, 0.02051452966091278, 0.019044426362309692, 0.017805605247084858, 0.01643252777018217, 0.01523003850809785, 0.01424180324883461, 0.013706552220618947, 0.0130880570946912, 0.012988920737072255, 0.013178248200839212, 0.013386796436950147, 0.01359897371732897, 0.01439195864266014, 0.015495810506657983, 0.016686507754200334, 0.01807173050136072, 0.019341411872889052, 0.020370802976522343, 0.0213787239197115, 0.02262888584538598, 0.02401686851684336, 0.025523335513576738, 0.026670410326906566, 0.02758824337325398, 0.02810647098585074, 0.028219175888028712, 0.02804128716256827, 0.027840212128430745, 0.02799079668741686, 0.027988272685847155, 0.02831306909632167, 0.028434723397990712, 0.0285549391753426, 0.02832607944879636, 0.02800347501499142, 0.027460301198426997, 0.02681840364884072, 0.026203190519756815, 0.02552364346313934, 0.024940794741503684, 0.024553643852497812, 0.024009602077058226, 0.023587486328410737, 0.023053226444370627, 0.02237349941244249, 0.021247392964358097, 0.01948489409103017, 0.01759577829009665, 0.015969918059865678, 0.014849832783247986, 0.014164911869984548, 0.013546042864334782, 0.01328357500957488, 0.012905521640083246, 0.012806686101790404, 0.01256569256360443, 0.01270015008783326, 0.013333718053885597, 0.014364706842779438, 0.015230812921928084, 0.016214173123414017, 0.017422309714956504, 0.01848297873673576, 0.019690103784110968, 0.02062988015396428, 0.021304326954883004, 0.021542023987470748, 0.021445001132587415, 0.02128479356968176, 0.021154257299581803, 0.020548768777841446, 0.020419411659703072, 0.020346908766621045, 0.02018386842926173, 0.020060715556614095, 0.019970155121820186, 0.019905412966441507, 0.019860328269953802, 0.019689549628068632, 0.019110038324468673, 0.018401772510693467, 0.01773443768827515, 0.01691379473734185, 0.0163889904882787, 0.015891976533507178, 0.015695148472402557, 0.015634975895130635, 0.01548249397414641, 0.015250362203767827, 0.01446715870868431, 0.013690714184349355, 0.013111437378948002, 0.01280400987898366, 0.012789088065484542, 0.012885508256999974, 0.012645414791893052, 0.012533763320360268, 0.01300792748125149, 0.014045480441271196, 0.015593406388961941, 0.017496649938682926, 0.01947963017829757, 0.021814960986639112, 0.0244888991790445, 0.027455202671237973, 0.030462142682767764, 0.03347516022004274, 0.03632355277573078, 0.03911728575744543, 0.041489125175428104, 0.043617926344794986, 0.04507509866910146, 0.045973158335007626, 0.046666313335408376, 0.047747911364257295, 0.04910015737076979, 0.051170936172887156, 0.05323921785426519, 0.05484930583024696, 0.05598397968583077, 0.056516639752925084, 0.05678375349578094, 0.05655312215346535, 0.05709318659280136, 0.05753330561326649, 0.05822424761198231, 0.05856641837777238, 0.058663546697002605, 0.05829520111627496, 0.058019458378357286, 0.05786276302771312, 0.057678835712609886, 0.05721489013034267, 0.05620972754199197, 0.05488023496470325, 0.05291870088860013, 0.05085359195424363, 0.04836971777146554, 0.045888993393773454, 0.04332790860019442, 0.040721243397433354, 0.03815348906679705, 0.03609755066086763, 0.03431153121207709, 0.03269994312791247, 0.03113246913067769, 0.029533434333839276, 0.02779284963423818, 0.02581340528028532, 0.023636664296078556, 0.021032966406022018, 0.018298152858289164, 0.015471223173718233, 0.012975006021594128, 0.011476514573927241, 0.011190786613452559, 0.012013514795745658, 0.013192708648177051, 0.0146026096239084, 0.016627808096549106, 0.019288816219412905, 0.022115031993867204, 0.024956066779425322, 0.027947127033299147, 0.030317719296220055, 0.03213024736687776, 0.033908117916643665, 0.035613155393420214, 0.03695858371541455, 0.0370883147011733, 0.035844860180821725, 0.03331269225961453, 0.030127822662769057, 0.026675716455458534, 0.02305094507263966, 0.019294584365168215, 0.016588874620184203, 0.013459760460278334, 0.010513659470637583, 0.008184205378854309, 0.005908681970234855, 0.003908372487361734, 0.002250880846271649, 0.001837561814419065, 0.003902446460586522, 0.00649131804032715, 0.008842266053540701, 0.011337576744963709, 0.013847821453172829, 0.016241515374979285, 0.018506880743639053, 0.020753891025054552, 0.022854281545735794, 0.025177910908837288, 0.027764777035113285, 0.0302577363231247, 0.032552204835272186, 0.033962244268502154, 0.03530995724171245, 0.036795414568091225, 0.03840706162943578, 0.039993850675796264, 0.04133645030179679, 0.04211247094820217, 0.04239213751353172, 0.042192499106345205, 0.04200269786908514, 0.041897190162155235, 0.041830932940717325, 0.04166737666619139, 0.04206882264734189, 0.0426127097658282, 0.042895687146734904, 0.04300135533202284, 0.04249799814293581, 0.041897582995049115, 0.04072077112408416, 0.03927976254850985, 0.037331499513228325, 0.035889992777759706, 0.03456359233645024, 0.033243529781910974, 0.03199033675126687, 0.03059935779738079, 0.029272240636492235, 0.027900707354997015, 0.02654938414970694, 0.02543173352052397, 0.024311103096379235, 0.023065212419431085, 0.021685454855791198, 0.02041159885695607, 0.019056064221564174, 0.017656707279948437, 0.01626614648165674, 0.015012383850973622, 0.013603567963072178, 0.012189757837366814, 0.010674529938407772, 0.009407142987148039, 0.008344525906195775, 0.007439054007672372, 0.0072034584519923735, 0.007775010970036668, 0.009047582903156274, 0.010731538882415681, 0.01253460028234948, 0.014333543563369548, 0.016070624592636203, 0.017817726146123574, 0.019557256660804743, 0.02116824086555951, 0.022529303997840977, 0.023628588936546305, 0.02391411988476377, 0.02359656311707365, 0.022355277074164143, 0.020961866673625245, 0.018393580144489934, 0.015660552711922182, 0.013874328661167971, 0.01254026736778108, 0.011812131260623127, 0.010800298354986543, 0.00961805971638548, 0.008471507575266851, 0.007656757785702683, 0.006719580941926242, 0.0056999472982024405, 0.005125787188458596, 0.00504686530895439, 0.005697178935649704, 0.006245540782853768, 0.0070976650798796875, 0.007900543705723831, 0.008755370167568399, 0.009807746909975117, 0.011209592216881203, 0.01276960312030194, 0.014467251258771754, 0.015865855510978952, 0.01751794577394112, 0.01978728846519214, 0.022540086452385207, 0.024859037758439572, 0.02589623397823137, 0.02611181133516041, 0.026565850619759173, 0.0272557734372972, 0.02776644526036269, 0.02799937699621002, 0.02818388188652303, 0.02806005928616626, 0.028083982827741123, 0.02781538632605852, 0.027763976455106594, 0.028120518002563644, 0.028688559534023904, 0.029389365084960088, 0.030059907204608147, 0.03052096911154336, 0.031053468449087778, 0.03142000488428638, 0.03173833045042581, 0.031892653890475096, 0.03198060527161537, 0.031944507243272385, 0.03180892531117334, 0.03180195743523648, 0.03175983113429147, 0.03185651864929952, 0.032146459060636644, 0.032526908876218445, 0.033087790299913135, 0.03370146462957083, 0.0342847740780508, 0.0344768243549477, 0.03441738754137779, 0.034008301029805295]",0.029647102596467904,0.016692682530287217,0.024380463791959406,0.016868422500472602,0.0,0.0,0.001606222028362747,0.016692682530287217,0.024380463791959406,0.016868422500472602,0.504,1717635301.206898,2024-06-06_10-55-01
0.5059,-0.13416,0.4464035717180524,0.48923378229921705,-0.15920661865262536,0.4288862051967118,0.5059,-0.13416,0.44534281138515425,0.48923378229921705,-0.15920661865262536,0.4288862051967118,0.03056454213255984,"[0.011315756658919754, 0.012192407496521018, 0.01288995615295488, 0.01359963525141729, 0.014321891165186378, 0.015181047888625853, 0.01592941522152252, 0.01673874496494045, 0.01751440457689525, 0.01835087734908702, 0.019202544572813795, 0.020070622325609303, 0.02095627718778323, 0.02186061264947246, 0.022737260153569413, 0.023681097053535004, 0.024646250751560458, 0.025633386418693636, 0.02659237614956749, 0.027623542314219474, 0.0286250346734827, 0.029647102596467904, 0.03056454213255984, 0.031680305841655834, 0.03263530150735364, 0.033606764937046466, 0.034593095597664145, 0.03536350794006898, 0.035930760474075646, 0.03631257033147624, 0.03661317474198803, 0.03688385713543919, 0.03738127616234113, 0.037934719347479336, 0.03858163380471939, 0.03921882339006296, 0.03999131852533767, 0.04074980907886149, 0.04127472956039594, 0.04151563832077664, 0.04151964454301027, 0.04123464219442919, 0.04096829512038153, 0.04056460486818273, 0.04028281736824196, 0.04000166841569801, 0.03919762289117317, 0.037812479337396496, 0.03622310391275238, 0.03453579653228067, 0.0330206041779641, 0.031565009966306234, 0.03054064037737075, 0.029904305612678588, 0.029394155816597912, 0.028896840658953926, 0.02825322628704274, 0.027685220830545497, 0.02666364029859006, 0.025486033827772144, 0.02414387260068274, 0.023028867611909868, 0.022681878550084772, 0.02299235797660897, 0.02387546679328945, 0.024738332374206702, 0.025547718436096926, 0.026640938816603423, 0.02759836215880636, 0.028240938725365098, 0.028199955208514017, 0.028168175430310402, 0.02767018559717724, 0.027414861073674215, 0.027239233260695786, 0.0274939869379551, 0.027874761581110984, 0.02868161073982207, 0.029514734605865275, 0.030345172291974937, 0.031248268714928727, 0.032298002681611045, 0.033509628354587276, 0.0348066615601669, 0.03569061118903811, 0.03631377821401384, 0.03654105211474412, 0.03646788532881584, 0.03572808397059345, 0.03427781350345514, 0.03309813106562172, 0.031639416134799855, 0.02970329439236902, 0.027599049067936567, 0.02603054913364457, 0.024090316372098155, 0.02220132238001286, 0.02051452966091278, 0.019044426362309692, 0.017805605247084858, 0.01643252777018217, 0.01523003850809785, 0.01424180324883461, 0.013706552220618947, 0.0130880570946912, 0.012988920737072255, 0.013178248200839212, 0.013386796436950147, 0.01359897371732897, 0.01439195864266014, 0.015495810506657983, 0.016686507754200334, 0.01807173050136072, 0.019341411872889052, 0.020370802976522343, 0.0213787239197115, 0.02262888584538598, 0.02401686851684336, 0.025523335513576738, 0.026670410326906566, 0.02758824337325398, 0.02810647098585074, 0.028219175888028712, 0.02804128716256827, 0.027840212128430745, 0.02799079668741686, 0.027988272685847155, 0.02831306909632167, 0.028434723397990712, 0.0285549391753426, 0.02832607944879636, 0.02800347501499142, 0.027460301198426997, 0.02681840364884072, 0.026203190519756815, 0.02552364346313934, 0.024940794741503684, 0.024553643852497812, 0.024009602077058226, 0.023587486328410737, 0.023053226444370627, 0.02237349941244249, 0.021247392964358097, 0.01948489409103017, 0.01759577829009665, 0.015969918059865678, 0.014849832783247986, 0.014164911869984548, 0.013546042864334782, 0.01328357500957488, 0.012905521640083246, 0.012806686101790404, 0.01256569256360443, 0.01270015008783326, 0.013333718053885597, 0.014364706842779438, 0.015230812921928084, 0.016214173123414017, 0.017422309714956504, 0.01848297873673576, 0.019690103784110968, 0.02062988015396428, 0.021304326954883004, 0.021542023987470748, 0.021445001132587415, 0.02128479356968176, 0.021154257299581803, 0.020548768777841446, 0.020419411659703072, 0.020346908766621045, 0.02018386842926173, 0.020060715556614095, 0.019970155121820186, 0.019905412966441507, 0.019860328269953802, 0.019689549628068632, 0.019110038324468673, 0.018401772510693467, 0.01773443768827515, 0.01691379473734185, 0.0163889904882787, 0.015891976533507178, 0.015695148472402557, 0.015634975895130635, 0.01548249397414641, 0.015250362203767827, 0.01446715870868431, 0.013690714184349355, 0.013111437378948002, 0.01280400987898366, 0.012789088065484542, 0.012885508256999974, 0.012645414791893052, 0.012533763320360268, 0.01300792748125149, 0.014045480441271196, 0.015593406388961941, 0.017496649938682926, 0.01947963017829757, 0.021814960986639112, 0.0244888991790445, 0.027455202671237973, 0.030462142682767764, 0.03347516022004274, 0.03632355277573078, 0.03911728575744543, 0.041489125175428104, 0.043617926344794986, 0.04507509866910146, 0.045973158335007626, 0.046666313335408376, 0.047747911364257295, 0.04910015737076979, 0.051170936172887156, 0.05323921785426519, 0.05484930583024696, 0.05598397968583077, 0.056516639752925084, 0.05678375349578094, 0.05655312215346535, 0.05709318659280136, 0.05753330561326649, 0.05822424761198231, 0.05856641837777238, 0.058663546697002605, 0.05829520111627496, 0.058019458378357286, 0.05786276302771312, 0.057678835712609886, 0.05721489013034267, 0.05620972754199197, 0.05488023496470325, 0.05291870088860013, 0.05085359195424363, 0.04836971777146554, 0.045888993393773454, 0.04332790860019442, 0.040721243397433354, 0.03815348906679705, 0.03609755066086763, 0.03431153121207709, 0.03269994312791247, 0.03113246913067769, 0.029533434333839276, 0.02779284963423818, 0.02581340528028532, 0.023636664296078556, 0.021032966406022018, 0.018298152858289164, 0.015471223173718233, 0.012975006021594128, 0.011476514573927241, 0.011190786613452559, 0.012013514795745658, 0.013192708648177051, 0.0146026096239084, 0.016627808096549106, 0.019288816219412905, 0.022115031993867204, 0.024956066779425322, 0.027947127033299147, 0.030317719296220055, 0.03213024736687776, 0.033908117916643665, 0.035613155393420214, 0.03695858371541455, 0.0370883147011733, 0.035844860180821725, 0.03331269225961453, 0.030127822662769057, 0.026675716455458534, 0.02305094507263966, 0.019294584365168215, 0.016588874620184203, 0.013459760460278334, 0.010513659470637583, 0.008184205378854309, 0.005908681970234855, 0.003908372487361734, 0.002250880846271649, 0.001837561814419065, 0.003902446460586522, 0.00649131804032715, 0.008842266053540701, 0.011337576744963709, 0.013847821453172829, 0.016241515374979285, 0.018506880743639053, 0.020753891025054552, 0.022854281545735794, 0.025177910908837288, 0.027764777035113285, 0.0302577363231247, 0.032552204835272186, 0.033962244268502154, 0.03530995724171245, 0.036795414568091225, 0.03840706162943578, 0.039993850675796264, 0.04133645030179679, 0.04211247094820217, 0.04239213751353172, 0.042192499106345205, 0.04200269786908514, 0.041897190162155235, 0.041830932940717325, 0.04166737666619139, 0.04206882264734189, 0.0426127097658282, 0.042895687146734904, 0.04300135533202284, 0.04249799814293581, 0.041897582995049115, 0.04072077112408416, 0.03927976254850985, 0.037331499513228325, 0.035889992777759706, 0.03456359233645024, 0.033243529781910974, 0.03199033675126687, 0.03059935779738079, 0.029272240636492235, 0.027900707354997015, 0.02654938414970694, 0.02543173352052397, 0.024311103096379235, 0.023065212419431085, 0.021685454855791198, 0.02041159885695607, 0.019056064221564174, 0.017656707279948437, 0.01626614648165674, 0.015012383850973622, 0.013603567963072178, 0.012189757837366814, 0.010674529938407772, 0.009407142987148039, 0.008344525906195775, 0.007439054007672372, 0.0072034584519923735, 0.007775010970036668, 0.009047582903156274, 0.010731538882415681, 0.01253460028234948, 0.014333543563369548, 0.016070624592636203, 0.017817726146123574, 0.019557256660804743, 0.02116824086555951, 0.022529303997840977, 0.023628588936546305, 0.02391411988476377, 0.02359656311707365, 0.022355277074164143, 0.020961866673625245, 0.018393580144489934, 0.015660552711922182, 0.013874328661167971, 0.01254026736778108, 0.011812131260623127, 0.010800298354986543, 0.00961805971638548, 0.008471507575266851, 0.007656757785702683, 0.006719580941926242, 0.0056999472982024405, 0.005125787188458596, 0.00504686530895439, 0.005697178935649704, 0.006245540782853768, 0.0070976650798796875, 0.007900543705723831, 0.008755370167568399, 0.009807746909975117, 0.011209592216881203, 0.01276960312030194, 0.014467251258771754, 0.015865855510978952, 0.01751794577394112, 0.01978728846519214, 0.022540086452385207, 0.024859037758439572, 0.02589623397823137, 0.02611181133516041, 0.026565850619759173, 0.0272557734372972, 0.02776644526036269, 0.02799937699621002, 0.02818388188652303, 0.02806005928616626, 0.028083982827741123, 0.02781538632605852, 0.027763976455106594, 0.028120518002563644, 0.028688559534023904, 0.029389365084960088, 0.030059907204608147, 0.03052096911154336, 0.031053468449087778, 0.03142000488428638, 0.03173833045042581, 0.031892653890475096, 0.03198060527161537, 0.031944507243272385, 0.03180892531117334, 0.03180195743523648, 0.03175983113429147, 0.03185651864929952, 0.032146459060636644, 0.032526908876218445, 0.033087790299913135, 0.03370146462957083, 0.0342847740780508, 0.0344768243549477, 0.03441738754137779, 0.034008301029805295]",0.03056454213255984,0.01666621770078297,0.025046618652625363,0.017517366521340616,0.0,0.0,0.0010607603328981474,0.01666621770078297,0.025046618652625363,0.017517366521340616,0.528,1717635301.2309852,2024-06-06_10-55-01
0.5059,-0.13344,0.44731778520036397,0.48923378229921705,-0.15920661865262536,0.4288862051967118,0.5059,-0.13344,0.4468024865629304,0.48923378229921705,-0.15920661865262536,0.4288862051967118,0.031680305841655834,"[0.011315756658919754, 0.012192407496521018, 0.01288995615295488, 0.01359963525141729, 0.014321891165186378, 0.015181047888625853, 0.01592941522152252, 0.01673874496494045, 0.01751440457689525, 0.01835087734908702, 0.019202544572813795, 0.020070622325609303, 0.02095627718778323, 0.02186061264947246, 0.022737260153569413, 0.023681097053535004, 0.024646250751560458, 0.025633386418693636, 0.02659237614956749, 0.027623542314219474, 0.0286250346734827, 0.029647102596467904, 0.03056454213255984, 0.031680305841655834, 0.03263530150735364, 0.033606764937046466, 0.034593095597664145, 0.03536350794006898, 0.035930760474075646, 0.03631257033147624, 0.03661317474198803, 0.03688385713543919, 0.03738127616234113, 0.037934719347479336, 0.03858163380471939, 0.03921882339006296, 0.03999131852533767, 0.04074980907886149, 0.04127472956039594, 0.04151563832077664, 0.04151964454301027, 0.04123464219442919, 0.04096829512038153, 0.04056460486818273, 0.04028281736824196, 0.04000166841569801, 0.03919762289117317, 0.037812479337396496, 0.03622310391275238, 0.03453579653228067, 0.0330206041779641, 0.031565009966306234, 0.03054064037737075, 0.029904305612678588, 0.029394155816597912, 0.028896840658953926, 0.02825322628704274, 0.027685220830545497, 0.02666364029859006, 0.025486033827772144, 0.02414387260068274, 0.023028867611909868, 0.022681878550084772, 0.02299235797660897, 0.02387546679328945, 0.024738332374206702, 0.025547718436096926, 0.026640938816603423, 0.02759836215880636, 0.028240938725365098, 0.028199955208514017, 0.028168175430310402, 0.02767018559717724, 0.027414861073674215, 0.027239233260695786, 0.0274939869379551, 0.027874761581110984, 0.02868161073982207, 0.029514734605865275, 0.030345172291974937, 0.031248268714928727, 0.032298002681611045, 0.033509628354587276, 0.0348066615601669, 0.03569061118903811, 0.03631377821401384, 0.03654105211474412, 0.03646788532881584, 0.03572808397059345, 0.03427781350345514, 0.03309813106562172, 0.031639416134799855, 0.02970329439236902, 0.027599049067936567, 0.02603054913364457, 0.024090316372098155, 0.02220132238001286, 0.02051452966091278, 0.019044426362309692, 0.017805605247084858, 0.01643252777018217, 0.01523003850809785, 0.01424180324883461, 0.013706552220618947, 0.0130880570946912, 0.012988920737072255, 0.013178248200839212, 0.013386796436950147, 0.01359897371732897, 0.01439195864266014, 0.015495810506657983, 0.016686507754200334, 0.01807173050136072, 0.019341411872889052, 0.020370802976522343, 0.0213787239197115, 0.02262888584538598, 0.02401686851684336, 0.025523335513576738, 0.026670410326906566, 0.02758824337325398, 0.02810647098585074, 0.028219175888028712, 0.02804128716256827, 0.027840212128430745, 0.02799079668741686, 0.027988272685847155, 0.02831306909632167, 0.028434723397990712, 0.0285549391753426, 0.02832607944879636, 0.02800347501499142, 0.027460301198426997, 0.02681840364884072, 0.026203190519756815, 0.02552364346313934, 0.024940794741503684, 0.024553643852497812, 0.024009602077058226, 0.023587486328410737, 0.023053226444370627, 0.02237349941244249, 0.021247392964358097, 0.01948489409103017, 0.01759577829009665, 0.015969918059865678, 0.014849832783247986, 0.014164911869984548, 0.013546042864334782, 0.01328357500957488, 0.012905521640083246, 0.012806686101790404, 0.01256569256360443, 0.01270015008783326, 0.013333718053885597, 0.014364706842779438, 0.015230812921928084, 0.016214173123414017, 0.017422309714956504, 0.01848297873673576, 0.019690103784110968, 0.02062988015396428, 0.021304326954883004, 0.021542023987470748, 0.021445001132587415, 0.02128479356968176, 0.021154257299581803, 0.020548768777841446, 0.020419411659703072, 0.020346908766621045, 0.02018386842926173, 0.020060715556614095, 0.019970155121820186, 0.019905412966441507, 0.019860328269953802, 0.019689549628068632, 0.019110038324468673, 0.018401772510693467, 0.01773443768827515, 0.01691379473734185, 0.0163889904882787, 0.015891976533507178, 0.015695148472402557, 0.015634975895130635, 0.01548249397414641, 0.015250362203767827, 0.01446715870868431, 0.013690714184349355, 0.013111437378948002, 0.01280400987898366, 0.012789088065484542, 0.012885508256999974, 0.012645414791893052, 0.012533763320360268, 0.01300792748125149, 0.014045480441271196, 0.015593406388961941, 0.017496649938682926, 0.01947963017829757, 0.021814960986639112, 0.0244888991790445, 0.027455202671237973, 0.030462142682767764, 0.03347516022004274, 0.03632355277573078, 0.03911728575744543, 0.041489125175428104, 0.043617926344794986, 0.04507509866910146, 0.045973158335007626, 0.046666313335408376, 0.047747911364257295, 0.04910015737076979, 0.051170936172887156, 0.05323921785426519, 0.05484930583024696, 0.05598397968583077, 0.056516639752925084, 0.05678375349578094, 0.05655312215346535, 0.05709318659280136, 0.05753330561326649, 0.05822424761198231, 0.05856641837777238, 0.058663546697002605, 0.05829520111627496, 0.058019458378357286, 0.05786276302771312, 0.057678835712609886, 0.05721489013034267, 0.05620972754199197, 0.05488023496470325, 0.05291870088860013, 0.05085359195424363, 0.04836971777146554, 0.045888993393773454, 0.04332790860019442, 0.040721243397433354, 0.03815348906679705, 0.03609755066086763, 0.03431153121207709, 0.03269994312791247, 0.03113246913067769, 0.029533434333839276, 0.02779284963423818, 0.02581340528028532, 0.023636664296078556, 0.021032966406022018, 0.018298152858289164, 0.015471223173718233, 0.012975006021594128, 0.011476514573927241, 0.011190786613452559, 0.012013514795745658, 0.013192708648177051, 0.0146026096239084, 0.016627808096549106, 0.019288816219412905, 0.022115031993867204, 0.024956066779425322, 0.027947127033299147, 0.030317719296220055, 0.03213024736687776, 0.033908117916643665, 0.035613155393420214, 0.03695858371541455, 0.0370883147011733, 0.035844860180821725, 0.03331269225961453, 0.030127822662769057, 0.026675716455458534, 0.02305094507263966, 0.019294584365168215, 0.016588874620184203, 0.013459760460278334, 0.010513659470637583, 0.008184205378854309, 0.005908681970234855, 0.003908372487361734, 0.002250880846271649, 0.001837561814419065, 0.003902446460586522, 0.00649131804032715, 0.008842266053540701, 0.011337576744963709, 0.013847821453172829, 0.016241515374979285, 0.018506880743639053, 0.020753891025054552, 0.022854281545735794, 0.025177910908837288, 0.027764777035113285, 0.0302577363231247, 0.032552204835272186, 0.033962244268502154, 0.03530995724171245, 0.036795414568091225, 0.03840706162943578, 0.039993850675796264, 0.04133645030179679, 0.04211247094820217, 0.04239213751353172, 0.042192499106345205, 0.04200269786908514, 0.041897190162155235, 0.041830932940717325, 0.04166737666619139, 0.04206882264734189, 0.0426127097658282, 0.042895687146734904, 0.04300135533202284, 0.04249799814293581, 0.041897582995049115, 0.04072077112408416, 0.03927976254850985, 0.037331499513228325, 0.035889992777759706, 0.03456359233645024, 0.033243529781910974, 0.03199033675126687, 0.03059935779738079, 0.029272240636492235, 0.027900707354997015, 0.02654938414970694, 0.02543173352052397, 0.024311103096379235, 0.023065212419431085, 0.021685454855791198, 0.02041159885695607, 0.019056064221564174, 0.017656707279948437, 0.01626614648165674, 0.015012383850973622, 0.013603567963072178, 0.012189757837366814, 0.010674529938407772, 0.009407142987148039, 0.008344525906195775, 0.007439054007672372, 0.0072034584519923735, 0.007775010970036668, 0.009047582903156274, 0.010731538882415681, 0.01253460028234948, 0.014333543563369548, 0.016070624592636203, 0.017817726146123574, 0.019557256660804743, 0.02116824086555951, 0.022529303997840977, 0.023628588936546305, 0.02391411988476377, 0.02359656311707365, 0.022355277074164143, 0.020961866673625245, 0.018393580144489934, 0.015660552711922182, 0.013874328661167971, 0.01254026736778108, 0.011812131260623127, 0.010800298354986543, 0.00961805971638548, 0.008471507575266851, 0.007656757785702683, 0.006719580941926242, 0.0056999472982024405, 0.005125787188458596, 0.00504686530895439, 0.005697178935649704, 0.006245540782853768, 0.0070976650798796875, 0.007900543705723831, 0.008755370167568399, 0.009807746909975117, 0.011209592216881203, 0.01276960312030194, 0.014467251258771754, 0.015865855510978952, 0.01751794577394112, 0.01978728846519214, 0.022540086452385207, 0.024859037758439572, 0.02589623397823137, 0.02611181133516041, 0.026565850619759173, 0.0272557734372972, 0.02776644526036269, 0.02799937699621002, 0.02818388188652303, 0.02806005928616626, 0.028083982827741123, 0.02781538632605852, 0.027763976455106594, 0.028120518002563644, 0.028688559534023904, 0.029389365084960088, 0.030059907204608147, 0.03052096911154336, 0.031053468449087778, 0.03142000488428638, 0.03173833045042581, 0.031892653890475096, 0.03198060527161537, 0.031944507243272385, 0.03180892531117334, 0.03180195743523648, 0.03175983113429147, 0.03185651864929952, 0.032146459060636644, 0.032526908876218445, 0.033087790299913135, 0.03370146462957083, 0.0342847740780508, 0.0344768243549477, 0.03441738754137779, 0.034008301029805295]",0.031680305841655834,0.01666621770078297,0.02576661865262536,0.018431580003652193,0.0,0.0,0.0005152986374335478,0.01666621770078297,0.02576661865262536,0.018431580003652193,0.552,1717635301.2552829,2024-06-06_10-55-01
0.5059,-0.13272,0.4482609758353603,0.4892601158505509,-0.15915271776412193,0.4291200684358102,0.5059,-0.13272,0.4482911388933913,0.4892601158505509,-0.15915271776412193,0.4291200684358102,0.03263530150735364,"[0.011315756658919754, 0.012192407496521018, 0.01288995615295488, 0.01359963525141729, 0.014321891165186378, 0.015181047888625853, 0.01592941522152252, 0.01673874496494045, 0.01751440457689525, 0.01835087734908702, 0.019202544572813795, 0.020070622325609303, 0.02095627718778323, 0.02186061264947246, 0.022737260153569413, 0.023681097053535004, 0.024646250751560458, 0.025633386418693636, 0.02659237614956749, 0.027623542314219474, 0.0286250346734827, 0.029647102596467904, 0.03056454213255984, 0.031680305841655834, 0.03263530150735364, 0.033606764937046466, 0.034593095597664145, 0.03536350794006898, 0.035930760474075646, 0.03631257033147624, 0.03661317474198803, 0.03688385713543919, 0.03738127616234113, 0.037934719347479336, 0.03858163380471939, 0.03921882339006296, 0.03999131852533767, 0.04074980907886149, 0.04127472956039594, 0.04151563832077664, 0.04151964454301027, 0.04123464219442919, 0.04096829512038153, 0.04056460486818273, 0.04028281736824196, 0.04000166841569801, 0.03919762289117317, 0.037812479337396496, 0.03622310391275238, 0.03453579653228067, 0.0330206041779641, 0.031565009966306234, 0.03054064037737075, 0.029904305612678588, 0.029394155816597912, 0.028896840658953926, 0.02825322628704274, 0.027685220830545497, 0.02666364029859006, 0.025486033827772144, 0.02414387260068274, 0.023028867611909868, 0.022681878550084772, 0.02299235797660897, 0.02387546679328945, 0.024738332374206702, 0.025547718436096926, 0.026640938816603423, 0.02759836215880636, 0.028240938725365098, 0.028199955208514017, 0.028168175430310402, 0.02767018559717724, 0.027414861073674215, 0.027239233260695786, 0.0274939869379551, 0.027874761581110984, 0.02868161073982207, 0.029514734605865275, 0.030345172291974937, 0.031248268714928727, 0.032298002681611045, 0.033509628354587276, 0.0348066615601669, 0.03569061118903811, 0.03631377821401384, 0.03654105211474412, 0.03646788532881584, 0.03572808397059345, 0.03427781350345514, 0.03309813106562172, 0.031639416134799855, 0.02970329439236902, 0.027599049067936567, 0.02603054913364457, 0.024090316372098155, 0.02220132238001286, 0.02051452966091278, 0.019044426362309692, 0.017805605247084858, 0.01643252777018217, 0.01523003850809785, 0.01424180324883461, 0.013706552220618947, 0.0130880570946912, 0.012988920737072255, 0.013178248200839212, 0.013386796436950147, 0.01359897371732897, 0.01439195864266014, 0.015495810506657983, 0.016686507754200334, 0.01807173050136072, 0.019341411872889052, 0.020370802976522343, 0.0213787239197115, 0.02262888584538598, 0.02401686851684336, 0.025523335513576738, 0.026670410326906566, 0.02758824337325398, 0.02810647098585074, 0.028219175888028712, 0.02804128716256827, 0.027840212128430745, 0.02799079668741686, 0.027988272685847155, 0.02831306909632167, 0.028434723397990712, 0.0285549391753426, 0.02832607944879636, 0.02800347501499142, 0.027460301198426997, 0.02681840364884072, 0.026203190519756815, 0.02552364346313934, 0.024940794741503684, 0.024553643852497812, 0.024009602077058226, 0.023587486328410737, 0.023053226444370627, 0.02237349941244249, 0.021247392964358097, 0.01948489409103017, 0.01759577829009665, 0.015969918059865678, 0.014849832783247986, 0.014164911869984548, 0.013546042864334782, 0.01328357500957488, 0.012905521640083246, 0.012806686101790404, 0.01256569256360443, 0.01270015008783326, 0.013333718053885597, 0.014364706842779438, 0.015230812921928084, 0.016214173123414017, 0.017422309714956504, 0.01848297873673576, 0.019690103784110968, 0.02062988015396428, 0.021304326954883004, 0.021542023987470748, 0.021445001132587415, 0.02128479356968176, 0.021154257299581803, 0.020548768777841446, 0.020419411659703072, 0.020346908766621045, 0.02018386842926173, 0.020060715556614095, 0.019970155121820186, 0.019905412966441507, 0.019860328269953802, 0.019689549628068632, 0.019110038324468673, 0.018401772510693467, 0.01773443768827515, 0.01691379473734185, 0.0163889904882787, 0.015891976533507178, 0.015695148472402557, 0.015634975895130635, 0.01548249397414641, 0.015250362203767827, 0.01446715870868431, 0.013690714184349355, 0.013111437378948002, 0.01280400987898366, 0.012789088065484542, 0.012885508256999974, 0.012645414791893052, 0.012533763320360268, 0.01300792748125149, 0.014045480441271196, 0.015593406388961941, 0.017496649938682926, 0.01947963017829757, 0.021814960986639112, 0.0244888991790445, 0.027455202671237973, 0.030462142682767764, 0.03347516022004274, 0.03632355277573078, 0.03911728575744543, 0.041489125175428104, 0.043617926344794986, 0.04507509866910146, 0.045973158335007626, 0.046666313335408376, 0.047747911364257295, 0.04910015737076979, 0.051170936172887156, 0.05323921785426519, 0.05484930583024696, 0.05598397968583077, 0.056516639752925084, 0.05678375349578094, 0.05655312215346535, 0.05709318659280136, 0.05753330561326649, 0.05822424761198231, 0.05856641837777238, 0.058663546697002605, 0.05829520111627496, 0.058019458378357286, 0.05786276302771312, 0.057678835712609886, 0.05721489013034267, 0.05620972754199197, 0.05488023496470325, 0.05291870088860013, 0.05085359195424363, 0.04836971777146554, 0.045888993393773454, 0.04332790860019442, 0.040721243397433354, 0.03815348906679705, 0.03609755066086763, 0.03431153121207709, 0.03269994312791247, 0.03113246913067769, 0.029533434333839276, 0.02779284963423818, 0.02581340528028532, 0.023636664296078556, 0.021032966406022018, 0.018298152858289164, 0.015471223173718233, 0.012975006021594128, 0.011476514573927241, 0.011190786613452559, 0.012013514795745658, 0.013192708648177051, 0.0146026096239084, 0.016627808096549106, 0.019288816219412905, 0.022115031993867204, 0.024956066779425322, 0.027947127033299147, 0.030317719296220055, 0.03213024736687776, 0.033908117916643665, 0.035613155393420214, 0.03695858371541455, 0.0370883147011733, 0.035844860180821725, 0.03331269225961453, 0.030127822662769057, 0.026675716455458534, 0.02305094507263966, 0.019294584365168215, 0.016588874620184203, 0.013459760460278334, 0.010513659470637583, 0.008184205378854309, 0.005908681970234855, 0.003908372487361734, 0.002250880846271649, 0.001837561814419065, 0.003902446460586522, 0.00649131804032715, 0.008842266053540701, 0.011337576744963709, 0.013847821453172829, 0.016241515374979285, 0.018506880743639053, 0.020753891025054552, 0.022854281545735794, 0.025177910908837288, 0.027764777035113285, 0.0302577363231247, 0.032552204835272186, 0.033962244268502154, 0.03530995724171245, 0.036795414568091225, 0.03840706162943578, 0.039993850675796264, 0.04133645030179679, 0.04211247094820217, 0.04239213751353172, 0.042192499106345205, 0.04200269786908514, 0.041897190162155235, 0.041830932940717325, 0.04166737666619139, 0.04206882264734189, 0.0426127097658282, 0.042895687146734904, 0.04300135533202284, 0.04249799814293581, 0.041897582995049115, 0.04072077112408416, 0.03927976254850985, 0.037331499513228325, 0.035889992777759706, 0.03456359233645024, 0.033243529781910974, 0.03199033675126687, 0.03059935779738079, 0.029272240636492235, 0.027900707354997015, 0.02654938414970694, 0.02543173352052397, 0.024311103096379235, 0.023065212419431085, 0.021685454855791198, 0.02041159885695607, 0.019056064221564174, 0.017656707279948437, 0.01626614648165674, 0.015012383850973622, 0.013603567963072178, 0.012189757837366814, 0.010674529938407772, 0.009407142987148039, 0.008344525906195775, 0.007439054007672372, 0.0072034584519923735, 0.007775010970036668, 0.009047582903156274, 0.010731538882415681, 0.01253460028234948, 0.014333543563369548, 0.016070624592636203, 0.017817726146123574, 0.019557256660804743, 0.02116824086555951, 0.022529303997840977, 0.023628588936546305, 0.02391411988476377, 0.02359656311707365, 0.022355277074164143, 0.020961866673625245, 0.018393580144489934, 0.015660552711922182, 0.013874328661167971, 0.01254026736778108, 0.011812131260623127, 0.010800298354986543, 0.00961805971638548, 0.008471507575266851, 0.007656757785702683, 0.006719580941926242, 0.0056999472982024405, 0.005125787188458596, 0.00504686530895439, 0.005697178935649704, 0.006245540782853768, 0.0070976650798796875, 0.007900543705723831, 0.008755370167568399, 0.009807746909975117, 0.011209592216881203, 0.01276960312030194, 0.014467251258771754, 0.015865855510978952, 0.01751794577394112, 0.01978728846519214, 0.022540086452385207, 0.024859037758439572, 0.02589623397823137, 0.02611181133516041, 0.026565850619759173, 0.0272557734372972, 0.02776644526036269, 0.02799937699621002, 0.02818388188652303, 0.02806005928616626, 0.028083982827741123, 0.02781538632605852, 0.027763976455106594, 0.028120518002563644, 0.028688559534023904, 0.029389365084960088, 0.030059907204608147, 0.03052096911154336, 0.031053468449087778, 0.03142000488428638, 0.03173833045042581, 0.031892653890475096, 0.03198060527161537, 0.031944507243272385, 0.03180892531117334, 0.03180195743523648, 0.03175983113429147, 0.03185651864929952, 0.032146459060636644, 0.032526908876218445, 0.033087790299913135, 0.03370146462957083, 0.0342847740780508, 0.0344768243549477, 0.03441738754137779, 0.034008301029805295]",0.03263530150735364,0.016639884149449113,0.026432717764121927,0.0191409073995501,0.0,0.0,3.0163058030996392e-05,0.016639884149449113,0.026432717764121927,0.0191409073995501,0.576,1717635301.2791188,2024-06-06_10-55-01
0.5059,-0.132,0.4492303463612361,0.48928631810813916,-0.15909876115114713,0.42935393336474764,0.5059,-0.132,0.4498059711147317,0.48928631810813916,-0.15909876115114713,0.42935393336474764,0.033606764937046466,"[0.011315756658919754, 0.012192407496521018, 0.01288995615295488, 0.01359963525141729, 0.014321891165186378, 0.015181047888625853, 0.01592941522152252, 0.01673874496494045, 0.01751440457689525, 0.01835087734908702, 0.019202544572813795, 0.020070622325609303, 0.02095627718778323, 0.02186061264947246, 0.022737260153569413, 0.023681097053535004, 0.024646250751560458, 0.025633386418693636, 0.02659237614956749, 0.027623542314219474, 0.0286250346734827, 0.029647102596467904, 0.03056454213255984, 0.031680305841655834, 0.03263530150735364, 0.033606764937046466, 0.034593095597664145, 0.03536350794006898, 0.035930760474075646, 0.03631257033147624, 0.03661317474198803, 0.03688385713543919, 0.03738127616234113, 0.037934719347479336, 0.03858163380471939, 0.03921882339006296, 0.03999131852533767, 0.04074980907886149, 0.04127472956039594, 0.04151563832077664, 0.04151964454301027, 0.04123464219442919, 0.04096829512038153, 0.04056460486818273, 0.04028281736824196, 0.04000166841569801, 0.03919762289117317, 0.037812479337396496, 0.03622310391275238, 0.03453579653228067, 0.0330206041779641, 0.031565009966306234, 0.03054064037737075, 0.029904305612678588, 0.029394155816597912, 0.028896840658953926, 0.02825322628704274, 0.027685220830545497, 0.02666364029859006, 0.025486033827772144, 0.02414387260068274, 0.023028867611909868, 0.022681878550084772, 0.02299235797660897, 0.02387546679328945, 0.024738332374206702, 0.025547718436096926, 0.026640938816603423, 0.02759836215880636, 0.028240938725365098, 0.028199955208514017, 0.028168175430310402, 0.02767018559717724, 0.027414861073674215, 0.027239233260695786, 0.0274939869379551, 0.027874761581110984, 0.02868161073982207, 0.029514734605865275, 0.030345172291974937, 0.031248268714928727, 0.032298002681611045, 0.033509628354587276, 0.0348066615601669, 0.03569061118903811, 0.03631377821401384, 0.03654105211474412, 0.03646788532881584, 0.03572808397059345, 0.03427781350345514, 0.03309813106562172, 0.031639416134799855, 0.02970329439236902, 0.027599049067936567, 0.02603054913364457, 0.024090316372098155, 0.02220132238001286, 0.02051452966091278, 0.019044426362309692, 0.017805605247084858, 0.01643252777018217, 0.01523003850809785, 0.01424180324883461, 0.013706552220618947, 0.0130880570946912, 0.012988920737072255, 0.013178248200839212, 0.013386796436950147, 0.01359897371732897, 0.01439195864266014, 0.015495810506657983, 0.016686507754200334, 0.01807173050136072, 0.019341411872889052, 0.020370802976522343, 0.0213787239197115, 0.02262888584538598, 0.02401686851684336, 0.025523335513576738, 0.026670410326906566, 0.02758824337325398, 0.02810647098585074, 0.028219175888028712, 0.02804128716256827, 0.027840212128430745, 0.02799079668741686, 0.027988272685847155, 0.02831306909632167, 0.028434723397990712, 0.0285549391753426, 0.02832607944879636, 0.02800347501499142, 0.027460301198426997, 0.02681840364884072, 0.026203190519756815, 0.02552364346313934, 0.024940794741503684, 0.024553643852497812, 0.024009602077058226, 0.023587486328410737, 0.023053226444370627, 0.02237349941244249, 0.021247392964358097, 0.01948489409103017, 0.01759577829009665, 0.015969918059865678, 0.014849832783247986, 0.014164911869984548, 0.013546042864334782, 0.01328357500957488, 0.012905521640083246, 0.012806686101790404, 0.01256569256360443, 0.01270015008783326, 0.013333718053885597, 0.014364706842779438, 0.015230812921928084, 0.016214173123414017, 0.017422309714956504, 0.01848297873673576, 0.019690103784110968, 0.02062988015396428, 0.021304326954883004, 0.021542023987470748, 0.021445001132587415, 0.02128479356968176, 0.021154257299581803, 0.020548768777841446, 0.020419411659703072, 0.020346908766621045, 0.02018386842926173, 0.020060715556614095, 0.019970155121820186, 0.019905412966441507, 0.019860328269953802, 0.019689549628068632, 0.019110038324468673, 0.018401772510693467, 0.01773443768827515, 0.01691379473734185, 0.0163889904882787, 0.015891976533507178, 0.015695148472402557, 0.015634975895130635, 0.01548249397414641, 0.015250362203767827, 0.01446715870868431, 0.013690714184349355, 0.013111437378948002, 0.01280400987898366, 0.012789088065484542, 0.012885508256999974, 0.012645414791893052, 0.012533763320360268, 0.01300792748125149, 0.014045480441271196, 0.015593406388961941, 0.017496649938682926, 0.01947963017829757, 0.021814960986639112, 0.0244888991790445, 0.027455202671237973, 0.030462142682767764, 0.03347516022004274, 0.03632355277573078, 0.03911728575744543, 0.041489125175428104, 0.043617926344794986, 0.04507509866910146, 0.045973158335007626, 0.046666313335408376, 0.047747911364257295, 0.04910015737076979, 0.051170936172887156, 0.05323921785426519, 0.05484930583024696, 0.05598397968583077, 0.056516639752925084, 0.05678375349578094, 0.05655312215346535, 0.05709318659280136, 0.05753330561326649, 0.05822424761198231, 0.05856641837777238, 0.058663546697002605, 0.05829520111627496, 0.058019458378357286, 0.05786276302771312, 0.057678835712609886, 0.05721489013034267, 0.05620972754199197, 0.05488023496470325, 0.05291870088860013, 0.05085359195424363, 0.04836971777146554, 0.045888993393773454, 0.04332790860019442, 0.040721243397433354, 0.03815348906679705, 0.03609755066086763, 0.03431153121207709, 0.03269994312791247, 0.03113246913067769, 0.029533434333839276, 0.02779284963423818, 0.02581340528028532, 0.023636664296078556, 0.021032966406022018, 0.018298152858289164, 0.015471223173718233, 0.012975006021594128, 0.011476514573927241, 0.011190786613452559, 0.012013514795745658, 0.013192708648177051, 0.0146026096239084, 0.016627808096549106, 0.019288816219412905, 0.022115031993867204, 0.024956066779425322, 0.027947127033299147, 0.030317719296220055, 0.03213024736687776, 0.033908117916643665, 0.035613155393420214, 0.03695858371541455, 0.0370883147011733, 0.035844860180821725, 0.03331269225961453, 0.030127822662769057, 0.026675716455458534, 0.02305094507263966, 0.019294584365168215, 0.016588874620184203, 0.013459760460278334, 0.010513659470637583, 0.008184205378854309, 0.005908681970234855, 0.003908372487361734, 0.002250880846271649, 0.001837561814419065, 0.003902446460586522, 0.00649131804032715, 0.008842266053540701, 0.011337576744963709, 0.013847821453172829, 0.016241515374979285, 0.018506880743639053, 0.020753891025054552, 0.022854281545735794, 0.025177910908837288, 0.027764777035113285, 0.0302577363231247, 0.032552204835272186, 0.033962244268502154, 0.03530995724171245, 0.036795414568091225, 0.03840706162943578, 0.039993850675796264, 0.04133645030179679, 0.04211247094820217, 0.04239213751353172, 0.042192499106345205, 0.04200269786908514, 0.041897190162155235, 0.041830932940717325, 0.04166737666619139, 0.04206882264734189, 0.0426127097658282, 0.042895687146734904, 0.04300135533202284, 0.04249799814293581, 0.041897582995049115, 0.04072077112408416, 0.03927976254850985, 0.037331499513228325, 0.035889992777759706, 0.03456359233645024, 0.033243529781910974, 0.03199033675126687, 0.03059935779738079, 0.029272240636492235, 0.027900707354997015, 0.02654938414970694, 0.02543173352052397, 0.024311103096379235, 0.023065212419431085, 0.021685454855791198, 0.02041159885695607, 0.019056064221564174, 0.017656707279948437, 0.01626614648165674, 0.015012383850973622, 0.013603567963072178, 0.012189757837366814, 0.010674529938407772, 0.009407142987148039, 0.008344525906195775, 0.007439054007672372, 0.0072034584519923735, 0.007775010970036668, 0.009047582903156274, 0.010731538882415681, 0.01253460028234948, 0.014333543563369548, 0.016070624592636203, 0.017817726146123574, 0.019557256660804743, 0.02116824086555951, 0.022529303997840977, 0.023628588936546305, 0.02391411988476377, 0.02359656311707365, 0.022355277074164143, 0.020961866673625245, 0.018393580144489934, 0.015660552711922182, 0.013874328661167971, 0.01254026736778108, 0.011812131260623127, 0.010800298354986543, 0.00961805971638548, 0.008471507575266851, 0.007656757785702683, 0.006719580941926242, 0.0056999472982024405, 0.005125787188458596, 0.00504686530895439, 0.005697178935649704, 0.006245540782853768, 0.0070976650798796875, 0.007900543705723831, 0.008755370167568399, 0.009807746909975117, 0.011209592216881203, 0.01276960312030194, 0.014467251258771754, 0.015865855510978952, 0.01751794577394112, 0.01978728846519214, 0.022540086452385207, 0.024859037758439572, 0.02589623397823137, 0.02611181133516041, 0.026565850619759173, 0.0272557734372972, 0.02776644526036269, 0.02799937699621002, 0.02818388188652303, 0.02806005928616626, 0.028083982827741123, 0.02781538632605852, 0.027763976455106594, 0.028120518002563644, 0.028688559534023904, 0.029389365084960088, 0.030059907204608147, 0.03052096911154336, 0.031053468449087778, 0.03142000488428638, 0.03173833045042581, 0.031892653890475096, 0.03198060527161537, 0.031944507243272385, 0.03180892531117334, 0.03180195743523648, 0.03175983113429147, 0.03185651864929952, 0.032146459060636644, 0.032526908876218445, 0.033087790299913135, 0.03370146462957083, 0.0342847740780508, 0.0344768243549477, 0.03441738754137779, 0.034008301029805295]",0.033606764937046466,0.016613681891860854,0.02709876115114712,0.019876412996488457,0.0,0.0,0.000575624753495596,0.016613681891860854,0.02709876115114712,0.019876412996488457,0.6,1717635301.3028011,2024-06-06_10-55-01
0.5059,-0.13128,0.45022274562835024,0.4893123890564811,-0.1590447488383901,0.4295877999058569,0.5059,-0.13128,0.4515562475031745,0.4893123890564811,-0.1590447488383901,0.4295877999058569,0.034593095597664145,"[0.011315756658919754, 0.012192407496521018, 0.01288995615295488, 0.01359963525141729, 0.014321891165186378, 0.015181047888625853, 0.01592941522152252, 0.01673874496494045, 0.01751440457689525, 0.01835087734908702, 0.019202544572813795, 0.020070622325609303, 0.02095627718778323, 0.02186061264947246, 0.022737260153569413, 0.023681097053535004, 0.024646250751560458, 0.025633386418693636, 0.02659237614956749, 0.027623542314219474, 0.0286250346734827, 0.029647102596467904, 0.03056454213255984, 0.031680305841655834, 0.03263530150735364, 0.033606764937046466, 0.034593095597664145, 0.03536350794006898, 0.035930760474075646, 0.03631257033147624, 0.03661317474198803, 0.03688385713543919, 0.03738127616234113, 0.037934719347479336, 0.03858163380471939, 0.03921882339006296, 0.03999131852533767, 0.04074980907886149, 0.04127472956039594, 0.04151563832077664, 0.04151964454301027, 0.04123464219442919, 0.04096829512038153, 0.04056460486818273, 0.04028281736824196, 0.04000166841569801, 0.03919762289117317, 0.037812479337396496, 0.03622310391275238, 0.03453579653228067, 0.0330206041779641, 0.031565009966306234, 0.03054064037737075, 0.029904305612678588, 0.029394155816597912, 0.028896840658953926, 0.02825322628704274, 0.027685220830545497, 0.02666364029859006, 0.025486033827772144, 0.02414387260068274, 0.023028867611909868, 0.022681878550084772, 0.02299235797660897, 0.02387546679328945, 0.024738332374206702, 0.025547718436096926, 0.026640938816603423, 0.02759836215880636, 0.028240938725365098, 0.028199955208514017, 0.028168175430310402, 0.02767018559717724, 0.027414861073674215, 0.027239233260695786, 0.0274939869379551, 0.027874761581110984, 0.02868161073982207, 0.029514734605865275, 0.030345172291974937, 0.031248268714928727, 0.032298002681611045, 0.033509628354587276, 0.0348066615601669, 0.03569061118903811, 0.03631377821401384, 0.03654105211474412, 0.03646788532881584, 0.03572808397059345, 0.03427781350345514, 0.03309813106562172, 0.031639416134799855, 0.02970329439236902, 0.027599049067936567, 0.02603054913364457, 0.024090316372098155, 0.02220132238001286, 0.02051452966091278, 0.019044426362309692, 0.017805605247084858, 0.01643252777018217, 0.01523003850809785, 0.01424180324883461, 0.013706552220618947, 0.0130880570946912, 0.012988920737072255, 0.013178248200839212, 0.013386796436950147, 0.01359897371732897, 0.01439195864266014, 0.015495810506657983, 0.016686507754200334, 0.01807173050136072, 0.019341411872889052, 0.020370802976522343, 0.0213787239197115, 0.02262888584538598, 0.02401686851684336, 0.025523335513576738, 0.026670410326906566, 0.02758824337325398, 0.02810647098585074, 0.028219175888028712, 0.02804128716256827, 0.027840212128430745, 0.02799079668741686, 0.027988272685847155, 0.02831306909632167, 0.028434723397990712, 0.0285549391753426, 0.02832607944879636, 0.02800347501499142, 0.027460301198426997, 0.02681840364884072, 0.026203190519756815, 0.02552364346313934, 0.024940794741503684, 0.024553643852497812, 0.024009602077058226, 0.023587486328410737, 0.023053226444370627, 0.02237349941244249, 0.021247392964358097, 0.01948489409103017, 0.01759577829009665, 0.015969918059865678, 0.014849832783247986, 0.014164911869984548, 0.013546042864334782, 0.01328357500957488, 0.012905521640083246, 0.012806686101790404, 0.01256569256360443, 0.01270015008783326, 0.013333718053885597, 0.014364706842779438, 0.015230812921928084, 0.016214173123414017, 0.017422309714956504, 0.01848297873673576, 0.019690103784110968, 0.02062988015396428, 0.021304326954883004, 0.021542023987470748, 0.021445001132587415, 0.02128479356968176, 0.021154257299581803, 0.020548768777841446, 0.020419411659703072, 0.020346908766621045, 0.02018386842926173, 0.020060715556614095, 0.019970155121820186, 0.019905412966441507, 0.019860328269953802, 0.019689549628068632, 0.019110038324468673, 0.018401772510693467, 0.01773443768827515, 0.01691379473734185, 0.0163889904882787, 0.015891976533507178, 0.015695148472402557, 0.015634975895130635, 0.01548249397414641, 0.015250362203767827, 0.01446715870868431, 0.013690714184349355, 0.013111437378948002, 0.01280400987898366, 0.012789088065484542, 0.012885508256999974, 0.012645414791893052, 0.012533763320360268, 0.01300792748125149, 0.014045480441271196, 0.015593406388961941, 0.017496649938682926, 0.01947963017829757, 0.021814960986639112, 0.0244888991790445, 0.027455202671237973, 0.030462142682767764, 0.03347516022004274, 0.03632355277573078, 0.03911728575744543, 0.041489125175428104, 0.043617926344794986, 0.04507509866910146, 0.045973158335007626, 0.046666313335408376, 0.047747911364257295, 0.04910015737076979, 0.051170936172887156, 0.05323921785426519, 0.05484930583024696, 0.05598397968583077, 0.056516639752925084, 0.05678375349578094, 0.05655312215346535, 0.05709318659280136, 0.05753330561326649, 0.05822424761198231, 0.05856641837777238, 0.058663546697002605, 0.05829520111627496, 0.058019458378357286, 0.05786276302771312, 0.057678835712609886, 0.05721489013034267, 0.05620972754199197, 0.05488023496470325, 0.05291870088860013, 0.05085359195424363, 0.04836971777146554, 0.045888993393773454, 0.04332790860019442, 0.040721243397433354, 0.03815348906679705, 0.03609755066086763, 0.03431153121207709, 0.03269994312791247, 0.03113246913067769, 0.029533434333839276, 0.02779284963423818, 0.02581340528028532, 0.023636664296078556, 0.021032966406022018, 0.018298152858289164, 0.015471223173718233, 0.012975006021594128, 0.011476514573927241, 0.011190786613452559, 0.012013514795745658, 0.013192708648177051, 0.0146026096239084, 0.016627808096549106, 0.019288816219412905, 0.022115031993867204, 0.024956066779425322, 0.027947127033299147, 0.030317719296220055, 0.03213024736687776, 0.033908117916643665, 0.035613155393420214, 0.03695858371541455, 0.0370883147011733, 0.035844860180821725, 0.03331269225961453, 0.030127822662769057, 0.026675716455458534, 0.02305094507263966, 0.019294584365168215, 0.016588874620184203, 0.013459760460278334, 0.010513659470637583, 0.008184205378854309, 0.005908681970234855, 0.003908372487361734, 0.002250880846271649, 0.001837561814419065, 0.003902446460586522, 0.00649131804032715, 0.008842266053540701, 0.011337576744963709, 0.013847821453172829, 0.016241515374979285, 0.018506880743639053, 0.020753891025054552, 0.022854281545735794, 0.025177910908837288, 0.027764777035113285, 0.0302577363231247, 0.032552204835272186, 0.033962244268502154, 0.03530995724171245, 0.036795414568091225, 0.03840706162943578, 0.039993850675796264, 0.04133645030179679, 0.04211247094820217, 0.04239213751353172, 0.042192499106345205, 0.04200269786908514, 0.041897190162155235, 0.041830932940717325, 0.04166737666619139, 0.04206882264734189, 0.0426127097658282, 0.042895687146734904, 0.04300135533202284, 0.04249799814293581, 0.041897582995049115, 0.04072077112408416, 0.03927976254850985, 0.037331499513228325, 0.035889992777759706, 0.03456359233645024, 0.033243529781910974, 0.03199033675126687, 0.03059935779738079, 0.029272240636492235, 0.027900707354997015, 0.02654938414970694, 0.02543173352052397, 0.024311103096379235, 0.023065212419431085, 0.021685454855791198, 0.02041159885695607, 0.019056064221564174, 0.017656707279948437, 0.01626614648165674, 0.015012383850973622, 0.013603567963072178, 0.012189757837366814, 0.010674529938407772, 0.009407142987148039, 0.008344525906195775, 0.007439054007672372, 0.0072034584519923735, 0.007775010970036668, 0.009047582903156274, 0.010731538882415681, 0.01253460028234948, 0.014333543563369548, 0.016070624592636203, 0.017817726146123574, 0.019557256660804743, 0.02116824086555951, 0.022529303997840977, 0.023628588936546305, 0.02391411988476377, 0.02359656311707365, 0.022355277074164143, 0.020961866673625245, 0.018393580144489934, 0.015660552711922182, 0.013874328661167971, 0.01254026736778108, 0.011812131260623127, 0.010800298354986543, 0.00961805971638548, 0.008471507575266851, 0.007656757785702683, 0.006719580941926242, 0.0056999472982024405, 0.005125787188458596, 0.00504686530895439, 0.005697178935649704, 0.006245540782853768, 0.0070976650798796875, 0.007900543705723831, 0.008755370167568399, 0.009807746909975117, 0.011209592216881203, 0.01276960312030194, 0.014467251258771754, 0.015865855510978952, 0.01751794577394112, 0.01978728846519214, 0.022540086452385207, 0.024859037758439572, 0.02589623397823137, 0.02611181133516041, 0.026565850619759173, 0.0272557734372972, 0.02776644526036269, 0.02799937699621002, 0.02818388188652303, 0.02806005928616626, 0.028083982827741123, 0.02781538632605852, 0.027763976455106594, 0.028120518002563644, 0.028688559534023904, 0.029389365084960088, 0.030059907204608147, 0.03052096911154336, 0.031053468449087778, 0.03142000488428638, 0.03173833045042581, 0.031892653890475096, 0.03198060527161537, 0.031944507243272385, 0.03180892531117334, 0.03180195743523648, 0.03175983113429147, 0.03185651864929952, 0.032146459060636644, 0.032526908876218445, 0.033087790299913135, 0.03370146462957083, 0.0342847740780508, 0.0344768243549477, 0.03441738754137779, 0.034008301029805295]",0.034593095597664145,0.016587610943518905,0.027764748838390085,0.02063494572249336,0.0,0.0,0.0013335018748242833,0.016587610943518905,0.027764748838390085,0.02063494572249336,0.624,1717635301.3268878,2024-06-06_10-55-01
0.5059,-0.13056,0.45123468373619097,0.48912002254663245,-0.15912152029464233,0.4303824116229162,0.5059,-0.13056,0.45332606273234394,0.48912002254663245,-0.15912152029464233,0.4303824116229162,0.03536350794006898,"[0.011315756658919754, 0.012192407496521018, 0.01288995615295488, 0.01359963525141729, 0.014321891165186378, 0.015181047888625853, 0.01592941522152252, 0.01673874496494045, 0.01751440457689525, 0.01835087734908702, 0.019202544572813795, 0.020070622325609303, 0.02095627718778323, 0.02186061264947246, 0.022737260153569413, 0.023681097053535004, 0.024646250751560458, 0.025633386418693636, 0.02659237614956749, 0.027623542314219474, 0.0286250346734827, 0.029647102596467904, 0.03056454213255984, 0.031680305841655834, 0.03263530150735364, 0.033606764937046466, 0.034593095597664145, 0.03536350794006898, 0.035930760474075646, 0.03631257033147624, 0.03661317474198803, 0.03688385713543919, 0.03738127616234113, 0.037934719347479336, 0.03858163380471939, 0.03921882339006296, 0.03999131852533767, 0.04074980907886149, 0.04127472956039594, 0.04151563832077664, 0.04151964454301027, 0.04123464219442919, 0.04096829512038153, 0.04056460486818273, 0.04028281736824196, 0.04000166841569801, 0.03919762289117317, 0.037812479337396496, 0.03622310391275238, 0.03453579653228067, 0.0330206041779641, 0.031565009966306234, 0.03054064037737075, 0.029904305612678588, 0.029394155816597912, 0.028896840658953926, 0.02825322628704274, 0.027685220830545497, 0.02666364029859006, 0.025486033827772144, 0.02414387260068274, 0.023028867611909868, 0.022681878550084772, 0.02299235797660897, 0.02387546679328945, 0.024738332374206702, 0.025547718436096926, 0.026640938816603423, 0.02759836215880636, 0.028240938725365098, 0.028199955208514017, 0.028168175430310402, 0.02767018559717724, 0.027414861073674215, 0.027239233260695786, 0.0274939869379551, 0.027874761581110984, 0.02868161073982207, 0.029514734605865275, 0.030345172291974937, 0.031248268714928727, 0.032298002681611045, 0.033509628354587276, 0.0348066615601669, 0.03569061118903811, 0.03631377821401384, 0.03654105211474412, 0.03646788532881584, 0.03572808397059345, 0.03427781350345514, 0.03309813106562172, 0.031639416134799855, 0.02970329439236902, 0.027599049067936567, 0.02603054913364457, 0.024090316372098155, 0.02220132238001286, 0.02051452966091278, 0.019044426362309692, 0.017805605247084858, 0.01643252777018217, 0.01523003850809785, 0.01424180324883461, 0.013706552220618947, 0.0130880570946912, 0.012988920737072255, 0.013178248200839212, 0.013386796436950147, 0.01359897371732897, 0.01439195864266014, 0.015495810506657983, 0.016686507754200334, 0.01807173050136072, 0.019341411872889052, 0.020370802976522343, 0.0213787239197115, 0.02262888584538598, 0.02401686851684336, 0.025523335513576738, 0.026670410326906566, 0.02758824337325398, 0.02810647098585074, 0.028219175888028712, 0.02804128716256827, 0.027840212128430745, 0.02799079668741686, 0.027988272685847155, 0.02831306909632167, 0.028434723397990712, 0.0285549391753426, 0.02832607944879636, 0.02800347501499142, 0.027460301198426997, 0.02681840364884072, 0.026203190519756815, 0.02552364346313934, 0.024940794741503684, 0.024553643852497812, 0.024009602077058226, 0.023587486328410737, 0.023053226444370627, 0.02237349941244249, 0.021247392964358097, 0.01948489409103017, 0.01759577829009665, 0.015969918059865678, 0.014849832783247986, 0.014164911869984548, 0.013546042864334782, 0.01328357500957488, 0.012905521640083246, 0.012806686101790404, 0.01256569256360443, 0.01270015008783326, 0.013333718053885597, 0.014364706842779438, 0.015230812921928084, 0.016214173123414017, 0.017422309714956504, 0.01848297873673576, 0.019690103784110968, 0.02062988015396428, 0.021304326954883004, 0.021542023987470748, 0.021445001132587415, 0.02128479356968176, 0.021154257299581803, 0.020548768777841446, 0.020419411659703072, 0.020346908766621045, 0.02018386842926173, 0.020060715556614095, 0.019970155121820186, 0.019905412966441507, 0.019860328269953802, 0.019689549628068632, 0.019110038324468673, 0.018401772510693467, 0.01773443768827515, 0.01691379473734185, 0.0163889904882787, 0.015891976533507178, 0.015695148472402557, 0.015634975895130635, 0.01548249397414641, 0.015250362203767827, 0.01446715870868431, 0.013690714184349355, 0.013111437378948002, 0.01280400987898366, 0.012789088065484542, 0.012885508256999974, 0.012645414791893052, 0.012533763320360268, 0.01300792748125149, 0.014045480441271196, 0.015593406388961941, 0.017496649938682926, 0.01947963017829757, 0.021814960986639112, 0.0244888991790445, 0.027455202671237973, 0.030462142682767764, 0.03347516022004274, 0.03632355277573078, 0.03911728575744543, 0.041489125175428104, 0.043617926344794986, 0.04507509866910146, 0.045973158335007626, 0.046666313335408376, 0.047747911364257295, 0.04910015737076979, 0.051170936172887156, 0.05323921785426519, 0.05484930583024696, 0.05598397968583077, 0.056516639752925084, 0.05678375349578094, 0.05655312215346535, 0.05709318659280136, 0.05753330561326649, 0.05822424761198231, 0.05856641837777238, 0.058663546697002605, 0.05829520111627496, 0.058019458378357286, 0.05786276302771312, 0.057678835712609886, 0.05721489013034267, 0.05620972754199197, 0.05488023496470325, 0.05291870088860013, 0.05085359195424363, 0.04836971777146554, 0.045888993393773454, 0.04332790860019442, 0.040721243397433354, 0.03815348906679705, 0.03609755066086763, 0.03431153121207709, 0.03269994312791247, 0.03113246913067769, 0.029533434333839276, 0.02779284963423818, 0.02581340528028532, 0.023636664296078556, 0.021032966406022018, 0.018298152858289164, 0.015471223173718233, 0.012975006021594128, 0.011476514573927241, 0.011190786613452559, 0.012013514795745658, 0.013192708648177051, 0.0146026096239084, 0.016627808096549106, 0.019288816219412905, 0.022115031993867204, 0.024956066779425322, 0.027947127033299147, 0.030317719296220055, 0.03213024736687776, 0.033908117916643665, 0.035613155393420214, 0.03695858371541455, 0.0370883147011733, 0.035844860180821725, 0.03331269225961453, 0.030127822662769057, 0.026675716455458534, 0.02305094507263966, 0.019294584365168215, 0.016588874620184203, 0.013459760460278334, 0.010513659470637583, 0.008184205378854309, 0.005908681970234855, 0.003908372487361734, 0.002250880846271649, 0.001837561814419065, 0.003902446460586522, 0.00649131804032715, 0.008842266053540701, 0.011337576744963709, 0.013847821453172829, 0.016241515374979285, 0.018506880743639053, 0.020753891025054552, 0.022854281545735794, 0.025177910908837288, 0.027764777035113285, 0.0302577363231247, 0.032552204835272186, 0.033962244268502154, 0.03530995724171245, 0.036795414568091225, 0.03840706162943578, 0.039993850675796264, 0.04133645030179679, 0.04211247094820217, 0.04239213751353172, 0.042192499106345205, 0.04200269786908514, 0.041897190162155235, 0.041830932940717325, 0.04166737666619139, 0.04206882264734189, 0.0426127097658282, 0.042895687146734904, 0.04300135533202284, 0.04249799814293581, 0.041897582995049115, 0.04072077112408416, 0.03927976254850985, 0.037331499513228325, 0.035889992777759706, 0.03456359233645024, 0.033243529781910974, 0.03199033675126687, 0.03059935779738079, 0.029272240636492235, 0.027900707354997015, 0.02654938414970694, 0.02543173352052397, 0.024311103096379235, 0.023065212419431085, 0.021685454855791198, 0.02041159885695607, 0.019056064221564174, 0.017656707279948437, 0.01626614648165674, 0.015012383850973622, 0.013603567963072178, 0.012189757837366814, 0.010674529938407772, 0.009407142987148039, 0.008344525906195775, 0.007439054007672372, 0.0072034584519923735, 0.007775010970036668, 0.009047582903156274, 0.010731538882415681, 0.01253460028234948, 0.014333543563369548, 0.016070624592636203, 0.017817726146123574, 0.019557256660804743, 0.02116824086555951, 0.022529303997840977, 0.023628588936546305, 0.02391411988476377, 0.02359656311707365, 0.022355277074164143, 0.020961866673625245, 0.018393580144489934, 0.015660552711922182, 0.013874328661167971, 0.01254026736778108, 0.011812131260623127, 0.010800298354986543, 0.00961805971638548, 0.008471507575266851, 0.007656757785702683, 0.006719580941926242, 0.0056999472982024405, 0.005125787188458596, 0.00504686530895439, 0.005697178935649704, 0.006245540782853768, 0.0070976650798796875, 0.007900543705723831, 0.008755370167568399, 0.009807746909975117, 0.011209592216881203, 0.01276960312030194, 0.014467251258771754, 0.015865855510978952, 0.01751794577394112, 0.01978728846519214, 0.022540086452385207, 0.024859037758439572, 0.02589623397823137, 0.02611181133516041, 0.026565850619759173, 0.0272557734372972, 0.02776644526036269, 0.02799937699621002, 0.02818388188652303, 0.02806005928616626, 0.028083982827741123, 0.02781538632605852, 0.027763976455106594, 0.028120518002563644, 0.028688559534023904, 0.029389365084960088, 0.030059907204608147, 0.03052096911154336, 0.031053468449087778, 0.03142000488428638, 0.03173833045042581, 0.031892653890475096, 0.03198060527161537, 0.031944507243272385, 0.03180892531117334, 0.03180195743523648, 0.03175983113429147, 0.03185651864929952, 0.032146459060636644, 0.032526908876218445, 0.033087790299913135, 0.03370146462957083, 0.0342847740780508, 0.0344768243549477, 0.03441738754137779, 0.034008301029805295]",0.03536350794006898,0.016779977453367567,0.028561520294642317,0.020852272113274783,0.0,0.0,0.0020913789961529705,0.016779977453367567,0.028561520294642317,0.020852272113274783,0.6479999999999999,1717635301.35095,2024-06-06_10-55-01
0.5059,-0.12984,0.4522623496892517,0.4888307300635902,-0.15909803997829225,0.4314060162417339,0.5059,-0.12984,0.45511160580673343,0.4888307300635902,-0.15909803997829225,0.4314060162417339,0.035930760474075646,"[0.011315756658919754, 0.012192407496521018, 0.01288995615295488, 0.01359963525141729, 0.014321891165186378, 0.015181047888625853, 0.01592941522152252, 0.01673874496494045, 0.01751440457689525, 0.01835087734908702, 0.019202544572813795, 0.020070622325609303, 0.02095627718778323, 0.02186061264947246, 0.022737260153569413, 0.023681097053535004, 0.024646250751560458, 0.025633386418693636, 0.02659237614956749, 0.027623542314219474, 0.0286250346734827, 0.029647102596467904, 0.03056454213255984, 0.031680305841655834, 0.03263530150735364, 0.033606764937046466, 0.034593095597664145, 0.03536350794006898, 0.035930760474075646, 0.03631257033147624, 0.03661317474198803, 0.03688385713543919, 0.03738127616234113, 0.037934719347479336, 0.03858163380471939, 0.03921882339006296, 0.03999131852533767, 0.04074980907886149, 0.04127472956039594, 0.04151563832077664, 0.04151964454301027, 0.04123464219442919, 0.04096829512038153, 0.04056460486818273, 0.04028281736824196, 0.04000166841569801, 0.03919762289117317, 0.037812479337396496, 0.03622310391275238, 0.03453579653228067, 0.0330206041779641, 0.031565009966306234, 0.03054064037737075, 0.029904305612678588, 0.029394155816597912, 0.028896840658953926, 0.02825322628704274, 0.027685220830545497, 0.02666364029859006, 0.025486033827772144, 0.02414387260068274, 0.023028867611909868, 0.022681878550084772, 0.02299235797660897, 0.02387546679328945, 0.024738332374206702, 0.025547718436096926, 0.026640938816603423, 0.02759836215880636, 0.028240938725365098, 0.028199955208514017, 0.028168175430310402, 0.02767018559717724, 0.027414861073674215, 0.027239233260695786, 0.0274939869379551, 0.027874761581110984, 0.02868161073982207, 0.029514734605865275, 0.030345172291974937, 0.031248268714928727, 0.032298002681611045, 0.033509628354587276, 0.0348066615601669, 0.03569061118903811, 0.03631377821401384, 0.03654105211474412, 0.03646788532881584, 0.03572808397059345, 0.03427781350345514, 0.03309813106562172, 0.031639416134799855, 0.02970329439236902, 0.027599049067936567, 0.02603054913364457, 0.024090316372098155, 0.02220132238001286, 0.02051452966091278, 0.019044426362309692, 0.017805605247084858, 0.01643252777018217, 0.01523003850809785, 0.01424180324883461, 0.013706552220618947, 0.0130880570946912, 0.012988920737072255, 0.013178248200839212, 0.013386796436950147, 0.01359897371732897, 0.01439195864266014, 0.015495810506657983, 0.016686507754200334, 0.01807173050136072, 0.019341411872889052, 0.020370802976522343, 0.0213787239197115, 0.02262888584538598, 0.02401686851684336, 0.025523335513576738, 0.026670410326906566, 0.02758824337325398, 0.02810647098585074, 0.028219175888028712, 0.02804128716256827, 0.027840212128430745, 0.02799079668741686, 0.027988272685847155, 0.02831306909632167, 0.028434723397990712, 0.0285549391753426, 0.02832607944879636, 0.02800347501499142, 0.027460301198426997, 0.02681840364884072, 0.026203190519756815, 0.02552364346313934, 0.024940794741503684, 0.024553643852497812, 0.024009602077058226, 0.023587486328410737, 0.023053226444370627, 0.02237349941244249, 0.021247392964358097, 0.01948489409103017, 0.01759577829009665, 0.015969918059865678, 0.014849832783247986, 0.014164911869984548, 0.013546042864334782, 0.01328357500957488, 0.012905521640083246, 0.012806686101790404, 0.01256569256360443, 0.01270015008783326, 0.013333718053885597, 0.014364706842779438, 0.015230812921928084, 0.016214173123414017, 0.017422309714956504, 0.01848297873673576, 0.019690103784110968, 0.02062988015396428, 0.021304326954883004, 0.021542023987470748, 0.021445001132587415, 0.02128479356968176, 0.021154257299581803, 0.020548768777841446, 0.020419411659703072, 0.020346908766621045, 0.02018386842926173, 0.020060715556614095, 0.019970155121820186, 0.019905412966441507, 0.019860328269953802, 0.019689549628068632, 0.019110038324468673, 0.018401772510693467, 0.01773443768827515, 0.01691379473734185, 0.0163889904882787, 0.015891976533507178, 0.015695148472402557, 0.015634975895130635, 0.01548249397414641, 0.015250362203767827, 0.01446715870868431, 0.013690714184349355, 0.013111437378948002, 0.01280400987898366, 0.012789088065484542, 0.012885508256999974, 0.012645414791893052, 0.012533763320360268, 0.01300792748125149, 0.014045480441271196, 0.015593406388961941, 0.017496649938682926, 0.01947963017829757, 0.021814960986639112, 0.0244888991790445, 0.027455202671237973, 0.030462142682767764, 0.03347516022004274, 0.03632355277573078, 0.03911728575744543, 0.041489125175428104, 0.043617926344794986, 0.04507509866910146, 0.045973158335007626, 0.046666313335408376, 0.047747911364257295, 0.04910015737076979, 0.051170936172887156, 0.05323921785426519, 0.05484930583024696, 0.05598397968583077, 0.056516639752925084, 0.05678375349578094, 0.05655312215346535, 0.05709318659280136, 0.05753330561326649, 0.05822424761198231, 0.05856641837777238, 0.058663546697002605, 0.05829520111627496, 0.058019458378357286, 0.05786276302771312, 0.057678835712609886, 0.05721489013034267, 0.05620972754199197, 0.05488023496470325, 0.05291870088860013, 0.05085359195424363, 0.04836971777146554, 0.045888993393773454, 0.04332790860019442, 0.040721243397433354, 0.03815348906679705, 0.03609755066086763, 0.03431153121207709, 0.03269994312791247, 0.03113246913067769, 0.029533434333839276, 0.02779284963423818, 0.02581340528028532, 0.023636664296078556, 0.021032966406022018, 0.018298152858289164, 0.015471223173718233, 0.012975006021594128, 0.011476514573927241, 0.011190786613452559, 0.012013514795745658, 0.013192708648177051, 0.0146026096239084, 0.016627808096549106, 0.019288816219412905, 0.022115031993867204, 0.024956066779425322, 0.027947127033299147, 0.030317719296220055, 0.03213024736687776, 0.033908117916643665, 0.035613155393420214, 0.03695858371541455, 0.0370883147011733, 0.035844860180821725, 0.03331269225961453, 0.030127822662769057, 0.026675716455458534, 0.02305094507263966, 0.019294584365168215, 0.016588874620184203, 0.013459760460278334, 0.010513659470637583, 0.008184205378854309, 0.005908681970234855, 0.003908372487361734, 0.002250880846271649, 0.001837561814419065, 0.003902446460586522, 0.00649131804032715, 0.008842266053540701, 0.011337576744963709, 0.013847821453172829, 0.016241515374979285, 0.018506880743639053, 0.020753891025054552, 0.022854281545735794, 0.025177910908837288, 0.027764777035113285, 0.0302577363231247, 0.032552204835272186, 0.033962244268502154, 0.03530995724171245, 0.036795414568091225, 0.03840706162943578, 0.039993850675796264, 0.04133645030179679, 0.04211247094820217, 0.04239213751353172, 0.042192499106345205, 0.04200269786908514, 0.041897190162155235, 0.041830932940717325, 0.04166737666619139, 0.04206882264734189, 0.0426127097658282, 0.042895687146734904, 0.04300135533202284, 0.04249799814293581, 0.041897582995049115, 0.04072077112408416, 0.03927976254850985, 0.037331499513228325, 0.035889992777759706, 0.03456359233645024, 0.033243529781910974, 0.03199033675126687, 0.03059935779738079, 0.029272240636492235, 0.027900707354997015, 0.02654938414970694, 0.02543173352052397, 0.024311103096379235, 0.023065212419431085, 0.021685454855791198, 0.02041159885695607, 0.019056064221564174, 0.017656707279948437, 0.01626614648165674, 0.015012383850973622, 0.013603567963072178, 0.012189757837366814, 0.010674529938407772, 0.009407142987148039, 0.008344525906195775, 0.007439054007672372, 0.0072034584519923735, 0.007775010970036668, 0.009047582903156274, 0.010731538882415681, 0.01253460028234948, 0.014333543563369548, 0.016070624592636203, 0.017817726146123574, 0.019557256660804743, 0.02116824086555951, 0.022529303997840977, 0.023628588936546305, 0.02391411988476377, 0.02359656311707365, 0.022355277074164143, 0.020961866673625245, 0.018393580144489934, 0.015660552711922182, 0.013874328661167971, 0.01254026736778108, 0.011812131260623127, 0.010800298354986543, 0.00961805971638548, 0.008471507575266851, 0.007656757785702683, 0.006719580941926242, 0.0056999472982024405, 0.005125787188458596, 0.00504686530895439, 0.005697178935649704, 0.006245540782853768, 0.0070976650798796875, 0.007900543705723831, 0.008755370167568399, 0.009807746909975117, 0.011209592216881203, 0.01276960312030194, 0.014467251258771754, 0.015865855510978952, 0.01751794577394112, 0.01978728846519214, 0.022540086452385207, 0.024859037758439572, 0.02589623397823137, 0.02611181133516041, 0.026565850619759173, 0.0272557734372972, 0.02776644526036269, 0.02799937699621002, 0.02818388188652303, 0.02806005928616626, 0.028083982827741123, 0.02781538632605852, 0.027763976455106594, 0.028120518002563644, 0.028688559534023904, 0.029389365084960088, 0.030059907204608147, 0.03052096911154336, 0.031053468449087778, 0.03142000488428638, 0.03173833045042581, 0.031892653890475096, 0.03198060527161537, 0.031944507243272385, 0.03180892531117334, 0.03180195743523648, 0.03175983113429147, 0.03185651864929952, 0.032146459060636644, 0.032526908876218445, 0.033087790299913135, 0.03370146462957083, 0.0342847740780508, 0.0344768243549477, 0.03441738754137779, 0.034008301029805295]",0.035930760474075646,0.017069269936409837,0.02925803997829224,0.020856333447517805,0.0,0.0,0.0028492561174817133,0.017069269936409837,0.02925803997829224,0.020856333447517805,0.6719999999999999,1717635301.3755481,2024-06-06_10-55-01
0.5059,-0.12911999999999998,0.4533016314742708,0.4887539261080356,-0.15886723968312053,0.4324760583653889,0.5059,-0.12911999999999998,0.45690876471308123,0.4887539261080356,-0.15886723968312053,0.4324760583653889,0.03631257033147624,"[0.011315756658919754, 0.012192407496521018, 0.01288995615295488, 0.01359963525141729, 0.014321891165186378, 0.015181047888625853, 0.01592941522152252, 0.01673874496494045, 0.01751440457689525, 0.01835087734908702, 0.019202544572813795, 0.020070622325609303, 0.02095627718778323, 0.02186061264947246, 0.022737260153569413, 0.023681097053535004, 0.024646250751560458, 0.025633386418693636, 0.02659237614956749, 0.027623542314219474, 0.0286250346734827, 0.029647102596467904, 0.03056454213255984, 0.031680305841655834, 0.03263530150735364, 0.033606764937046466, 0.034593095597664145, 0.03536350794006898, 0.035930760474075646, 0.03631257033147624, 0.03661317474198803, 0.03688385713543919, 0.03738127616234113, 0.037934719347479336, 0.03858163380471939, 0.03921882339006296, 0.03999131852533767, 0.04074980907886149, 0.04127472956039594, 0.04151563832077664, 0.04151964454301027, 0.04123464219442919, 0.04096829512038153, 0.04056460486818273, 0.04028281736824196, 0.04000166841569801, 0.03919762289117317, 0.037812479337396496, 0.03622310391275238, 0.03453579653228067, 0.0330206041779641, 0.031565009966306234, 0.03054064037737075, 0.029904305612678588, 0.029394155816597912, 0.028896840658953926, 0.02825322628704274, 0.027685220830545497, 0.02666364029859006, 0.025486033827772144, 0.02414387260068274, 0.023028867611909868, 0.022681878550084772, 0.02299235797660897, 0.02387546679328945, 0.024738332374206702, 0.025547718436096926, 0.026640938816603423, 0.02759836215880636, 0.028240938725365098, 0.028199955208514017, 0.028168175430310402, 0.02767018559717724, 0.027414861073674215, 0.027239233260695786, 0.0274939869379551, 0.027874761581110984, 0.02868161073982207, 0.029514734605865275, 0.030345172291974937, 0.031248268714928727, 0.032298002681611045, 0.033509628354587276, 0.0348066615601669, 0.03569061118903811, 0.03631377821401384, 0.03654105211474412, 0.03646788532881584, 0.03572808397059345, 0.03427781350345514, 0.03309813106562172, 0.031639416134799855, 0.02970329439236902, 0.027599049067936567, 0.02603054913364457, 0.024090316372098155, 0.02220132238001286, 0.02051452966091278, 0.019044426362309692, 0.017805605247084858, 0.01643252777018217, 0.01523003850809785, 0.01424180324883461, 0.013706552220618947, 0.0130880570946912, 0.012988920737072255, 0.013178248200839212, 0.013386796436950147, 0.01359897371732897, 0.01439195864266014, 0.015495810506657983, 0.016686507754200334, 0.01807173050136072, 0.019341411872889052, 0.020370802976522343, 0.0213787239197115, 0.02262888584538598, 0.02401686851684336, 0.025523335513576738, 0.026670410326906566, 0.02758824337325398, 0.02810647098585074, 0.028219175888028712, 0.02804128716256827, 0.027840212128430745, 0.02799079668741686, 0.027988272685847155, 0.02831306909632167, 0.028434723397990712, 0.0285549391753426, 0.02832607944879636, 0.02800347501499142, 0.027460301198426997, 0.02681840364884072, 0.026203190519756815, 0.02552364346313934, 0.024940794741503684, 0.024553643852497812, 0.024009602077058226, 0.023587486328410737, 0.023053226444370627, 0.02237349941244249, 0.021247392964358097, 0.01948489409103017, 0.01759577829009665, 0.015969918059865678, 0.014849832783247986, 0.014164911869984548, 0.013546042864334782, 0.01328357500957488, 0.012905521640083246, 0.012806686101790404, 0.01256569256360443, 0.01270015008783326, 0.013333718053885597, 0.014364706842779438, 0.015230812921928084, 0.016214173123414017, 0.017422309714956504, 0.01848297873673576, 0.019690103784110968, 0.02062988015396428, 0.021304326954883004, 0.021542023987470748, 0.021445001132587415, 0.02128479356968176, 0.021154257299581803, 0.020548768777841446, 0.020419411659703072, 0.020346908766621045, 0.02018386842926173, 0.020060715556614095, 0.019970155121820186, 0.019905412966441507, 0.019860328269953802, 0.019689549628068632, 0.019110038324468673, 0.018401772510693467, 0.01773443768827515, 0.01691379473734185, 0.0163889904882787, 0.015891976533507178, 0.015695148472402557, 0.015634975895130635, 0.01548249397414641, 0.015250362203767827, 0.01446715870868431, 0.013690714184349355, 0.013111437378948002, 0.01280400987898366, 0.012789088065484542, 0.012885508256999974, 0.012645414791893052, 0.012533763320360268, 0.01300792748125149, 0.014045480441271196, 0.015593406388961941, 0.017496649938682926, 0.01947963017829757, 0.021814960986639112, 0.0244888991790445, 0.027455202671237973, 0.030462142682767764, 0.03347516022004274, 0.03632355277573078, 0.03911728575744543, 0.041489125175428104, 0.043617926344794986, 0.04507509866910146, 0.045973158335007626, 0.046666313335408376, 0.047747911364257295, 0.04910015737076979, 0.051170936172887156, 0.05323921785426519, 0.05484930583024696, 0.05598397968583077, 0.056516639752925084, 0.05678375349578094, 0.05655312215346535, 0.05709318659280136, 0.05753330561326649, 0.05822424761198231, 0.05856641837777238, 0.058663546697002605, 0.05829520111627496, 0.058019458378357286, 0.05786276302771312, 0.057678835712609886, 0.05721489013034267, 0.05620972754199197, 0.05488023496470325, 0.05291870088860013, 0.05085359195424363, 0.04836971777146554, 0.045888993393773454, 0.04332790860019442, 0.040721243397433354, 0.03815348906679705, 0.03609755066086763, 0.03431153121207709, 0.03269994312791247, 0.03113246913067769, 0.029533434333839276, 0.02779284963423818, 0.02581340528028532, 0.023636664296078556, 0.021032966406022018, 0.018298152858289164, 0.015471223173718233, 0.012975006021594128, 0.011476514573927241, 0.011190786613452559, 0.012013514795745658, 0.013192708648177051, 0.0146026096239084, 0.016627808096549106, 0.019288816219412905, 0.022115031993867204, 0.024956066779425322, 0.027947127033299147, 0.030317719296220055, 0.03213024736687776, 0.033908117916643665, 0.035613155393420214, 0.03695858371541455, 0.0370883147011733, 0.035844860180821725, 0.03331269225961453, 0.030127822662769057, 0.026675716455458534, 0.02305094507263966, 0.019294584365168215, 0.016588874620184203, 0.013459760460278334, 0.010513659470637583, 0.008184205378854309, 0.005908681970234855, 0.003908372487361734, 0.002250880846271649, 0.001837561814419065, 0.003902446460586522, 0.00649131804032715, 0.008842266053540701, 0.011337576744963709, 0.013847821453172829, 0.016241515374979285, 0.018506880743639053, 0.020753891025054552, 0.022854281545735794, 0.025177910908837288, 0.027764777035113285, 0.0302577363231247, 0.032552204835272186, 0.033962244268502154, 0.03530995724171245, 0.036795414568091225, 0.03840706162943578, 0.039993850675796264, 0.04133645030179679, 0.04211247094820217, 0.04239213751353172, 0.042192499106345205, 0.04200269786908514, 0.041897190162155235, 0.041830932940717325, 0.04166737666619139, 0.04206882264734189, 0.0426127097658282, 0.042895687146734904, 0.04300135533202284, 0.04249799814293581, 0.041897582995049115, 0.04072077112408416, 0.03927976254850985, 0.037331499513228325, 0.035889992777759706, 0.03456359233645024, 0.033243529781910974, 0.03199033675126687, 0.03059935779738079, 0.029272240636492235, 0.027900707354997015, 0.02654938414970694, 0.02543173352052397, 0.024311103096379235, 0.023065212419431085, 0.021685454855791198, 0.02041159885695607, 0.019056064221564174, 0.017656707279948437, 0.01626614648165674, 0.015012383850973622, 0.013603567963072178, 0.012189757837366814, 0.010674529938407772, 0.009407142987148039, 0.008344525906195775, 0.007439054007672372, 0.0072034584519923735, 0.007775010970036668, 0.009047582903156274, 0.010731538882415681, 0.01253460028234948, 0.014333543563369548, 0.016070624592636203, 0.017817726146123574, 0.019557256660804743, 0.02116824086555951, 0.022529303997840977, 0.023628588936546305, 0.02391411988476377, 0.02359656311707365, 0.022355277074164143, 0.020961866673625245, 0.018393580144489934, 0.015660552711922182, 0.013874328661167971, 0.01254026736778108, 0.011812131260623127, 0.010800298354986543, 0.00961805971638548, 0.008471507575266851, 0.007656757785702683, 0.006719580941926242, 0.0056999472982024405, 0.005125787188458596, 0.00504686530895439, 0.005697178935649704, 0.006245540782853768, 0.0070976650798796875, 0.007900543705723831, 0.008755370167568399, 0.009807746909975117, 0.011209592216881203, 0.01276960312030194, 0.014467251258771754, 0.015865855510978952, 0.01751794577394112, 0.01978728846519214, 0.022540086452385207, 0.024859037758439572, 0.02589623397823137, 0.02611181133516041, 0.026565850619759173, 0.0272557734372972, 0.02776644526036269, 0.02799937699621002, 0.02818388188652303, 0.02806005928616626, 0.028083982827741123, 0.02781538632605852, 0.027763976455106594, 0.028120518002563644, 0.028688559534023904, 0.029389365084960088, 0.030059907204608147, 0.03052096911154336, 0.031053468449087778, 0.03142000488428638, 0.03173833045042581, 0.031892653890475096, 0.03198060527161537, 0.031944507243272385, 0.03180892531117334, 0.03180195743523648, 0.03175983113429147, 0.03185651864929952, 0.032146459060636644, 0.032526908876218445, 0.033087790299913135, 0.03370146462957083, 0.0342847740780508, 0.0344768243549477, 0.03441738754137779, 0.034008301029805295]",0.03631257033147624,0.01714607389196443,0.02974723968312054,0.020825573108881945,0.0,0.0,0.0036071332388104005,0.01714607389196443,0.02974723968312054,0.020825573108881945,0.696,1717635301.398759,2024-06-06_10-55-01
0.5059,-0.1284,0.45434813844551003,0.488498142897697,-0.15862216526322853,0.43368064485074986,0.5059,-0.1284,0.4588422865125257,0.488498142897697,-0.15862216526322853,0.43368064485074986,0.03661317474198803,"[0.011315756658919754, 0.012192407496521018, 0.01288995615295488, 0.01359963525141729, 0.014321891165186378, 0.015181047888625853, 0.01592941522152252, 0.01673874496494045, 0.01751440457689525, 0.01835087734908702, 0.019202544572813795, 0.020070622325609303, 0.02095627718778323, 0.02186061264947246, 0.022737260153569413, 0.023681097053535004, 0.024646250751560458, 0.025633386418693636, 0.02659237614956749, 0.027623542314219474, 0.0286250346734827, 0.029647102596467904, 0.03056454213255984, 0.031680305841655834, 0.03263530150735364, 0.033606764937046466, 0.034593095597664145, 0.03536350794006898, 0.035930760474075646, 0.03631257033147624, 0.03661317474198803, 0.03688385713543919, 0.03738127616234113, 0.037934719347479336, 0.03858163380471939, 0.03921882339006296, 0.03999131852533767, 0.04074980907886149, 0.04127472956039594, 0.04151563832077664, 0.04151964454301027, 0.04123464219442919, 0.04096829512038153, 0.04056460486818273, 0.04028281736824196, 0.04000166841569801, 0.03919762289117317, 0.037812479337396496, 0.03622310391275238, 0.03453579653228067, 0.0330206041779641, 0.031565009966306234, 0.03054064037737075, 0.029904305612678588, 0.029394155816597912, 0.028896840658953926, 0.02825322628704274, 0.027685220830545497, 0.02666364029859006, 0.025486033827772144, 0.02414387260068274, 0.023028867611909868, 0.022681878550084772, 0.02299235797660897, 0.02387546679328945, 0.024738332374206702, 0.025547718436096926, 0.026640938816603423, 0.02759836215880636, 0.028240938725365098, 0.028199955208514017, 0.028168175430310402, 0.02767018559717724, 0.027414861073674215, 0.027239233260695786, 0.0274939869379551, 0.027874761581110984, 0.02868161073982207, 0.029514734605865275, 0.030345172291974937, 0.031248268714928727, 0.032298002681611045, 0.033509628354587276, 0.0348066615601669, 0.03569061118903811, 0.03631377821401384, 0.03654105211474412, 0.03646788532881584, 0.03572808397059345, 0.03427781350345514, 0.03309813106562172, 0.031639416134799855, 0.02970329439236902, 0.027599049067936567, 0.02603054913364457, 0.024090316372098155, 0.02220132238001286, 0.02051452966091278, 0.019044426362309692, 0.017805605247084858, 0.01643252777018217, 0.01523003850809785, 0.01424180324883461, 0.013706552220618947, 0.0130880570946912, 0.012988920737072255, 0.013178248200839212, 0.013386796436950147, 0.01359897371732897, 0.01439195864266014, 0.015495810506657983, 0.016686507754200334, 0.01807173050136072, 0.019341411872889052, 0.020370802976522343, 0.0213787239197115, 0.02262888584538598, 0.02401686851684336, 0.025523335513576738, 0.026670410326906566, 0.02758824337325398, 0.02810647098585074, 0.028219175888028712, 0.02804128716256827, 0.027840212128430745, 0.02799079668741686, 0.027988272685847155, 0.02831306909632167, 0.028434723397990712, 0.0285549391753426, 0.02832607944879636, 0.02800347501499142, 0.027460301198426997, 0.02681840364884072, 0.026203190519756815, 0.02552364346313934, 0.024940794741503684, 0.024553643852497812, 0.024009602077058226, 0.023587486328410737, 0.023053226444370627, 0.02237349941244249, 0.021247392964358097, 0.01948489409103017, 0.01759577829009665, 0.015969918059865678, 0.014849832783247986, 0.014164911869984548, 0.013546042864334782, 0.01328357500957488, 0.012905521640083246, 0.012806686101790404, 0.01256569256360443, 0.01270015008783326, 0.013333718053885597, 0.014364706842779438, 0.015230812921928084, 0.016214173123414017, 0.017422309714956504, 0.01848297873673576, 0.019690103784110968, 0.02062988015396428, 0.021304326954883004, 0.021542023987470748, 0.021445001132587415, 0.02128479356968176, 0.021154257299581803, 0.020548768777841446, 0.020419411659703072, 0.020346908766621045, 0.02018386842926173, 0.020060715556614095, 0.019970155121820186, 0.019905412966441507, 0.019860328269953802, 0.019689549628068632, 0.019110038324468673, 0.018401772510693467, 0.01773443768827515, 0.01691379473734185, 0.0163889904882787, 0.015891976533507178, 0.015695148472402557, 0.015634975895130635, 0.01548249397414641, 0.015250362203767827, 0.01446715870868431, 0.013690714184349355, 0.013111437378948002, 0.01280400987898366, 0.012789088065484542, 0.012885508256999974, 0.012645414791893052, 0.012533763320360268, 0.01300792748125149, 0.014045480441271196, 0.015593406388961941, 0.017496649938682926, 0.01947963017829757, 0.021814960986639112, 0.0244888991790445, 0.027455202671237973, 0.030462142682767764, 0.03347516022004274, 0.03632355277573078, 0.03911728575744543, 0.041489125175428104, 0.043617926344794986, 0.04507509866910146, 0.045973158335007626, 0.046666313335408376, 0.047747911364257295, 0.04910015737076979, 0.051170936172887156, 0.05323921785426519, 0.05484930583024696, 0.05598397968583077, 0.056516639752925084, 0.05678375349578094, 0.05655312215346535, 0.05709318659280136, 0.05753330561326649, 0.05822424761198231, 0.05856641837777238, 0.058663546697002605, 0.05829520111627496, 0.058019458378357286, 0.05786276302771312, 0.057678835712609886, 0.05721489013034267, 0.05620972754199197, 0.05488023496470325, 0.05291870088860013, 0.05085359195424363, 0.04836971777146554, 0.045888993393773454, 0.04332790860019442, 0.040721243397433354, 0.03815348906679705, 0.03609755066086763, 0.03431153121207709, 0.03269994312791247, 0.03113246913067769, 0.029533434333839276, 0.02779284963423818, 0.02581340528028532, 0.023636664296078556, 0.021032966406022018, 0.018298152858289164, 0.015471223173718233, 0.012975006021594128, 0.011476514573927241, 0.011190786613452559, 0.012013514795745658, 0.013192708648177051, 0.0146026096239084, 0.016627808096549106, 0.019288816219412905, 0.022115031993867204, 0.024956066779425322, 0.027947127033299147, 0.030317719296220055, 0.03213024736687776, 0.033908117916643665, 0.035613155393420214, 0.03695858371541455, 0.0370883147011733, 0.035844860180821725, 0.03331269225961453, 0.030127822662769057, 0.026675716455458534, 0.02305094507263966, 0.019294584365168215, 0.016588874620184203, 0.013459760460278334, 0.010513659470637583, 0.008184205378854309, 0.005908681970234855, 0.003908372487361734, 0.002250880846271649, 0.001837561814419065, 0.003902446460586522, 0.00649131804032715, 0.008842266053540701, 0.011337576744963709, 0.013847821453172829, 0.016241515374979285, 0.018506880743639053, 0.020753891025054552, 0.022854281545735794, 0.025177910908837288, 0.027764777035113285, 0.0302577363231247, 0.032552204835272186, 0.033962244268502154, 0.03530995724171245, 0.036795414568091225, 0.03840706162943578, 0.039993850675796264, 0.04133645030179679, 0.04211247094820217, 0.04239213751353172, 0.042192499106345205, 0.04200269786908514, 0.041897190162155235, 0.041830932940717325, 0.04166737666619139, 0.04206882264734189, 0.0426127097658282, 0.042895687146734904, 0.04300135533202284, 0.04249799814293581, 0.041897582995049115, 0.04072077112408416, 0.03927976254850985, 0.037331499513228325, 0.035889992777759706, 0.03456359233645024, 0.033243529781910974, 0.03199033675126687, 0.03059935779738079, 0.029272240636492235, 0.027900707354997015, 0.02654938414970694, 0.02543173352052397, 0.024311103096379235, 0.023065212419431085, 0.021685454855791198, 0.02041159885695607, 0.019056064221564174, 0.017656707279948437, 0.01626614648165674, 0.015012383850973622, 0.013603567963072178, 0.012189757837366814, 0.010674529938407772, 0.009407142987148039, 0.008344525906195775, 0.007439054007672372, 0.0072034584519923735, 0.007775010970036668, 0.009047582903156274, 0.010731538882415681, 0.01253460028234948, 0.014333543563369548, 0.016070624592636203, 0.017817726146123574, 0.019557256660804743, 0.02116824086555951, 0.022529303997840977, 0.023628588936546305, 0.02391411988476377, 0.02359656311707365, 0.022355277074164143, 0.020961866673625245, 0.018393580144489934, 0.015660552711922182, 0.013874328661167971, 0.01254026736778108, 0.011812131260623127, 0.010800298354986543, 0.00961805971638548, 0.008471507575266851, 0.007656757785702683, 0.006719580941926242, 0.0056999472982024405, 0.005125787188458596, 0.00504686530895439, 0.005697178935649704, 0.006245540782853768, 0.0070976650798796875, 0.007900543705723831, 0.008755370167568399, 0.009807746909975117, 0.011209592216881203, 0.01276960312030194, 0.014467251258771754, 0.015865855510978952, 0.01751794577394112, 0.01978728846519214, 0.022540086452385207, 0.024859037758439572, 0.02589623397823137, 0.02611181133516041, 0.026565850619759173, 0.0272557734372972, 0.02776644526036269, 0.02799937699621002, 0.02818388188652303, 0.02806005928616626, 0.028083982827741123, 0.02781538632605852, 0.027763976455106594, 0.028120518002563644, 0.028688559534023904, 0.029389365084960088, 0.030059907204608147, 0.03052096911154336, 0.031053468449087778, 0.03142000488428638, 0.03173833045042581, 0.031892653890475096, 0.03198060527161537, 0.031944507243272385, 0.03180892531117334, 0.03180195743523648, 0.03175983113429147, 0.03185651864929952, 0.032146459060636644, 0.032526908876218445, 0.033087790299913135, 0.03370146462957083, 0.0342847740780508, 0.0344768243549477, 0.03441738754137779, 0.034008301029805295]",0.03661317474198803,0.01740185710230302,0.030222165263228545,0.020667493594760167,0.0,0.0,0.004494148067015646,0.01740185710230302,0.030222165263228545,0.020667493594760167,0.72,1717635301.422818,2024-06-06_10-55-01
0.5059,-0.12768,0.4553972258896162,0.4881183439076837,-0.1583301009351409,0.4348791794462249,0.5059,-0.12768,0.46080421632621243,0.4881183439076837,-0.1583301009351409,0.4348791794462249,0.03688385713543919,"[0.011315756658919754, 0.012192407496521018, 0.01288995615295488, 0.01359963525141729, 0.014321891165186378, 0.015181047888625853, 0.01592941522152252, 0.01673874496494045, 0.01751440457689525, 0.01835087734908702, 0.019202544572813795, 0.020070622325609303, 0.02095627718778323, 0.02186061264947246, 0.022737260153569413, 0.023681097053535004, 0.024646250751560458, 0.025633386418693636, 0.02659237614956749, 0.027623542314219474, 0.0286250346734827, 0.029647102596467904, 0.03056454213255984, 0.031680305841655834, 0.03263530150735364, 0.033606764937046466, 0.034593095597664145, 0.03536350794006898, 0.035930760474075646, 0.03631257033147624, 0.03661317474198803, 0.03688385713543919, 0.03738127616234113, 0.037934719347479336, 0.03858163380471939, 0.03921882339006296, 0.03999131852533767, 0.04074980907886149, 0.04127472956039594, 0.04151563832077664, 0.04151964454301027, 0.04123464219442919, 0.04096829512038153, 0.04056460486818273, 0.04028281736824196, 0.04000166841569801, 0.03919762289117317, 0.037812479337396496, 0.03622310391275238, 0.03453579653228067, 0.0330206041779641, 0.031565009966306234, 0.03054064037737075, 0.029904305612678588, 0.029394155816597912, 0.028896840658953926, 0.02825322628704274, 0.027685220830545497, 0.02666364029859006, 0.025486033827772144, 0.02414387260068274, 0.023028867611909868, 0.022681878550084772, 0.02299235797660897, 0.02387546679328945, 0.024738332374206702, 0.025547718436096926, 0.026640938816603423, 0.02759836215880636, 0.028240938725365098, 0.028199955208514017, 0.028168175430310402, 0.02767018559717724, 0.027414861073674215, 0.027239233260695786, 0.0274939869379551, 0.027874761581110984, 0.02868161073982207, 0.029514734605865275, 0.030345172291974937, 0.031248268714928727, 0.032298002681611045, 0.033509628354587276, 0.0348066615601669, 0.03569061118903811, 0.03631377821401384, 0.03654105211474412, 0.03646788532881584, 0.03572808397059345, 0.03427781350345514, 0.03309813106562172, 0.031639416134799855, 0.02970329439236902, 0.027599049067936567, 0.02603054913364457, 0.024090316372098155, 0.02220132238001286, 0.02051452966091278, 0.019044426362309692, 0.017805605247084858, 0.01643252777018217, 0.01523003850809785, 0.01424180324883461, 0.013706552220618947, 0.0130880570946912, 0.012988920737072255, 0.013178248200839212, 0.013386796436950147, 0.01359897371732897, 0.01439195864266014, 0.015495810506657983, 0.016686507754200334, 0.01807173050136072, 0.019341411872889052, 0.020370802976522343, 0.0213787239197115, 0.02262888584538598, 0.02401686851684336, 0.025523335513576738, 0.026670410326906566, 0.02758824337325398, 0.02810647098585074, 0.028219175888028712, 0.02804128716256827, 0.027840212128430745, 0.02799079668741686, 0.027988272685847155, 0.02831306909632167, 0.028434723397990712, 0.0285549391753426, 0.02832607944879636, 0.02800347501499142, 0.027460301198426997, 0.02681840364884072, 0.026203190519756815, 0.02552364346313934, 0.024940794741503684, 0.024553643852497812, 0.024009602077058226, 0.023587486328410737, 0.023053226444370627, 0.02237349941244249, 0.021247392964358097, 0.01948489409103017, 0.01759577829009665, 0.015969918059865678, 0.014849832783247986, 0.014164911869984548, 0.013546042864334782, 0.01328357500957488, 0.012905521640083246, 0.012806686101790404, 0.01256569256360443, 0.01270015008783326, 0.013333718053885597, 0.014364706842779438, 0.015230812921928084, 0.016214173123414017, 0.017422309714956504, 0.01848297873673576, 0.019690103784110968, 0.02062988015396428, 0.021304326954883004, 0.021542023987470748, 0.021445001132587415, 0.02128479356968176, 0.021154257299581803, 0.020548768777841446, 0.020419411659703072, 0.020346908766621045, 0.02018386842926173, 0.020060715556614095, 0.019970155121820186, 0.019905412966441507, 0.019860328269953802, 0.019689549628068632, 0.019110038324468673, 0.018401772510693467, 0.01773443768827515, 0.01691379473734185, 0.0163889904882787, 0.015891976533507178, 0.015695148472402557, 0.015634975895130635, 0.01548249397414641, 0.015250362203767827, 0.01446715870868431, 0.013690714184349355, 0.013111437378948002, 0.01280400987898366, 0.012789088065484542, 0.012885508256999974, 0.012645414791893052, 0.012533763320360268, 0.01300792748125149, 0.014045480441271196, 0.015593406388961941, 0.017496649938682926, 0.01947963017829757, 0.021814960986639112, 0.0244888991790445, 0.027455202671237973, 0.030462142682767764, 0.03347516022004274, 0.03632355277573078, 0.03911728575744543, 0.041489125175428104, 0.043617926344794986, 0.04507509866910146, 0.045973158335007626, 0.046666313335408376, 0.047747911364257295, 0.04910015737076979, 0.051170936172887156, 0.05323921785426519, 0.05484930583024696, 0.05598397968583077, 0.056516639752925084, 0.05678375349578094, 0.05655312215346535, 0.05709318659280136, 0.05753330561326649, 0.05822424761198231, 0.05856641837777238, 0.058663546697002605, 0.05829520111627496, 0.058019458378357286, 0.05786276302771312, 0.057678835712609886, 0.05721489013034267, 0.05620972754199197, 0.05488023496470325, 0.05291870088860013, 0.05085359195424363, 0.04836971777146554, 0.045888993393773454, 0.04332790860019442, 0.040721243397433354, 0.03815348906679705, 0.03609755066086763, 0.03431153121207709, 0.03269994312791247, 0.03113246913067769, 0.029533434333839276, 0.02779284963423818, 0.02581340528028532, 0.023636664296078556, 0.021032966406022018, 0.018298152858289164, 0.015471223173718233, 0.012975006021594128, 0.011476514573927241, 0.011190786613452559, 0.012013514795745658, 0.013192708648177051, 0.0146026096239084, 0.016627808096549106, 0.019288816219412905, 0.022115031993867204, 0.024956066779425322, 0.027947127033299147, 0.030317719296220055, 0.03213024736687776, 0.033908117916643665, 0.035613155393420214, 0.03695858371541455, 0.0370883147011733, 0.035844860180821725, 0.03331269225961453, 0.030127822662769057, 0.026675716455458534, 0.02305094507263966, 0.019294584365168215, 0.016588874620184203, 0.013459760460278334, 0.010513659470637583, 0.008184205378854309, 0.005908681970234855, 0.003908372487361734, 0.002250880846271649, 0.001837561814419065, 0.003902446460586522, 0.00649131804032715, 0.008842266053540701, 0.011337576744963709, 0.013847821453172829, 0.016241515374979285, 0.018506880743639053, 0.020753891025054552, 0.022854281545735794, 0.025177910908837288, 0.027764777035113285, 0.0302577363231247, 0.032552204835272186, 0.033962244268502154, 0.03530995724171245, 0.036795414568091225, 0.03840706162943578, 0.039993850675796264, 0.04133645030179679, 0.04211247094820217, 0.04239213751353172, 0.042192499106345205, 0.04200269786908514, 0.041897190162155235, 0.041830932940717325, 0.04166737666619139, 0.04206882264734189, 0.0426127097658282, 0.042895687146734904, 0.04300135533202284, 0.04249799814293581, 0.041897582995049115, 0.04072077112408416, 0.03927976254850985, 0.037331499513228325, 0.035889992777759706, 0.03456359233645024, 0.033243529781910974, 0.03199033675126687, 0.03059935779738079, 0.029272240636492235, 0.027900707354997015, 0.02654938414970694, 0.02543173352052397, 0.024311103096379235, 0.023065212419431085, 0.021685454855791198, 0.02041159885695607, 0.019056064221564174, 0.017656707279948437, 0.01626614648165674, 0.015012383850973622, 0.013603567963072178, 0.012189757837366814, 0.010674529938407772, 0.009407142987148039, 0.008344525906195775, 0.007439054007672372, 0.0072034584519923735, 0.007775010970036668, 0.009047582903156274, 0.010731538882415681, 0.01253460028234948, 0.014333543563369548, 0.016070624592636203, 0.017817726146123574, 0.019557256660804743, 0.02116824086555951, 0.022529303997840977, 0.023628588936546305, 0.02391411988476377, 0.02359656311707365, 0.022355277074164143, 0.020961866673625245, 0.018393580144489934, 0.015660552711922182, 0.013874328661167971, 0.01254026736778108, 0.011812131260623127, 0.010800298354986543, 0.00961805971638548, 0.008471507575266851, 0.007656757785702683, 0.006719580941926242, 0.0056999472982024405, 0.005125787188458596, 0.00504686530895439, 0.005697178935649704, 0.006245540782853768, 0.0070976650798796875, 0.007900543705723831, 0.008755370167568399, 0.009807746909975117, 0.011209592216881203, 0.01276960312030194, 0.014467251258771754, 0.015865855510978952, 0.01751794577394112, 0.01978728846519214, 0.022540086452385207, 0.024859037758439572, 0.02589623397823137, 0.02611181133516041, 0.026565850619759173, 0.0272557734372972, 0.02776644526036269, 0.02799937699621002, 0.02818388188652303, 0.02806005928616626, 0.028083982827741123, 0.02781538632605852, 0.027763976455106594, 0.028120518002563644, 0.028688559534023904, 0.029389365084960088, 0.030059907204608147, 0.03052096911154336, 0.031053468449087778, 0.03142000488428638, 0.03173833045042581, 0.031892653890475096, 0.03198060527161537, 0.031944507243272385, 0.03180892531117334, 0.03180195743523648, 0.03175983113429147, 0.03185651864929952, 0.032146459060636644, 0.032526908876218445, 0.033087790299913135, 0.03370146462957083, 0.0342847740780508, 0.0344768243549477, 0.03441738754137779, 0.034008301029805295]",0.03688385713543919,0.0177816560923163,0.030650100935140923,0.02051804644339128,0.0,0.0,0.0054069904365962596,0.0177816560923163,0.030650100935140923,0.02051804644339128,0.744,1717635301.4471984,2024-06-06_10-55-01
0.5059,-0.12696,0.4564440216272165,0.4877688955192441,-0.1580599005411466,0.4357038192690908,0.5059,-0.12696,0.46276385443339335,0.4877688955192441,-0.1580599005411466,0.4357038192690908,0.03738127616234113,"[0.011315756658919754, 0.012192407496521018, 0.01288995615295488, 0.01359963525141729, 0.014321891165186378, 0.015181047888625853, 0.01592941522152252, 0.01673874496494045, 0.01751440457689525, 0.01835087734908702, 0.019202544572813795, 0.020070622325609303, 0.02095627718778323, 0.02186061264947246, 0.022737260153569413, 0.023681097053535004, 0.024646250751560458, 0.025633386418693636, 0.02659237614956749, 0.027623542314219474, 0.0286250346734827, 0.029647102596467904, 0.03056454213255984, 0.031680305841655834, 0.03263530150735364, 0.033606764937046466, 0.034593095597664145, 0.03536350794006898, 0.035930760474075646, 0.03631257033147624, 0.03661317474198803, 0.03688385713543919, 0.03738127616234113, 0.037934719347479336, 0.03858163380471939, 0.03921882339006296, 0.03999131852533767, 0.04074980907886149, 0.04127472956039594, 0.04151563832077664, 0.04151964454301027, 0.04123464219442919, 0.04096829512038153, 0.04056460486818273, 0.04028281736824196, 0.04000166841569801, 0.03919762289117317, 0.037812479337396496, 0.03622310391275238, 0.03453579653228067, 0.0330206041779641, 0.031565009966306234, 0.03054064037737075, 0.029904305612678588, 0.029394155816597912, 0.028896840658953926, 0.02825322628704274, 0.027685220830545497, 0.02666364029859006, 0.025486033827772144, 0.02414387260068274, 0.023028867611909868, 0.022681878550084772, 0.02299235797660897, 0.02387546679328945, 0.024738332374206702, 0.025547718436096926, 0.026640938816603423, 0.02759836215880636, 0.028240938725365098, 0.028199955208514017, 0.028168175430310402, 0.02767018559717724, 0.027414861073674215, 0.027239233260695786, 0.0274939869379551, 0.027874761581110984, 0.02868161073982207, 0.029514734605865275, 0.030345172291974937, 0.031248268714928727, 0.032298002681611045, 0.033509628354587276, 0.0348066615601669, 0.03569061118903811, 0.03631377821401384, 0.03654105211474412, 0.03646788532881584, 0.03572808397059345, 0.03427781350345514, 0.03309813106562172, 0.031639416134799855, 0.02970329439236902, 0.027599049067936567, 0.02603054913364457, 0.024090316372098155, 0.02220132238001286, 0.02051452966091278, 0.019044426362309692, 0.017805605247084858, 0.01643252777018217, 0.01523003850809785, 0.01424180324883461, 0.013706552220618947, 0.0130880570946912, 0.012988920737072255, 0.013178248200839212, 0.013386796436950147, 0.01359897371732897, 0.01439195864266014, 0.015495810506657983, 0.016686507754200334, 0.01807173050136072, 0.019341411872889052, 0.020370802976522343, 0.0213787239197115, 0.02262888584538598, 0.02401686851684336, 0.025523335513576738, 0.026670410326906566, 0.02758824337325398, 0.02810647098585074, 0.028219175888028712, 0.02804128716256827, 0.027840212128430745, 0.02799079668741686, 0.027988272685847155, 0.02831306909632167, 0.028434723397990712, 0.0285549391753426, 0.02832607944879636, 0.02800347501499142, 0.027460301198426997, 0.02681840364884072, 0.026203190519756815, 0.02552364346313934, 0.024940794741503684, 0.024553643852497812, 0.024009602077058226, 0.023587486328410737, 0.023053226444370627, 0.02237349941244249, 0.021247392964358097, 0.01948489409103017, 0.01759577829009665, 0.015969918059865678, 0.014849832783247986, 0.014164911869984548, 0.013546042864334782, 0.01328357500957488, 0.012905521640083246, 0.012806686101790404, 0.01256569256360443, 0.01270015008783326, 0.013333718053885597, 0.014364706842779438, 0.015230812921928084, 0.016214173123414017, 0.017422309714956504, 0.01848297873673576, 0.019690103784110968, 0.02062988015396428, 0.021304326954883004, 0.021542023987470748, 0.021445001132587415, 0.02128479356968176, 0.021154257299581803, 0.020548768777841446, 0.020419411659703072, 0.020346908766621045, 0.02018386842926173, 0.020060715556614095, 0.019970155121820186, 0.019905412966441507, 0.019860328269953802, 0.019689549628068632, 0.019110038324468673, 0.018401772510693467, 0.01773443768827515, 0.01691379473734185, 0.0163889904882787, 0.015891976533507178, 0.015695148472402557, 0.015634975895130635, 0.01548249397414641, 0.015250362203767827, 0.01446715870868431, 0.013690714184349355, 0.013111437378948002, 0.01280400987898366, 0.012789088065484542, 0.012885508256999974, 0.012645414791893052, 0.012533763320360268, 0.01300792748125149, 0.014045480441271196, 0.015593406388961941, 0.017496649938682926, 0.01947963017829757, 0.021814960986639112, 0.0244888991790445, 0.027455202671237973, 0.030462142682767764, 0.03347516022004274, 0.03632355277573078, 0.03911728575744543, 0.041489125175428104, 0.043617926344794986, 0.04507509866910146, 0.045973158335007626, 0.046666313335408376, 0.047747911364257295, 0.04910015737076979, 0.051170936172887156, 0.05323921785426519, 0.05484930583024696, 0.05598397968583077, 0.056516639752925084, 0.05678375349578094, 0.05655312215346535, 0.05709318659280136, 0.05753330561326649, 0.05822424761198231, 0.05856641837777238, 0.058663546697002605, 0.05829520111627496, 0.058019458378357286, 0.05786276302771312, 0.057678835712609886, 0.05721489013034267, 0.05620972754199197, 0.05488023496470325, 0.05291870088860013, 0.05085359195424363, 0.04836971777146554, 0.045888993393773454, 0.04332790860019442, 0.040721243397433354, 0.03815348906679705, 0.03609755066086763, 0.03431153121207709, 0.03269994312791247, 0.03113246913067769, 0.029533434333839276, 0.02779284963423818, 0.02581340528028532, 0.023636664296078556, 0.021032966406022018, 0.018298152858289164, 0.015471223173718233, 0.012975006021594128, 0.011476514573927241, 0.011190786613452559, 0.012013514795745658, 0.013192708648177051, 0.0146026096239084, 0.016627808096549106, 0.019288816219412905, 0.022115031993867204, 0.024956066779425322, 0.027947127033299147, 0.030317719296220055, 0.03213024736687776, 0.033908117916643665, 0.035613155393420214, 0.03695858371541455, 0.0370883147011733, 0.035844860180821725, 0.03331269225961453, 0.030127822662769057, 0.026675716455458534, 0.02305094507263966, 0.019294584365168215, 0.016588874620184203, 0.013459760460278334, 0.010513659470637583, 0.008184205378854309, 0.005908681970234855, 0.003908372487361734, 0.002250880846271649, 0.001837561814419065, 0.003902446460586522, 0.00649131804032715, 0.008842266053540701, 0.011337576744963709, 0.013847821453172829, 0.016241515374979285, 0.018506880743639053, 0.020753891025054552, 0.022854281545735794, 0.025177910908837288, 0.027764777035113285, 0.0302577363231247, 0.032552204835272186, 0.033962244268502154, 0.03530995724171245, 0.036795414568091225, 0.03840706162943578, 0.039993850675796264, 0.04133645030179679, 0.04211247094820217, 0.04239213751353172, 0.042192499106345205, 0.04200269786908514, 0.041897190162155235, 0.041830932940717325, 0.04166737666619139, 0.04206882264734189, 0.0426127097658282, 0.042895687146734904, 0.04300135533202284, 0.04249799814293581, 0.041897582995049115, 0.04072077112408416, 0.03927976254850985, 0.037331499513228325, 0.035889992777759706, 0.03456359233645024, 0.033243529781910974, 0.03199033675126687, 0.03059935779738079, 0.029272240636492235, 0.027900707354997015, 0.02654938414970694, 0.02543173352052397, 0.024311103096379235, 0.023065212419431085, 0.021685454855791198, 0.02041159885695607, 0.019056064221564174, 0.017656707279948437, 0.01626614648165674, 0.015012383850973622, 0.013603567963072178, 0.012189757837366814, 0.010674529938407772, 0.009407142987148039, 0.008344525906195775, 0.007439054007672372, 0.0072034584519923735, 0.007775010970036668, 0.009047582903156274, 0.010731538882415681, 0.01253460028234948, 0.014333543563369548, 0.016070624592636203, 0.017817726146123574, 0.019557256660804743, 0.02116824086555951, 0.022529303997840977, 0.023628588936546305, 0.02391411988476377, 0.02359656311707365, 0.022355277074164143, 0.020961866673625245, 0.018393580144489934, 0.015660552711922182, 0.013874328661167971, 0.01254026736778108, 0.011812131260623127, 0.010800298354986543, 0.00961805971638548, 0.008471507575266851, 0.007656757785702683, 0.006719580941926242, 0.0056999472982024405, 0.005125787188458596, 0.00504686530895439, 0.005697178935649704, 0.006245540782853768, 0.0070976650798796875, 0.007900543705723831, 0.008755370167568399, 0.009807746909975117, 0.011209592216881203, 0.01276960312030194, 0.014467251258771754, 0.015865855510978952, 0.01751794577394112, 0.01978728846519214, 0.022540086452385207, 0.024859037758439572, 0.02589623397823137, 0.02611181133516041, 0.026565850619759173, 0.0272557734372972, 0.02776644526036269, 0.02799937699621002, 0.02818388188652303, 0.02806005928616626, 0.028083982827741123, 0.02781538632605852, 0.027763976455106594, 0.028120518002563644, 0.028688559534023904, 0.029389365084960088, 0.030059907204608147, 0.03052096911154336, 0.031053468449087778, 0.03142000488428638, 0.03173833045042581, 0.031892653890475096, 0.03198060527161537, 0.031944507243272385, 0.03180892531117334, 0.03180195743523648, 0.03175983113429147, 0.03185651864929952, 0.032146459060636644, 0.032526908876218445, 0.033087790299913135, 0.03370146462957083, 0.0342847740780508, 0.0344768243549477, 0.03441738754137779, 0.034008301029805295]",0.03738127616234113,0.018131104480755944,0.031099900541146613,0.02074020235812568,0.0,0.0,0.006319832806176873,0.018131104480755944,0.031099900541146613,0.02074020235812568,0.7679999999999999,1717635301.471228,2024-06-06_10-55-01
0.5059,-0.12624,0.4574834544948344,0.48734713983176825,-0.1579845754573349,0.43671509247455,0.5059,-0.12624,0.46471612967059184,0.48734713983176825,-0.1579845754573349,0.43671509247455,0.037934719347479336,"[0.011315756658919754, 0.012192407496521018, 0.01288995615295488, 0.01359963525141729, 0.014321891165186378, 0.015181047888625853, 0.01592941522152252, 0.01673874496494045, 0.01751440457689525, 0.01835087734908702, 0.019202544572813795, 0.020070622325609303, 0.02095627718778323, 0.02186061264947246, 0.022737260153569413, 0.023681097053535004, 0.024646250751560458, 0.025633386418693636, 0.02659237614956749, 0.027623542314219474, 0.0286250346734827, 0.029647102596467904, 0.03056454213255984, 0.031680305841655834, 0.03263530150735364, 0.033606764937046466, 0.034593095597664145, 0.03536350794006898, 0.035930760474075646, 0.03631257033147624, 0.03661317474198803, 0.03688385713543919, 0.03738127616234113, 0.037934719347479336, 0.03858163380471939, 0.03921882339006296, 0.03999131852533767, 0.04074980907886149, 0.04127472956039594, 0.04151563832077664, 0.04151964454301027, 0.04123464219442919, 0.04096829512038153, 0.04056460486818273, 0.04028281736824196, 0.04000166841569801, 0.03919762289117317, 0.037812479337396496, 0.03622310391275238, 0.03453579653228067, 0.0330206041779641, 0.031565009966306234, 0.03054064037737075, 0.029904305612678588, 0.029394155816597912, 0.028896840658953926, 0.02825322628704274, 0.027685220830545497, 0.02666364029859006, 0.025486033827772144, 0.02414387260068274, 0.023028867611909868, 0.022681878550084772, 0.02299235797660897, 0.02387546679328945, 0.024738332374206702, 0.025547718436096926, 0.026640938816603423, 0.02759836215880636, 0.028240938725365098, 0.028199955208514017, 0.028168175430310402, 0.02767018559717724, 0.027414861073674215, 0.027239233260695786, 0.0274939869379551, 0.027874761581110984, 0.02868161073982207, 0.029514734605865275, 0.030345172291974937, 0.031248268714928727, 0.032298002681611045, 0.033509628354587276, 0.0348066615601669, 0.03569061118903811, 0.03631377821401384, 0.03654105211474412, 0.03646788532881584, 0.03572808397059345, 0.03427781350345514, 0.03309813106562172, 0.031639416134799855, 0.02970329439236902, 0.027599049067936567, 0.02603054913364457, 0.024090316372098155, 0.02220132238001286, 0.02051452966091278, 0.019044426362309692, 0.017805605247084858, 0.01643252777018217, 0.01523003850809785, 0.01424180324883461, 0.013706552220618947, 0.0130880570946912, 0.012988920737072255, 0.013178248200839212, 0.013386796436950147, 0.01359897371732897, 0.01439195864266014, 0.015495810506657983, 0.016686507754200334, 0.01807173050136072, 0.019341411872889052, 0.020370802976522343, 0.0213787239197115, 0.02262888584538598, 0.02401686851684336, 0.025523335513576738, 0.026670410326906566, 0.02758824337325398, 0.02810647098585074, 0.028219175888028712, 0.02804128716256827, 0.027840212128430745, 0.02799079668741686, 0.027988272685847155, 0.02831306909632167, 0.028434723397990712, 0.0285549391753426, 0.02832607944879636, 0.02800347501499142, 0.027460301198426997, 0.02681840364884072, 0.026203190519756815, 0.02552364346313934, 0.024940794741503684, 0.024553643852497812, 0.024009602077058226, 0.023587486328410737, 0.023053226444370627, 0.02237349941244249, 0.021247392964358097, 0.01948489409103017, 0.01759577829009665, 0.015969918059865678, 0.014849832783247986, 0.014164911869984548, 0.013546042864334782, 0.01328357500957488, 0.012905521640083246, 0.012806686101790404, 0.01256569256360443, 0.01270015008783326, 0.013333718053885597, 0.014364706842779438, 0.015230812921928084, 0.016214173123414017, 0.017422309714956504, 0.01848297873673576, 0.019690103784110968, 0.02062988015396428, 0.021304326954883004, 0.021542023987470748, 0.021445001132587415, 0.02128479356968176, 0.021154257299581803, 0.020548768777841446, 0.020419411659703072, 0.020346908766621045, 0.02018386842926173, 0.020060715556614095, 0.019970155121820186, 0.019905412966441507, 0.019860328269953802, 0.019689549628068632, 0.019110038324468673, 0.018401772510693467, 0.01773443768827515, 0.01691379473734185, 0.0163889904882787, 0.015891976533507178, 0.015695148472402557, 0.015634975895130635, 0.01548249397414641, 0.015250362203767827, 0.01446715870868431, 0.013690714184349355, 0.013111437378948002, 0.01280400987898366, 0.012789088065484542, 0.012885508256999974, 0.012645414791893052, 0.012533763320360268, 0.01300792748125149, 0.014045480441271196, 0.015593406388961941, 0.017496649938682926, 0.01947963017829757, 0.021814960986639112, 0.0244888991790445, 0.027455202671237973, 0.030462142682767764, 0.03347516022004274, 0.03632355277573078, 0.03911728575744543, 0.041489125175428104, 0.043617926344794986, 0.04507509866910146, 0.045973158335007626, 0.046666313335408376, 0.047747911364257295, 0.04910015737076979, 0.051170936172887156, 0.05323921785426519, 0.05484930583024696, 0.05598397968583077, 0.056516639752925084, 0.05678375349578094, 0.05655312215346535, 0.05709318659280136, 0.05753330561326649, 0.05822424761198231, 0.05856641837777238, 0.058663546697002605, 0.05829520111627496, 0.058019458378357286, 0.05786276302771312, 0.057678835712609886, 0.05721489013034267, 0.05620972754199197, 0.05488023496470325, 0.05291870088860013, 0.05085359195424363, 0.04836971777146554, 0.045888993393773454, 0.04332790860019442, 0.040721243397433354, 0.03815348906679705, 0.03609755066086763, 0.03431153121207709, 0.03269994312791247, 0.03113246913067769, 0.029533434333839276, 0.02779284963423818, 0.02581340528028532, 0.023636664296078556, 0.021032966406022018, 0.018298152858289164, 0.015471223173718233, 0.012975006021594128, 0.011476514573927241, 0.011190786613452559, 0.012013514795745658, 0.013192708648177051, 0.0146026096239084, 0.016627808096549106, 0.019288816219412905, 0.022115031993867204, 0.024956066779425322, 0.027947127033299147, 0.030317719296220055, 0.03213024736687776, 0.033908117916643665, 0.035613155393420214, 0.03695858371541455, 0.0370883147011733, 0.035844860180821725, 0.03331269225961453, 0.030127822662769057, 0.026675716455458534, 0.02305094507263966, 0.019294584365168215, 0.016588874620184203, 0.013459760460278334, 0.010513659470637583, 0.008184205378854309, 0.005908681970234855, 0.003908372487361734, 0.002250880846271649, 0.001837561814419065, 0.003902446460586522, 0.00649131804032715, 0.008842266053540701, 0.011337576744963709, 0.013847821453172829, 0.016241515374979285, 0.018506880743639053, 0.020753891025054552, 0.022854281545735794, 0.025177910908837288, 0.027764777035113285, 0.0302577363231247, 0.032552204835272186, 0.033962244268502154, 0.03530995724171245, 0.036795414568091225, 0.03840706162943578, 0.039993850675796264, 0.04133645030179679, 0.04211247094820217, 0.04239213751353172, 0.042192499106345205, 0.04200269786908514, 0.041897190162155235, 0.041830932940717325, 0.04166737666619139, 0.04206882264734189, 0.0426127097658282, 0.042895687146734904, 0.04300135533202284, 0.04249799814293581, 0.041897582995049115, 0.04072077112408416, 0.03927976254850985, 0.037331499513228325, 0.035889992777759706, 0.03456359233645024, 0.033243529781910974, 0.03199033675126687, 0.03059935779738079, 0.029272240636492235, 0.027900707354997015, 0.02654938414970694, 0.02543173352052397, 0.024311103096379235, 0.023065212419431085, 0.021685454855791198, 0.02041159885695607, 0.019056064221564174, 0.017656707279948437, 0.01626614648165674, 0.015012383850973622, 0.013603567963072178, 0.012189757837366814, 0.010674529938407772, 0.009407142987148039, 0.008344525906195775, 0.007439054007672372, 0.0072034584519923735, 0.007775010970036668, 0.009047582903156274, 0.010731538882415681, 0.01253460028234948, 0.014333543563369548, 0.016070624592636203, 0.017817726146123574, 0.019557256660804743, 0.02116824086555951, 0.022529303997840977, 0.023628588936546305, 0.02391411988476377, 0.02359656311707365, 0.022355277074164143, 0.020961866673625245, 0.018393580144489934, 0.015660552711922182, 0.013874328661167971, 0.01254026736778108, 0.011812131260623127, 0.010800298354986543, 0.00961805971638548, 0.008471507575266851, 0.007656757785702683, 0.006719580941926242, 0.0056999472982024405, 0.005125787188458596, 0.00504686530895439, 0.005697178935649704, 0.006245540782853768, 0.0070976650798796875, 0.007900543705723831, 0.008755370167568399, 0.009807746909975117, 0.011209592216881203, 0.01276960312030194, 0.014467251258771754, 0.015865855510978952, 0.01751794577394112, 0.01978728846519214, 0.022540086452385207, 0.024859037758439572, 0.02589623397823137, 0.02611181133516041, 0.026565850619759173, 0.0272557734372972, 0.02776644526036269, 0.02799937699621002, 0.02818388188652303, 0.02806005928616626, 0.028083982827741123, 0.02781538632605852, 0.027763976455106594, 0.028120518002563644, 0.028688559534023904, 0.029389365084960088, 0.030059907204608147, 0.03052096911154336, 0.031053468449087778, 0.03142000488428638, 0.03173833045042581, 0.031892653890475096, 0.03198060527161537, 0.031944507243272385, 0.03180892531117334, 0.03180195743523648, 0.03175983113429147, 0.03185651864929952, 0.032146459060636644, 0.032526908876218445, 0.033087790299913135, 0.03370146462957083, 0.0342847740780508, 0.0344768243549477, 0.03441738754137779, 0.034008301029805295]",0.037934719347479336,0.018552860168231766,0.03174457545733492,0.020768362020284425,0.0,0.0,0.00723267517575743,0.018552860168231766,0.03174457545733492,0.020768362020284425,0.792,1717635301.4948506,2024-06-06_10-55-01
0.5059,-0.12552,0.4585102845380574,0.4870365943413342,-0.1578450560898998,0.437447682233824,0.5059,-0.12552,0.46670643471687295,0.4870365943413342,-0.1578450560898998,0.437447682233824,0.03858163380471939,"[0.011315756658919754, 0.012192407496521018, 0.01288995615295488, 0.01359963525141729, 0.014321891165186378, 0.015181047888625853, 0.01592941522152252, 0.01673874496494045, 0.01751440457689525, 0.01835087734908702, 0.019202544572813795, 0.020070622325609303, 0.02095627718778323, 0.02186061264947246, 0.022737260153569413, 0.023681097053535004, 0.024646250751560458, 0.025633386418693636, 0.02659237614956749, 0.027623542314219474, 0.0286250346734827, 0.029647102596467904, 0.03056454213255984, 0.031680305841655834, 0.03263530150735364, 0.033606764937046466, 0.034593095597664145, 0.03536350794006898, 0.035930760474075646, 0.03631257033147624, 0.03661317474198803, 0.03688385713543919, 0.03738127616234113, 0.037934719347479336, 0.03858163380471939, 0.03921882339006296, 0.03999131852533767, 0.04074980907886149, 0.04127472956039594, 0.04151563832077664, 0.04151964454301027, 0.04123464219442919, 0.04096829512038153, 0.04056460486818273, 0.04028281736824196, 0.04000166841569801, 0.03919762289117317, 0.037812479337396496, 0.03622310391275238, 0.03453579653228067, 0.0330206041779641, 0.031565009966306234, 0.03054064037737075, 0.029904305612678588, 0.029394155816597912, 0.028896840658953926, 0.02825322628704274, 0.027685220830545497, 0.02666364029859006, 0.025486033827772144, 0.02414387260068274, 0.023028867611909868, 0.022681878550084772, 0.02299235797660897, 0.02387546679328945, 0.024738332374206702, 0.025547718436096926, 0.026640938816603423, 0.02759836215880636, 0.028240938725365098, 0.028199955208514017, 0.028168175430310402, 0.02767018559717724, 0.027414861073674215, 0.027239233260695786, 0.0274939869379551, 0.027874761581110984, 0.02868161073982207, 0.029514734605865275, 0.030345172291974937, 0.031248268714928727, 0.032298002681611045, 0.033509628354587276, 0.0348066615601669, 0.03569061118903811, 0.03631377821401384, 0.03654105211474412, 0.03646788532881584, 0.03572808397059345, 0.03427781350345514, 0.03309813106562172, 0.031639416134799855, 0.02970329439236902, 0.027599049067936567, 0.02603054913364457, 0.024090316372098155, 0.02220132238001286, 0.02051452966091278, 0.019044426362309692, 0.017805605247084858, 0.01643252777018217, 0.01523003850809785, 0.01424180324883461, 0.013706552220618947, 0.0130880570946912, 0.012988920737072255, 0.013178248200839212, 0.013386796436950147, 0.01359897371732897, 0.01439195864266014, 0.015495810506657983, 0.016686507754200334, 0.01807173050136072, 0.019341411872889052, 0.020370802976522343, 0.0213787239197115, 0.02262888584538598, 0.02401686851684336, 0.025523335513576738, 0.026670410326906566, 0.02758824337325398, 0.02810647098585074, 0.028219175888028712, 0.02804128716256827, 0.027840212128430745, 0.02799079668741686, 0.027988272685847155, 0.02831306909632167, 0.028434723397990712, 0.0285549391753426, 0.02832607944879636, 0.02800347501499142, 0.027460301198426997, 0.02681840364884072, 0.026203190519756815, 0.02552364346313934, 0.024940794741503684, 0.024553643852497812, 0.024009602077058226, 0.023587486328410737, 0.023053226444370627, 0.02237349941244249, 0.021247392964358097, 0.01948489409103017, 0.01759577829009665, 0.015969918059865678, 0.014849832783247986, 0.014164911869984548, 0.013546042864334782, 0.01328357500957488, 0.012905521640083246, 0.012806686101790404, 0.01256569256360443, 0.01270015008783326, 0.013333718053885597, 0.014364706842779438, 0.015230812921928084, 0.016214173123414017, 0.017422309714956504, 0.01848297873673576, 0.019690103784110968, 0.02062988015396428, 0.021304326954883004, 0.021542023987470748, 0.021445001132587415, 0.02128479356968176, 0.021154257299581803, 0.020548768777841446, 0.020419411659703072, 0.020346908766621045, 0.02018386842926173, 0.020060715556614095, 0.019970155121820186, 0.019905412966441507, 0.019860328269953802, 0.019689549628068632, 0.019110038324468673, 0.018401772510693467, 0.01773443768827515, 0.01691379473734185, 0.0163889904882787, 0.015891976533507178, 0.015695148472402557, 0.015634975895130635, 0.01548249397414641, 0.015250362203767827, 0.01446715870868431, 0.013690714184349355, 0.013111437378948002, 0.01280400987898366, 0.012789088065484542, 0.012885508256999974, 0.012645414791893052, 0.012533763320360268, 0.01300792748125149, 0.014045480441271196, 0.015593406388961941, 0.017496649938682926, 0.01947963017829757, 0.021814960986639112, 0.0244888991790445, 0.027455202671237973, 0.030462142682767764, 0.03347516022004274, 0.03632355277573078, 0.03911728575744543, 0.041489125175428104, 0.043617926344794986, 0.04507509866910146, 0.045973158335007626, 0.046666313335408376, 0.047747911364257295, 0.04910015737076979, 0.051170936172887156, 0.05323921785426519, 0.05484930583024696, 0.05598397968583077, 0.056516639752925084, 0.05678375349578094, 0.05655312215346535, 0.05709318659280136, 0.05753330561326649, 0.05822424761198231, 0.05856641837777238, 0.058663546697002605, 0.05829520111627496, 0.058019458378357286, 0.05786276302771312, 0.057678835712609886, 0.05721489013034267, 0.05620972754199197, 0.05488023496470325, 0.05291870088860013, 0.05085359195424363, 0.04836971777146554, 0.045888993393773454, 0.04332790860019442, 0.040721243397433354, 0.03815348906679705, 0.03609755066086763, 0.03431153121207709, 0.03269994312791247, 0.03113246913067769, 0.029533434333839276, 0.02779284963423818, 0.02581340528028532, 0.023636664296078556, 0.021032966406022018, 0.018298152858289164, 0.015471223173718233, 0.012975006021594128, 0.011476514573927241, 0.011190786613452559, 0.012013514795745658, 0.013192708648177051, 0.0146026096239084, 0.016627808096549106, 0.019288816219412905, 0.022115031993867204, 0.024956066779425322, 0.027947127033299147, 0.030317719296220055, 0.03213024736687776, 0.033908117916643665, 0.035613155393420214, 0.03695858371541455, 0.0370883147011733, 0.035844860180821725, 0.03331269225961453, 0.030127822662769057, 0.026675716455458534, 0.02305094507263966, 0.019294584365168215, 0.016588874620184203, 0.013459760460278334, 0.010513659470637583, 0.008184205378854309, 0.005908681970234855, 0.003908372487361734, 0.002250880846271649, 0.001837561814419065, 0.003902446460586522, 0.00649131804032715, 0.008842266053540701, 0.011337576744963709, 0.013847821453172829, 0.016241515374979285, 0.018506880743639053, 0.020753891025054552, 0.022854281545735794, 0.025177910908837288, 0.027764777035113285, 0.0302577363231247, 0.032552204835272186, 0.033962244268502154, 0.03530995724171245, 0.036795414568091225, 0.03840706162943578, 0.039993850675796264, 0.04133645030179679, 0.04211247094820217, 0.04239213751353172, 0.042192499106345205, 0.04200269786908514, 0.041897190162155235, 0.041830932940717325, 0.04166737666619139, 0.04206882264734189, 0.0426127097658282, 0.042895687146734904, 0.04300135533202284, 0.04249799814293581, 0.041897582995049115, 0.04072077112408416, 0.03927976254850985, 0.037331499513228325, 0.035889992777759706, 0.03456359233645024, 0.033243529781910974, 0.03199033675126687, 0.03059935779738079, 0.029272240636492235, 0.027900707354997015, 0.02654938414970694, 0.02543173352052397, 0.024311103096379235, 0.023065212419431085, 0.021685454855791198, 0.02041159885695607, 0.019056064221564174, 0.017656707279948437, 0.01626614648165674, 0.015012383850973622, 0.013603567963072178, 0.012189757837366814, 0.010674529938407772, 0.009407142987148039, 0.008344525906195775, 0.007439054007672372, 0.0072034584519923735, 0.007775010970036668, 0.009047582903156274, 0.010731538882415681, 0.01253460028234948, 0.014333543563369548, 0.016070624592636203, 0.017817726146123574, 0.019557256660804743, 0.02116824086555951, 0.022529303997840977, 0.023628588936546305, 0.02391411988476377, 0.02359656311707365, 0.022355277074164143, 0.020961866673625245, 0.018393580144489934, 0.015660552711922182, 0.013874328661167971, 0.01254026736778108, 0.011812131260623127, 0.010800298354986543, 0.00961805971638548, 0.008471507575266851, 0.007656757785702683, 0.006719580941926242, 0.0056999472982024405, 0.005125787188458596, 0.00504686530895439, 0.005697178935649704, 0.006245540782853768, 0.0070976650798796875, 0.007900543705723831, 0.008755370167568399, 0.009807746909975117, 0.011209592216881203, 0.01276960312030194, 0.014467251258771754, 0.015865855510978952, 0.01751794577394112, 0.01978728846519214, 0.022540086452385207, 0.024859037758439572, 0.02589623397823137, 0.02611181133516041, 0.026565850619759173, 0.0272557734372972, 0.02776644526036269, 0.02799937699621002, 0.02818388188652303, 0.02806005928616626, 0.028083982827741123, 0.02781538632605852, 0.027763976455106594, 0.028120518002563644, 0.028688559534023904, 0.029389365084960088, 0.030059907204608147, 0.03052096911154336, 0.031053468449087778, 0.03142000488428638, 0.03173833045042581, 0.031892653890475096, 0.03198060527161537, 0.031944507243272385, 0.03180892531117334, 0.03180195743523648, 0.03175983113429147, 0.03185651864929952, 0.032146459060636644, 0.032526908876218445, 0.033087790299913135, 0.03370146462957083, 0.0342847740780508, 0.0344768243549477, 0.03441738754137779, 0.034008301029805295]",0.03858163380471939,0.018863405658665844,0.0323250560898998,0.021062602304233402,0.0,0.0,0.008196150178815531,0.018863405658665844,0.0323250560898998,0.021062602304233402,0.8160000000000001,1717635301.5187461,2024-06-06_10-55-01
0.5059,-0.1248,0.4595191347352292,0.4867248747934698,-0.15770479500607137,0.43817925250243867,0.5059,-0.1248,0.4687040762338417,0.4867248747934698,-0.15770479500607137,0.43817925250243867,0.03921882339006296,"[0.011315756658919754, 0.012192407496521018, 0.01288995615295488, 0.01359963525141729, 0.014321891165186378, 0.015181047888625853, 0.01592941522152252, 0.01673874496494045, 0.01751440457689525, 0.01835087734908702, 0.019202544572813795, 0.020070622325609303, 0.02095627718778323, 0.02186061264947246, 0.022737260153569413, 0.023681097053535004, 0.024646250751560458, 0.025633386418693636, 0.02659237614956749, 0.027623542314219474, 0.0286250346734827, 0.029647102596467904, 0.03056454213255984, 0.031680305841655834, 0.03263530150735364, 0.033606764937046466, 0.034593095597664145, 0.03536350794006898, 0.035930760474075646, 0.03631257033147624, 0.03661317474198803, 0.03688385713543919, 0.03738127616234113, 0.037934719347479336, 0.03858163380471939, 0.03921882339006296, 0.03999131852533767, 0.04074980907886149, 0.04127472956039594, 0.04151563832077664, 0.04151964454301027, 0.04123464219442919, 0.04096829512038153, 0.04056460486818273, 0.04028281736824196, 0.04000166841569801, 0.03919762289117317, 0.037812479337396496, 0.03622310391275238, 0.03453579653228067, 0.0330206041779641, 0.031565009966306234, 0.03054064037737075, 0.029904305612678588, 0.029394155816597912, 0.028896840658953926, 0.02825322628704274, 0.027685220830545497, 0.02666364029859006, 0.025486033827772144, 0.02414387260068274, 0.023028867611909868, 0.022681878550084772, 0.02299235797660897, 0.02387546679328945, 0.024738332374206702, 0.025547718436096926, 0.026640938816603423, 0.02759836215880636, 0.028240938725365098, 0.028199955208514017, 0.028168175430310402, 0.02767018559717724, 0.027414861073674215, 0.027239233260695786, 0.0274939869379551, 0.027874761581110984, 0.02868161073982207, 0.029514734605865275, 0.030345172291974937, 0.031248268714928727, 0.032298002681611045, 0.033509628354587276, 0.0348066615601669, 0.03569061118903811, 0.03631377821401384, 0.03654105211474412, 0.03646788532881584, 0.03572808397059345, 0.03427781350345514, 0.03309813106562172, 0.031639416134799855, 0.02970329439236902, 0.027599049067936567, 0.02603054913364457, 0.024090316372098155, 0.02220132238001286, 0.02051452966091278, 0.019044426362309692, 0.017805605247084858, 0.01643252777018217, 0.01523003850809785, 0.01424180324883461, 0.013706552220618947, 0.0130880570946912, 0.012988920737072255, 0.013178248200839212, 0.013386796436950147, 0.01359897371732897, 0.01439195864266014, 0.015495810506657983, 0.016686507754200334, 0.01807173050136072, 0.019341411872889052, 0.020370802976522343, 0.0213787239197115, 0.02262888584538598, 0.02401686851684336, 0.025523335513576738, 0.026670410326906566, 0.02758824337325398, 0.02810647098585074, 0.028219175888028712, 0.02804128716256827, 0.027840212128430745, 0.02799079668741686, 0.027988272685847155, 0.02831306909632167, 0.028434723397990712, 0.0285549391753426, 0.02832607944879636, 0.02800347501499142, 0.027460301198426997, 0.02681840364884072, 0.026203190519756815, 0.02552364346313934, 0.024940794741503684, 0.024553643852497812, 0.024009602077058226, 0.023587486328410737, 0.023053226444370627, 0.02237349941244249, 0.021247392964358097, 0.01948489409103017, 0.01759577829009665, 0.015969918059865678, 0.014849832783247986, 0.014164911869984548, 0.013546042864334782, 0.01328357500957488, 0.012905521640083246, 0.012806686101790404, 0.01256569256360443, 0.01270015008783326, 0.013333718053885597, 0.014364706842779438, 0.015230812921928084, 0.016214173123414017, 0.017422309714956504, 0.01848297873673576, 0.019690103784110968, 0.02062988015396428, 0.021304326954883004, 0.021542023987470748, 0.021445001132587415, 0.02128479356968176, 0.021154257299581803, 0.020548768777841446, 0.020419411659703072, 0.020346908766621045, 0.02018386842926173, 0.020060715556614095, 0.019970155121820186, 0.019905412966441507, 0.019860328269953802, 0.019689549628068632, 0.019110038324468673, 0.018401772510693467, 0.01773443768827515, 0.01691379473734185, 0.0163889904882787, 0.015891976533507178, 0.015695148472402557, 0.015634975895130635, 0.01548249397414641, 0.015250362203767827, 0.01446715870868431, 0.013690714184349355, 0.013111437378948002, 0.01280400987898366, 0.012789088065484542, 0.012885508256999974, 0.012645414791893052, 0.012533763320360268, 0.01300792748125149, 0.014045480441271196, 0.015593406388961941, 0.017496649938682926, 0.01947963017829757, 0.021814960986639112, 0.0244888991790445, 0.027455202671237973, 0.030462142682767764, 0.03347516022004274, 0.03632355277573078, 0.03911728575744543, 0.041489125175428104, 0.043617926344794986, 0.04507509866910146, 0.045973158335007626, 0.046666313335408376, 0.047747911364257295, 0.04910015737076979, 0.051170936172887156, 0.05323921785426519, 0.05484930583024696, 0.05598397968583077, 0.056516639752925084, 0.05678375349578094, 0.05655312215346535, 0.05709318659280136, 0.05753330561326649, 0.05822424761198231, 0.05856641837777238, 0.058663546697002605, 0.05829520111627496, 0.058019458378357286, 0.05786276302771312, 0.057678835712609886, 0.05721489013034267, 0.05620972754199197, 0.05488023496470325, 0.05291870088860013, 0.05085359195424363, 0.04836971777146554, 0.045888993393773454, 0.04332790860019442, 0.040721243397433354, 0.03815348906679705, 0.03609755066086763, 0.03431153121207709, 0.03269994312791247, 0.03113246913067769, 0.029533434333839276, 0.02779284963423818, 0.02581340528028532, 0.023636664296078556, 0.021032966406022018, 0.018298152858289164, 0.015471223173718233, 0.012975006021594128, 0.011476514573927241, 0.011190786613452559, 0.012013514795745658, 0.013192708648177051, 0.0146026096239084, 0.016627808096549106, 0.019288816219412905, 0.022115031993867204, 0.024956066779425322, 0.027947127033299147, 0.030317719296220055, 0.03213024736687776, 0.033908117916643665, 0.035613155393420214, 0.03695858371541455, 0.0370883147011733, 0.035844860180821725, 0.03331269225961453, 0.030127822662769057, 0.026675716455458534, 0.02305094507263966, 0.019294584365168215, 0.016588874620184203, 0.013459760460278334, 0.010513659470637583, 0.008184205378854309, 0.005908681970234855, 0.003908372487361734, 0.002250880846271649, 0.001837561814419065, 0.003902446460586522, 0.00649131804032715, 0.008842266053540701, 0.011337576744963709, 0.013847821453172829, 0.016241515374979285, 0.018506880743639053, 0.020753891025054552, 0.022854281545735794, 0.025177910908837288, 0.027764777035113285, 0.0302577363231247, 0.032552204835272186, 0.033962244268502154, 0.03530995724171245, 0.036795414568091225, 0.03840706162943578, 0.039993850675796264, 0.04133645030179679, 0.04211247094820217, 0.04239213751353172, 0.042192499106345205, 0.04200269786908514, 0.041897190162155235, 0.041830932940717325, 0.04166737666619139, 0.04206882264734189, 0.0426127097658282, 0.042895687146734904, 0.04300135533202284, 0.04249799814293581, 0.041897582995049115, 0.04072077112408416, 0.03927976254850985, 0.037331499513228325, 0.035889992777759706, 0.03456359233645024, 0.033243529781910974, 0.03199033675126687, 0.03059935779738079, 0.029272240636492235, 0.027900707354997015, 0.02654938414970694, 0.02543173352052397, 0.024311103096379235, 0.023065212419431085, 0.021685454855791198, 0.02041159885695607, 0.019056064221564174, 0.017656707279948437, 0.01626614648165674, 0.015012383850973622, 0.013603567963072178, 0.012189757837366814, 0.010674529938407772, 0.009407142987148039, 0.008344525906195775, 0.007439054007672372, 0.0072034584519923735, 0.007775010970036668, 0.009047582903156274, 0.010731538882415681, 0.01253460028234948, 0.014333543563369548, 0.016070624592636203, 0.017817726146123574, 0.019557256660804743, 0.02116824086555951, 0.022529303997840977, 0.023628588936546305, 0.02391411988476377, 0.02359656311707365, 0.022355277074164143, 0.020961866673625245, 0.018393580144489934, 0.015660552711922182, 0.013874328661167971, 0.01254026736778108, 0.011812131260623127, 0.010800298354986543, 0.00961805971638548, 0.008471507575266851, 0.007656757785702683, 0.006719580941926242, 0.0056999472982024405, 0.005125787188458596, 0.00504686530895439, 0.005697178935649704, 0.006245540782853768, 0.0070976650798796875, 0.007900543705723831, 0.008755370167568399, 0.009807746909975117, 0.011209592216881203, 0.01276960312030194, 0.014467251258771754, 0.015865855510978952, 0.01751794577394112, 0.01978728846519214, 0.022540086452385207, 0.024859037758439572, 0.02589623397823137, 0.02611181133516041, 0.026565850619759173, 0.0272557734372972, 0.02776644526036269, 0.02799937699621002, 0.02818388188652303, 0.02806005928616626, 0.028083982827741123, 0.02781538632605852, 0.027763976455106594, 0.028120518002563644, 0.028688559534023904, 0.029389365084960088, 0.030059907204608147, 0.03052096911154336, 0.031053468449087778, 0.03142000488428638, 0.03173833045042581, 0.031892653890475096, 0.03198060527161537, 0.031944507243272385, 0.03180892531117334, 0.03180195743523648, 0.03175983113429147, 0.03185651864929952, 0.032146459060636644, 0.032526908876218445, 0.033087790299913135, 0.03370146462957083, 0.0342847740780508, 0.0344768243549477, 0.03441738754137779, 0.034008301029805295]",0.03921882339006296,0.019175125206530197,0.03290479500607138,0.02133988223279054,0.0,0.0,0.009184941498612487,0.019175125206530197,0.03290479500607138,0.02133988223279054,0.8400000000000001,1717635301.543102,2024-06-06_10-55-01
0.5059,-0.12408,0.46050452406033837,0.4865828602956357,-0.1574703744550196,0.4384956973958251,0.5059,-0.12408,0.4706782568787477,0.4865828602956357,-0.1574703744550196,0.4384956973958251,0.03999131852533767,"[0.011315756658919754, 0.012192407496521018, 0.01288995615295488, 0.01359963525141729, 0.014321891165186378, 0.015181047888625853, 0.01592941522152252, 0.01673874496494045, 0.01751440457689525, 0.01835087734908702, 0.019202544572813795, 0.020070622325609303, 0.02095627718778323, 0.02186061264947246, 0.022737260153569413, 0.023681097053535004, 0.024646250751560458, 0.025633386418693636, 0.02659237614956749, 0.027623542314219474, 0.0286250346734827, 0.029647102596467904, 0.03056454213255984, 0.031680305841655834, 0.03263530150735364, 0.033606764937046466, 0.034593095597664145, 0.03536350794006898, 0.035930760474075646, 0.03631257033147624, 0.03661317474198803, 0.03688385713543919, 0.03738127616234113, 0.037934719347479336, 0.03858163380471939, 0.03921882339006296, 0.03999131852533767, 0.04074980907886149, 0.04127472956039594, 0.04151563832077664, 0.04151964454301027, 0.04123464219442919, 0.04096829512038153, 0.04056460486818273, 0.04028281736824196, 0.04000166841569801, 0.03919762289117317, 0.037812479337396496, 0.03622310391275238, 0.03453579653228067, 0.0330206041779641, 0.031565009966306234, 0.03054064037737075, 0.029904305612678588, 0.029394155816597912, 0.028896840658953926, 0.02825322628704274, 0.027685220830545497, 0.02666364029859006, 0.025486033827772144, 0.02414387260068274, 0.023028867611909868, 0.022681878550084772, 0.02299235797660897, 0.02387546679328945, 0.024738332374206702, 0.025547718436096926, 0.026640938816603423, 0.02759836215880636, 0.028240938725365098, 0.028199955208514017, 0.028168175430310402, 0.02767018559717724, 0.027414861073674215, 0.027239233260695786, 0.0274939869379551, 0.027874761581110984, 0.02868161073982207, 0.029514734605865275, 0.030345172291974937, 0.031248268714928727, 0.032298002681611045, 0.033509628354587276, 0.0348066615601669, 0.03569061118903811, 0.03631377821401384, 0.03654105211474412, 0.03646788532881584, 0.03572808397059345, 0.03427781350345514, 0.03309813106562172, 0.031639416134799855, 0.02970329439236902, 0.027599049067936567, 0.02603054913364457, 0.024090316372098155, 0.02220132238001286, 0.02051452966091278, 0.019044426362309692, 0.017805605247084858, 0.01643252777018217, 0.01523003850809785, 0.01424180324883461, 0.013706552220618947, 0.0130880570946912, 0.012988920737072255, 0.013178248200839212, 0.013386796436950147, 0.01359897371732897, 0.01439195864266014, 0.015495810506657983, 0.016686507754200334, 0.01807173050136072, 0.019341411872889052, 0.020370802976522343, 0.0213787239197115, 0.02262888584538598, 0.02401686851684336, 0.025523335513576738, 0.026670410326906566, 0.02758824337325398, 0.02810647098585074, 0.028219175888028712, 0.02804128716256827, 0.027840212128430745, 0.02799079668741686, 0.027988272685847155, 0.02831306909632167, 0.028434723397990712, 0.0285549391753426, 0.02832607944879636, 0.02800347501499142, 0.027460301198426997, 0.02681840364884072, 0.026203190519756815, 0.02552364346313934, 0.024940794741503684, 0.024553643852497812, 0.024009602077058226, 0.023587486328410737, 0.023053226444370627, 0.02237349941244249, 0.021247392964358097, 0.01948489409103017, 0.01759577829009665, 0.015969918059865678, 0.014849832783247986, 0.014164911869984548, 0.013546042864334782, 0.01328357500957488, 0.012905521640083246, 0.012806686101790404, 0.01256569256360443, 0.01270015008783326, 0.013333718053885597, 0.014364706842779438, 0.015230812921928084, 0.016214173123414017, 0.017422309714956504, 0.01848297873673576, 0.019690103784110968, 0.02062988015396428, 0.021304326954883004, 0.021542023987470748, 0.021445001132587415, 0.02128479356968176, 0.021154257299581803, 0.020548768777841446, 0.020419411659703072, 0.020346908766621045, 0.02018386842926173, 0.020060715556614095, 0.019970155121820186, 0.019905412966441507, 0.019860328269953802, 0.019689549628068632, 0.019110038324468673, 0.018401772510693467, 0.01773443768827515, 0.01691379473734185, 0.0163889904882787, 0.015891976533507178, 0.015695148472402557, 0.015634975895130635, 0.01548249397414641, 0.015250362203767827, 0.01446715870868431, 0.013690714184349355, 0.013111437378948002, 0.01280400987898366, 0.012789088065484542, 0.012885508256999974, 0.012645414791893052, 0.012533763320360268, 0.01300792748125149, 0.014045480441271196, 0.015593406388961941, 0.017496649938682926, 0.01947963017829757, 0.021814960986639112, 0.0244888991790445, 0.027455202671237973, 0.030462142682767764, 0.03347516022004274, 0.03632355277573078, 0.03911728575744543, 0.041489125175428104, 0.043617926344794986, 0.04507509866910146, 0.045973158335007626, 0.046666313335408376, 0.047747911364257295, 0.04910015737076979, 0.051170936172887156, 0.05323921785426519, 0.05484930583024696, 0.05598397968583077, 0.056516639752925084, 0.05678375349578094, 0.05655312215346535, 0.05709318659280136, 0.05753330561326649, 0.05822424761198231, 0.05856641837777238, 0.058663546697002605, 0.05829520111627496, 0.058019458378357286, 0.05786276302771312, 0.057678835712609886, 0.05721489013034267, 0.05620972754199197, 0.05488023496470325, 0.05291870088860013, 0.05085359195424363, 0.04836971777146554, 0.045888993393773454, 0.04332790860019442, 0.040721243397433354, 0.03815348906679705, 0.03609755066086763, 0.03431153121207709, 0.03269994312791247, 0.03113246913067769, 0.029533434333839276, 0.02779284963423818, 0.02581340528028532, 0.023636664296078556, 0.021032966406022018, 0.018298152858289164, 0.015471223173718233, 0.012975006021594128, 0.011476514573927241, 0.011190786613452559, 0.012013514795745658, 0.013192708648177051, 0.0146026096239084, 0.016627808096549106, 0.019288816219412905, 0.022115031993867204, 0.024956066779425322, 0.027947127033299147, 0.030317719296220055, 0.03213024736687776, 0.033908117916643665, 0.035613155393420214, 0.03695858371541455, 0.0370883147011733, 0.035844860180821725, 0.03331269225961453, 0.030127822662769057, 0.026675716455458534, 0.02305094507263966, 0.019294584365168215, 0.016588874620184203, 0.013459760460278334, 0.010513659470637583, 0.008184205378854309, 0.005908681970234855, 0.003908372487361734, 0.002250880846271649, 0.001837561814419065, 0.003902446460586522, 0.00649131804032715, 0.008842266053540701, 0.011337576744963709, 0.013847821453172829, 0.016241515374979285, 0.018506880743639053, 0.020753891025054552, 0.022854281545735794, 0.025177910908837288, 0.027764777035113285, 0.0302577363231247, 0.032552204835272186, 0.033962244268502154, 0.03530995724171245, 0.036795414568091225, 0.03840706162943578, 0.039993850675796264, 0.04133645030179679, 0.04211247094820217, 0.04239213751353172, 0.042192499106345205, 0.04200269786908514, 0.041897190162155235, 0.041830932940717325, 0.04166737666619139, 0.04206882264734189, 0.0426127097658282, 0.042895687146734904, 0.04300135533202284, 0.04249799814293581, 0.041897582995049115, 0.04072077112408416, 0.03927976254850985, 0.037331499513228325, 0.035889992777759706, 0.03456359233645024, 0.033243529781910974, 0.03199033675126687, 0.03059935779738079, 0.029272240636492235, 0.027900707354997015, 0.02654938414970694, 0.02543173352052397, 0.024311103096379235, 0.023065212419431085, 0.021685454855791198, 0.02041159885695607, 0.019056064221564174, 0.017656707279948437, 0.01626614648165674, 0.015012383850973622, 0.013603567963072178, 0.012189757837366814, 0.010674529938407772, 0.009407142987148039, 0.008344525906195775, 0.007439054007672372, 0.0072034584519923735, 0.007775010970036668, 0.009047582903156274, 0.010731538882415681, 0.01253460028234948, 0.014333543563369548, 0.016070624592636203, 0.017817726146123574, 0.019557256660804743, 0.02116824086555951, 0.022529303997840977, 0.023628588936546305, 0.02391411988476377, 0.02359656311707365, 0.022355277074164143, 0.020961866673625245, 0.018393580144489934, 0.015660552711922182, 0.013874328661167971, 0.01254026736778108, 0.011812131260623127, 0.010800298354986543, 0.00961805971638548, 0.008471507575266851, 0.007656757785702683, 0.006719580941926242, 0.0056999472982024405, 0.005125787188458596, 0.00504686530895439, 0.005697178935649704, 0.006245540782853768, 0.0070976650798796875, 0.007900543705723831, 0.008755370167568399, 0.009807746909975117, 0.011209592216881203, 0.01276960312030194, 0.014467251258771754, 0.015865855510978952, 0.01751794577394112, 0.01978728846519214, 0.022540086452385207, 0.024859037758439572, 0.02589623397823137, 0.02611181133516041, 0.026565850619759173, 0.0272557734372972, 0.02776644526036269, 0.02799937699621002, 0.02818388188652303, 0.02806005928616626, 0.028083982827741123, 0.02781538632605852, 0.027763976455106594, 0.028120518002563644, 0.028688559534023904, 0.029389365084960088, 0.030059907204608147, 0.03052096911154336, 0.031053468449087778, 0.03142000488428638, 0.03173833045042581, 0.031892653890475096, 0.03198060527161537, 0.031944507243272385, 0.03180892531117334, 0.03180195743523648, 0.03175983113429147, 0.03185651864929952, 0.032146459060636644, 0.032526908876218445, 0.033087790299913135, 0.03370146462957083, 0.0342847740780508, 0.0344768243549477, 0.03441738754137779, 0.034008301029805295]",0.03999131852533767,0.019317139704364328,0.033390374455019606,0.02200882666451326,0.0,0.0,0.010173732818409331,0.019317139704364328,0.033390374455019606,0.02200882666451326,0.8640000000000001,1717635301.5672348,2024-06-06_10-55-01
0.5059,-0.12336,0.4614609016843088,0.4864404786663735,-0.15723586558025132,0.43881200168558027,0.5059,-0.12336,0.4726234258225151,0.4864404786663735,-0.15723586558025132,0.43881200168558027,0.04074980907886149,"[0.011315756658919754, 0.012192407496521018, 0.01288995615295488, 0.01359963525141729, 0.014321891165186378, 0.015181047888625853, 0.01592941522152252, 0.01673874496494045, 0.01751440457689525, 0.01835087734908702, 0.019202544572813795, 0.020070622325609303, 0.02095627718778323, 0.02186061264947246, 0.022737260153569413, 0.023681097053535004, 0.024646250751560458, 0.025633386418693636, 0.02659237614956749, 0.027623542314219474, 0.0286250346734827, 0.029647102596467904, 0.03056454213255984, 0.031680305841655834, 0.03263530150735364, 0.033606764937046466, 0.034593095597664145, 0.03536350794006898, 0.035930760474075646, 0.03631257033147624, 0.03661317474198803, 0.03688385713543919, 0.03738127616234113, 0.037934719347479336, 0.03858163380471939, 0.03921882339006296, 0.03999131852533767, 0.04074980907886149, 0.04127472956039594, 0.04151563832077664, 0.04151964454301027, 0.04123464219442919, 0.04096829512038153, 0.04056460486818273, 0.04028281736824196, 0.04000166841569801, 0.03919762289117317, 0.037812479337396496, 0.03622310391275238, 0.03453579653228067, 0.0330206041779641, 0.031565009966306234, 0.03054064037737075, 0.029904305612678588, 0.029394155816597912, 0.028896840658953926, 0.02825322628704274, 0.027685220830545497, 0.02666364029859006, 0.025486033827772144, 0.02414387260068274, 0.023028867611909868, 0.022681878550084772, 0.02299235797660897, 0.02387546679328945, 0.024738332374206702, 0.025547718436096926, 0.026640938816603423, 0.02759836215880636, 0.028240938725365098, 0.028199955208514017, 0.028168175430310402, 0.02767018559717724, 0.027414861073674215, 0.027239233260695786, 0.0274939869379551, 0.027874761581110984, 0.02868161073982207, 0.029514734605865275, 0.030345172291974937, 0.031248268714928727, 0.032298002681611045, 0.033509628354587276, 0.0348066615601669, 0.03569061118903811, 0.03631377821401384, 0.03654105211474412, 0.03646788532881584, 0.03572808397059345, 0.03427781350345514, 0.03309813106562172, 0.031639416134799855, 0.02970329439236902, 0.027599049067936567, 0.02603054913364457, 0.024090316372098155, 0.02220132238001286, 0.02051452966091278, 0.019044426362309692, 0.017805605247084858, 0.01643252777018217, 0.01523003850809785, 0.01424180324883461, 0.013706552220618947, 0.0130880570946912, 0.012988920737072255, 0.013178248200839212, 0.013386796436950147, 0.01359897371732897, 0.01439195864266014, 0.015495810506657983, 0.016686507754200334, 0.01807173050136072, 0.019341411872889052, 0.020370802976522343, 0.0213787239197115, 0.02262888584538598, 0.02401686851684336, 0.025523335513576738, 0.026670410326906566, 0.02758824337325398, 0.02810647098585074, 0.028219175888028712, 0.02804128716256827, 0.027840212128430745, 0.02799079668741686, 0.027988272685847155, 0.02831306909632167, 0.028434723397990712, 0.0285549391753426, 0.02832607944879636, 0.02800347501499142, 0.027460301198426997, 0.02681840364884072, 0.026203190519756815, 0.02552364346313934, 0.024940794741503684, 0.024553643852497812, 0.024009602077058226, 0.023587486328410737, 0.023053226444370627, 0.02237349941244249, 0.021247392964358097, 0.01948489409103017, 0.01759577829009665, 0.015969918059865678, 0.014849832783247986, 0.014164911869984548, 0.013546042864334782, 0.01328357500957488, 0.012905521640083246, 0.012806686101790404, 0.01256569256360443, 0.01270015008783326, 0.013333718053885597, 0.014364706842779438, 0.015230812921928084, 0.016214173123414017, 0.017422309714956504, 0.01848297873673576, 0.019690103784110968, 0.02062988015396428, 0.021304326954883004, 0.021542023987470748, 0.021445001132587415, 0.02128479356968176, 0.021154257299581803, 0.020548768777841446, 0.020419411659703072, 0.020346908766621045, 0.02018386842926173, 0.020060715556614095, 0.019970155121820186, 0.019905412966441507, 0.019860328269953802, 0.019689549628068632, 0.019110038324468673, 0.018401772510693467, 0.01773443768827515, 0.01691379473734185, 0.0163889904882787, 0.015891976533507178, 0.015695148472402557, 0.015634975895130635, 0.01548249397414641, 0.015250362203767827, 0.01446715870868431, 0.013690714184349355, 0.013111437378948002, 0.01280400987898366, 0.012789088065484542, 0.012885508256999974, 0.012645414791893052, 0.012533763320360268, 0.01300792748125149, 0.014045480441271196, 0.015593406388961941, 0.017496649938682926, 0.01947963017829757, 0.021814960986639112, 0.0244888991790445, 0.027455202671237973, 0.030462142682767764, 0.03347516022004274, 0.03632355277573078, 0.03911728575744543, 0.041489125175428104, 0.043617926344794986, 0.04507509866910146, 0.045973158335007626, 0.046666313335408376, 0.047747911364257295, 0.04910015737076979, 0.051170936172887156, 0.05323921785426519, 0.05484930583024696, 0.05598397968583077, 0.056516639752925084, 0.05678375349578094, 0.05655312215346535, 0.05709318659280136, 0.05753330561326649, 0.05822424761198231, 0.05856641837777238, 0.058663546697002605, 0.05829520111627496, 0.058019458378357286, 0.05786276302771312, 0.057678835712609886, 0.05721489013034267, 0.05620972754199197, 0.05488023496470325, 0.05291870088860013, 0.05085359195424363, 0.04836971777146554, 0.045888993393773454, 0.04332790860019442, 0.040721243397433354, 0.03815348906679705, 0.03609755066086763, 0.03431153121207709, 0.03269994312791247, 0.03113246913067769, 0.029533434333839276, 0.02779284963423818, 0.02581340528028532, 0.023636664296078556, 0.021032966406022018, 0.018298152858289164, 0.015471223173718233, 0.012975006021594128, 0.011476514573927241, 0.011190786613452559, 0.012013514795745658, 0.013192708648177051, 0.0146026096239084, 0.016627808096549106, 0.019288816219412905, 0.022115031993867204, 0.024956066779425322, 0.027947127033299147, 0.030317719296220055, 0.03213024736687776, 0.033908117916643665, 0.035613155393420214, 0.03695858371541455, 0.0370883147011733, 0.035844860180821725, 0.03331269225961453, 0.030127822662769057, 0.026675716455458534, 0.02305094507263966, 0.019294584365168215, 0.016588874620184203, 0.013459760460278334, 0.010513659470637583, 0.008184205378854309, 0.005908681970234855, 0.003908372487361734, 0.002250880846271649, 0.001837561814419065, 0.003902446460586522, 0.00649131804032715, 0.008842266053540701, 0.011337576744963709, 0.013847821453172829, 0.016241515374979285, 0.018506880743639053, 0.020753891025054552, 0.022854281545735794, 0.025177910908837288, 0.027764777035113285, 0.0302577363231247, 0.032552204835272186, 0.033962244268502154, 0.03530995724171245, 0.036795414568091225, 0.03840706162943578, 0.039993850675796264, 0.04133645030179679, 0.04211247094820217, 0.04239213751353172, 0.042192499106345205, 0.04200269786908514, 0.041897190162155235, 0.041830932940717325, 0.04166737666619139, 0.04206882264734189, 0.0426127097658282, 0.042895687146734904, 0.04300135533202284, 0.04249799814293581, 0.041897582995049115, 0.04072077112408416, 0.03927976254850985, 0.037331499513228325, 0.035889992777759706, 0.03456359233645024, 0.033243529781910974, 0.03199033675126687, 0.03059935779738079, 0.029272240636492235, 0.027900707354997015, 0.02654938414970694, 0.02543173352052397, 0.024311103096379235, 0.023065212419431085, 0.021685454855791198, 0.02041159885695607, 0.019056064221564174, 0.017656707279948437, 0.01626614648165674, 0.015012383850973622, 0.013603567963072178, 0.012189757837366814, 0.010674529938407772, 0.009407142987148039, 0.008344525906195775, 0.007439054007672372, 0.0072034584519923735, 0.007775010970036668, 0.009047582903156274, 0.010731538882415681, 0.01253460028234948, 0.014333543563369548, 0.016070624592636203, 0.017817726146123574, 0.019557256660804743, 0.02116824086555951, 0.022529303997840977, 0.023628588936546305, 0.02391411988476377, 0.02359656311707365, 0.022355277074164143, 0.020961866673625245, 0.018393580144489934, 0.015660552711922182, 0.013874328661167971, 0.01254026736778108, 0.011812131260623127, 0.010800298354986543, 0.00961805971638548, 0.008471507575266851, 0.007656757785702683, 0.006719580941926242, 0.0056999472982024405, 0.005125787188458596, 0.00504686530895439, 0.005697178935649704, 0.006245540782853768, 0.0070976650798796875, 0.007900543705723831, 0.008755370167568399, 0.009807746909975117, 0.011209592216881203, 0.01276960312030194, 0.014467251258771754, 0.015865855510978952, 0.01751794577394112, 0.01978728846519214, 0.022540086452385207, 0.024859037758439572, 0.02589623397823137, 0.02611181133516041, 0.026565850619759173, 0.0272557734372972, 0.02776644526036269, 0.02799937699621002, 0.02818388188652303, 0.02806005928616626, 0.028083982827741123, 0.02781538632605852, 0.027763976455106594, 0.028120518002563644, 0.028688559534023904, 0.029389365084960088, 0.030059907204608147, 0.03052096911154336, 0.031053468449087778, 0.03142000488428638, 0.03173833045042581, 0.031892653890475096, 0.03198060527161537, 0.031944507243272385, 0.03180892531117334, 0.03180195743523648, 0.03175983113429147, 0.03185651864929952, 0.032146459060636644, 0.032526908876218445, 0.033087790299913135, 0.03370146462957083, 0.0342847740780508, 0.0344768243549477, 0.03441738754137779, 0.034008301029805295]",0.04074980907886149,0.019459521333626495,0.033875865580251324,0.022648899998728544,0.0,0.0,0.011162524138206287,0.019459521333626495,0.033875865580251324,0.022648899998728544,0.888,1717635301.590939,2024-06-06_10-55-01
0.5059,-0.12264,0.46238268210562333,0.4863257719798309,-0.15667352459022615,0.4390305407851728,0.5059,-0.12264,0.4745354443677323,0.4863257719798309,-0.15667352459022615,0.4390305407851728,0.04127472956039594,"[0.011315756658919754, 0.012192407496521018, 0.01288995615295488, 0.01359963525141729, 0.014321891165186378, 0.015181047888625853, 0.01592941522152252, 0.01673874496494045, 0.01751440457689525, 0.01835087734908702, 0.019202544572813795, 0.020070622325609303, 0.02095627718778323, 0.02186061264947246, 0.022737260153569413, 0.023681097053535004, 0.024646250751560458, 0.025633386418693636, 0.02659237614956749, 0.027623542314219474, 0.0286250346734827, 0.029647102596467904, 0.03056454213255984, 0.031680305841655834, 0.03263530150735364, 0.033606764937046466, 0.034593095597664145, 0.03536350794006898, 0.035930760474075646, 0.03631257033147624, 0.03661317474198803, 0.03688385713543919, 0.03738127616234113, 0.037934719347479336, 0.03858163380471939, 0.03921882339006296, 0.03999131852533767, 0.04074980907886149, 0.04127472956039594, 0.04151563832077664, 0.04151964454301027, 0.04123464219442919, 0.04096829512038153, 0.04056460486818273, 0.04028281736824196, 0.04000166841569801, 0.03919762289117317, 0.037812479337396496, 0.03622310391275238, 0.03453579653228067, 0.0330206041779641, 0.031565009966306234, 0.03054064037737075, 0.029904305612678588, 0.029394155816597912, 0.028896840658953926, 0.02825322628704274, 0.027685220830545497, 0.02666364029859006, 0.025486033827772144, 0.02414387260068274, 0.023028867611909868, 0.022681878550084772, 0.02299235797660897, 0.02387546679328945, 0.024738332374206702, 0.025547718436096926, 0.026640938816603423, 0.02759836215880636, 0.028240938725365098, 0.028199955208514017, 0.028168175430310402, 0.02767018559717724, 0.027414861073674215, 0.027239233260695786, 0.0274939869379551, 0.027874761581110984, 0.02868161073982207, 0.029514734605865275, 0.030345172291974937, 0.031248268714928727, 0.032298002681611045, 0.033509628354587276, 0.0348066615601669, 0.03569061118903811, 0.03631377821401384, 0.03654105211474412, 0.03646788532881584, 0.03572808397059345, 0.03427781350345514, 0.03309813106562172, 0.031639416134799855, 0.02970329439236902, 0.027599049067936567, 0.02603054913364457, 0.024090316372098155, 0.02220132238001286, 0.02051452966091278, 0.019044426362309692, 0.017805605247084858, 0.01643252777018217, 0.01523003850809785, 0.01424180324883461, 0.013706552220618947, 0.0130880570946912, 0.012988920737072255, 0.013178248200839212, 0.013386796436950147, 0.01359897371732897, 0.01439195864266014, 0.015495810506657983, 0.016686507754200334, 0.01807173050136072, 0.019341411872889052, 0.020370802976522343, 0.0213787239197115, 0.02262888584538598, 0.02401686851684336, 0.025523335513576738, 0.026670410326906566, 0.02758824337325398, 0.02810647098585074, 0.028219175888028712, 0.02804128716256827, 0.027840212128430745, 0.02799079668741686, 0.027988272685847155, 0.02831306909632167, 0.028434723397990712, 0.0285549391753426, 0.02832607944879636, 0.02800347501499142, 0.027460301198426997, 0.02681840364884072, 0.026203190519756815, 0.02552364346313934, 0.024940794741503684, 0.024553643852497812, 0.024009602077058226, 0.023587486328410737, 0.023053226444370627, 0.02237349941244249, 0.021247392964358097, 0.01948489409103017, 0.01759577829009665, 0.015969918059865678, 0.014849832783247986, 0.014164911869984548, 0.013546042864334782, 0.01328357500957488, 0.012905521640083246, 0.012806686101790404, 0.01256569256360443, 0.01270015008783326, 0.013333718053885597, 0.014364706842779438, 0.015230812921928084, 0.016214173123414017, 0.017422309714956504, 0.01848297873673576, 0.019690103784110968, 0.02062988015396428, 0.021304326954883004, 0.021542023987470748, 0.021445001132587415, 0.02128479356968176, 0.021154257299581803, 0.020548768777841446, 0.020419411659703072, 0.020346908766621045, 0.02018386842926173, 0.020060715556614095, 0.019970155121820186, 0.019905412966441507, 0.019860328269953802, 0.019689549628068632, 0.019110038324468673, 0.018401772510693467, 0.01773443768827515, 0.01691379473734185, 0.0163889904882787, 0.015891976533507178, 0.015695148472402557, 0.015634975895130635, 0.01548249397414641, 0.015250362203767827, 0.01446715870868431, 0.013690714184349355, 0.013111437378948002, 0.01280400987898366, 0.012789088065484542, 0.012885508256999974, 0.012645414791893052, 0.012533763320360268, 0.01300792748125149, 0.014045480441271196, 0.015593406388961941, 0.017496649938682926, 0.01947963017829757, 0.021814960986639112, 0.0244888991790445, 0.027455202671237973, 0.030462142682767764, 0.03347516022004274, 0.03632355277573078, 0.03911728575744543, 0.041489125175428104, 0.043617926344794986, 0.04507509866910146, 0.045973158335007626, 0.046666313335408376, 0.047747911364257295, 0.04910015737076979, 0.051170936172887156, 0.05323921785426519, 0.05484930583024696, 0.05598397968583077, 0.056516639752925084, 0.05678375349578094, 0.05655312215346535, 0.05709318659280136, 0.05753330561326649, 0.05822424761198231, 0.05856641837777238, 0.058663546697002605, 0.05829520111627496, 0.058019458378357286, 0.05786276302771312, 0.057678835712609886, 0.05721489013034267, 0.05620972754199197, 0.05488023496470325, 0.05291870088860013, 0.05085359195424363, 0.04836971777146554, 0.045888993393773454, 0.04332790860019442, 0.040721243397433354, 0.03815348906679705, 0.03609755066086763, 0.03431153121207709, 0.03269994312791247, 0.03113246913067769, 0.029533434333839276, 0.02779284963423818, 0.02581340528028532, 0.023636664296078556, 0.021032966406022018, 0.018298152858289164, 0.015471223173718233, 0.012975006021594128, 0.011476514573927241, 0.011190786613452559, 0.012013514795745658, 0.013192708648177051, 0.0146026096239084, 0.016627808096549106, 0.019288816219412905, 0.022115031993867204, 0.024956066779425322, 0.027947127033299147, 0.030317719296220055, 0.03213024736687776, 0.033908117916643665, 0.035613155393420214, 0.03695858371541455, 0.0370883147011733, 0.035844860180821725, 0.03331269225961453, 0.030127822662769057, 0.026675716455458534, 0.02305094507263966, 0.019294584365168215, 0.016588874620184203, 0.013459760460278334, 0.010513659470637583, 0.008184205378854309, 0.005908681970234855, 0.003908372487361734, 0.002250880846271649, 0.001837561814419065, 0.003902446460586522, 0.00649131804032715, 0.008842266053540701, 0.011337576744963709, 0.013847821453172829, 0.016241515374979285, 0.018506880743639053, 0.020753891025054552, 0.022854281545735794, 0.025177910908837288, 0.027764777035113285, 0.0302577363231247, 0.032552204835272186, 0.033962244268502154, 0.03530995724171245, 0.036795414568091225, 0.03840706162943578, 0.039993850675796264, 0.04133645030179679, 0.04211247094820217, 0.04239213751353172, 0.042192499106345205, 0.04200269786908514, 0.041897190162155235, 0.041830932940717325, 0.04166737666619139, 0.04206882264734189, 0.0426127097658282, 0.042895687146734904, 0.04300135533202284, 0.04249799814293581, 0.041897582995049115, 0.04072077112408416, 0.03927976254850985, 0.037331499513228325, 0.035889992777759706, 0.03456359233645024, 0.033243529781910974, 0.03199033675126687, 0.03059935779738079, 0.029272240636492235, 0.027900707354997015, 0.02654938414970694, 0.02543173352052397, 0.024311103096379235, 0.023065212419431085, 0.021685454855791198, 0.02041159885695607, 0.019056064221564174, 0.017656707279948437, 0.01626614648165674, 0.015012383850973622, 0.013603567963072178, 0.012189757837366814, 0.010674529938407772, 0.009407142987148039, 0.008344525906195775, 0.007439054007672372, 0.0072034584519923735, 0.007775010970036668, 0.009047582903156274, 0.010731538882415681, 0.01253460028234948, 0.014333543563369548, 0.016070624592636203, 0.017817726146123574, 0.019557256660804743, 0.02116824086555951, 0.022529303997840977, 0.023628588936546305, 0.02391411988476377, 0.02359656311707365, 0.022355277074164143, 0.020961866673625245, 0.018393580144489934, 0.015660552711922182, 0.013874328661167971, 0.01254026736778108, 0.011812131260623127, 0.010800298354986543, 0.00961805971638548, 0.008471507575266851, 0.007656757785702683, 0.006719580941926242, 0.0056999472982024405, 0.005125787188458596, 0.00504686530895439, 0.005697178935649704, 0.006245540782853768, 0.0070976650798796875, 0.007900543705723831, 0.008755370167568399, 0.009807746909975117, 0.011209592216881203, 0.01276960312030194, 0.014467251258771754, 0.015865855510978952, 0.01751794577394112, 0.01978728846519214, 0.022540086452385207, 0.024859037758439572, 0.02589623397823137, 0.02611181133516041, 0.026565850619759173, 0.0272557734372972, 0.02776644526036269, 0.02799937699621002, 0.02818388188652303, 0.02806005928616626, 0.028083982827741123, 0.02781538632605852, 0.027763976455106594, 0.028120518002563644, 0.028688559534023904, 0.029389365084960088, 0.030059907204608147, 0.03052096911154336, 0.031053468449087778, 0.03142000488428638, 0.03173833045042581, 0.031892653890475096, 0.03198060527161537, 0.031944507243272385, 0.03180892531117334, 0.03180195743523648, 0.03175983113429147, 0.03185651864929952, 0.032146459060636644, 0.032526908876218445, 0.033087790299913135, 0.03370146462957083, 0.0342847740780508, 0.0344768243549477, 0.03441738754137779, 0.034008301029805295]",0.04127472956039594,0.019574228020169115,0.034033524590226155,0.023352141320450548,0.0,0.0,0.012152762262108985,0.019574228020169115,0.034033524590226155,0.023352141320450548,0.912,1717635301.6149411,2024-06-06_10-55-01
0.5059,-0.12192,0.4632642809941784,0.4860526325455753,-0.1560405722827709,0.4396140215394125,0.5059,-0.12192,0.47640872818429586,0.4860526325455753,-0.1560405722827709,0.4396140215394125,0.04151563832077664,"[0.011315756658919754, 0.012192407496521018, 0.01288995615295488, 0.01359963525141729, 0.014321891165186378, 0.015181047888625853, 0.01592941522152252, 0.01673874496494045, 0.01751440457689525, 0.01835087734908702, 0.019202544572813795, 0.020070622325609303, 0.02095627718778323, 0.02186061264947246, 0.022737260153569413, 0.023681097053535004, 0.024646250751560458, 0.025633386418693636, 0.02659237614956749, 0.027623542314219474, 0.0286250346734827, 0.029647102596467904, 0.03056454213255984, 0.031680305841655834, 0.03263530150735364, 0.033606764937046466, 0.034593095597664145, 0.03536350794006898, 0.035930760474075646, 0.03631257033147624, 0.03661317474198803, 0.03688385713543919, 0.03738127616234113, 0.037934719347479336, 0.03858163380471939, 0.03921882339006296, 0.03999131852533767, 0.04074980907886149, 0.04127472956039594, 0.04151563832077664, 0.04151964454301027, 0.04123464219442919, 0.04096829512038153, 0.04056460486818273, 0.04028281736824196, 0.04000166841569801, 0.03919762289117317, 0.037812479337396496, 0.03622310391275238, 0.03453579653228067, 0.0330206041779641, 0.031565009966306234, 0.03054064037737075, 0.029904305612678588, 0.029394155816597912, 0.028896840658953926, 0.02825322628704274, 0.027685220830545497, 0.02666364029859006, 0.025486033827772144, 0.02414387260068274, 0.023028867611909868, 0.022681878550084772, 0.02299235797660897, 0.02387546679328945, 0.024738332374206702, 0.025547718436096926, 0.026640938816603423, 0.02759836215880636, 0.028240938725365098, 0.028199955208514017, 0.028168175430310402, 0.02767018559717724, 0.027414861073674215, 0.027239233260695786, 0.0274939869379551, 0.027874761581110984, 0.02868161073982207, 0.029514734605865275, 0.030345172291974937, 0.031248268714928727, 0.032298002681611045, 0.033509628354587276, 0.0348066615601669, 0.03569061118903811, 0.03631377821401384, 0.03654105211474412, 0.03646788532881584, 0.03572808397059345, 0.03427781350345514, 0.03309813106562172, 0.031639416134799855, 0.02970329439236902, 0.027599049067936567, 0.02603054913364457, 0.024090316372098155, 0.02220132238001286, 0.02051452966091278, 0.019044426362309692, 0.017805605247084858, 0.01643252777018217, 0.01523003850809785, 0.01424180324883461, 0.013706552220618947, 0.0130880570946912, 0.012988920737072255, 0.013178248200839212, 0.013386796436950147, 0.01359897371732897, 0.01439195864266014, 0.015495810506657983, 0.016686507754200334, 0.01807173050136072, 0.019341411872889052, 0.020370802976522343, 0.0213787239197115, 0.02262888584538598, 0.02401686851684336, 0.025523335513576738, 0.026670410326906566, 0.02758824337325398, 0.02810647098585074, 0.028219175888028712, 0.02804128716256827, 0.027840212128430745, 0.02799079668741686, 0.027988272685847155, 0.02831306909632167, 0.028434723397990712, 0.0285549391753426, 0.02832607944879636, 0.02800347501499142, 0.027460301198426997, 0.02681840364884072, 0.026203190519756815, 0.02552364346313934, 0.024940794741503684, 0.024553643852497812, 0.024009602077058226, 0.023587486328410737, 0.023053226444370627, 0.02237349941244249, 0.021247392964358097, 0.01948489409103017, 0.01759577829009665, 0.015969918059865678, 0.014849832783247986, 0.014164911869984548, 0.013546042864334782, 0.01328357500957488, 0.012905521640083246, 0.012806686101790404, 0.01256569256360443, 0.01270015008783326, 0.013333718053885597, 0.014364706842779438, 0.015230812921928084, 0.016214173123414017, 0.017422309714956504, 0.01848297873673576, 0.019690103784110968, 0.02062988015396428, 0.021304326954883004, 0.021542023987470748, 0.021445001132587415, 0.02128479356968176, 0.021154257299581803, 0.020548768777841446, 0.020419411659703072, 0.020346908766621045, 0.02018386842926173, 0.020060715556614095, 0.019970155121820186, 0.019905412966441507, 0.019860328269953802, 0.019689549628068632, 0.019110038324468673, 0.018401772510693467, 0.01773443768827515, 0.01691379473734185, 0.0163889904882787, 0.015891976533507178, 0.015695148472402557, 0.015634975895130635, 0.01548249397414641, 0.015250362203767827, 0.01446715870868431, 0.013690714184349355, 0.013111437378948002, 0.01280400987898366, 0.012789088065484542, 0.012885508256999974, 0.012645414791893052, 0.012533763320360268, 0.01300792748125149, 0.014045480441271196, 0.015593406388961941, 0.017496649938682926, 0.01947963017829757, 0.021814960986639112, 0.0244888991790445, 0.027455202671237973, 0.030462142682767764, 0.03347516022004274, 0.03632355277573078, 0.03911728575744543, 0.041489125175428104, 0.043617926344794986, 0.04507509866910146, 0.045973158335007626, 0.046666313335408376, 0.047747911364257295, 0.04910015737076979, 0.051170936172887156, 0.05323921785426519, 0.05484930583024696, 0.05598397968583077, 0.056516639752925084, 0.05678375349578094, 0.05655312215346535, 0.05709318659280136, 0.05753330561326649, 0.05822424761198231, 0.05856641837777238, 0.058663546697002605, 0.05829520111627496, 0.058019458378357286, 0.05786276302771312, 0.057678835712609886, 0.05721489013034267, 0.05620972754199197, 0.05488023496470325, 0.05291870088860013, 0.05085359195424363, 0.04836971777146554, 0.045888993393773454, 0.04332790860019442, 0.040721243397433354, 0.03815348906679705, 0.03609755066086763, 0.03431153121207709, 0.03269994312791247, 0.03113246913067769, 0.029533434333839276, 0.02779284963423818, 0.02581340528028532, 0.023636664296078556, 0.021032966406022018, 0.018298152858289164, 0.015471223173718233, 0.012975006021594128, 0.011476514573927241, 0.011190786613452559, 0.012013514795745658, 0.013192708648177051, 0.0146026096239084, 0.016627808096549106, 0.019288816219412905, 0.022115031993867204, 0.024956066779425322, 0.027947127033299147, 0.030317719296220055, 0.03213024736687776, 0.033908117916643665, 0.035613155393420214, 0.03695858371541455, 0.0370883147011733, 0.035844860180821725, 0.03331269225961453, 0.030127822662769057, 0.026675716455458534, 0.02305094507263966, 0.019294584365168215, 0.016588874620184203, 0.013459760460278334, 0.010513659470637583, 0.008184205378854309, 0.005908681970234855, 0.003908372487361734, 0.002250880846271649, 0.001837561814419065, 0.003902446460586522, 0.00649131804032715, 0.008842266053540701, 0.011337576744963709, 0.013847821453172829, 0.016241515374979285, 0.018506880743639053, 0.020753891025054552, 0.022854281545735794, 0.025177910908837288, 0.027764777035113285, 0.0302577363231247, 0.032552204835272186, 0.033962244268502154, 0.03530995724171245, 0.036795414568091225, 0.03840706162943578, 0.039993850675796264, 0.04133645030179679, 0.04211247094820217, 0.04239213751353172, 0.042192499106345205, 0.04200269786908514, 0.041897190162155235, 0.041830932940717325, 0.04166737666619139, 0.04206882264734189, 0.0426127097658282, 0.042895687146734904, 0.04300135533202284, 0.04249799814293581, 0.041897582995049115, 0.04072077112408416, 0.03927976254850985, 0.037331499513228325, 0.035889992777759706, 0.03456359233645024, 0.033243529781910974, 0.03199033675126687, 0.03059935779738079, 0.029272240636492235, 0.027900707354997015, 0.02654938414970694, 0.02543173352052397, 0.024311103096379235, 0.023065212419431085, 0.021685454855791198, 0.02041159885695607, 0.019056064221564174, 0.017656707279948437, 0.01626614648165674, 0.015012383850973622, 0.013603567963072178, 0.012189757837366814, 0.010674529938407772, 0.009407142987148039, 0.008344525906195775, 0.007439054007672372, 0.0072034584519923735, 0.007775010970036668, 0.009047582903156274, 0.010731538882415681, 0.01253460028234948, 0.014333543563369548, 0.016070624592636203, 0.017817726146123574, 0.019557256660804743, 0.02116824086555951, 0.022529303997840977, 0.023628588936546305, 0.02391411988476377, 0.02359656311707365, 0.022355277074164143, 0.020961866673625245, 0.018393580144489934, 0.015660552711922182, 0.013874328661167971, 0.01254026736778108, 0.011812131260623127, 0.010800298354986543, 0.00961805971638548, 0.008471507575266851, 0.007656757785702683, 0.006719580941926242, 0.0056999472982024405, 0.005125787188458596, 0.00504686530895439, 0.005697178935649704, 0.006245540782853768, 0.0070976650798796875, 0.007900543705723831, 0.008755370167568399, 0.009807746909975117, 0.011209592216881203, 0.01276960312030194, 0.014467251258771754, 0.015865855510978952, 0.01751794577394112, 0.01978728846519214, 0.022540086452385207, 0.024859037758439572, 0.02589623397823137, 0.02611181133516041, 0.026565850619759173, 0.0272557734372972, 0.02776644526036269, 0.02799937699621002, 0.02818388188652303, 0.02806005928616626, 0.028083982827741123, 0.02781538632605852, 0.027763976455106594, 0.028120518002563644, 0.028688559534023904, 0.029389365084960088, 0.030059907204608147, 0.03052096911154336, 0.031053468449087778, 0.03142000488428638, 0.03173833045042581, 0.031892653890475096, 0.03198060527161537, 0.031944507243272385, 0.03180892531117334, 0.03180195743523648, 0.03175983113429147, 0.03185651864929952, 0.032146459060636644, 0.032526908876218445, 0.033087790299913135, 0.03370146462957083, 0.0342847740780508, 0.0344768243549477, 0.03441738754137779, 0.034008301029805295]",0.04151563832077664,0.019847367454424725,0.034120572282770906,0.0236502594547659,0.0,0.0,0.01314444719011748,0.019847367454424725,0.034120572282770906,0.0236502594547659,0.936,1717635301.6388552,2024-06-06_10-55-01
0.5059,-0.1212,0.46410015152653117,0.4858044937330417,-0.1550803937722263,0.44010015567618127,0.5059,-0.1212,0.4782362836446572,0.4858044937330417,-0.1550803937722263,0.44010015567618127,0.04151964454301027,"[0.011315756658919754, 0.012192407496521018, 0.01288995615295488, 0.01359963525141729, 0.014321891165186378, 0.015181047888625853, 0.01592941522152252, 0.01673874496494045, 0.01751440457689525, 0.01835087734908702, 0.019202544572813795, 0.020070622325609303, 0.02095627718778323, 0.02186061264947246, 0.022737260153569413, 0.023681097053535004, 0.024646250751560458, 0.025633386418693636, 0.02659237614956749, 0.027623542314219474, 0.0286250346734827, 0.029647102596467904, 0.03056454213255984, 0.031680305841655834, 0.03263530150735364, 0.033606764937046466, 0.034593095597664145, 0.03536350794006898, 0.035930760474075646, 0.03631257033147624, 0.03661317474198803, 0.03688385713543919, 0.03738127616234113, 0.037934719347479336, 0.03858163380471939, 0.03921882339006296, 0.03999131852533767, 0.04074980907886149, 0.04127472956039594, 0.04151563832077664, 0.04151964454301027, 0.04123464219442919, 0.04096829512038153, 0.04056460486818273, 0.04028281736824196, 0.04000166841569801, 0.03919762289117317, 0.037812479337396496, 0.03622310391275238, 0.03453579653228067, 0.0330206041779641, 0.031565009966306234, 0.03054064037737075, 0.029904305612678588, 0.029394155816597912, 0.028896840658953926, 0.02825322628704274, 0.027685220830545497, 0.02666364029859006, 0.025486033827772144, 0.02414387260068274, 0.023028867611909868, 0.022681878550084772, 0.02299235797660897, 0.02387546679328945, 0.024738332374206702, 0.025547718436096926, 0.026640938816603423, 0.02759836215880636, 0.028240938725365098, 0.028199955208514017, 0.028168175430310402, 0.02767018559717724, 0.027414861073674215, 0.027239233260695786, 0.0274939869379551, 0.027874761581110984, 0.02868161073982207, 0.029514734605865275, 0.030345172291974937, 0.031248268714928727, 0.032298002681611045, 0.033509628354587276, 0.0348066615601669, 0.03569061118903811, 0.03631377821401384, 0.03654105211474412, 0.03646788532881584, 0.03572808397059345, 0.03427781350345514, 0.03309813106562172, 0.031639416134799855, 0.02970329439236902, 0.027599049067936567, 0.02603054913364457, 0.024090316372098155, 0.02220132238001286, 0.02051452966091278, 0.019044426362309692, 0.017805605247084858, 0.01643252777018217, 0.01523003850809785, 0.01424180324883461, 0.013706552220618947, 0.0130880570946912, 0.012988920737072255, 0.013178248200839212, 0.013386796436950147, 0.01359897371732897, 0.01439195864266014, 0.015495810506657983, 0.016686507754200334, 0.01807173050136072, 0.019341411872889052, 0.020370802976522343, 0.0213787239197115, 0.02262888584538598, 0.02401686851684336, 0.025523335513576738, 0.026670410326906566, 0.02758824337325398, 0.02810647098585074, 0.028219175888028712, 0.02804128716256827, 0.027840212128430745, 0.02799079668741686, 0.027988272685847155, 0.02831306909632167, 0.028434723397990712, 0.0285549391753426, 0.02832607944879636, 0.02800347501499142, 0.027460301198426997, 0.02681840364884072, 0.026203190519756815, 0.02552364346313934, 0.024940794741503684, 0.024553643852497812, 0.024009602077058226, 0.023587486328410737, 0.023053226444370627, 0.02237349941244249, 0.021247392964358097, 0.01948489409103017, 0.01759577829009665, 0.015969918059865678, 0.014849832783247986, 0.014164911869984548, 0.013546042864334782, 0.01328357500957488, 0.012905521640083246, 0.012806686101790404, 0.01256569256360443, 0.01270015008783326, 0.013333718053885597, 0.014364706842779438, 0.015230812921928084, 0.016214173123414017, 0.017422309714956504, 0.01848297873673576, 0.019690103784110968, 0.02062988015396428, 0.021304326954883004, 0.021542023987470748, 0.021445001132587415, 0.02128479356968176, 0.021154257299581803, 0.020548768777841446, 0.020419411659703072, 0.020346908766621045, 0.02018386842926173, 0.020060715556614095, 0.019970155121820186, 0.019905412966441507, 0.019860328269953802, 0.019689549628068632, 0.019110038324468673, 0.018401772510693467, 0.01773443768827515, 0.01691379473734185, 0.0163889904882787, 0.015891976533507178, 0.015695148472402557, 0.015634975895130635, 0.01548249397414641, 0.015250362203767827, 0.01446715870868431, 0.013690714184349355, 0.013111437378948002, 0.01280400987898366, 0.012789088065484542, 0.012885508256999974, 0.012645414791893052, 0.012533763320360268, 0.01300792748125149, 0.014045480441271196, 0.015593406388961941, 0.017496649938682926, 0.01947963017829757, 0.021814960986639112, 0.0244888991790445, 0.027455202671237973, 0.030462142682767764, 0.03347516022004274, 0.03632355277573078, 0.03911728575744543, 0.041489125175428104, 0.043617926344794986, 0.04507509866910146, 0.045973158335007626, 0.046666313335408376, 0.047747911364257295, 0.04910015737076979, 0.051170936172887156, 0.05323921785426519, 0.05484930583024696, 0.05598397968583077, 0.056516639752925084, 0.05678375349578094, 0.05655312215346535, 0.05709318659280136, 0.05753330561326649, 0.05822424761198231, 0.05856641837777238, 0.058663546697002605, 0.05829520111627496, 0.058019458378357286, 0.05786276302771312, 0.057678835712609886, 0.05721489013034267, 0.05620972754199197, 0.05488023496470325, 0.05291870088860013, 0.05085359195424363, 0.04836971777146554, 0.045888993393773454, 0.04332790860019442, 0.040721243397433354, 0.03815348906679705, 0.03609755066086763, 0.03431153121207709, 0.03269994312791247, 0.03113246913067769, 0.029533434333839276, 0.02779284963423818, 0.02581340528028532, 0.023636664296078556, 0.021032966406022018, 0.018298152858289164, 0.015471223173718233, 0.012975006021594128, 0.011476514573927241, 0.011190786613452559, 0.012013514795745658, 0.013192708648177051, 0.0146026096239084, 0.016627808096549106, 0.019288816219412905, 0.022115031993867204, 0.024956066779425322, 0.027947127033299147, 0.030317719296220055, 0.03213024736687776, 0.033908117916643665, 0.035613155393420214, 0.03695858371541455, 0.0370883147011733, 0.035844860180821725, 0.03331269225961453, 0.030127822662769057, 0.026675716455458534, 0.02305094507263966, 0.019294584365168215, 0.016588874620184203, 0.013459760460278334, 0.010513659470637583, 0.008184205378854309, 0.005908681970234855, 0.003908372487361734, 0.002250880846271649, 0.001837561814419065, 0.003902446460586522, 0.00649131804032715, 0.008842266053540701, 0.011337576744963709, 0.013847821453172829, 0.016241515374979285, 0.018506880743639053, 0.020753891025054552, 0.022854281545735794, 0.025177910908837288, 0.027764777035113285, 0.0302577363231247, 0.032552204835272186, 0.033962244268502154, 0.03530995724171245, 0.036795414568091225, 0.03840706162943578, 0.039993850675796264, 0.04133645030179679, 0.04211247094820217, 0.04239213751353172, 0.042192499106345205, 0.04200269786908514, 0.041897190162155235, 0.041830932940717325, 0.04166737666619139, 0.04206882264734189, 0.0426127097658282, 0.042895687146734904, 0.04300135533202284, 0.04249799814293581, 0.041897582995049115, 0.04072077112408416, 0.03927976254850985, 0.037331499513228325, 0.035889992777759706, 0.03456359233645024, 0.033243529781910974, 0.03199033675126687, 0.03059935779738079, 0.029272240636492235, 0.027900707354997015, 0.02654938414970694, 0.02543173352052397, 0.024311103096379235, 0.023065212419431085, 0.021685454855791198, 0.02041159885695607, 0.019056064221564174, 0.017656707279948437, 0.01626614648165674, 0.015012383850973622, 0.013603567963072178, 0.012189757837366814, 0.010674529938407772, 0.009407142987148039, 0.008344525906195775, 0.007439054007672372, 0.0072034584519923735, 0.007775010970036668, 0.009047582903156274, 0.010731538882415681, 0.01253460028234948, 0.014333543563369548, 0.016070624592636203, 0.017817726146123574, 0.019557256660804743, 0.02116824086555951, 0.022529303997840977, 0.023628588936546305, 0.02391411988476377, 0.02359656311707365, 0.022355277074164143, 0.020961866673625245, 0.018393580144489934, 0.015660552711922182, 0.013874328661167971, 0.01254026736778108, 0.011812131260623127, 0.010800298354986543, 0.00961805971638548, 0.008471507575266851, 0.007656757785702683, 0.006719580941926242, 0.0056999472982024405, 0.005125787188458596, 0.00504686530895439, 0.005697178935649704, 0.006245540782853768, 0.0070976650798796875, 0.007900543705723831, 0.008755370167568399, 0.009807746909975117, 0.011209592216881203, 0.01276960312030194, 0.014467251258771754, 0.015865855510978952, 0.01751794577394112, 0.01978728846519214, 0.022540086452385207, 0.024859037758439572, 0.02589623397823137, 0.02611181133516041, 0.026565850619759173, 0.0272557734372972, 0.02776644526036269, 0.02799937699621002, 0.02818388188652303, 0.02806005928616626, 0.028083982827741123, 0.02781538632605852, 0.027763976455106594, 0.028120518002563644, 0.028688559534023904, 0.029389365084960088, 0.030059907204608147, 0.03052096911154336, 0.031053468449087778, 0.03142000488428638, 0.03173833045042581, 0.031892653890475096, 0.03198060527161537, 0.031944507243272385, 0.03180892531117334, 0.03180195743523648, 0.03175983113429147, 0.03185651864929952, 0.032146459060636644, 0.032526908876218445, 0.033087790299913135, 0.03370146462957083, 0.0342847740780508, 0.0344768243549477, 0.03441738754137779, 0.034008301029805295]",0.04151964454301027,0.02009550626695833,0.03388039377222629,0.023999995850349898,0.0,0.0,0.014136132118126032,0.02009550626695833,0.03388039377222629,0.023999995850349898,0.96,1717635301.6632805,2024-06-06_10-55-01
0.5059,-0.12048,0.46488482098628614,0.4855218950370199,-0.15382474510204466,0.44062737489271997,0.5059,-0.12048,0.48001263803242067,0.4855218950370199,-0.15382474510204466,0.44062737489271997,0.04123464219442919,"[0.011315756658919754, 0.012192407496521018, 0.01288995615295488, 0.01359963525141729, 0.014321891165186378, 0.015181047888625853, 0.01592941522152252, 0.01673874496494045, 0.01751440457689525, 0.01835087734908702, 0.019202544572813795, 0.020070622325609303, 0.02095627718778323, 0.02186061264947246, 0.022737260153569413, 0.023681097053535004, 0.024646250751560458, 0.025633386418693636, 0.02659237614956749, 0.027623542314219474, 0.0286250346734827, 0.029647102596467904, 0.03056454213255984, 0.031680305841655834, 0.03263530150735364, 0.033606764937046466, 0.034593095597664145, 0.03536350794006898, 0.035930760474075646, 0.03631257033147624, 0.03661317474198803, 0.03688385713543919, 0.03738127616234113, 0.037934719347479336, 0.03858163380471939, 0.03921882339006296, 0.03999131852533767, 0.04074980907886149, 0.04127472956039594, 0.04151563832077664, 0.04151964454301027, 0.04123464219442919, 0.04096829512038153, 0.04056460486818273, 0.04028281736824196, 0.04000166841569801, 0.03919762289117317, 0.037812479337396496, 0.03622310391275238, 0.03453579653228067, 0.0330206041779641, 0.031565009966306234, 0.03054064037737075, 0.029904305612678588, 0.029394155816597912, 0.028896840658953926, 0.02825322628704274, 0.027685220830545497, 0.02666364029859006, 0.025486033827772144, 0.02414387260068274, 0.023028867611909868, 0.022681878550084772, 0.02299235797660897, 0.02387546679328945, 0.024738332374206702, 0.025547718436096926, 0.026640938816603423, 0.02759836215880636, 0.028240938725365098, 0.028199955208514017, 0.028168175430310402, 0.02767018559717724, 0.027414861073674215, 0.027239233260695786, 0.0274939869379551, 0.027874761581110984, 0.02868161073982207, 0.029514734605865275, 0.030345172291974937, 0.031248268714928727, 0.032298002681611045, 0.033509628354587276, 0.0348066615601669, 0.03569061118903811, 0.03631377821401384, 0.03654105211474412, 0.03646788532881584, 0.03572808397059345, 0.03427781350345514, 0.03309813106562172, 0.031639416134799855, 0.02970329439236902, 0.027599049067936567, 0.02603054913364457, 0.024090316372098155, 0.02220132238001286, 0.02051452966091278, 0.019044426362309692, 0.017805605247084858, 0.01643252777018217, 0.01523003850809785, 0.01424180324883461, 0.013706552220618947, 0.0130880570946912, 0.012988920737072255, 0.013178248200839212, 0.013386796436950147, 0.01359897371732897, 0.01439195864266014, 0.015495810506657983, 0.016686507754200334, 0.01807173050136072, 0.019341411872889052, 0.020370802976522343, 0.0213787239197115, 0.02262888584538598, 0.02401686851684336, 0.025523335513576738, 0.026670410326906566, 0.02758824337325398, 0.02810647098585074, 0.028219175888028712, 0.02804128716256827, 0.027840212128430745, 0.02799079668741686, 0.027988272685847155, 0.02831306909632167, 0.028434723397990712, 0.0285549391753426, 0.02832607944879636, 0.02800347501499142, 0.027460301198426997, 0.02681840364884072, 0.026203190519756815, 0.02552364346313934, 0.024940794741503684, 0.024553643852497812, 0.024009602077058226, 0.023587486328410737, 0.023053226444370627, 0.02237349941244249, 0.021247392964358097, 0.01948489409103017, 0.01759577829009665, 0.015969918059865678, 0.014849832783247986, 0.014164911869984548, 0.013546042864334782, 0.01328357500957488, 0.012905521640083246, 0.012806686101790404, 0.01256569256360443, 0.01270015008783326, 0.013333718053885597, 0.014364706842779438, 0.015230812921928084, 0.016214173123414017, 0.017422309714956504, 0.01848297873673576, 0.019690103784110968, 0.02062988015396428, 0.021304326954883004, 0.021542023987470748, 0.021445001132587415, 0.02128479356968176, 0.021154257299581803, 0.020548768777841446, 0.020419411659703072, 0.020346908766621045, 0.02018386842926173, 0.020060715556614095, 0.019970155121820186, 0.019905412966441507, 0.019860328269953802, 0.019689549628068632, 0.019110038324468673, 0.018401772510693467, 0.01773443768827515, 0.01691379473734185, 0.0163889904882787, 0.015891976533507178, 0.015695148472402557, 0.015634975895130635, 0.01548249397414641, 0.015250362203767827, 0.01446715870868431, 0.013690714184349355, 0.013111437378948002, 0.01280400987898366, 0.012789088065484542, 0.012885508256999974, 0.012645414791893052, 0.012533763320360268, 0.01300792748125149, 0.014045480441271196, 0.015593406388961941, 0.017496649938682926, 0.01947963017829757, 0.021814960986639112, 0.0244888991790445, 0.027455202671237973, 0.030462142682767764, 0.03347516022004274, 0.03632355277573078, 0.03911728575744543, 0.041489125175428104, 0.043617926344794986, 0.04507509866910146, 0.045973158335007626, 0.046666313335408376, 0.047747911364257295, 0.04910015737076979, 0.051170936172887156, 0.05323921785426519, 0.05484930583024696, 0.05598397968583077, 0.056516639752925084, 0.05678375349578094, 0.05655312215346535, 0.05709318659280136, 0.05753330561326649, 0.05822424761198231, 0.05856641837777238, 0.058663546697002605, 0.05829520111627496, 0.058019458378357286, 0.05786276302771312, 0.057678835712609886, 0.05721489013034267, 0.05620972754199197, 0.05488023496470325, 0.05291870088860013, 0.05085359195424363, 0.04836971777146554, 0.045888993393773454, 0.04332790860019442, 0.040721243397433354, 0.03815348906679705, 0.03609755066086763, 0.03431153121207709, 0.03269994312791247, 0.03113246913067769, 0.029533434333839276, 0.02779284963423818, 0.02581340528028532, 0.023636664296078556, 0.021032966406022018, 0.018298152858289164, 0.015471223173718233, 0.012975006021594128, 0.011476514573927241, 0.011190786613452559, 0.012013514795745658, 0.013192708648177051, 0.0146026096239084, 0.016627808096549106, 0.019288816219412905, 0.022115031993867204, 0.024956066779425322, 0.027947127033299147, 0.030317719296220055, 0.03213024736687776, 0.033908117916643665, 0.035613155393420214, 0.03695858371541455, 0.0370883147011733, 0.035844860180821725, 0.03331269225961453, 0.030127822662769057, 0.026675716455458534, 0.02305094507263966, 0.019294584365168215, 0.016588874620184203, 0.013459760460278334, 0.010513659470637583, 0.008184205378854309, 0.005908681970234855, 0.003908372487361734, 0.002250880846271649, 0.001837561814419065, 0.003902446460586522, 0.00649131804032715, 0.008842266053540701, 0.011337576744963709, 0.013847821453172829, 0.016241515374979285, 0.018506880743639053, 0.020753891025054552, 0.022854281545735794, 0.025177910908837288, 0.027764777035113285, 0.0302577363231247, 0.032552204835272186, 0.033962244268502154, 0.03530995724171245, 0.036795414568091225, 0.03840706162943578, 0.039993850675796264, 0.04133645030179679, 0.04211247094820217, 0.04239213751353172, 0.042192499106345205, 0.04200269786908514, 0.041897190162155235, 0.041830932940717325, 0.04166737666619139, 0.04206882264734189, 0.0426127097658282, 0.042895687146734904, 0.04300135533202284, 0.04249799814293581, 0.041897582995049115, 0.04072077112408416, 0.03927976254850985, 0.037331499513228325, 0.035889992777759706, 0.03456359233645024, 0.033243529781910974, 0.03199033675126687, 0.03059935779738079, 0.029272240636492235, 0.027900707354997015, 0.02654938414970694, 0.02543173352052397, 0.024311103096379235, 0.023065212419431085, 0.021685454855791198, 0.02041159885695607, 0.019056064221564174, 0.017656707279948437, 0.01626614648165674, 0.015012383850973622, 0.013603567963072178, 0.012189757837366814, 0.010674529938407772, 0.009407142987148039, 0.008344525906195775, 0.007439054007672372, 0.0072034584519923735, 0.007775010970036668, 0.009047582903156274, 0.010731538882415681, 0.01253460028234948, 0.014333543563369548, 0.016070624592636203, 0.017817726146123574, 0.019557256660804743, 0.02116824086555951, 0.022529303997840977, 0.023628588936546305, 0.02391411988476377, 0.02359656311707365, 0.022355277074164143, 0.020961866673625245, 0.018393580144489934, 0.015660552711922182, 0.013874328661167971, 0.01254026736778108, 0.011812131260623127, 0.010800298354986543, 0.00961805971638548, 0.008471507575266851, 0.007656757785702683, 0.006719580941926242, 0.0056999472982024405, 0.005125787188458596, 0.00504686530895439, 0.005697178935649704, 0.006245540782853768, 0.0070976650798796875, 0.007900543705723831, 0.008755370167568399, 0.009807746909975117, 0.011209592216881203, 0.01276960312030194, 0.014467251258771754, 0.015865855510978952, 0.01751794577394112, 0.01978728846519214, 0.022540086452385207, 0.024859037758439572, 0.02589623397823137, 0.02611181133516041, 0.026565850619759173, 0.0272557734372972, 0.02776644526036269, 0.02799937699621002, 0.02818388188652303, 0.02806005928616626, 0.028083982827741123, 0.02781538632605852, 0.027763976455106594, 0.028120518002563644, 0.028688559534023904, 0.029389365084960088, 0.030059907204608147, 0.03052096911154336, 0.031053468449087778, 0.03142000488428638, 0.03173833045042581, 0.031892653890475096, 0.03198060527161537, 0.031944507243272385, 0.03180892531117334, 0.03180195743523648, 0.03175983113429147, 0.03185651864929952, 0.032146459060636644, 0.032526908876218445, 0.033087790299913135, 0.03370146462957083, 0.0342847740780508, 0.0344768243549477, 0.03441738754137779, 0.034008301029805295]",0.04123464219442919,0.020378104962980093,0.03334474510204466,0.02425744609356617,0.0,0.0,0.015127817046134528,0.020378104962980093,0.03334474510204466,0.02425744609356617,0.984,1717635301.6869252,2024-06-06_10-55-01
0.5059,-0.11975999999999999,0.46561292740032345,0.48516466862865054,-0.15276388949434477,0.4413406287181682,0.5059,-0.11975999999999999,0.4817151706809886,0.48516466862865054,-0.15276388949434477,0.4413406287181682,0.04096829512038153,"[0.011315756658919754, 0.012192407496521018, 0.01288995615295488, 0.01359963525141729, 0.014321891165186378, 0.015181047888625853, 0.01592941522152252, 0.01673874496494045, 0.01751440457689525, 0.01835087734908702, 0.019202544572813795, 0.020070622325609303, 0.02095627718778323, 0.02186061264947246, 0.022737260153569413, 0.023681097053535004, 0.024646250751560458, 0.025633386418693636, 0.02659237614956749, 0.027623542314219474, 0.0286250346734827, 0.029647102596467904, 0.03056454213255984, 0.031680305841655834, 0.03263530150735364, 0.033606764937046466, 0.034593095597664145, 0.03536350794006898, 0.035930760474075646, 0.03631257033147624, 0.03661317474198803, 0.03688385713543919, 0.03738127616234113, 0.037934719347479336, 0.03858163380471939, 0.03921882339006296, 0.03999131852533767, 0.04074980907886149, 0.04127472956039594, 0.04151563832077664, 0.04151964454301027, 0.04123464219442919, 0.04096829512038153, 0.04056460486818273, 0.04028281736824196, 0.04000166841569801, 0.03919762289117317, 0.037812479337396496, 0.03622310391275238, 0.03453579653228067, 0.0330206041779641, 0.031565009966306234, 0.03054064037737075, 0.029904305612678588, 0.029394155816597912, 0.028896840658953926, 0.02825322628704274, 0.027685220830545497, 0.02666364029859006, 0.025486033827772144, 0.02414387260068274, 0.023028867611909868, 0.022681878550084772, 0.02299235797660897, 0.02387546679328945, 0.024738332374206702, 0.025547718436096926, 0.026640938816603423, 0.02759836215880636, 0.028240938725365098, 0.028199955208514017, 0.028168175430310402, 0.02767018559717724, 0.027414861073674215, 0.027239233260695786, 0.0274939869379551, 0.027874761581110984, 0.02868161073982207, 0.029514734605865275, 0.030345172291974937, 0.031248268714928727, 0.032298002681611045, 0.033509628354587276, 0.0348066615601669, 0.03569061118903811, 0.03631377821401384, 0.03654105211474412, 0.03646788532881584, 0.03572808397059345, 0.03427781350345514, 0.03309813106562172, 0.031639416134799855, 0.02970329439236902, 0.027599049067936567, 0.02603054913364457, 0.024090316372098155, 0.02220132238001286, 0.02051452966091278, 0.019044426362309692, 0.017805605247084858, 0.01643252777018217, 0.01523003850809785, 0.01424180324883461, 0.013706552220618947, 0.0130880570946912, 0.012988920737072255, 0.013178248200839212, 0.013386796436950147, 0.01359897371732897, 0.01439195864266014, 0.015495810506657983, 0.016686507754200334, 0.01807173050136072, 0.019341411872889052, 0.020370802976522343, 0.0213787239197115, 0.02262888584538598, 0.02401686851684336, 0.025523335513576738, 0.026670410326906566, 0.02758824337325398, 0.02810647098585074, 0.028219175888028712, 0.02804128716256827, 0.027840212128430745, 0.02799079668741686, 0.027988272685847155, 0.02831306909632167, 0.028434723397990712, 0.0285549391753426, 0.02832607944879636, 0.02800347501499142, 0.027460301198426997, 0.02681840364884072, 0.026203190519756815, 0.02552364346313934, 0.024940794741503684, 0.024553643852497812, 0.024009602077058226, 0.023587486328410737, 0.023053226444370627, 0.02237349941244249, 0.021247392964358097, 0.01948489409103017, 0.01759577829009665, 0.015969918059865678, 0.014849832783247986, 0.014164911869984548, 0.013546042864334782, 0.01328357500957488, 0.012905521640083246, 0.012806686101790404, 0.01256569256360443, 0.01270015008783326, 0.013333718053885597, 0.014364706842779438, 0.015230812921928084, 0.016214173123414017, 0.017422309714956504, 0.01848297873673576, 0.019690103784110968, 0.02062988015396428, 0.021304326954883004, 0.021542023987470748, 0.021445001132587415, 0.02128479356968176, 0.021154257299581803, 0.020548768777841446, 0.020419411659703072, 0.020346908766621045, 0.02018386842926173, 0.020060715556614095, 0.019970155121820186, 0.019905412966441507, 0.019860328269953802, 0.019689549628068632, 0.019110038324468673, 0.018401772510693467, 0.01773443768827515, 0.01691379473734185, 0.0163889904882787, 0.015891976533507178, 0.015695148472402557, 0.015634975895130635, 0.01548249397414641, 0.015250362203767827, 0.01446715870868431, 0.013690714184349355, 0.013111437378948002, 0.01280400987898366, 0.012789088065484542, 0.012885508256999974, 0.012645414791893052, 0.012533763320360268, 0.01300792748125149, 0.014045480441271196, 0.015593406388961941, 0.017496649938682926, 0.01947963017829757, 0.021814960986639112, 0.0244888991790445, 0.027455202671237973, 0.030462142682767764, 0.03347516022004274, 0.03632355277573078, 0.03911728575744543, 0.041489125175428104, 0.043617926344794986, 0.04507509866910146, 0.045973158335007626, 0.046666313335408376, 0.047747911364257295, 0.04910015737076979, 0.051170936172887156, 0.05323921785426519, 0.05484930583024696, 0.05598397968583077, 0.056516639752925084, 0.05678375349578094, 0.05655312215346535, 0.05709318659280136, 0.05753330561326649, 0.05822424761198231, 0.05856641837777238, 0.058663546697002605, 0.05829520111627496, 0.058019458378357286, 0.05786276302771312, 0.057678835712609886, 0.05721489013034267, 0.05620972754199197, 0.05488023496470325, 0.05291870088860013, 0.05085359195424363, 0.04836971777146554, 0.045888993393773454, 0.04332790860019442, 0.040721243397433354, 0.03815348906679705, 0.03609755066086763, 0.03431153121207709, 0.03269994312791247, 0.03113246913067769, 0.029533434333839276, 0.02779284963423818, 0.02581340528028532, 0.023636664296078556, 0.021032966406022018, 0.018298152858289164, 0.015471223173718233, 0.012975006021594128, 0.011476514573927241, 0.011190786613452559, 0.012013514795745658, 0.013192708648177051, 0.0146026096239084, 0.016627808096549106, 0.019288816219412905, 0.022115031993867204, 0.024956066779425322, 0.027947127033299147, 0.030317719296220055, 0.03213024736687776, 0.033908117916643665, 0.035613155393420214, 0.03695858371541455, 0.0370883147011733, 0.035844860180821725, 0.03331269225961453, 0.030127822662769057, 0.026675716455458534, 0.02305094507263966, 0.019294584365168215, 0.016588874620184203, 0.013459760460278334, 0.010513659470637583, 0.008184205378854309, 0.005908681970234855, 0.003908372487361734, 0.002250880846271649, 0.001837561814419065, 0.003902446460586522, 0.00649131804032715, 0.008842266053540701, 0.011337576744963709, 0.013847821453172829, 0.016241515374979285, 0.018506880743639053, 0.020753891025054552, 0.022854281545735794, 0.025177910908837288, 0.027764777035113285, 0.0302577363231247, 0.032552204835272186, 0.033962244268502154, 0.03530995724171245, 0.036795414568091225, 0.03840706162943578, 0.039993850675796264, 0.04133645030179679, 0.04211247094820217, 0.04239213751353172, 0.042192499106345205, 0.04200269786908514, 0.041897190162155235, 0.041830932940717325, 0.04166737666619139, 0.04206882264734189, 0.0426127097658282, 0.042895687146734904, 0.04300135533202284, 0.04249799814293581, 0.041897582995049115, 0.04072077112408416, 0.03927976254850985, 0.037331499513228325, 0.035889992777759706, 0.03456359233645024, 0.033243529781910974, 0.03199033675126687, 0.03059935779738079, 0.029272240636492235, 0.027900707354997015, 0.02654938414970694, 0.02543173352052397, 0.024311103096379235, 0.023065212419431085, 0.021685454855791198, 0.02041159885695607, 0.019056064221564174, 0.017656707279948437, 0.01626614648165674, 0.015012383850973622, 0.013603567963072178, 0.012189757837366814, 0.010674529938407772, 0.009407142987148039, 0.008344525906195775, 0.007439054007672372, 0.0072034584519923735, 0.007775010970036668, 0.009047582903156274, 0.010731538882415681, 0.01253460028234948, 0.014333543563369548, 0.016070624592636203, 0.017817726146123574, 0.019557256660804743, 0.02116824086555951, 0.022529303997840977, 0.023628588936546305, 0.02391411988476377, 0.02359656311707365, 0.022355277074164143, 0.020961866673625245, 0.018393580144489934, 0.015660552711922182, 0.013874328661167971, 0.01254026736778108, 0.011812131260623127, 0.010800298354986543, 0.00961805971638548, 0.008471507575266851, 0.007656757785702683, 0.006719580941926242, 0.0056999472982024405, 0.005125787188458596, 0.00504686530895439, 0.005697178935649704, 0.006245540782853768, 0.0070976650798796875, 0.007900543705723831, 0.008755370167568399, 0.009807746909975117, 0.011209592216881203, 0.01276960312030194, 0.014467251258771754, 0.015865855510978952, 0.01751794577394112, 0.01978728846519214, 0.022540086452385207, 0.024859037758439572, 0.02589623397823137, 0.02611181133516041, 0.026565850619759173, 0.0272557734372972, 0.02776644526036269, 0.02799937699621002, 0.02818388188652303, 0.02806005928616626, 0.028083982827741123, 0.02781538632605852, 0.027763976455106594, 0.028120518002563644, 0.028688559534023904, 0.029389365084960088, 0.030059907204608147, 0.03052096911154336, 0.031053468449087778, 0.03142000488428638, 0.03173833045042581, 0.031892653890475096, 0.03198060527161537, 0.031944507243272385, 0.03180892531117334, 0.03180195743523648, 0.03175983113429147, 0.03185651864929952, 0.032146459060636644, 0.032526908876218445, 0.033087790299913135, 0.03370146462957083, 0.0342847740780508, 0.0344768243549477, 0.03441738754137779, 0.034008301029805295]",0.04096829512038153,0.020735331371349475,0.03300388949434478,0.024272298682155247,0.0,0.0,0.016102243280665174,0.020735331371349475,0.03300388949434478,0.024272298682155247,1.008,1717635301.7111213,2024-06-06_10-55-01
0.5059,-0.11903999999999999,0.4662792559798988,0.48481528268818663,-0.15154056357565027,0.4420058026743448,0.5059,-0.11903999999999999,0.483321408108139,0.48481528268818663,-0.15154056357565027,0.4420058026743448,0.04056460486818273,"[0.011315756658919754, 0.012192407496521018, 0.01288995615295488, 0.01359963525141729, 0.014321891165186378, 0.015181047888625853, 0.01592941522152252, 0.01673874496494045, 0.01751440457689525, 0.01835087734908702, 0.019202544572813795, 0.020070622325609303, 0.02095627718778323, 0.02186061264947246, 0.022737260153569413, 0.023681097053535004, 0.024646250751560458, 0.025633386418693636, 0.02659237614956749, 0.027623542314219474, 0.0286250346734827, 0.029647102596467904, 0.03056454213255984, 0.031680305841655834, 0.03263530150735364, 0.033606764937046466, 0.034593095597664145, 0.03536350794006898, 0.035930760474075646, 0.03631257033147624, 0.03661317474198803, 0.03688385713543919, 0.03738127616234113, 0.037934719347479336, 0.03858163380471939, 0.03921882339006296, 0.03999131852533767, 0.04074980907886149, 0.04127472956039594, 0.04151563832077664, 0.04151964454301027, 0.04123464219442919, 0.04096829512038153, 0.04056460486818273, 0.04028281736824196, 0.04000166841569801, 0.03919762289117317, 0.037812479337396496, 0.03622310391275238, 0.03453579653228067, 0.0330206041779641, 0.031565009966306234, 0.03054064037737075, 0.029904305612678588, 0.029394155816597912, 0.028896840658953926, 0.02825322628704274, 0.027685220830545497, 0.02666364029859006, 0.025486033827772144, 0.02414387260068274, 0.023028867611909868, 0.022681878550084772, 0.02299235797660897, 0.02387546679328945, 0.024738332374206702, 0.025547718436096926, 0.026640938816603423, 0.02759836215880636, 0.028240938725365098, 0.028199955208514017, 0.028168175430310402, 0.02767018559717724, 0.027414861073674215, 0.027239233260695786, 0.0274939869379551, 0.027874761581110984, 0.02868161073982207, 0.029514734605865275, 0.030345172291974937, 0.031248268714928727, 0.032298002681611045, 0.033509628354587276, 0.0348066615601669, 0.03569061118903811, 0.03631377821401384, 0.03654105211474412, 0.03646788532881584, 0.03572808397059345, 0.03427781350345514, 0.03309813106562172, 0.031639416134799855, 0.02970329439236902, 0.027599049067936567, 0.02603054913364457, 0.024090316372098155, 0.02220132238001286, 0.02051452966091278, 0.019044426362309692, 0.017805605247084858, 0.01643252777018217, 0.01523003850809785, 0.01424180324883461, 0.013706552220618947, 0.0130880570946912, 0.012988920737072255, 0.013178248200839212, 0.013386796436950147, 0.01359897371732897, 0.01439195864266014, 0.015495810506657983, 0.016686507754200334, 0.01807173050136072, 0.019341411872889052, 0.020370802976522343, 0.0213787239197115, 0.02262888584538598, 0.02401686851684336, 0.025523335513576738, 0.026670410326906566, 0.02758824337325398, 0.02810647098585074, 0.028219175888028712, 0.02804128716256827, 0.027840212128430745, 0.02799079668741686, 0.027988272685847155, 0.02831306909632167, 0.028434723397990712, 0.0285549391753426, 0.02832607944879636, 0.02800347501499142, 0.027460301198426997, 0.02681840364884072, 0.026203190519756815, 0.02552364346313934, 0.024940794741503684, 0.024553643852497812, 0.024009602077058226, 0.023587486328410737, 0.023053226444370627, 0.02237349941244249, 0.021247392964358097, 0.01948489409103017, 0.01759577829009665, 0.015969918059865678, 0.014849832783247986, 0.014164911869984548, 0.013546042864334782, 0.01328357500957488, 0.012905521640083246, 0.012806686101790404, 0.01256569256360443, 0.01270015008783326, 0.013333718053885597, 0.014364706842779438, 0.015230812921928084, 0.016214173123414017, 0.017422309714956504, 0.01848297873673576, 0.019690103784110968, 0.02062988015396428, 0.021304326954883004, 0.021542023987470748, 0.021445001132587415, 0.02128479356968176, 0.021154257299581803, 0.020548768777841446, 0.020419411659703072, 0.020346908766621045, 0.02018386842926173, 0.020060715556614095, 0.019970155121820186, 0.019905412966441507, 0.019860328269953802, 0.019689549628068632, 0.019110038324468673, 0.018401772510693467, 0.01773443768827515, 0.01691379473734185, 0.0163889904882787, 0.015891976533507178, 0.015695148472402557, 0.015634975895130635, 0.01548249397414641, 0.015250362203767827, 0.01446715870868431, 0.013690714184349355, 0.013111437378948002, 0.01280400987898366, 0.012789088065484542, 0.012885508256999974, 0.012645414791893052, 0.012533763320360268, 0.01300792748125149, 0.014045480441271196, 0.015593406388961941, 0.017496649938682926, 0.01947963017829757, 0.021814960986639112, 0.0244888991790445, 0.027455202671237973, 0.030462142682767764, 0.03347516022004274, 0.03632355277573078, 0.03911728575744543, 0.041489125175428104, 0.043617926344794986, 0.04507509866910146, 0.045973158335007626, 0.046666313335408376, 0.047747911364257295, 0.04910015737076979, 0.051170936172887156, 0.05323921785426519, 0.05484930583024696, 0.05598397968583077, 0.056516639752925084, 0.05678375349578094, 0.05655312215346535, 0.05709318659280136, 0.05753330561326649, 0.05822424761198231, 0.05856641837777238, 0.058663546697002605, 0.05829520111627496, 0.058019458378357286, 0.05786276302771312, 0.057678835712609886, 0.05721489013034267, 0.05620972754199197, 0.05488023496470325, 0.05291870088860013, 0.05085359195424363, 0.04836971777146554, 0.045888993393773454, 0.04332790860019442, 0.040721243397433354, 0.03815348906679705, 0.03609755066086763, 0.03431153121207709, 0.03269994312791247, 0.03113246913067769, 0.029533434333839276, 0.02779284963423818, 0.02581340528028532, 0.023636664296078556, 0.021032966406022018, 0.018298152858289164, 0.015471223173718233, 0.012975006021594128, 0.011476514573927241, 0.011190786613452559, 0.012013514795745658, 0.013192708648177051, 0.0146026096239084, 0.016627808096549106, 0.019288816219412905, 0.022115031993867204, 0.024956066779425322, 0.027947127033299147, 0.030317719296220055, 0.03213024736687776, 0.033908117916643665, 0.035613155393420214, 0.03695858371541455, 0.0370883147011733, 0.035844860180821725, 0.03331269225961453, 0.030127822662769057, 0.026675716455458534, 0.02305094507263966, 0.019294584365168215, 0.016588874620184203, 0.013459760460278334, 0.010513659470637583, 0.008184205378854309, 0.005908681970234855, 0.003908372487361734, 0.002250880846271649, 0.001837561814419065, 0.003902446460586522, 0.00649131804032715, 0.008842266053540701, 0.011337576744963709, 0.013847821453172829, 0.016241515374979285, 0.018506880743639053, 0.020753891025054552, 0.022854281545735794, 0.025177910908837288, 0.027764777035113285, 0.0302577363231247, 0.032552204835272186, 0.033962244268502154, 0.03530995724171245, 0.036795414568091225, 0.03840706162943578, 0.039993850675796264, 0.04133645030179679, 0.04211247094820217, 0.04239213751353172, 0.042192499106345205, 0.04200269786908514, 0.041897190162155235, 0.041830932940717325, 0.04166737666619139, 0.04206882264734189, 0.0426127097658282, 0.042895687146734904, 0.04300135533202284, 0.04249799814293581, 0.041897582995049115, 0.04072077112408416, 0.03927976254850985, 0.037331499513228325, 0.035889992777759706, 0.03456359233645024, 0.033243529781910974, 0.03199033675126687, 0.03059935779738079, 0.029272240636492235, 0.027900707354997015, 0.02654938414970694, 0.02543173352052397, 0.024311103096379235, 0.023065212419431085, 0.021685454855791198, 0.02041159885695607, 0.019056064221564174, 0.017656707279948437, 0.01626614648165674, 0.015012383850973622, 0.013603567963072178, 0.012189757837366814, 0.010674529938407772, 0.009407142987148039, 0.008344525906195775, 0.007439054007672372, 0.0072034584519923735, 0.007775010970036668, 0.009047582903156274, 0.010731538882415681, 0.01253460028234948, 0.014333543563369548, 0.016070624592636203, 0.017817726146123574, 0.019557256660804743, 0.02116824086555951, 0.022529303997840977, 0.023628588936546305, 0.02391411988476377, 0.02359656311707365, 0.022355277074164143, 0.020961866673625245, 0.018393580144489934, 0.015660552711922182, 0.013874328661167971, 0.01254026736778108, 0.011812131260623127, 0.010800298354986543, 0.00961805971638548, 0.008471507575266851, 0.007656757785702683, 0.006719580941926242, 0.0056999472982024405, 0.005125787188458596, 0.00504686530895439, 0.005697178935649704, 0.006245540782853768, 0.0070976650798796875, 0.007900543705723831, 0.008755370167568399, 0.009807746909975117, 0.011209592216881203, 0.01276960312030194, 0.014467251258771754, 0.015865855510978952, 0.01751794577394112, 0.01978728846519214, 0.022540086452385207, 0.024859037758439572, 0.02589623397823137, 0.02611181133516041, 0.026565850619759173, 0.0272557734372972, 0.02776644526036269, 0.02799937699621002, 0.02818388188652303, 0.02806005928616626, 0.028083982827741123, 0.02781538632605852, 0.027763976455106594, 0.028120518002563644, 0.028688559534023904, 0.029389365084960088, 0.030059907204608147, 0.03052096911154336, 0.031053468449087778, 0.03142000488428638, 0.03173833045042581, 0.031892653890475096, 0.03198060527161537, 0.031944507243272385, 0.03180892531117334, 0.03180195743523648, 0.03175983113429147, 0.03185651864929952, 0.032146459060636644, 0.032526908876218445, 0.033087790299913135, 0.03370146462957083, 0.0342847740780508, 0.0344768243549477, 0.03441738754137779, 0.034008301029805295]",0.04056460486818273,0.021084717311813383,0.032500563575650274,0.02427345330555397,0.0,0.0,0.01704215212824023,0.021084717311813383,0.032500563575650274,0.02427345330555397,1.032,1717635301.7351844,2024-06-06_10-55-01
0.5059,-0.11832,0.4668787751353815,0.4845068898560772,-0.15045056283490854,0.44258202006325037,0.5059,-0.11832,0.4848608361111967,0.4845068898560772,-0.15045056283490854,0.44258202006325037,0.04028281736824196,"[0.011315756658919754, 0.012192407496521018, 0.01288995615295488, 0.01359963525141729, 0.014321891165186378, 0.015181047888625853, 0.01592941522152252, 0.01673874496494045, 0.01751440457689525, 0.01835087734908702, 0.019202544572813795, 0.020070622325609303, 0.02095627718778323, 0.02186061264947246, 0.022737260153569413, 0.023681097053535004, 0.024646250751560458, 0.025633386418693636, 0.02659237614956749, 0.027623542314219474, 0.0286250346734827, 0.029647102596467904, 0.03056454213255984, 0.031680305841655834, 0.03263530150735364, 0.033606764937046466, 0.034593095597664145, 0.03536350794006898, 0.035930760474075646, 0.03631257033147624, 0.03661317474198803, 0.03688385713543919, 0.03738127616234113, 0.037934719347479336, 0.03858163380471939, 0.03921882339006296, 0.03999131852533767, 0.04074980907886149, 0.04127472956039594, 0.04151563832077664, 0.04151964454301027, 0.04123464219442919, 0.04096829512038153, 0.04056460486818273, 0.04028281736824196, 0.04000166841569801, 0.03919762289117317, 0.037812479337396496, 0.03622310391275238, 0.03453579653228067, 0.0330206041779641, 0.031565009966306234, 0.03054064037737075, 0.029904305612678588, 0.029394155816597912, 0.028896840658953926, 0.02825322628704274, 0.027685220830545497, 0.02666364029859006, 0.025486033827772144, 0.02414387260068274, 0.023028867611909868, 0.022681878550084772, 0.02299235797660897, 0.02387546679328945, 0.024738332374206702, 0.025547718436096926, 0.026640938816603423, 0.02759836215880636, 0.028240938725365098, 0.028199955208514017, 0.028168175430310402, 0.02767018559717724, 0.027414861073674215, 0.027239233260695786, 0.0274939869379551, 0.027874761581110984, 0.02868161073982207, 0.029514734605865275, 0.030345172291974937, 0.031248268714928727, 0.032298002681611045, 0.033509628354587276, 0.0348066615601669, 0.03569061118903811, 0.03631377821401384, 0.03654105211474412, 0.03646788532881584, 0.03572808397059345, 0.03427781350345514, 0.03309813106562172, 0.031639416134799855, 0.02970329439236902, 0.027599049067936567, 0.02603054913364457, 0.024090316372098155, 0.02220132238001286, 0.02051452966091278, 0.019044426362309692, 0.017805605247084858, 0.01643252777018217, 0.01523003850809785, 0.01424180324883461, 0.013706552220618947, 0.0130880570946912, 0.012988920737072255, 0.013178248200839212, 0.013386796436950147, 0.01359897371732897, 0.01439195864266014, 0.015495810506657983, 0.016686507754200334, 0.01807173050136072, 0.019341411872889052, 0.020370802976522343, 0.0213787239197115, 0.02262888584538598, 0.02401686851684336, 0.025523335513576738, 0.026670410326906566, 0.02758824337325398, 0.02810647098585074, 0.028219175888028712, 0.02804128716256827, 0.027840212128430745, 0.02799079668741686, 0.027988272685847155, 0.02831306909632167, 0.028434723397990712, 0.0285549391753426, 0.02832607944879636, 0.02800347501499142, 0.027460301198426997, 0.02681840364884072, 0.026203190519756815, 0.02552364346313934, 0.024940794741503684, 0.024553643852497812, 0.024009602077058226, 0.023587486328410737, 0.023053226444370627, 0.02237349941244249, 0.021247392964358097, 0.01948489409103017, 0.01759577829009665, 0.015969918059865678, 0.014849832783247986, 0.014164911869984548, 0.013546042864334782, 0.01328357500957488, 0.012905521640083246, 0.012806686101790404, 0.01256569256360443, 0.01270015008783326, 0.013333718053885597, 0.014364706842779438, 0.015230812921928084, 0.016214173123414017, 0.017422309714956504, 0.01848297873673576, 0.019690103784110968, 0.02062988015396428, 0.021304326954883004, 0.021542023987470748, 0.021445001132587415, 0.02128479356968176, 0.021154257299581803, 0.020548768777841446, 0.020419411659703072, 0.020346908766621045, 0.02018386842926173, 0.020060715556614095, 0.019970155121820186, 0.019905412966441507, 0.019860328269953802, 0.019689549628068632, 0.019110038324468673, 0.018401772510693467, 0.01773443768827515, 0.01691379473734185, 0.0163889904882787, 0.015891976533507178, 0.015695148472402557, 0.015634975895130635, 0.01548249397414641, 0.015250362203767827, 0.01446715870868431, 0.013690714184349355, 0.013111437378948002, 0.01280400987898366, 0.012789088065484542, 0.012885508256999974, 0.012645414791893052, 0.012533763320360268, 0.01300792748125149, 0.014045480441271196, 0.015593406388961941, 0.017496649938682926, 0.01947963017829757, 0.021814960986639112, 0.0244888991790445, 0.027455202671237973, 0.030462142682767764, 0.03347516022004274, 0.03632355277573078, 0.03911728575744543, 0.041489125175428104, 0.043617926344794986, 0.04507509866910146, 0.045973158335007626, 0.046666313335408376, 0.047747911364257295, 0.04910015737076979, 0.051170936172887156, 0.05323921785426519, 0.05484930583024696, 0.05598397968583077, 0.056516639752925084, 0.05678375349578094, 0.05655312215346535, 0.05709318659280136, 0.05753330561326649, 0.05822424761198231, 0.05856641837777238, 0.058663546697002605, 0.05829520111627496, 0.058019458378357286, 0.05786276302771312, 0.057678835712609886, 0.05721489013034267, 0.05620972754199197, 0.05488023496470325, 0.05291870088860013, 0.05085359195424363, 0.04836971777146554, 0.045888993393773454, 0.04332790860019442, 0.040721243397433354, 0.03815348906679705, 0.03609755066086763, 0.03431153121207709, 0.03269994312791247, 0.03113246913067769, 0.029533434333839276, 0.02779284963423818, 0.02581340528028532, 0.023636664296078556, 0.021032966406022018, 0.018298152858289164, 0.015471223173718233, 0.012975006021594128, 0.011476514573927241, 0.011190786613452559, 0.012013514795745658, 0.013192708648177051, 0.0146026096239084, 0.016627808096549106, 0.019288816219412905, 0.022115031993867204, 0.024956066779425322, 0.027947127033299147, 0.030317719296220055, 0.03213024736687776, 0.033908117916643665, 0.035613155393420214, 0.03695858371541455, 0.0370883147011733, 0.035844860180821725, 0.03331269225961453, 0.030127822662769057, 0.026675716455458534, 0.02305094507263966, 0.019294584365168215, 0.016588874620184203, 0.013459760460278334, 0.010513659470637583, 0.008184205378854309, 0.005908681970234855, 0.003908372487361734, 0.002250880846271649, 0.001837561814419065, 0.003902446460586522, 0.00649131804032715, 0.008842266053540701, 0.011337576744963709, 0.013847821453172829, 0.016241515374979285, 0.018506880743639053, 0.020753891025054552, 0.022854281545735794, 0.025177910908837288, 0.027764777035113285, 0.0302577363231247, 0.032552204835272186, 0.033962244268502154, 0.03530995724171245, 0.036795414568091225, 0.03840706162943578, 0.039993850675796264, 0.04133645030179679, 0.04211247094820217, 0.04239213751353172, 0.042192499106345205, 0.04200269786908514, 0.041897190162155235, 0.041830932940717325, 0.04166737666619139, 0.04206882264734189, 0.0426127097658282, 0.042895687146734904, 0.04300135533202284, 0.04249799814293581, 0.041897582995049115, 0.04072077112408416, 0.03927976254850985, 0.037331499513228325, 0.035889992777759706, 0.03456359233645024, 0.033243529781910974, 0.03199033675126687, 0.03059935779738079, 0.029272240636492235, 0.027900707354997015, 0.02654938414970694, 0.02543173352052397, 0.024311103096379235, 0.023065212419431085, 0.021685454855791198, 0.02041159885695607, 0.019056064221564174, 0.017656707279948437, 0.01626614648165674, 0.015012383850973622, 0.013603567963072178, 0.012189757837366814, 0.010674529938407772, 0.009407142987148039, 0.008344525906195775, 0.007439054007672372, 0.0072034584519923735, 0.007775010970036668, 0.009047582903156274, 0.010731538882415681, 0.01253460028234948, 0.014333543563369548, 0.016070624592636203, 0.017817726146123574, 0.019557256660804743, 0.02116824086555951, 0.022529303997840977, 0.023628588936546305, 0.02391411988476377, 0.02359656311707365, 0.022355277074164143, 0.020961866673625245, 0.018393580144489934, 0.015660552711922182, 0.013874328661167971, 0.01254026736778108, 0.011812131260623127, 0.010800298354986543, 0.00961805971638548, 0.008471507575266851, 0.007656757785702683, 0.006719580941926242, 0.0056999472982024405, 0.005125787188458596, 0.00504686530895439, 0.005697178935649704, 0.006245540782853768, 0.0070976650798796875, 0.007900543705723831, 0.008755370167568399, 0.009807746909975117, 0.011209592216881203, 0.01276960312030194, 0.014467251258771754, 0.015865855510978952, 0.01751794577394112, 0.01978728846519214, 0.022540086452385207, 0.024859037758439572, 0.02589623397823137, 0.02611181133516041, 0.026565850619759173, 0.0272557734372972, 0.02776644526036269, 0.02799937699621002, 0.02818388188652303, 0.02806005928616626, 0.028083982827741123, 0.02781538632605852, 0.027763976455106594, 0.028120518002563644, 0.028688559534023904, 0.029389365084960088, 0.030059907204608147, 0.03052096911154336, 0.031053468449087778, 0.03142000488428638, 0.03173833045042581, 0.031892653890475096, 0.03198060527161537, 0.031944507243272385, 0.03180892531117334, 0.03180195743523648, 0.03175983113429147, 0.03185651864929952, 0.032146459060636644, 0.032526908876218445, 0.033087790299913135, 0.03370146462957083, 0.0342847740780508, 0.0344768243549477, 0.03441738754137779, 0.034008301029805295]",0.04028281736824196,0.02139311014392281,0.032130562834908546,0.024296755072131138,0.0,0.0,0.017982060975815173,0.02139311014392281,0.032130562834908546,0.024296755072131138,1.056,1717635301.7596211,2024-06-06_10-55-01
0.5059,-0.1176,0.4674066718345266,0.4841256940906463,-0.14955396987276315,0.44334264712106697,0.5059,-0.1176,0.4863286416579168,0.4841256940906463,-0.14955396987276315,0.44334264712106697,0.04000166841569801,"[0.011315756658919754, 0.012192407496521018, 0.01288995615295488, 0.01359963525141729, 0.014321891165186378, 0.015181047888625853, 0.01592941522152252, 0.01673874496494045, 0.01751440457689525, 0.01835087734908702, 0.019202544572813795, 0.020070622325609303, 0.02095627718778323, 0.02186061264947246, 0.022737260153569413, 0.023681097053535004, 0.024646250751560458, 0.025633386418693636, 0.02659237614956749, 0.027623542314219474, 0.0286250346734827, 0.029647102596467904, 0.03056454213255984, 0.031680305841655834, 0.03263530150735364, 0.033606764937046466, 0.034593095597664145, 0.03536350794006898, 0.035930760474075646, 0.03631257033147624, 0.03661317474198803, 0.03688385713543919, 0.03738127616234113, 0.037934719347479336, 0.03858163380471939, 0.03921882339006296, 0.03999131852533767, 0.04074980907886149, 0.04127472956039594, 0.04151563832077664, 0.04151964454301027, 0.04123464219442919, 0.04096829512038153, 0.04056460486818273, 0.04028281736824196, 0.04000166841569801, 0.03919762289117317, 0.037812479337396496, 0.03622310391275238, 0.03453579653228067, 0.0330206041779641, 0.031565009966306234, 0.03054064037737075, 0.029904305612678588, 0.029394155816597912, 0.028896840658953926, 0.02825322628704274, 0.027685220830545497, 0.02666364029859006, 0.025486033827772144, 0.02414387260068274, 0.023028867611909868, 0.022681878550084772, 0.02299235797660897, 0.02387546679328945, 0.024738332374206702, 0.025547718436096926, 0.026640938816603423, 0.02759836215880636, 0.028240938725365098, 0.028199955208514017, 0.028168175430310402, 0.02767018559717724, 0.027414861073674215, 0.027239233260695786, 0.0274939869379551, 0.027874761581110984, 0.02868161073982207, 0.029514734605865275, 0.030345172291974937, 0.031248268714928727, 0.032298002681611045, 0.033509628354587276, 0.0348066615601669, 0.03569061118903811, 0.03631377821401384, 0.03654105211474412, 0.03646788532881584, 0.03572808397059345, 0.03427781350345514, 0.03309813106562172, 0.031639416134799855, 0.02970329439236902, 0.027599049067936567, 0.02603054913364457, 0.024090316372098155, 0.02220132238001286, 0.02051452966091278, 0.019044426362309692, 0.017805605247084858, 0.01643252777018217, 0.01523003850809785, 0.01424180324883461, 0.013706552220618947, 0.0130880570946912, 0.012988920737072255, 0.013178248200839212, 0.013386796436950147, 0.01359897371732897, 0.01439195864266014, 0.015495810506657983, 0.016686507754200334, 0.01807173050136072, 0.019341411872889052, 0.020370802976522343, 0.0213787239197115, 0.02262888584538598, 0.02401686851684336, 0.025523335513576738, 0.026670410326906566, 0.02758824337325398, 0.02810647098585074, 0.028219175888028712, 0.02804128716256827, 0.027840212128430745, 0.02799079668741686, 0.027988272685847155, 0.02831306909632167, 0.028434723397990712, 0.0285549391753426, 0.02832607944879636, 0.02800347501499142, 0.027460301198426997, 0.02681840364884072, 0.026203190519756815, 0.02552364346313934, 0.024940794741503684, 0.024553643852497812, 0.024009602077058226, 0.023587486328410737, 0.023053226444370627, 0.02237349941244249, 0.021247392964358097, 0.01948489409103017, 0.01759577829009665, 0.015969918059865678, 0.014849832783247986, 0.014164911869984548, 0.013546042864334782, 0.01328357500957488, 0.012905521640083246, 0.012806686101790404, 0.01256569256360443, 0.01270015008783326, 0.013333718053885597, 0.014364706842779438, 0.015230812921928084, 0.016214173123414017, 0.017422309714956504, 0.01848297873673576, 0.019690103784110968, 0.02062988015396428, 0.021304326954883004, 0.021542023987470748, 0.021445001132587415, 0.02128479356968176, 0.021154257299581803, 0.020548768777841446, 0.020419411659703072, 0.020346908766621045, 0.02018386842926173, 0.020060715556614095, 0.019970155121820186, 0.019905412966441507, 0.019860328269953802, 0.019689549628068632, 0.019110038324468673, 0.018401772510693467, 0.01773443768827515, 0.01691379473734185, 0.0163889904882787, 0.015891976533507178, 0.015695148472402557, 0.015634975895130635, 0.01548249397414641, 0.015250362203767827, 0.01446715870868431, 0.013690714184349355, 0.013111437378948002, 0.01280400987898366, 0.012789088065484542, 0.012885508256999974, 0.012645414791893052, 0.012533763320360268, 0.01300792748125149, 0.014045480441271196, 0.015593406388961941, 0.017496649938682926, 0.01947963017829757, 0.021814960986639112, 0.0244888991790445, 0.027455202671237973, 0.030462142682767764, 0.03347516022004274, 0.03632355277573078, 0.03911728575744543, 0.041489125175428104, 0.043617926344794986, 0.04507509866910146, 0.045973158335007626, 0.046666313335408376, 0.047747911364257295, 0.04910015737076979, 0.051170936172887156, 0.05323921785426519, 0.05484930583024696, 0.05598397968583077, 0.056516639752925084, 0.05678375349578094, 0.05655312215346535, 0.05709318659280136, 0.05753330561326649, 0.05822424761198231, 0.05856641837777238, 0.058663546697002605, 0.05829520111627496, 0.058019458378357286, 0.05786276302771312, 0.057678835712609886, 0.05721489013034267, 0.05620972754199197, 0.05488023496470325, 0.05291870088860013, 0.05085359195424363, 0.04836971777146554, 0.045888993393773454, 0.04332790860019442, 0.040721243397433354, 0.03815348906679705, 0.03609755066086763, 0.03431153121207709, 0.03269994312791247, 0.03113246913067769, 0.029533434333839276, 0.02779284963423818, 0.02581340528028532, 0.023636664296078556, 0.021032966406022018, 0.018298152858289164, 0.015471223173718233, 0.012975006021594128, 0.011476514573927241, 0.011190786613452559, 0.012013514795745658, 0.013192708648177051, 0.0146026096239084, 0.016627808096549106, 0.019288816219412905, 0.022115031993867204, 0.024956066779425322, 0.027947127033299147, 0.030317719296220055, 0.03213024736687776, 0.033908117916643665, 0.035613155393420214, 0.03695858371541455, 0.0370883147011733, 0.035844860180821725, 0.03331269225961453, 0.030127822662769057, 0.026675716455458534, 0.02305094507263966, 0.019294584365168215, 0.016588874620184203, 0.013459760460278334, 0.010513659470637583, 0.008184205378854309, 0.005908681970234855, 0.003908372487361734, 0.002250880846271649, 0.001837561814419065, 0.003902446460586522, 0.00649131804032715, 0.008842266053540701, 0.011337576744963709, 0.013847821453172829, 0.016241515374979285, 0.018506880743639053, 0.020753891025054552, 0.022854281545735794, 0.025177910908837288, 0.027764777035113285, 0.0302577363231247, 0.032552204835272186, 0.033962244268502154, 0.03530995724171245, 0.036795414568091225, 0.03840706162943578, 0.039993850675796264, 0.04133645030179679, 0.04211247094820217, 0.04239213751353172, 0.042192499106345205, 0.04200269786908514, 0.041897190162155235, 0.041830932940717325, 0.04166737666619139, 0.04206882264734189, 0.0426127097658282, 0.042895687146734904, 0.04300135533202284, 0.04249799814293581, 0.041897582995049115, 0.04072077112408416, 0.03927976254850985, 0.037331499513228325, 0.035889992777759706, 0.03456359233645024, 0.033243529781910974, 0.03199033675126687, 0.03059935779738079, 0.029272240636492235, 0.027900707354997015, 0.02654938414970694, 0.02543173352052397, 0.024311103096379235, 0.023065212419431085, 0.021685454855791198, 0.02041159885695607, 0.019056064221564174, 0.017656707279948437, 0.01626614648165674, 0.015012383850973622, 0.013603567963072178, 0.012189757837366814, 0.010674529938407772, 0.009407142987148039, 0.008344525906195775, 0.007439054007672372, 0.0072034584519923735, 0.007775010970036668, 0.009047582903156274, 0.010731538882415681, 0.01253460028234948, 0.014333543563369548, 0.016070624592636203, 0.017817726146123574, 0.019557256660804743, 0.02116824086555951, 0.022529303997840977, 0.023628588936546305, 0.02391411988476377, 0.02359656311707365, 0.022355277074164143, 0.020961866673625245, 0.018393580144489934, 0.015660552711922182, 0.013874328661167971, 0.01254026736778108, 0.011812131260623127, 0.010800298354986543, 0.00961805971638548, 0.008471507575266851, 0.007656757785702683, 0.006719580941926242, 0.0056999472982024405, 0.005125787188458596, 0.00504686530895439, 0.005697178935649704, 0.006245540782853768, 0.0070976650798796875, 0.007900543705723831, 0.008755370167568399, 0.009807746909975117, 0.011209592216881203, 0.01276960312030194, 0.014467251258771754, 0.015865855510978952, 0.01751794577394112, 0.01978728846519214, 0.022540086452385207, 0.024859037758439572, 0.02589623397823137, 0.02611181133516041, 0.026565850619759173, 0.0272557734372972, 0.02776644526036269, 0.02799937699621002, 0.02818388188652303, 0.02806005928616626, 0.028083982827741123, 0.02781538632605852, 0.027763976455106594, 0.028120518002563644, 0.028688559534023904, 0.029389365084960088, 0.030059907204608147, 0.03052096911154336, 0.031053468449087778, 0.03142000488428638, 0.03173833045042581, 0.031892653890475096, 0.03198060527161537, 0.031944507243272385, 0.03180892531117334, 0.03180195743523648, 0.03175983113429147, 0.03185651864929952, 0.032146459060636644, 0.032526908876218445, 0.033087790299913135, 0.03370146462957083, 0.0342847740780508, 0.0344768243549477, 0.03441738754137779, 0.034008301029805295]",0.04000166841569801,0.021774305909353697,0.03195396987276315,0.024064024713459642,0.0,0.0,0.018921969823390172,0.021774305909353697,0.03195396987276315,0.024064024713459642,1.08,1717635301.7829804,2024-06-06_10-55-01
0.5059,-0.11688,0.4678583860767188,0.48359999395071396,-0.14826052238496057,0.44436974083767594,0.5059,-0.11688,0.4877065902023492,0.48359999395071396,-0.14826052238496057,0.44436974083767594,0.03919762289117317,"[0.011315756658919754, 0.012192407496521018, 0.01288995615295488, 0.01359963525141729, 0.014321891165186378, 0.015181047888625853, 0.01592941522152252, 0.01673874496494045, 0.01751440457689525, 0.01835087734908702, 0.019202544572813795, 0.020070622325609303, 0.02095627718778323, 0.02186061264947246, 0.022737260153569413, 0.023681097053535004, 0.024646250751560458, 0.025633386418693636, 0.02659237614956749, 0.027623542314219474, 0.0286250346734827, 0.029647102596467904, 0.03056454213255984, 0.031680305841655834, 0.03263530150735364, 0.033606764937046466, 0.034593095597664145, 0.03536350794006898, 0.035930760474075646, 0.03631257033147624, 0.03661317474198803, 0.03688385713543919, 0.03738127616234113, 0.037934719347479336, 0.03858163380471939, 0.03921882339006296, 0.03999131852533767, 0.04074980907886149, 0.04127472956039594, 0.04151563832077664, 0.04151964454301027, 0.04123464219442919, 0.04096829512038153, 0.04056460486818273, 0.04028281736824196, 0.04000166841569801, 0.03919762289117317, 0.037812479337396496, 0.03622310391275238, 0.03453579653228067, 0.0330206041779641, 0.031565009966306234, 0.03054064037737075, 0.029904305612678588, 0.029394155816597912, 0.028896840658953926, 0.02825322628704274, 0.027685220830545497, 0.02666364029859006, 0.025486033827772144, 0.02414387260068274, 0.023028867611909868, 0.022681878550084772, 0.02299235797660897, 0.02387546679328945, 0.024738332374206702, 0.025547718436096926, 0.026640938816603423, 0.02759836215880636, 0.028240938725365098, 0.028199955208514017, 0.028168175430310402, 0.02767018559717724, 0.027414861073674215, 0.027239233260695786, 0.0274939869379551, 0.027874761581110984, 0.02868161073982207, 0.029514734605865275, 0.030345172291974937, 0.031248268714928727, 0.032298002681611045, 0.033509628354587276, 0.0348066615601669, 0.03569061118903811, 0.03631377821401384, 0.03654105211474412, 0.03646788532881584, 0.03572808397059345, 0.03427781350345514, 0.03309813106562172, 0.031639416134799855, 0.02970329439236902, 0.027599049067936567, 0.02603054913364457, 0.024090316372098155, 0.02220132238001286, 0.02051452966091278, 0.019044426362309692, 0.017805605247084858, 0.01643252777018217, 0.01523003850809785, 0.01424180324883461, 0.013706552220618947, 0.0130880570946912, 0.012988920737072255, 0.013178248200839212, 0.013386796436950147, 0.01359897371732897, 0.01439195864266014, 0.015495810506657983, 0.016686507754200334, 0.01807173050136072, 0.019341411872889052, 0.020370802976522343, 0.0213787239197115, 0.02262888584538598, 0.02401686851684336, 0.025523335513576738, 0.026670410326906566, 0.02758824337325398, 0.02810647098585074, 0.028219175888028712, 0.02804128716256827, 0.027840212128430745, 0.02799079668741686, 0.027988272685847155, 0.02831306909632167, 0.028434723397990712, 0.0285549391753426, 0.02832607944879636, 0.02800347501499142, 0.027460301198426997, 0.02681840364884072, 0.026203190519756815, 0.02552364346313934, 0.024940794741503684, 0.024553643852497812, 0.024009602077058226, 0.023587486328410737, 0.023053226444370627, 0.02237349941244249, 0.021247392964358097, 0.01948489409103017, 0.01759577829009665, 0.015969918059865678, 0.014849832783247986, 0.014164911869984548, 0.013546042864334782, 0.01328357500957488, 0.012905521640083246, 0.012806686101790404, 0.01256569256360443, 0.01270015008783326, 0.013333718053885597, 0.014364706842779438, 0.015230812921928084, 0.016214173123414017, 0.017422309714956504, 0.01848297873673576, 0.019690103784110968, 0.02062988015396428, 0.021304326954883004, 0.021542023987470748, 0.021445001132587415, 0.02128479356968176, 0.021154257299581803, 0.020548768777841446, 0.020419411659703072, 0.020346908766621045, 0.02018386842926173, 0.020060715556614095, 0.019970155121820186, 0.019905412966441507, 0.019860328269953802, 0.019689549628068632, 0.019110038324468673, 0.018401772510693467, 0.01773443768827515, 0.01691379473734185, 0.0163889904882787, 0.015891976533507178, 0.015695148472402557, 0.015634975895130635, 0.01548249397414641, 0.015250362203767827, 0.01446715870868431, 0.013690714184349355, 0.013111437378948002, 0.01280400987898366, 0.012789088065484542, 0.012885508256999974, 0.012645414791893052, 0.012533763320360268, 0.01300792748125149, 0.014045480441271196, 0.015593406388961941, 0.017496649938682926, 0.01947963017829757, 0.021814960986639112, 0.0244888991790445, 0.027455202671237973, 0.030462142682767764, 0.03347516022004274, 0.03632355277573078, 0.03911728575744543, 0.041489125175428104, 0.043617926344794986, 0.04507509866910146, 0.045973158335007626, 0.046666313335408376, 0.047747911364257295, 0.04910015737076979, 0.051170936172887156, 0.05323921785426519, 0.05484930583024696, 0.05598397968583077, 0.056516639752925084, 0.05678375349578094, 0.05655312215346535, 0.05709318659280136, 0.05753330561326649, 0.05822424761198231, 0.05856641837777238, 0.058663546697002605, 0.05829520111627496, 0.058019458378357286, 0.05786276302771312, 0.057678835712609886, 0.05721489013034267, 0.05620972754199197, 0.05488023496470325, 0.05291870088860013, 0.05085359195424363, 0.04836971777146554, 0.045888993393773454, 0.04332790860019442, 0.040721243397433354, 0.03815348906679705, 0.03609755066086763, 0.03431153121207709, 0.03269994312791247, 0.03113246913067769, 0.029533434333839276, 0.02779284963423818, 0.02581340528028532, 0.023636664296078556, 0.021032966406022018, 0.018298152858289164, 0.015471223173718233, 0.012975006021594128, 0.011476514573927241, 0.011190786613452559, 0.012013514795745658, 0.013192708648177051, 0.0146026096239084, 0.016627808096549106, 0.019288816219412905, 0.022115031993867204, 0.024956066779425322, 0.027947127033299147, 0.030317719296220055, 0.03213024736687776, 0.033908117916643665, 0.035613155393420214, 0.03695858371541455, 0.0370883147011733, 0.035844860180821725, 0.03331269225961453, 0.030127822662769057, 0.026675716455458534, 0.02305094507263966, 0.019294584365168215, 0.016588874620184203, 0.013459760460278334, 0.010513659470637583, 0.008184205378854309, 0.005908681970234855, 0.003908372487361734, 0.002250880846271649, 0.001837561814419065, 0.003902446460586522, 0.00649131804032715, 0.008842266053540701, 0.011337576744963709, 0.013847821453172829, 0.016241515374979285, 0.018506880743639053, 0.020753891025054552, 0.022854281545735794, 0.025177910908837288, 0.027764777035113285, 0.0302577363231247, 0.032552204835272186, 0.033962244268502154, 0.03530995724171245, 0.036795414568091225, 0.03840706162943578, 0.039993850675796264, 0.04133645030179679, 0.04211247094820217, 0.04239213751353172, 0.042192499106345205, 0.04200269786908514, 0.041897190162155235, 0.041830932940717325, 0.04166737666619139, 0.04206882264734189, 0.0426127097658282, 0.042895687146734904, 0.04300135533202284, 0.04249799814293581, 0.041897582995049115, 0.04072077112408416, 0.03927976254850985, 0.037331499513228325, 0.035889992777759706, 0.03456359233645024, 0.033243529781910974, 0.03199033675126687, 0.03059935779738079, 0.029272240636492235, 0.027900707354997015, 0.02654938414970694, 0.02543173352052397, 0.024311103096379235, 0.023065212419431085, 0.021685454855791198, 0.02041159885695607, 0.019056064221564174, 0.017656707279948437, 0.01626614648165674, 0.015012383850973622, 0.013603567963072178, 0.012189757837366814, 0.010674529938407772, 0.009407142987148039, 0.008344525906195775, 0.007439054007672372, 0.0072034584519923735, 0.007775010970036668, 0.009047582903156274, 0.010731538882415681, 0.01253460028234948, 0.014333543563369548, 0.016070624592636203, 0.017817726146123574, 0.019557256660804743, 0.02116824086555951, 0.022529303997840977, 0.023628588936546305, 0.02391411988476377, 0.02359656311707365, 0.022355277074164143, 0.020961866673625245, 0.018393580144489934, 0.015660552711922182, 0.013874328661167971, 0.01254026736778108, 0.011812131260623127, 0.010800298354986543, 0.00961805971638548, 0.008471507575266851, 0.007656757785702683, 0.006719580941926242, 0.0056999472982024405, 0.005125787188458596, 0.00504686530895439, 0.005697178935649704, 0.006245540782853768, 0.0070976650798796875, 0.007900543705723831, 0.008755370167568399, 0.009807746909975117, 0.011209592216881203, 0.01276960312030194, 0.014467251258771754, 0.015865855510978952, 0.01751794577394112, 0.01978728846519214, 0.022540086452385207, 0.024859037758439572, 0.02589623397823137, 0.02611181133516041, 0.026565850619759173, 0.0272557734372972, 0.02776644526036269, 0.02799937699621002, 0.02818388188652303, 0.02806005928616626, 0.028083982827741123, 0.02781538632605852, 0.027763976455106594, 0.028120518002563644, 0.028688559534023904, 0.029389365084960088, 0.030059907204608147, 0.03052096911154336, 0.031053468449087778, 0.03142000488428638, 0.03173833045042581, 0.031892653890475096, 0.03198060527161537, 0.031944507243272385, 0.03180892531117334, 0.03180195743523648, 0.03175983113429147, 0.03185651864929952, 0.032146459060636644, 0.032526908876218445, 0.033087790299913135, 0.03370146462957083, 0.0342847740780508, 0.0344768243549477, 0.03441738754137779, 0.034008301029805295]",0.03919762289117317,0.02230000604928606,0.03138052238496057,0.02348864523904287,0.0,0.0,0.019848204125630375,0.02230000604928606,0.03138052238496057,0.02348864523904287,1.104,1717635301.8070562,2024-06-06_10-55-01
0.5059,-0.11616,0.4682296442595517,0.4828657011511983,-0.14660054916339604,0.4457984927003494,0.5059,-0.11616,0.48893570996074825,0.4828657011511983,-0.14660054916339604,0.4457984927003494,0.037812479337396496,"[0.011315756658919754, 0.012192407496521018, 0.01288995615295488, 0.01359963525141729, 0.014321891165186378, 0.015181047888625853, 0.01592941522152252, 0.01673874496494045, 0.01751440457689525, 0.01835087734908702, 0.019202544572813795, 0.020070622325609303, 0.02095627718778323, 0.02186061264947246, 0.022737260153569413, 0.023681097053535004, 0.024646250751560458, 0.025633386418693636, 0.02659237614956749, 0.027623542314219474, 0.0286250346734827, 0.029647102596467904, 0.03056454213255984, 0.031680305841655834, 0.03263530150735364, 0.033606764937046466, 0.034593095597664145, 0.03536350794006898, 0.035930760474075646, 0.03631257033147624, 0.03661317474198803, 0.03688385713543919, 0.03738127616234113, 0.037934719347479336, 0.03858163380471939, 0.03921882339006296, 0.03999131852533767, 0.04074980907886149, 0.04127472956039594, 0.04151563832077664, 0.04151964454301027, 0.04123464219442919, 0.04096829512038153, 0.04056460486818273, 0.04028281736824196, 0.04000166841569801, 0.03919762289117317, 0.037812479337396496, 0.03622310391275238, 0.03453579653228067, 0.0330206041779641, 0.031565009966306234, 0.03054064037737075, 0.029904305612678588, 0.029394155816597912, 0.028896840658953926, 0.02825322628704274, 0.027685220830545497, 0.02666364029859006, 0.025486033827772144, 0.02414387260068274, 0.023028867611909868, 0.022681878550084772, 0.02299235797660897, 0.02387546679328945, 0.024738332374206702, 0.025547718436096926, 0.026640938816603423, 0.02759836215880636, 0.028240938725365098, 0.028199955208514017, 0.028168175430310402, 0.02767018559717724, 0.027414861073674215, 0.027239233260695786, 0.0274939869379551, 0.027874761581110984, 0.02868161073982207, 0.029514734605865275, 0.030345172291974937, 0.031248268714928727, 0.032298002681611045, 0.033509628354587276, 0.0348066615601669, 0.03569061118903811, 0.03631377821401384, 0.03654105211474412, 0.03646788532881584, 0.03572808397059345, 0.03427781350345514, 0.03309813106562172, 0.031639416134799855, 0.02970329439236902, 0.027599049067936567, 0.02603054913364457, 0.024090316372098155, 0.02220132238001286, 0.02051452966091278, 0.019044426362309692, 0.017805605247084858, 0.01643252777018217, 0.01523003850809785, 0.01424180324883461, 0.013706552220618947, 0.0130880570946912, 0.012988920737072255, 0.013178248200839212, 0.013386796436950147, 0.01359897371732897, 0.01439195864266014, 0.015495810506657983, 0.016686507754200334, 0.01807173050136072, 0.019341411872889052, 0.020370802976522343, 0.0213787239197115, 0.02262888584538598, 0.02401686851684336, 0.025523335513576738, 0.026670410326906566, 0.02758824337325398, 0.02810647098585074, 0.028219175888028712, 0.02804128716256827, 0.027840212128430745, 0.02799079668741686, 0.027988272685847155, 0.02831306909632167, 0.028434723397990712, 0.0285549391753426, 0.02832607944879636, 0.02800347501499142, 0.027460301198426997, 0.02681840364884072, 0.026203190519756815, 0.02552364346313934, 0.024940794741503684, 0.024553643852497812, 0.024009602077058226, 0.023587486328410737, 0.023053226444370627, 0.02237349941244249, 0.021247392964358097, 0.01948489409103017, 0.01759577829009665, 0.015969918059865678, 0.014849832783247986, 0.014164911869984548, 0.013546042864334782, 0.01328357500957488, 0.012905521640083246, 0.012806686101790404, 0.01256569256360443, 0.01270015008783326, 0.013333718053885597, 0.014364706842779438, 0.015230812921928084, 0.016214173123414017, 0.017422309714956504, 0.01848297873673576, 0.019690103784110968, 0.02062988015396428, 0.021304326954883004, 0.021542023987470748, 0.021445001132587415, 0.02128479356968176, 0.021154257299581803, 0.020548768777841446, 0.020419411659703072, 0.020346908766621045, 0.02018386842926173, 0.020060715556614095, 0.019970155121820186, 0.019905412966441507, 0.019860328269953802, 0.019689549628068632, 0.019110038324468673, 0.018401772510693467, 0.01773443768827515, 0.01691379473734185, 0.0163889904882787, 0.015891976533507178, 0.015695148472402557, 0.015634975895130635, 0.01548249397414641, 0.015250362203767827, 0.01446715870868431, 0.013690714184349355, 0.013111437378948002, 0.01280400987898366, 0.012789088065484542, 0.012885508256999974, 0.012645414791893052, 0.012533763320360268, 0.01300792748125149, 0.014045480441271196, 0.015593406388961941, 0.017496649938682926, 0.01947963017829757, 0.021814960986639112, 0.0244888991790445, 0.027455202671237973, 0.030462142682767764, 0.03347516022004274, 0.03632355277573078, 0.03911728575744543, 0.041489125175428104, 0.043617926344794986, 0.04507509866910146, 0.045973158335007626, 0.046666313335408376, 0.047747911364257295, 0.04910015737076979, 0.051170936172887156, 0.05323921785426519, 0.05484930583024696, 0.05598397968583077, 0.056516639752925084, 0.05678375349578094, 0.05655312215346535, 0.05709318659280136, 0.05753330561326649, 0.05822424761198231, 0.05856641837777238, 0.058663546697002605, 0.05829520111627496, 0.058019458378357286, 0.05786276302771312, 0.057678835712609886, 0.05721489013034267, 0.05620972754199197, 0.05488023496470325, 0.05291870088860013, 0.05085359195424363, 0.04836971777146554, 0.045888993393773454, 0.04332790860019442, 0.040721243397433354, 0.03815348906679705, 0.03609755066086763, 0.03431153121207709, 0.03269994312791247, 0.03113246913067769, 0.029533434333839276, 0.02779284963423818, 0.02581340528028532, 0.023636664296078556, 0.021032966406022018, 0.018298152858289164, 0.015471223173718233, 0.012975006021594128, 0.011476514573927241, 0.011190786613452559, 0.012013514795745658, 0.013192708648177051, 0.0146026096239084, 0.016627808096549106, 0.019288816219412905, 0.022115031993867204, 0.024956066779425322, 0.027947127033299147, 0.030317719296220055, 0.03213024736687776, 0.033908117916643665, 0.035613155393420214, 0.03695858371541455, 0.0370883147011733, 0.035844860180821725, 0.03331269225961453, 0.030127822662769057, 0.026675716455458534, 0.02305094507263966, 0.019294584365168215, 0.016588874620184203, 0.013459760460278334, 0.010513659470637583, 0.008184205378854309, 0.005908681970234855, 0.003908372487361734, 0.002250880846271649, 0.001837561814419065, 0.003902446460586522, 0.00649131804032715, 0.008842266053540701, 0.011337576744963709, 0.013847821453172829, 0.016241515374979285, 0.018506880743639053, 0.020753891025054552, 0.022854281545735794, 0.025177910908837288, 0.027764777035113285, 0.0302577363231247, 0.032552204835272186, 0.033962244268502154, 0.03530995724171245, 0.036795414568091225, 0.03840706162943578, 0.039993850675796264, 0.04133645030179679, 0.04211247094820217, 0.04239213751353172, 0.042192499106345205, 0.04200269786908514, 0.041897190162155235, 0.041830932940717325, 0.04166737666619139, 0.04206882264734189, 0.0426127097658282, 0.042895687146734904, 0.04300135533202284, 0.04249799814293581, 0.041897582995049115, 0.04072077112408416, 0.03927976254850985, 0.037331499513228325, 0.035889992777759706, 0.03456359233645024, 0.033243529781910974, 0.03199033675126687, 0.03059935779738079, 0.029272240636492235, 0.027900707354997015, 0.02654938414970694, 0.02543173352052397, 0.024311103096379235, 0.023065212419431085, 0.021685454855791198, 0.02041159885695607, 0.019056064221564174, 0.017656707279948437, 0.01626614648165674, 0.015012383850973622, 0.013603567963072178, 0.012189757837366814, 0.010674529938407772, 0.009407142987148039, 0.008344525906195775, 0.007439054007672372, 0.0072034584519923735, 0.007775010970036668, 0.009047582903156274, 0.010731538882415681, 0.01253460028234948, 0.014333543563369548, 0.016070624592636203, 0.017817726146123574, 0.019557256660804743, 0.02116824086555951, 0.022529303997840977, 0.023628588936546305, 0.02391411988476377, 0.02359656311707365, 0.022355277074164143, 0.020961866673625245, 0.018393580144489934, 0.015660552711922182, 0.013874328661167971, 0.01254026736778108, 0.011812131260623127, 0.010800298354986543, 0.00961805971638548, 0.008471507575266851, 0.007656757785702683, 0.006719580941926242, 0.0056999472982024405, 0.005125787188458596, 0.00504686530895439, 0.005697178935649704, 0.006245540782853768, 0.0070976650798796875, 0.007900543705723831, 0.008755370167568399, 0.009807746909975117, 0.011209592216881203, 0.01276960312030194, 0.014467251258771754, 0.015865855510978952, 0.01751794577394112, 0.01978728846519214, 0.022540086452385207, 0.024859037758439572, 0.02589623397823137, 0.02611181133516041, 0.026565850619759173, 0.0272557734372972, 0.02776644526036269, 0.02799937699621002, 0.02818388188652303, 0.02806005928616626, 0.028083982827741123, 0.02781538632605852, 0.027763976455106594, 0.028120518002563644, 0.028688559534023904, 0.029389365084960088, 0.030059907204608147, 0.03052096911154336, 0.031053468449087778, 0.03142000488428638, 0.03173833045042581, 0.031892653890475096, 0.03198060527161537, 0.031944507243272385, 0.03180892531117334, 0.03180195743523648, 0.03175983113429147, 0.03185651864929952, 0.032146459060636644, 0.032526908876218445, 0.033087790299913135, 0.03370146462957083, 0.0342847740780508, 0.0344768243549477, 0.03441738754137779, 0.034008301029805295]",0.037812479337396496,0.023034298848801704,0.030440549163396044,0.022431151559202334,0.0,0.0,0.02070606570119654,0.023034298848801704,0.030440549163396044,0.022431151559202334,1.128,1717635301.8321187,2024-06-06_10-55-01
0.5059,-0.11543999999999999,0.46851649121941025,0.48207070993612566,-0.14480907979637764,0.44731341575880645,0.5059,-0.11543999999999999,0.4900804184961729,0.48207070993612566,-0.14480907979637764,0.44731341575880645,0.03622310391275238,"[0.011315756658919754, 0.012192407496521018, 0.01288995615295488, 0.01359963525141729, 0.014321891165186378, 0.015181047888625853, 0.01592941522152252, 0.01673874496494045, 0.01751440457689525, 0.01835087734908702, 0.019202544572813795, 0.020070622325609303, 0.02095627718778323, 0.02186061264947246, 0.022737260153569413, 0.023681097053535004, 0.024646250751560458, 0.025633386418693636, 0.02659237614956749, 0.027623542314219474, 0.0286250346734827, 0.029647102596467904, 0.03056454213255984, 0.031680305841655834, 0.03263530150735364, 0.033606764937046466, 0.034593095597664145, 0.03536350794006898, 0.035930760474075646, 0.03631257033147624, 0.03661317474198803, 0.03688385713543919, 0.03738127616234113, 0.037934719347479336, 0.03858163380471939, 0.03921882339006296, 0.03999131852533767, 0.04074980907886149, 0.04127472956039594, 0.04151563832077664, 0.04151964454301027, 0.04123464219442919, 0.04096829512038153, 0.04056460486818273, 0.04028281736824196, 0.04000166841569801, 0.03919762289117317, 0.037812479337396496, 0.03622310391275238, 0.03453579653228067, 0.0330206041779641, 0.031565009966306234, 0.03054064037737075, 0.029904305612678588, 0.029394155816597912, 0.028896840658953926, 0.02825322628704274, 0.027685220830545497, 0.02666364029859006, 0.025486033827772144, 0.02414387260068274, 0.023028867611909868, 0.022681878550084772, 0.02299235797660897, 0.02387546679328945, 0.024738332374206702, 0.025547718436096926, 0.026640938816603423, 0.02759836215880636, 0.028240938725365098, 0.028199955208514017, 0.028168175430310402, 0.02767018559717724, 0.027414861073674215, 0.027239233260695786, 0.0274939869379551, 0.027874761581110984, 0.02868161073982207, 0.029514734605865275, 0.030345172291974937, 0.031248268714928727, 0.032298002681611045, 0.033509628354587276, 0.0348066615601669, 0.03569061118903811, 0.03631377821401384, 0.03654105211474412, 0.03646788532881584, 0.03572808397059345, 0.03427781350345514, 0.03309813106562172, 0.031639416134799855, 0.02970329439236902, 0.027599049067936567, 0.02603054913364457, 0.024090316372098155, 0.02220132238001286, 0.02051452966091278, 0.019044426362309692, 0.017805605247084858, 0.01643252777018217, 0.01523003850809785, 0.01424180324883461, 0.013706552220618947, 0.0130880570946912, 0.012988920737072255, 0.013178248200839212, 0.013386796436950147, 0.01359897371732897, 0.01439195864266014, 0.015495810506657983, 0.016686507754200334, 0.01807173050136072, 0.019341411872889052, 0.020370802976522343, 0.0213787239197115, 0.02262888584538598, 0.02401686851684336, 0.025523335513576738, 0.026670410326906566, 0.02758824337325398, 0.02810647098585074, 0.028219175888028712, 0.02804128716256827, 0.027840212128430745, 0.02799079668741686, 0.027988272685847155, 0.02831306909632167, 0.028434723397990712, 0.0285549391753426, 0.02832607944879636, 0.02800347501499142, 0.027460301198426997, 0.02681840364884072, 0.026203190519756815, 0.02552364346313934, 0.024940794741503684, 0.024553643852497812, 0.024009602077058226, 0.023587486328410737, 0.023053226444370627, 0.02237349941244249, 0.021247392964358097, 0.01948489409103017, 0.01759577829009665, 0.015969918059865678, 0.014849832783247986, 0.014164911869984548, 0.013546042864334782, 0.01328357500957488, 0.012905521640083246, 0.012806686101790404, 0.01256569256360443, 0.01270015008783326, 0.013333718053885597, 0.014364706842779438, 0.015230812921928084, 0.016214173123414017, 0.017422309714956504, 0.01848297873673576, 0.019690103784110968, 0.02062988015396428, 0.021304326954883004, 0.021542023987470748, 0.021445001132587415, 0.02128479356968176, 0.021154257299581803, 0.020548768777841446, 0.020419411659703072, 0.020346908766621045, 0.02018386842926173, 0.020060715556614095, 0.019970155121820186, 0.019905412966441507, 0.019860328269953802, 0.019689549628068632, 0.019110038324468673, 0.018401772510693467, 0.01773443768827515, 0.01691379473734185, 0.0163889904882787, 0.015891976533507178, 0.015695148472402557, 0.015634975895130635, 0.01548249397414641, 0.015250362203767827, 0.01446715870868431, 0.013690714184349355, 0.013111437378948002, 0.01280400987898366, 0.012789088065484542, 0.012885508256999974, 0.012645414791893052, 0.012533763320360268, 0.01300792748125149, 0.014045480441271196, 0.015593406388961941, 0.017496649938682926, 0.01947963017829757, 0.021814960986639112, 0.0244888991790445, 0.027455202671237973, 0.030462142682767764, 0.03347516022004274, 0.03632355277573078, 0.03911728575744543, 0.041489125175428104, 0.043617926344794986, 0.04507509866910146, 0.045973158335007626, 0.046666313335408376, 0.047747911364257295, 0.04910015737076979, 0.051170936172887156, 0.05323921785426519, 0.05484930583024696, 0.05598397968583077, 0.056516639752925084, 0.05678375349578094, 0.05655312215346535, 0.05709318659280136, 0.05753330561326649, 0.05822424761198231, 0.05856641837777238, 0.058663546697002605, 0.05829520111627496, 0.058019458378357286, 0.05786276302771312, 0.057678835712609886, 0.05721489013034267, 0.05620972754199197, 0.05488023496470325, 0.05291870088860013, 0.05085359195424363, 0.04836971777146554, 0.045888993393773454, 0.04332790860019442, 0.040721243397433354, 0.03815348906679705, 0.03609755066086763, 0.03431153121207709, 0.03269994312791247, 0.03113246913067769, 0.029533434333839276, 0.02779284963423818, 0.02581340528028532, 0.023636664296078556, 0.021032966406022018, 0.018298152858289164, 0.015471223173718233, 0.012975006021594128, 0.011476514573927241, 0.011190786613452559, 0.012013514795745658, 0.013192708648177051, 0.0146026096239084, 0.016627808096549106, 0.019288816219412905, 0.022115031993867204, 0.024956066779425322, 0.027947127033299147, 0.030317719296220055, 0.03213024736687776, 0.033908117916643665, 0.035613155393420214, 0.03695858371541455, 0.0370883147011733, 0.035844860180821725, 0.03331269225961453, 0.030127822662769057, 0.026675716455458534, 0.02305094507263966, 0.019294584365168215, 0.016588874620184203, 0.013459760460278334, 0.010513659470637583, 0.008184205378854309, 0.005908681970234855, 0.003908372487361734, 0.002250880846271649, 0.001837561814419065, 0.003902446460586522, 0.00649131804032715, 0.008842266053540701, 0.011337576744963709, 0.013847821453172829, 0.016241515374979285, 0.018506880743639053, 0.020753891025054552, 0.022854281545735794, 0.025177910908837288, 0.027764777035113285, 0.0302577363231247, 0.032552204835272186, 0.033962244268502154, 0.03530995724171245, 0.036795414568091225, 0.03840706162943578, 0.039993850675796264, 0.04133645030179679, 0.04211247094820217, 0.04239213751353172, 0.042192499106345205, 0.04200269786908514, 0.041897190162155235, 0.041830932940717325, 0.04166737666619139, 0.04206882264734189, 0.0426127097658282, 0.042895687146734904, 0.04300135533202284, 0.04249799814293581, 0.041897582995049115, 0.04072077112408416, 0.03927976254850985, 0.037331499513228325, 0.035889992777759706, 0.03456359233645024, 0.033243529781910974, 0.03199033675126687, 0.03059935779738079, 0.029272240636492235, 0.027900707354997015, 0.02654938414970694, 0.02543173352052397, 0.024311103096379235, 0.023065212419431085, 0.021685454855791198, 0.02041159885695607, 0.019056064221564174, 0.017656707279948437, 0.01626614648165674, 0.015012383850973622, 0.013603567963072178, 0.012189757837366814, 0.010674529938407772, 0.009407142987148039, 0.008344525906195775, 0.007439054007672372, 0.0072034584519923735, 0.007775010970036668, 0.009047582903156274, 0.010731538882415681, 0.01253460028234948, 0.014333543563369548, 0.016070624592636203, 0.017817726146123574, 0.019557256660804743, 0.02116824086555951, 0.022529303997840977, 0.023628588936546305, 0.02391411988476377, 0.02359656311707365, 0.022355277074164143, 0.020961866673625245, 0.018393580144489934, 0.015660552711922182, 0.013874328661167971, 0.01254026736778108, 0.011812131260623127, 0.010800298354986543, 0.00961805971638548, 0.008471507575266851, 0.007656757785702683, 0.006719580941926242, 0.0056999472982024405, 0.005125787188458596, 0.00504686530895439, 0.005697178935649704, 0.006245540782853768, 0.0070976650798796875, 0.007900543705723831, 0.008755370167568399, 0.009807746909975117, 0.011209592216881203, 0.01276960312030194, 0.014467251258771754, 0.015865855510978952, 0.01751794577394112, 0.01978728846519214, 0.022540086452385207, 0.024859037758439572, 0.02589623397823137, 0.02611181133516041, 0.026565850619759173, 0.0272557734372972, 0.02776644526036269, 0.02799937699621002, 0.02818388188652303, 0.02806005928616626, 0.028083982827741123, 0.02781538632605852, 0.027763976455106594, 0.028120518002563644, 0.028688559534023904, 0.029389365084960088, 0.030059907204608147, 0.03052096911154336, 0.031053468449087778, 0.03142000488428638, 0.03173833045042581, 0.031892653890475096, 0.03198060527161537, 0.031944507243272385, 0.03180892531117334, 0.03180195743523648, 0.03175983113429147, 0.03185651864929952, 0.032146459060636644, 0.032526908876218445, 0.033087790299913135, 0.03370146462957083, 0.0342847740780508, 0.0344768243549477, 0.03441738754137779, 0.034008301029805295]",0.03622310391275238,0.023829290063874353,0.02936907979637765,0.021203075460603793,0.0,0.0,0.02156392727676265,0.023829290063874353,0.02936907979637765,0.021203075460603793,1.152,1717635301.8555117,2024-06-06_10-55-01
0.5059,-0.11471999999999999,0.46871532073437144,0.4812034007951554,-0.14304766524649912,0.4489602043388304,0.5059,-0.11471999999999999,0.4911371095867003,0.4812034007951554,-0.14304766524649912,0.4489602043388304,0.03453579653228067,"[0.011315756658919754, 0.012192407496521018, 0.01288995615295488, 0.01359963525141729, 0.014321891165186378, 0.015181047888625853, 0.01592941522152252, 0.01673874496494045, 0.01751440457689525, 0.01835087734908702, 0.019202544572813795, 0.020070622325609303, 0.02095627718778323, 0.02186061264947246, 0.022737260153569413, 0.023681097053535004, 0.024646250751560458, 0.025633386418693636, 0.02659237614956749, 0.027623542314219474, 0.0286250346734827, 0.029647102596467904, 0.03056454213255984, 0.031680305841655834, 0.03263530150735364, 0.033606764937046466, 0.034593095597664145, 0.03536350794006898, 0.035930760474075646, 0.03631257033147624, 0.03661317474198803, 0.03688385713543919, 0.03738127616234113, 0.037934719347479336, 0.03858163380471939, 0.03921882339006296, 0.03999131852533767, 0.04074980907886149, 0.04127472956039594, 0.04151563832077664, 0.04151964454301027, 0.04123464219442919, 0.04096829512038153, 0.04056460486818273, 0.04028281736824196, 0.04000166841569801, 0.03919762289117317, 0.037812479337396496, 0.03622310391275238, 0.03453579653228067, 0.0330206041779641, 0.031565009966306234, 0.03054064037737075, 0.029904305612678588, 0.029394155816597912, 0.028896840658953926, 0.02825322628704274, 0.027685220830545497, 0.02666364029859006, 0.025486033827772144, 0.02414387260068274, 0.023028867611909868, 0.022681878550084772, 0.02299235797660897, 0.02387546679328945, 0.024738332374206702, 0.025547718436096926, 0.026640938816603423, 0.02759836215880636, 0.028240938725365098, 0.028199955208514017, 0.028168175430310402, 0.02767018559717724, 0.027414861073674215, 0.027239233260695786, 0.0274939869379551, 0.027874761581110984, 0.02868161073982207, 0.029514734605865275, 0.030345172291974937, 0.031248268714928727, 0.032298002681611045, 0.033509628354587276, 0.0348066615601669, 0.03569061118903811, 0.03631377821401384, 0.03654105211474412, 0.03646788532881584, 0.03572808397059345, 0.03427781350345514, 0.03309813106562172, 0.031639416134799855, 0.02970329439236902, 0.027599049067936567, 0.02603054913364457, 0.024090316372098155, 0.02220132238001286, 0.02051452966091278, 0.019044426362309692, 0.017805605247084858, 0.01643252777018217, 0.01523003850809785, 0.01424180324883461, 0.013706552220618947, 0.0130880570946912, 0.012988920737072255, 0.013178248200839212, 0.013386796436950147, 0.01359897371732897, 0.01439195864266014, 0.015495810506657983, 0.016686507754200334, 0.01807173050136072, 0.019341411872889052, 0.020370802976522343, 0.0213787239197115, 0.02262888584538598, 0.02401686851684336, 0.025523335513576738, 0.026670410326906566, 0.02758824337325398, 0.02810647098585074, 0.028219175888028712, 0.02804128716256827, 0.027840212128430745, 0.02799079668741686, 0.027988272685847155, 0.02831306909632167, 0.028434723397990712, 0.0285549391753426, 0.02832607944879636, 0.02800347501499142, 0.027460301198426997, 0.02681840364884072, 0.026203190519756815, 0.02552364346313934, 0.024940794741503684, 0.024553643852497812, 0.024009602077058226, 0.023587486328410737, 0.023053226444370627, 0.02237349941244249, 0.021247392964358097, 0.01948489409103017, 0.01759577829009665, 0.015969918059865678, 0.014849832783247986, 0.014164911869984548, 0.013546042864334782, 0.01328357500957488, 0.012905521640083246, 0.012806686101790404, 0.01256569256360443, 0.01270015008783326, 0.013333718053885597, 0.014364706842779438, 0.015230812921928084, 0.016214173123414017, 0.017422309714956504, 0.01848297873673576, 0.019690103784110968, 0.02062988015396428, 0.021304326954883004, 0.021542023987470748, 0.021445001132587415, 0.02128479356968176, 0.021154257299581803, 0.020548768777841446, 0.020419411659703072, 0.020346908766621045, 0.02018386842926173, 0.020060715556614095, 0.019970155121820186, 0.019905412966441507, 0.019860328269953802, 0.019689549628068632, 0.019110038324468673, 0.018401772510693467, 0.01773443768827515, 0.01691379473734185, 0.0163889904882787, 0.015891976533507178, 0.015695148472402557, 0.015634975895130635, 0.01548249397414641, 0.015250362203767827, 0.01446715870868431, 0.013690714184349355, 0.013111437378948002, 0.01280400987898366, 0.012789088065484542, 0.012885508256999974, 0.012645414791893052, 0.012533763320360268, 0.01300792748125149, 0.014045480441271196, 0.015593406388961941, 0.017496649938682926, 0.01947963017829757, 0.021814960986639112, 0.0244888991790445, 0.027455202671237973, 0.030462142682767764, 0.03347516022004274, 0.03632355277573078, 0.03911728575744543, 0.041489125175428104, 0.043617926344794986, 0.04507509866910146, 0.045973158335007626, 0.046666313335408376, 0.047747911364257295, 0.04910015737076979, 0.051170936172887156, 0.05323921785426519, 0.05484930583024696, 0.05598397968583077, 0.056516639752925084, 0.05678375349578094, 0.05655312215346535, 0.05709318659280136, 0.05753330561326649, 0.05822424761198231, 0.05856641837777238, 0.058663546697002605, 0.05829520111627496, 0.058019458378357286, 0.05786276302771312, 0.057678835712609886, 0.05721489013034267, 0.05620972754199197, 0.05488023496470325, 0.05291870088860013, 0.05085359195424363, 0.04836971777146554, 0.045888993393773454, 0.04332790860019442, 0.040721243397433354, 0.03815348906679705, 0.03609755066086763, 0.03431153121207709, 0.03269994312791247, 0.03113246913067769, 0.029533434333839276, 0.02779284963423818, 0.02581340528028532, 0.023636664296078556, 0.021032966406022018, 0.018298152858289164, 0.015471223173718233, 0.012975006021594128, 0.011476514573927241, 0.011190786613452559, 0.012013514795745658, 0.013192708648177051, 0.0146026096239084, 0.016627808096549106, 0.019288816219412905, 0.022115031993867204, 0.024956066779425322, 0.027947127033299147, 0.030317719296220055, 0.03213024736687776, 0.033908117916643665, 0.035613155393420214, 0.03695858371541455, 0.0370883147011733, 0.035844860180821725, 0.03331269225961453, 0.030127822662769057, 0.026675716455458534, 0.02305094507263966, 0.019294584365168215, 0.016588874620184203, 0.013459760460278334, 0.010513659470637583, 0.008184205378854309, 0.005908681970234855, 0.003908372487361734, 0.002250880846271649, 0.001837561814419065, 0.003902446460586522, 0.00649131804032715, 0.008842266053540701, 0.011337576744963709, 0.013847821453172829, 0.016241515374979285, 0.018506880743639053, 0.020753891025054552, 0.022854281545735794, 0.025177910908837288, 0.027764777035113285, 0.0302577363231247, 0.032552204835272186, 0.033962244268502154, 0.03530995724171245, 0.036795414568091225, 0.03840706162943578, 0.039993850675796264, 0.04133645030179679, 0.04211247094820217, 0.04239213751353172, 0.042192499106345205, 0.04200269786908514, 0.041897190162155235, 0.041830932940717325, 0.04166737666619139, 0.04206882264734189, 0.0426127097658282, 0.042895687146734904, 0.04300135533202284, 0.04249799814293581, 0.041897582995049115, 0.04072077112408416, 0.03927976254850985, 0.037331499513228325, 0.035889992777759706, 0.03456359233645024, 0.033243529781910974, 0.03199033675126687, 0.03059935779738079, 0.029272240636492235, 0.027900707354997015, 0.02654938414970694, 0.02543173352052397, 0.024311103096379235, 0.023065212419431085, 0.021685454855791198, 0.02041159885695607, 0.019056064221564174, 0.017656707279948437, 0.01626614648165674, 0.015012383850973622, 0.013603567963072178, 0.012189757837366814, 0.010674529938407772, 0.009407142987148039, 0.008344525906195775, 0.007439054007672372, 0.0072034584519923735, 0.007775010970036668, 0.009047582903156274, 0.010731538882415681, 0.01253460028234948, 0.014333543563369548, 0.016070624592636203, 0.017817726146123574, 0.019557256660804743, 0.02116824086555951, 0.022529303997840977, 0.023628588936546305, 0.02391411988476377, 0.02359656311707365, 0.022355277074164143, 0.020961866673625245, 0.018393580144489934, 0.015660552711922182, 0.013874328661167971, 0.01254026736778108, 0.011812131260623127, 0.010800298354986543, 0.00961805971638548, 0.008471507575266851, 0.007656757785702683, 0.006719580941926242, 0.0056999472982024405, 0.005125787188458596, 0.00504686530895439, 0.005697178935649704, 0.006245540782853768, 0.0070976650798796875, 0.007900543705723831, 0.008755370167568399, 0.009807746909975117, 0.011209592216881203, 0.01276960312030194, 0.014467251258771754, 0.015865855510978952, 0.01751794577394112, 0.01978728846519214, 0.022540086452385207, 0.024859037758439572, 0.02589623397823137, 0.02611181133516041, 0.026565850619759173, 0.0272557734372972, 0.02776644526036269, 0.02799937699621002, 0.02818388188652303, 0.02806005928616626, 0.028083982827741123, 0.02781538632605852, 0.027763976455106594, 0.028120518002563644, 0.028688559534023904, 0.029389365084960088, 0.030059907204608147, 0.03052096911154336, 0.031053468449087778, 0.03142000488428638, 0.03173833045042581, 0.031892653890475096, 0.03198060527161537, 0.031944507243272385, 0.03180892531117334, 0.03180195743523648, 0.03175983113429147, 0.03185651864929952, 0.032146459060636644, 0.032526908876218445, 0.033087790299913135, 0.03370146462957083, 0.0342847740780508, 0.0344768243549477, 0.03441738754137779, 0.034008301029805295]",0.03453579653228067,0.024696599204844627,0.02832766524649913,0.01975511639554106,0.0,0.0,0.022421788852328872,0.024696599204844627,0.02832766524649913,0.01975511639554106,1.176,1717635301.8787951,2024-06-06_10-55-01
0.5059,-0.11399999999999999,0.46882290428570095,0.48043187774657115,-0.141390053324787,0.4503798763579689,0.5059,-0.11399999999999999,0.492102554713596,0.48043187774657115,-0.141390053324787,0.4503798763579689,0.0330206041779641,"[0.011315756658919754, 0.012192407496521018, 0.01288995615295488, 0.01359963525141729, 0.014321891165186378, 0.015181047888625853, 0.01592941522152252, 0.01673874496494045, 0.01751440457689525, 0.01835087734908702, 0.019202544572813795, 0.020070622325609303, 0.02095627718778323, 0.02186061264947246, 0.022737260153569413, 0.023681097053535004, 0.024646250751560458, 0.025633386418693636, 0.02659237614956749, 0.027623542314219474, 0.0286250346734827, 0.029647102596467904, 0.03056454213255984, 0.031680305841655834, 0.03263530150735364, 0.033606764937046466, 0.034593095597664145, 0.03536350794006898, 0.035930760474075646, 0.03631257033147624, 0.03661317474198803, 0.03688385713543919, 0.03738127616234113, 0.037934719347479336, 0.03858163380471939, 0.03921882339006296, 0.03999131852533767, 0.04074980907886149, 0.04127472956039594, 0.04151563832077664, 0.04151964454301027, 0.04123464219442919, 0.04096829512038153, 0.04056460486818273, 0.04028281736824196, 0.04000166841569801, 0.03919762289117317, 0.037812479337396496, 0.03622310391275238, 0.03453579653228067, 0.0330206041779641, 0.031565009966306234, 0.03054064037737075, 0.029904305612678588, 0.029394155816597912, 0.028896840658953926, 0.02825322628704274, 0.027685220830545497, 0.02666364029859006, 0.025486033827772144, 0.02414387260068274, 0.023028867611909868, 0.022681878550084772, 0.02299235797660897, 0.02387546679328945, 0.024738332374206702, 0.025547718436096926, 0.026640938816603423, 0.02759836215880636, 0.028240938725365098, 0.028199955208514017, 0.028168175430310402, 0.02767018559717724, 0.027414861073674215, 0.027239233260695786, 0.0274939869379551, 0.027874761581110984, 0.02868161073982207, 0.029514734605865275, 0.030345172291974937, 0.031248268714928727, 0.032298002681611045, 0.033509628354587276, 0.0348066615601669, 0.03569061118903811, 0.03631377821401384, 0.03654105211474412, 0.03646788532881584, 0.03572808397059345, 0.03427781350345514, 0.03309813106562172, 0.031639416134799855, 0.02970329439236902, 0.027599049067936567, 0.02603054913364457, 0.024090316372098155, 0.02220132238001286, 0.02051452966091278, 0.019044426362309692, 0.017805605247084858, 0.01643252777018217, 0.01523003850809785, 0.01424180324883461, 0.013706552220618947, 0.0130880570946912, 0.012988920737072255, 0.013178248200839212, 0.013386796436950147, 0.01359897371732897, 0.01439195864266014, 0.015495810506657983, 0.016686507754200334, 0.01807173050136072, 0.019341411872889052, 0.020370802976522343, 0.0213787239197115, 0.02262888584538598, 0.02401686851684336, 0.025523335513576738, 0.026670410326906566, 0.02758824337325398, 0.02810647098585074, 0.028219175888028712, 0.02804128716256827, 0.027840212128430745, 0.02799079668741686, 0.027988272685847155, 0.02831306909632167, 0.028434723397990712, 0.0285549391753426, 0.02832607944879636, 0.02800347501499142, 0.027460301198426997, 0.02681840364884072, 0.026203190519756815, 0.02552364346313934, 0.024940794741503684, 0.024553643852497812, 0.024009602077058226, 0.023587486328410737, 0.023053226444370627, 0.02237349941244249, 0.021247392964358097, 0.01948489409103017, 0.01759577829009665, 0.015969918059865678, 0.014849832783247986, 0.014164911869984548, 0.013546042864334782, 0.01328357500957488, 0.012905521640083246, 0.012806686101790404, 0.01256569256360443, 0.01270015008783326, 0.013333718053885597, 0.014364706842779438, 0.015230812921928084, 0.016214173123414017, 0.017422309714956504, 0.01848297873673576, 0.019690103784110968, 0.02062988015396428, 0.021304326954883004, 0.021542023987470748, 0.021445001132587415, 0.02128479356968176, 0.021154257299581803, 0.020548768777841446, 0.020419411659703072, 0.020346908766621045, 0.02018386842926173, 0.020060715556614095, 0.019970155121820186, 0.019905412966441507, 0.019860328269953802, 0.019689549628068632, 0.019110038324468673, 0.018401772510693467, 0.01773443768827515, 0.01691379473734185, 0.0163889904882787, 0.015891976533507178, 0.015695148472402557, 0.015634975895130635, 0.01548249397414641, 0.015250362203767827, 0.01446715870868431, 0.013690714184349355, 0.013111437378948002, 0.01280400987898366, 0.012789088065484542, 0.012885508256999974, 0.012645414791893052, 0.012533763320360268, 0.01300792748125149, 0.014045480441271196, 0.015593406388961941, 0.017496649938682926, 0.01947963017829757, 0.021814960986639112, 0.0244888991790445, 0.027455202671237973, 0.030462142682767764, 0.03347516022004274, 0.03632355277573078, 0.03911728575744543, 0.041489125175428104, 0.043617926344794986, 0.04507509866910146, 0.045973158335007626, 0.046666313335408376, 0.047747911364257295, 0.04910015737076979, 0.051170936172887156, 0.05323921785426519, 0.05484930583024696, 0.05598397968583077, 0.056516639752925084, 0.05678375349578094, 0.05655312215346535, 0.05709318659280136, 0.05753330561326649, 0.05822424761198231, 0.05856641837777238, 0.058663546697002605, 0.05829520111627496, 0.058019458378357286, 0.05786276302771312, 0.057678835712609886, 0.05721489013034267, 0.05620972754199197, 0.05488023496470325, 0.05291870088860013, 0.05085359195424363, 0.04836971777146554, 0.045888993393773454, 0.04332790860019442, 0.040721243397433354, 0.03815348906679705, 0.03609755066086763, 0.03431153121207709, 0.03269994312791247, 0.03113246913067769, 0.029533434333839276, 0.02779284963423818, 0.02581340528028532, 0.023636664296078556, 0.021032966406022018, 0.018298152858289164, 0.015471223173718233, 0.012975006021594128, 0.011476514573927241, 0.011190786613452559, 0.012013514795745658, 0.013192708648177051, 0.0146026096239084, 0.016627808096549106, 0.019288816219412905, 0.022115031993867204, 0.024956066779425322, 0.027947127033299147, 0.030317719296220055, 0.03213024736687776, 0.033908117916643665, 0.035613155393420214, 0.03695858371541455, 0.0370883147011733, 0.035844860180821725, 0.03331269225961453, 0.030127822662769057, 0.026675716455458534, 0.02305094507263966, 0.019294584365168215, 0.016588874620184203, 0.013459760460278334, 0.010513659470637583, 0.008184205378854309, 0.005908681970234855, 0.003908372487361734, 0.002250880846271649, 0.001837561814419065, 0.003902446460586522, 0.00649131804032715, 0.008842266053540701, 0.011337576744963709, 0.013847821453172829, 0.016241515374979285, 0.018506880743639053, 0.020753891025054552, 0.022854281545735794, 0.025177910908837288, 0.027764777035113285, 0.0302577363231247, 0.032552204835272186, 0.033962244268502154, 0.03530995724171245, 0.036795414568091225, 0.03840706162943578, 0.039993850675796264, 0.04133645030179679, 0.04211247094820217, 0.04239213751353172, 0.042192499106345205, 0.04200269786908514, 0.041897190162155235, 0.041830932940717325, 0.04166737666619139, 0.04206882264734189, 0.0426127097658282, 0.042895687146734904, 0.04300135533202284, 0.04249799814293581, 0.041897582995049115, 0.04072077112408416, 0.03927976254850985, 0.037331499513228325, 0.035889992777759706, 0.03456359233645024, 0.033243529781910974, 0.03199033675126687, 0.03059935779738079, 0.029272240636492235, 0.027900707354997015, 0.02654938414970694, 0.02543173352052397, 0.024311103096379235, 0.023065212419431085, 0.021685454855791198, 0.02041159885695607, 0.019056064221564174, 0.017656707279948437, 0.01626614648165674, 0.015012383850973622, 0.013603567963072178, 0.012189757837366814, 0.010674529938407772, 0.009407142987148039, 0.008344525906195775, 0.007439054007672372, 0.0072034584519923735, 0.007775010970036668, 0.009047582903156274, 0.010731538882415681, 0.01253460028234948, 0.014333543563369548, 0.016070624592636203, 0.017817726146123574, 0.019557256660804743, 0.02116824086555951, 0.022529303997840977, 0.023628588936546305, 0.02391411988476377, 0.02359656311707365, 0.022355277074164143, 0.020961866673625245, 0.018393580144489934, 0.015660552711922182, 0.013874328661167971, 0.01254026736778108, 0.011812131260623127, 0.010800298354986543, 0.00961805971638548, 0.008471507575266851, 0.007656757785702683, 0.006719580941926242, 0.0056999472982024405, 0.005125787188458596, 0.00504686530895439, 0.005697178935649704, 0.006245540782853768, 0.0070976650798796875, 0.007900543705723831, 0.008755370167568399, 0.009807746909975117, 0.011209592216881203, 0.01276960312030194, 0.014467251258771754, 0.015865855510978952, 0.01751794577394112, 0.01978728846519214, 0.022540086452385207, 0.024859037758439572, 0.02589623397823137, 0.02611181133516041, 0.026565850619759173, 0.0272557734372972, 0.02776644526036269, 0.02799937699621002, 0.02818388188652303, 0.02806005928616626, 0.028083982827741123, 0.02781538632605852, 0.027763976455106594, 0.028120518002563644, 0.028688559534023904, 0.029389365084960088, 0.030059907204608147, 0.03052096911154336, 0.031053468449087778, 0.03142000488428638, 0.03173833045042581, 0.031892653890475096, 0.03198060527161537, 0.031944507243272385, 0.03180892531117334, 0.03180195743523648, 0.03175983113429147, 0.03185651864929952, 0.032146459060636644, 0.032526908876218445, 0.033087790299913135, 0.03370146462957083, 0.0342847740780508, 0.0344768243549477, 0.03441738754137779, 0.034008301029805295]",0.0330206041779641,0.02546812225342887,0.027390053324787,0.01844302792773206,0.0,0.0,0.023279650427895038,0.02546812225342887,0.027390053324787,0.01844302792773206,1.2,1717635301.9028168,2024-06-06_10-55-01
0.5059,-0.11327999999999999,0.46883641788345143,0.4797673922701474,-0.1396765705952803,0.4515283008575761,0.5059,-0.11327999999999999,0.49288020400795285,0.4797673922701474,-0.1396765705952803,0.4515283008575761,0.031565009966306234,"[0.011315756658919754, 0.012192407496521018, 0.01288995615295488, 0.01359963525141729, 0.014321891165186378, 0.015181047888625853, 0.01592941522152252, 0.01673874496494045, 0.01751440457689525, 0.01835087734908702, 0.019202544572813795, 0.020070622325609303, 0.02095627718778323, 0.02186061264947246, 0.022737260153569413, 0.023681097053535004, 0.024646250751560458, 0.025633386418693636, 0.02659237614956749, 0.027623542314219474, 0.0286250346734827, 0.029647102596467904, 0.03056454213255984, 0.031680305841655834, 0.03263530150735364, 0.033606764937046466, 0.034593095597664145, 0.03536350794006898, 0.035930760474075646, 0.03631257033147624, 0.03661317474198803, 0.03688385713543919, 0.03738127616234113, 0.037934719347479336, 0.03858163380471939, 0.03921882339006296, 0.03999131852533767, 0.04074980907886149, 0.04127472956039594, 0.04151563832077664, 0.04151964454301027, 0.04123464219442919, 0.04096829512038153, 0.04056460486818273, 0.04028281736824196, 0.04000166841569801, 0.03919762289117317, 0.037812479337396496, 0.03622310391275238, 0.03453579653228067, 0.0330206041779641, 0.031565009966306234, 0.03054064037737075, 0.029904305612678588, 0.029394155816597912, 0.028896840658953926, 0.02825322628704274, 0.027685220830545497, 0.02666364029859006, 0.025486033827772144, 0.02414387260068274, 0.023028867611909868, 0.022681878550084772, 0.02299235797660897, 0.02387546679328945, 0.024738332374206702, 0.025547718436096926, 0.026640938816603423, 0.02759836215880636, 0.028240938725365098, 0.028199955208514017, 0.028168175430310402, 0.02767018559717724, 0.027414861073674215, 0.027239233260695786, 0.0274939869379551, 0.027874761581110984, 0.02868161073982207, 0.029514734605865275, 0.030345172291974937, 0.031248268714928727, 0.032298002681611045, 0.033509628354587276, 0.0348066615601669, 0.03569061118903811, 0.03631377821401384, 0.03654105211474412, 0.03646788532881584, 0.03572808397059345, 0.03427781350345514, 0.03309813106562172, 0.031639416134799855, 0.02970329439236902, 0.027599049067936567, 0.02603054913364457, 0.024090316372098155, 0.02220132238001286, 0.02051452966091278, 0.019044426362309692, 0.017805605247084858, 0.01643252777018217, 0.01523003850809785, 0.01424180324883461, 0.013706552220618947, 0.0130880570946912, 0.012988920737072255, 0.013178248200839212, 0.013386796436950147, 0.01359897371732897, 0.01439195864266014, 0.015495810506657983, 0.016686507754200334, 0.01807173050136072, 0.019341411872889052, 0.020370802976522343, 0.0213787239197115, 0.02262888584538598, 0.02401686851684336, 0.025523335513576738, 0.026670410326906566, 0.02758824337325398, 0.02810647098585074, 0.028219175888028712, 0.02804128716256827, 0.027840212128430745, 0.02799079668741686, 0.027988272685847155, 0.02831306909632167, 0.028434723397990712, 0.0285549391753426, 0.02832607944879636, 0.02800347501499142, 0.027460301198426997, 0.02681840364884072, 0.026203190519756815, 0.02552364346313934, 0.024940794741503684, 0.024553643852497812, 0.024009602077058226, 0.023587486328410737, 0.023053226444370627, 0.02237349941244249, 0.021247392964358097, 0.01948489409103017, 0.01759577829009665, 0.015969918059865678, 0.014849832783247986, 0.014164911869984548, 0.013546042864334782, 0.01328357500957488, 0.012905521640083246, 0.012806686101790404, 0.01256569256360443, 0.01270015008783326, 0.013333718053885597, 0.014364706842779438, 0.015230812921928084, 0.016214173123414017, 0.017422309714956504, 0.01848297873673576, 0.019690103784110968, 0.02062988015396428, 0.021304326954883004, 0.021542023987470748, 0.021445001132587415, 0.02128479356968176, 0.021154257299581803, 0.020548768777841446, 0.020419411659703072, 0.020346908766621045, 0.02018386842926173, 0.020060715556614095, 0.019970155121820186, 0.019905412966441507, 0.019860328269953802, 0.019689549628068632, 0.019110038324468673, 0.018401772510693467, 0.01773443768827515, 0.01691379473734185, 0.0163889904882787, 0.015891976533507178, 0.015695148472402557, 0.015634975895130635, 0.01548249397414641, 0.015250362203767827, 0.01446715870868431, 0.013690714184349355, 0.013111437378948002, 0.01280400987898366, 0.012789088065484542, 0.012885508256999974, 0.012645414791893052, 0.012533763320360268, 0.01300792748125149, 0.014045480441271196, 0.015593406388961941, 0.017496649938682926, 0.01947963017829757, 0.021814960986639112, 0.0244888991790445, 0.027455202671237973, 0.030462142682767764, 0.03347516022004274, 0.03632355277573078, 0.03911728575744543, 0.041489125175428104, 0.043617926344794986, 0.04507509866910146, 0.045973158335007626, 0.046666313335408376, 0.047747911364257295, 0.04910015737076979, 0.051170936172887156, 0.05323921785426519, 0.05484930583024696, 0.05598397968583077, 0.056516639752925084, 0.05678375349578094, 0.05655312215346535, 0.05709318659280136, 0.05753330561326649, 0.05822424761198231, 0.05856641837777238, 0.058663546697002605, 0.05829520111627496, 0.058019458378357286, 0.05786276302771312, 0.057678835712609886, 0.05721489013034267, 0.05620972754199197, 0.05488023496470325, 0.05291870088860013, 0.05085359195424363, 0.04836971777146554, 0.045888993393773454, 0.04332790860019442, 0.040721243397433354, 0.03815348906679705, 0.03609755066086763, 0.03431153121207709, 0.03269994312791247, 0.03113246913067769, 0.029533434333839276, 0.02779284963423818, 0.02581340528028532, 0.023636664296078556, 0.021032966406022018, 0.018298152858289164, 0.015471223173718233, 0.012975006021594128, 0.011476514573927241, 0.011190786613452559, 0.012013514795745658, 0.013192708648177051, 0.0146026096239084, 0.016627808096549106, 0.019288816219412905, 0.022115031993867204, 0.024956066779425322, 0.027947127033299147, 0.030317719296220055, 0.03213024736687776, 0.033908117916643665, 0.035613155393420214, 0.03695858371541455, 0.0370883147011733, 0.035844860180821725, 0.03331269225961453, 0.030127822662769057, 0.026675716455458534, 0.02305094507263966, 0.019294584365168215, 0.016588874620184203, 0.013459760460278334, 0.010513659470637583, 0.008184205378854309, 0.005908681970234855, 0.003908372487361734, 0.002250880846271649, 0.001837561814419065, 0.003902446460586522, 0.00649131804032715, 0.008842266053540701, 0.011337576744963709, 0.013847821453172829, 0.016241515374979285, 0.018506880743639053, 0.020753891025054552, 0.022854281545735794, 0.025177910908837288, 0.027764777035113285, 0.0302577363231247, 0.032552204835272186, 0.033962244268502154, 0.03530995724171245, 0.036795414568091225, 0.03840706162943578, 0.039993850675796264, 0.04133645030179679, 0.04211247094820217, 0.04239213751353172, 0.042192499106345205, 0.04200269786908514, 0.041897190162155235, 0.041830932940717325, 0.04166737666619139, 0.04206882264734189, 0.0426127097658282, 0.042895687146734904, 0.04300135533202284, 0.04249799814293581, 0.041897582995049115, 0.04072077112408416, 0.03927976254850985, 0.037331499513228325, 0.035889992777759706, 0.03456359233645024, 0.033243529781910974, 0.03199033675126687, 0.03059935779738079, 0.029272240636492235, 0.027900707354997015, 0.02654938414970694, 0.02543173352052397, 0.024311103096379235, 0.023065212419431085, 0.021685454855791198, 0.02041159885695607, 0.019056064221564174, 0.017656707279948437, 0.01626614648165674, 0.015012383850973622, 0.013603567963072178, 0.012189757837366814, 0.010674529938407772, 0.009407142987148039, 0.008344525906195775, 0.007439054007672372, 0.0072034584519923735, 0.007775010970036668, 0.009047582903156274, 0.010731538882415681, 0.01253460028234948, 0.014333543563369548, 0.016070624592636203, 0.017817726146123574, 0.019557256660804743, 0.02116824086555951, 0.022529303997840977, 0.023628588936546305, 0.02391411988476377, 0.02359656311707365, 0.022355277074164143, 0.020961866673625245, 0.018393580144489934, 0.015660552711922182, 0.013874328661167971, 0.01254026736778108, 0.011812131260623127, 0.010800298354986543, 0.00961805971638548, 0.008471507575266851, 0.007656757785702683, 0.006719580941926242, 0.0056999472982024405, 0.005125787188458596, 0.00504686530895439, 0.005697178935649704, 0.006245540782853768, 0.0070976650798796875, 0.007900543705723831, 0.008755370167568399, 0.009807746909975117, 0.011209592216881203, 0.01276960312030194, 0.014467251258771754, 0.015865855510978952, 0.01751794577394112, 0.01978728846519214, 0.022540086452385207, 0.024859037758439572, 0.02589623397823137, 0.02611181133516041, 0.026565850619759173, 0.0272557734372972, 0.02776644526036269, 0.02799937699621002, 0.02818388188652303, 0.02806005928616626, 0.028083982827741123, 0.02781538632605852, 0.027763976455106594, 0.028120518002563644, 0.028688559534023904, 0.029389365084960088, 0.030059907204608147, 0.03052096911154336, 0.031053468449087778, 0.03142000488428638, 0.03173833045042581, 0.031892653890475096, 0.03198060527161537, 0.031944507243272385, 0.03180892531117334, 0.03180195743523648, 0.03175983113429147, 0.03185651864929952, 0.032146459060636644, 0.032526908876218445, 0.033087790299913135, 0.03370146462957083, 0.0342847740780508, 0.0344768243549477, 0.03441738754137779, 0.034008301029805295]",0.031565009966306234,0.026132607729852597,0.026396570595280305,0.017308117025875314,0.0,0.0,0.02404378612450142,0.026132607729852597,0.026396570595280305,0.017308117025875314,1.224,1717635301.9271739,2024-06-06_10-55-01
0.5059,-0.11256,0.46875346677211843,0.47924904174677896,-0.1383600296577795,0.45241060336579986,0.5059,-0.11256,0.49356138859322635,0.47924904174677896,-0.1383600296577795,0.45241060336579986,0.03054064037737075,"[0.011315756658919754, 0.012192407496521018, 0.01288995615295488, 0.01359963525141729, 0.014321891165186378, 0.015181047888625853, 0.01592941522152252, 0.01673874496494045, 0.01751440457689525, 0.01835087734908702, 0.019202544572813795, 0.020070622325609303, 0.02095627718778323, 0.02186061264947246, 0.022737260153569413, 0.023681097053535004, 0.024646250751560458, 0.025633386418693636, 0.02659237614956749, 0.027623542314219474, 0.0286250346734827, 0.029647102596467904, 0.03056454213255984, 0.031680305841655834, 0.03263530150735364, 0.033606764937046466, 0.034593095597664145, 0.03536350794006898, 0.035930760474075646, 0.03631257033147624, 0.03661317474198803, 0.03688385713543919, 0.03738127616234113, 0.037934719347479336, 0.03858163380471939, 0.03921882339006296, 0.03999131852533767, 0.04074980907886149, 0.04127472956039594, 0.04151563832077664, 0.04151964454301027, 0.04123464219442919, 0.04096829512038153, 0.04056460486818273, 0.04028281736824196, 0.04000166841569801, 0.03919762289117317, 0.037812479337396496, 0.03622310391275238, 0.03453579653228067, 0.0330206041779641, 0.031565009966306234, 0.03054064037737075, 0.029904305612678588, 0.029394155816597912, 0.028896840658953926, 0.02825322628704274, 0.027685220830545497, 0.02666364029859006, 0.025486033827772144, 0.02414387260068274, 0.023028867611909868, 0.022681878550084772, 0.02299235797660897, 0.02387546679328945, 0.024738332374206702, 0.025547718436096926, 0.026640938816603423, 0.02759836215880636, 0.028240938725365098, 0.028199955208514017, 0.028168175430310402, 0.02767018559717724, 0.027414861073674215, 0.027239233260695786, 0.0274939869379551, 0.027874761581110984, 0.02868161073982207, 0.029514734605865275, 0.030345172291974937, 0.031248268714928727, 0.032298002681611045, 0.033509628354587276, 0.0348066615601669, 0.03569061118903811, 0.03631377821401384, 0.03654105211474412, 0.03646788532881584, 0.03572808397059345, 0.03427781350345514, 0.03309813106562172, 0.031639416134799855, 0.02970329439236902, 0.027599049067936567, 0.02603054913364457, 0.024090316372098155, 0.02220132238001286, 0.02051452966091278, 0.019044426362309692, 0.017805605247084858, 0.01643252777018217, 0.01523003850809785, 0.01424180324883461, 0.013706552220618947, 0.0130880570946912, 0.012988920737072255, 0.013178248200839212, 0.013386796436950147, 0.01359897371732897, 0.01439195864266014, 0.015495810506657983, 0.016686507754200334, 0.01807173050136072, 0.019341411872889052, 0.020370802976522343, 0.0213787239197115, 0.02262888584538598, 0.02401686851684336, 0.025523335513576738, 0.026670410326906566, 0.02758824337325398, 0.02810647098585074, 0.028219175888028712, 0.02804128716256827, 0.027840212128430745, 0.02799079668741686, 0.027988272685847155, 0.02831306909632167, 0.028434723397990712, 0.0285549391753426, 0.02832607944879636, 0.02800347501499142, 0.027460301198426997, 0.02681840364884072, 0.026203190519756815, 0.02552364346313934, 0.024940794741503684, 0.024553643852497812, 0.024009602077058226, 0.023587486328410737, 0.023053226444370627, 0.02237349941244249, 0.021247392964358097, 0.01948489409103017, 0.01759577829009665, 0.015969918059865678, 0.014849832783247986, 0.014164911869984548, 0.013546042864334782, 0.01328357500957488, 0.012905521640083246, 0.012806686101790404, 0.01256569256360443, 0.01270015008783326, 0.013333718053885597, 0.014364706842779438, 0.015230812921928084, 0.016214173123414017, 0.017422309714956504, 0.01848297873673576, 0.019690103784110968, 0.02062988015396428, 0.021304326954883004, 0.021542023987470748, 0.021445001132587415, 0.02128479356968176, 0.021154257299581803, 0.020548768777841446, 0.020419411659703072, 0.020346908766621045, 0.02018386842926173, 0.020060715556614095, 0.019970155121820186, 0.019905412966441507, 0.019860328269953802, 0.019689549628068632, 0.019110038324468673, 0.018401772510693467, 0.01773443768827515, 0.01691379473734185, 0.0163889904882787, 0.015891976533507178, 0.015695148472402557, 0.015634975895130635, 0.01548249397414641, 0.015250362203767827, 0.01446715870868431, 0.013690714184349355, 0.013111437378948002, 0.01280400987898366, 0.012789088065484542, 0.012885508256999974, 0.012645414791893052, 0.012533763320360268, 0.01300792748125149, 0.014045480441271196, 0.015593406388961941, 0.017496649938682926, 0.01947963017829757, 0.021814960986639112, 0.0244888991790445, 0.027455202671237973, 0.030462142682767764, 0.03347516022004274, 0.03632355277573078, 0.03911728575744543, 0.041489125175428104, 0.043617926344794986, 0.04507509866910146, 0.045973158335007626, 0.046666313335408376, 0.047747911364257295, 0.04910015737076979, 0.051170936172887156, 0.05323921785426519, 0.05484930583024696, 0.05598397968583077, 0.056516639752925084, 0.05678375349578094, 0.05655312215346535, 0.05709318659280136, 0.05753330561326649, 0.05822424761198231, 0.05856641837777238, 0.058663546697002605, 0.05829520111627496, 0.058019458378357286, 0.05786276302771312, 0.057678835712609886, 0.05721489013034267, 0.05620972754199197, 0.05488023496470325, 0.05291870088860013, 0.05085359195424363, 0.04836971777146554, 0.045888993393773454, 0.04332790860019442, 0.040721243397433354, 0.03815348906679705, 0.03609755066086763, 0.03431153121207709, 0.03269994312791247, 0.03113246913067769, 0.029533434333839276, 0.02779284963423818, 0.02581340528028532, 0.023636664296078556, 0.021032966406022018, 0.018298152858289164, 0.015471223173718233, 0.012975006021594128, 0.011476514573927241, 0.011190786613452559, 0.012013514795745658, 0.013192708648177051, 0.0146026096239084, 0.016627808096549106, 0.019288816219412905, 0.022115031993867204, 0.024956066779425322, 0.027947127033299147, 0.030317719296220055, 0.03213024736687776, 0.033908117916643665, 0.035613155393420214, 0.03695858371541455, 0.0370883147011733, 0.035844860180821725, 0.03331269225961453, 0.030127822662769057, 0.026675716455458534, 0.02305094507263966, 0.019294584365168215, 0.016588874620184203, 0.013459760460278334, 0.010513659470637583, 0.008184205378854309, 0.005908681970234855, 0.003908372487361734, 0.002250880846271649, 0.001837561814419065, 0.003902446460586522, 0.00649131804032715, 0.008842266053540701, 0.011337576744963709, 0.013847821453172829, 0.016241515374979285, 0.018506880743639053, 0.020753891025054552, 0.022854281545735794, 0.025177910908837288, 0.027764777035113285, 0.0302577363231247, 0.032552204835272186, 0.033962244268502154, 0.03530995724171245, 0.036795414568091225, 0.03840706162943578, 0.039993850675796264, 0.04133645030179679, 0.04211247094820217, 0.04239213751353172, 0.042192499106345205, 0.04200269786908514, 0.041897190162155235, 0.041830932940717325, 0.04166737666619139, 0.04206882264734189, 0.0426127097658282, 0.042895687146734904, 0.04300135533202284, 0.04249799814293581, 0.041897582995049115, 0.04072077112408416, 0.03927976254850985, 0.037331499513228325, 0.035889992777759706, 0.03456359233645024, 0.033243529781910974, 0.03199033675126687, 0.03059935779738079, 0.029272240636492235, 0.027900707354997015, 0.02654938414970694, 0.02543173352052397, 0.024311103096379235, 0.023065212419431085, 0.021685454855791198, 0.02041159885695607, 0.019056064221564174, 0.017656707279948437, 0.01626614648165674, 0.015012383850973622, 0.013603567963072178, 0.012189757837366814, 0.010674529938407772, 0.009407142987148039, 0.008344525906195775, 0.007439054007672372, 0.0072034584519923735, 0.007775010970036668, 0.009047582903156274, 0.010731538882415681, 0.01253460028234948, 0.014333543563369548, 0.016070624592636203, 0.017817726146123574, 0.019557256660804743, 0.02116824086555951, 0.022529303997840977, 0.023628588936546305, 0.02391411988476377, 0.02359656311707365, 0.022355277074164143, 0.020961866673625245, 0.018393580144489934, 0.015660552711922182, 0.013874328661167971, 0.01254026736778108, 0.011812131260623127, 0.010800298354986543, 0.00961805971638548, 0.008471507575266851, 0.007656757785702683, 0.006719580941926242, 0.0056999472982024405, 0.005125787188458596, 0.00504686530895439, 0.005697178935649704, 0.006245540782853768, 0.0070976650798796875, 0.007900543705723831, 0.008755370167568399, 0.009807746909975117, 0.011209592216881203, 0.01276960312030194, 0.014467251258771754, 0.015865855510978952, 0.01751794577394112, 0.01978728846519214, 0.022540086452385207, 0.024859037758439572, 0.02589623397823137, 0.02611181133516041, 0.026565850619759173, 0.0272557734372972, 0.02776644526036269, 0.02799937699621002, 0.02818388188652303, 0.02806005928616626, 0.028083982827741123, 0.02781538632605852, 0.027763976455106594, 0.028120518002563644, 0.028688559534023904, 0.029389365084960088, 0.030059907204608147, 0.03052096911154336, 0.031053468449087778, 0.03142000488428638, 0.03173833045042581, 0.031892653890475096, 0.03198060527161537, 0.031944507243272385, 0.03180892531117334, 0.03180195743523648, 0.03175983113429147, 0.03185651864929952, 0.032146459060636644, 0.032526908876218445, 0.033087790299913135, 0.03370146462957083, 0.0342847740780508, 0.0344768243549477, 0.03441738754137779, 0.034008301029805295]",0.03054064037737075,0.026650958253221058,0.0258000296577795,0.016342863406318575,0.0,0.0,0.024807921821107914,0.026650958253221058,0.0258000296577795,0.016342863406318575,1.248,1717635301.951632,2024-06-06_10-55-01
0.5059,-0.11184,0.4685721078439211,0.4788229316402942,-0.13746753261139816,0.45316116801442974,0.5059,-0.11184,0.49414416536163547,0.4788229316402942,-0.13746753261139816,0.45316116801442974,0.029904305612678588,"[0.011315756658919754, 0.012192407496521018, 0.01288995615295488, 0.01359963525141729, 0.014321891165186378, 0.015181047888625853, 0.01592941522152252, 0.01673874496494045, 0.01751440457689525, 0.01835087734908702, 0.019202544572813795, 0.020070622325609303, 0.02095627718778323, 0.02186061264947246, 0.022737260153569413, 0.023681097053535004, 0.024646250751560458, 0.025633386418693636, 0.02659237614956749, 0.027623542314219474, 0.0286250346734827, 0.029647102596467904, 0.03056454213255984, 0.031680305841655834, 0.03263530150735364, 0.033606764937046466, 0.034593095597664145, 0.03536350794006898, 0.035930760474075646, 0.03631257033147624, 0.03661317474198803, 0.03688385713543919, 0.03738127616234113, 0.037934719347479336, 0.03858163380471939, 0.03921882339006296, 0.03999131852533767, 0.04074980907886149, 0.04127472956039594, 0.04151563832077664, 0.04151964454301027, 0.04123464219442919, 0.04096829512038153, 0.04056460486818273, 0.04028281736824196, 0.04000166841569801, 0.03919762289117317, 0.037812479337396496, 0.03622310391275238, 0.03453579653228067, 0.0330206041779641, 0.031565009966306234, 0.03054064037737075, 0.029904305612678588, 0.029394155816597912, 0.028896840658953926, 0.02825322628704274, 0.027685220830545497, 0.02666364029859006, 0.025486033827772144, 0.02414387260068274, 0.023028867611909868, 0.022681878550084772, 0.02299235797660897, 0.02387546679328945, 0.024738332374206702, 0.025547718436096926, 0.026640938816603423, 0.02759836215880636, 0.028240938725365098, 0.028199955208514017, 0.028168175430310402, 0.02767018559717724, 0.027414861073674215, 0.027239233260695786, 0.0274939869379551, 0.027874761581110984, 0.02868161073982207, 0.029514734605865275, 0.030345172291974937, 0.031248268714928727, 0.032298002681611045, 0.033509628354587276, 0.0348066615601669, 0.03569061118903811, 0.03631377821401384, 0.03654105211474412, 0.03646788532881584, 0.03572808397059345, 0.03427781350345514, 0.03309813106562172, 0.031639416134799855, 0.02970329439236902, 0.027599049067936567, 0.02603054913364457, 0.024090316372098155, 0.02220132238001286, 0.02051452966091278, 0.019044426362309692, 0.017805605247084858, 0.01643252777018217, 0.01523003850809785, 0.01424180324883461, 0.013706552220618947, 0.0130880570946912, 0.012988920737072255, 0.013178248200839212, 0.013386796436950147, 0.01359897371732897, 0.01439195864266014, 0.015495810506657983, 0.016686507754200334, 0.01807173050136072, 0.019341411872889052, 0.020370802976522343, 0.0213787239197115, 0.02262888584538598, 0.02401686851684336, 0.025523335513576738, 0.026670410326906566, 0.02758824337325398, 0.02810647098585074, 0.028219175888028712, 0.02804128716256827, 0.027840212128430745, 0.02799079668741686, 0.027988272685847155, 0.02831306909632167, 0.028434723397990712, 0.0285549391753426, 0.02832607944879636, 0.02800347501499142, 0.027460301198426997, 0.02681840364884072, 0.026203190519756815, 0.02552364346313934, 0.024940794741503684, 0.024553643852497812, 0.024009602077058226, 0.023587486328410737, 0.023053226444370627, 0.02237349941244249, 0.021247392964358097, 0.01948489409103017, 0.01759577829009665, 0.015969918059865678, 0.014849832783247986, 0.014164911869984548, 0.013546042864334782, 0.01328357500957488, 0.012905521640083246, 0.012806686101790404, 0.01256569256360443, 0.01270015008783326, 0.013333718053885597, 0.014364706842779438, 0.015230812921928084, 0.016214173123414017, 0.017422309714956504, 0.01848297873673576, 0.019690103784110968, 0.02062988015396428, 0.021304326954883004, 0.021542023987470748, 0.021445001132587415, 0.02128479356968176, 0.021154257299581803, 0.020548768777841446, 0.020419411659703072, 0.020346908766621045, 0.02018386842926173, 0.020060715556614095, 0.019970155121820186, 0.019905412966441507, 0.019860328269953802, 0.019689549628068632, 0.019110038324468673, 0.018401772510693467, 0.01773443768827515, 0.01691379473734185, 0.0163889904882787, 0.015891976533507178, 0.015695148472402557, 0.015634975895130635, 0.01548249397414641, 0.015250362203767827, 0.01446715870868431, 0.013690714184349355, 0.013111437378948002, 0.01280400987898366, 0.012789088065484542, 0.012885508256999974, 0.012645414791893052, 0.012533763320360268, 0.01300792748125149, 0.014045480441271196, 0.015593406388961941, 0.017496649938682926, 0.01947963017829757, 0.021814960986639112, 0.0244888991790445, 0.027455202671237973, 0.030462142682767764, 0.03347516022004274, 0.03632355277573078, 0.03911728575744543, 0.041489125175428104, 0.043617926344794986, 0.04507509866910146, 0.045973158335007626, 0.046666313335408376, 0.047747911364257295, 0.04910015737076979, 0.051170936172887156, 0.05323921785426519, 0.05484930583024696, 0.05598397968583077, 0.056516639752925084, 0.05678375349578094, 0.05655312215346535, 0.05709318659280136, 0.05753330561326649, 0.05822424761198231, 0.05856641837777238, 0.058663546697002605, 0.05829520111627496, 0.058019458378357286, 0.05786276302771312, 0.057678835712609886, 0.05721489013034267, 0.05620972754199197, 0.05488023496470325, 0.05291870088860013, 0.05085359195424363, 0.04836971777146554, 0.045888993393773454, 0.04332790860019442, 0.040721243397433354, 0.03815348906679705, 0.03609755066086763, 0.03431153121207709, 0.03269994312791247, 0.03113246913067769, 0.029533434333839276, 0.02779284963423818, 0.02581340528028532, 0.023636664296078556, 0.021032966406022018, 0.018298152858289164, 0.015471223173718233, 0.012975006021594128, 0.011476514573927241, 0.011190786613452559, 0.012013514795745658, 0.013192708648177051, 0.0146026096239084, 0.016627808096549106, 0.019288816219412905, 0.022115031993867204, 0.024956066779425322, 0.027947127033299147, 0.030317719296220055, 0.03213024736687776, 0.033908117916643665, 0.035613155393420214, 0.03695858371541455, 0.0370883147011733, 0.035844860180821725, 0.03331269225961453, 0.030127822662769057, 0.026675716455458534, 0.02305094507263966, 0.019294584365168215, 0.016588874620184203, 0.013459760460278334, 0.010513659470637583, 0.008184205378854309, 0.005908681970234855, 0.003908372487361734, 0.002250880846271649, 0.001837561814419065, 0.003902446460586522, 0.00649131804032715, 0.008842266053540701, 0.011337576744963709, 0.013847821453172829, 0.016241515374979285, 0.018506880743639053, 0.020753891025054552, 0.022854281545735794, 0.025177910908837288, 0.027764777035113285, 0.0302577363231247, 0.032552204835272186, 0.033962244268502154, 0.03530995724171245, 0.036795414568091225, 0.03840706162943578, 0.039993850675796264, 0.04133645030179679, 0.04211247094820217, 0.04239213751353172, 0.042192499106345205, 0.04200269786908514, 0.041897190162155235, 0.041830932940717325, 0.04166737666619139, 0.04206882264734189, 0.0426127097658282, 0.042895687146734904, 0.04300135533202284, 0.04249799814293581, 0.041897582995049115, 0.04072077112408416, 0.03927976254850985, 0.037331499513228325, 0.035889992777759706, 0.03456359233645024, 0.033243529781910974, 0.03199033675126687, 0.03059935779738079, 0.029272240636492235, 0.027900707354997015, 0.02654938414970694, 0.02543173352052397, 0.024311103096379235, 0.023065212419431085, 0.021685454855791198, 0.02041159885695607, 0.019056064221564174, 0.017656707279948437, 0.01626614648165674, 0.015012383850973622, 0.013603567963072178, 0.012189757837366814, 0.010674529938407772, 0.009407142987148039, 0.008344525906195775, 0.007439054007672372, 0.0072034584519923735, 0.007775010970036668, 0.009047582903156274, 0.010731538882415681, 0.01253460028234948, 0.014333543563369548, 0.016070624592636203, 0.017817726146123574, 0.019557256660804743, 0.02116824086555951, 0.022529303997840977, 0.023628588936546305, 0.02391411988476377, 0.02359656311707365, 0.022355277074164143, 0.020961866673625245, 0.018393580144489934, 0.015660552711922182, 0.013874328661167971, 0.01254026736778108, 0.011812131260623127, 0.010800298354986543, 0.00961805971638548, 0.008471507575266851, 0.007656757785702683, 0.006719580941926242, 0.0056999472982024405, 0.005125787188458596, 0.00504686530895439, 0.005697178935649704, 0.006245540782853768, 0.0070976650798796875, 0.007900543705723831, 0.008755370167568399, 0.009807746909975117, 0.011209592216881203, 0.01276960312030194, 0.014467251258771754, 0.015865855510978952, 0.01751794577394112, 0.01978728846519214, 0.022540086452385207, 0.024859037758439572, 0.02589623397823137, 0.02611181133516041, 0.026565850619759173, 0.0272557734372972, 0.02776644526036269, 0.02799937699621002, 0.02818388188652303, 0.02806005928616626, 0.028083982827741123, 0.02781538632605852, 0.027763976455106594, 0.028120518002563644, 0.028688559534023904, 0.029389365084960088, 0.030059907204608147, 0.03052096911154336, 0.031053468449087778, 0.03142000488428638, 0.03173833045042581, 0.031892653890475096, 0.03198060527161537, 0.031944507243272385, 0.03180892531117334, 0.03180195743523648, 0.03175983113429147, 0.03185651864929952, 0.032146459060636644, 0.032526908876218445, 0.033087790299913135, 0.03370146462957083, 0.0342847740780508, 0.0344768243549477, 0.03441738754137779, 0.034008301029805295]",0.029904305612678588,0.027077068359705803,0.025627532611398163,0.015410939829491377,0.0,0.0,0.025572057517714353,0.027077068359705803,0.025627532611398163,0.015410939829491377,1.272,1717635301.9748533,2024-06-06_10-55-01
0.5059,-0.11112,0.4682908695999797,0.4784465468846175,-0.13670692053115668,0.45382277041927493,0.5059,-0.11112,0.4946270628143005,0.4784465468846175,-0.13670692053115668,0.45382277041927493,0.029394155816597912,"[0.011315756658919754, 0.012192407496521018, 0.01288995615295488, 0.01359963525141729, 0.014321891165186378, 0.015181047888625853, 0.01592941522152252, 0.01673874496494045, 0.01751440457689525, 0.01835087734908702, 0.019202544572813795, 0.020070622325609303, 0.02095627718778323, 0.02186061264947246, 0.022737260153569413, 0.023681097053535004, 0.024646250751560458, 0.025633386418693636, 0.02659237614956749, 0.027623542314219474, 0.0286250346734827, 0.029647102596467904, 0.03056454213255984, 0.031680305841655834, 0.03263530150735364, 0.033606764937046466, 0.034593095597664145, 0.03536350794006898, 0.035930760474075646, 0.03631257033147624, 0.03661317474198803, 0.03688385713543919, 0.03738127616234113, 0.037934719347479336, 0.03858163380471939, 0.03921882339006296, 0.03999131852533767, 0.04074980907886149, 0.04127472956039594, 0.04151563832077664, 0.04151964454301027, 0.04123464219442919, 0.04096829512038153, 0.04056460486818273, 0.04028281736824196, 0.04000166841569801, 0.03919762289117317, 0.037812479337396496, 0.03622310391275238, 0.03453579653228067, 0.0330206041779641, 0.031565009966306234, 0.03054064037737075, 0.029904305612678588, 0.029394155816597912, 0.028896840658953926, 0.02825322628704274, 0.027685220830545497, 0.02666364029859006, 0.025486033827772144, 0.02414387260068274, 0.023028867611909868, 0.022681878550084772, 0.02299235797660897, 0.02387546679328945, 0.024738332374206702, 0.025547718436096926, 0.026640938816603423, 0.02759836215880636, 0.028240938725365098, 0.028199955208514017, 0.028168175430310402, 0.02767018559717724, 0.027414861073674215, 0.027239233260695786, 0.0274939869379551, 0.027874761581110984, 0.02868161073982207, 0.029514734605865275, 0.030345172291974937, 0.031248268714928727, 0.032298002681611045, 0.033509628354587276, 0.0348066615601669, 0.03569061118903811, 0.03631377821401384, 0.03654105211474412, 0.03646788532881584, 0.03572808397059345, 0.03427781350345514, 0.03309813106562172, 0.031639416134799855, 0.02970329439236902, 0.027599049067936567, 0.02603054913364457, 0.024090316372098155, 0.02220132238001286, 0.02051452966091278, 0.019044426362309692, 0.017805605247084858, 0.01643252777018217, 0.01523003850809785, 0.01424180324883461, 0.013706552220618947, 0.0130880570946912, 0.012988920737072255, 0.013178248200839212, 0.013386796436950147, 0.01359897371732897, 0.01439195864266014, 0.015495810506657983, 0.016686507754200334, 0.01807173050136072, 0.019341411872889052, 0.020370802976522343, 0.0213787239197115, 0.02262888584538598, 0.02401686851684336, 0.025523335513576738, 0.026670410326906566, 0.02758824337325398, 0.02810647098585074, 0.028219175888028712, 0.02804128716256827, 0.027840212128430745, 0.02799079668741686, 0.027988272685847155, 0.02831306909632167, 0.028434723397990712, 0.0285549391753426, 0.02832607944879636, 0.02800347501499142, 0.027460301198426997, 0.02681840364884072, 0.026203190519756815, 0.02552364346313934, 0.024940794741503684, 0.024553643852497812, 0.024009602077058226, 0.023587486328410737, 0.023053226444370627, 0.02237349941244249, 0.021247392964358097, 0.01948489409103017, 0.01759577829009665, 0.015969918059865678, 0.014849832783247986, 0.014164911869984548, 0.013546042864334782, 0.01328357500957488, 0.012905521640083246, 0.012806686101790404, 0.01256569256360443, 0.01270015008783326, 0.013333718053885597, 0.014364706842779438, 0.015230812921928084, 0.016214173123414017, 0.017422309714956504, 0.01848297873673576, 0.019690103784110968, 0.02062988015396428, 0.021304326954883004, 0.021542023987470748, 0.021445001132587415, 0.02128479356968176, 0.021154257299581803, 0.020548768777841446, 0.020419411659703072, 0.020346908766621045, 0.02018386842926173, 0.020060715556614095, 0.019970155121820186, 0.019905412966441507, 0.019860328269953802, 0.019689549628068632, 0.019110038324468673, 0.018401772510693467, 0.01773443768827515, 0.01691379473734185, 0.0163889904882787, 0.015891976533507178, 0.015695148472402557, 0.015634975895130635, 0.01548249397414641, 0.015250362203767827, 0.01446715870868431, 0.013690714184349355, 0.013111437378948002, 0.01280400987898366, 0.012789088065484542, 0.012885508256999974, 0.012645414791893052, 0.012533763320360268, 0.01300792748125149, 0.014045480441271196, 0.015593406388961941, 0.017496649938682926, 0.01947963017829757, 0.021814960986639112, 0.0244888991790445, 0.027455202671237973, 0.030462142682767764, 0.03347516022004274, 0.03632355277573078, 0.03911728575744543, 0.041489125175428104, 0.043617926344794986, 0.04507509866910146, 0.045973158335007626, 0.046666313335408376, 0.047747911364257295, 0.04910015737076979, 0.051170936172887156, 0.05323921785426519, 0.05484930583024696, 0.05598397968583077, 0.056516639752925084, 0.05678375349578094, 0.05655312215346535, 0.05709318659280136, 0.05753330561326649, 0.05822424761198231, 0.05856641837777238, 0.058663546697002605, 0.05829520111627496, 0.058019458378357286, 0.05786276302771312, 0.057678835712609886, 0.05721489013034267, 0.05620972754199197, 0.05488023496470325, 0.05291870088860013, 0.05085359195424363, 0.04836971777146554, 0.045888993393773454, 0.04332790860019442, 0.040721243397433354, 0.03815348906679705, 0.03609755066086763, 0.03431153121207709, 0.03269994312791247, 0.03113246913067769, 0.029533434333839276, 0.02779284963423818, 0.02581340528028532, 0.023636664296078556, 0.021032966406022018, 0.018298152858289164, 0.015471223173718233, 0.012975006021594128, 0.011476514573927241, 0.011190786613452559, 0.012013514795745658, 0.013192708648177051, 0.0146026096239084, 0.016627808096549106, 0.019288816219412905, 0.022115031993867204, 0.024956066779425322, 0.027947127033299147, 0.030317719296220055, 0.03213024736687776, 0.033908117916643665, 0.035613155393420214, 0.03695858371541455, 0.0370883147011733, 0.035844860180821725, 0.03331269225961453, 0.030127822662769057, 0.026675716455458534, 0.02305094507263966, 0.019294584365168215, 0.016588874620184203, 0.013459760460278334, 0.010513659470637583, 0.008184205378854309, 0.005908681970234855, 0.003908372487361734, 0.002250880846271649, 0.001837561814419065, 0.003902446460586522, 0.00649131804032715, 0.008842266053540701, 0.011337576744963709, 0.013847821453172829, 0.016241515374979285, 0.018506880743639053, 0.020753891025054552, 0.022854281545735794, 0.025177910908837288, 0.027764777035113285, 0.0302577363231247, 0.032552204835272186, 0.033962244268502154, 0.03530995724171245, 0.036795414568091225, 0.03840706162943578, 0.039993850675796264, 0.04133645030179679, 0.04211247094820217, 0.04239213751353172, 0.042192499106345205, 0.04200269786908514, 0.041897190162155235, 0.041830932940717325, 0.04166737666619139, 0.04206882264734189, 0.0426127097658282, 0.042895687146734904, 0.04300135533202284, 0.04249799814293581, 0.041897582995049115, 0.04072077112408416, 0.03927976254850985, 0.037331499513228325, 0.035889992777759706, 0.03456359233645024, 0.033243529781910974, 0.03199033675126687, 0.03059935779738079, 0.029272240636492235, 0.027900707354997015, 0.02654938414970694, 0.02543173352052397, 0.024311103096379235, 0.023065212419431085, 0.021685454855791198, 0.02041159885695607, 0.019056064221564174, 0.017656707279948437, 0.01626614648165674, 0.015012383850973622, 0.013603567963072178, 0.012189757837366814, 0.010674529938407772, 0.009407142987148039, 0.008344525906195775, 0.007439054007672372, 0.0072034584519923735, 0.007775010970036668, 0.009047582903156274, 0.010731538882415681, 0.01253460028234948, 0.014333543563369548, 0.016070624592636203, 0.017817726146123574, 0.019557256660804743, 0.02116824086555951, 0.022529303997840977, 0.023628588936546305, 0.02391411988476377, 0.02359656311707365, 0.022355277074164143, 0.020961866673625245, 0.018393580144489934, 0.015660552711922182, 0.013874328661167971, 0.01254026736778108, 0.011812131260623127, 0.010800298354986543, 0.00961805971638548, 0.008471507575266851, 0.007656757785702683, 0.006719580941926242, 0.0056999472982024405, 0.005125787188458596, 0.00504686530895439, 0.005697178935649704, 0.006245540782853768, 0.0070976650798796875, 0.007900543705723831, 0.008755370167568399, 0.009807746909975117, 0.011209592216881203, 0.01276960312030194, 0.014467251258771754, 0.015865855510978952, 0.01751794577394112, 0.01978728846519214, 0.022540086452385207, 0.024859037758439572, 0.02589623397823137, 0.02611181133516041, 0.026565850619759173, 0.0272557734372972, 0.02776644526036269, 0.02799937699621002, 0.02818388188652303, 0.02806005928616626, 0.028083982827741123, 0.02781538632605852, 0.027763976455106594, 0.028120518002563644, 0.028688559534023904, 0.029389365084960088, 0.030059907204608147, 0.03052096911154336, 0.031053468449087778, 0.03142000488428638, 0.03173833045042581, 0.031892653890475096, 0.03198060527161537, 0.031944507243272385, 0.03180892531117334, 0.03180195743523648, 0.03175983113429147, 0.03185651864929952, 0.032146459060636644, 0.032526908876218445, 0.033087790299913135, 0.03370146462957083, 0.0342847740780508, 0.0344768243549477, 0.03441738754137779, 0.034008301029805295]",0.029394155816597912,0.027453453115382498,0.025586920531156687,0.014468099180704741,0.0,0.0,0.026336193214320847,0.027453453115382498,0.025586920531156687,0.014468099180704741,1.2959999999999998,1717635301.998844,2024-06-06_10-55-01
0.5059,-0.1104,0.46790876951339827,0.4781275262243617,-0.13591860699210453,0.4543504474471732,0.5059,-0.1104,0.49491581327396,0.4781275262243617,-0.13591860699210453,0.4543504474471732,0.028896840658953926,"[0.011315756658919754, 0.012192407496521018, 0.01288995615295488, 0.01359963525141729, 0.014321891165186378, 0.015181047888625853, 0.01592941522152252, 0.01673874496494045, 0.01751440457689525, 0.01835087734908702, 0.019202544572813795, 0.020070622325609303, 0.02095627718778323, 0.02186061264947246, 0.022737260153569413, 0.023681097053535004, 0.024646250751560458, 0.025633386418693636, 0.02659237614956749, 0.027623542314219474, 0.0286250346734827, 0.029647102596467904, 0.03056454213255984, 0.031680305841655834, 0.03263530150735364, 0.033606764937046466, 0.034593095597664145, 0.03536350794006898, 0.035930760474075646, 0.03631257033147624, 0.03661317474198803, 0.03688385713543919, 0.03738127616234113, 0.037934719347479336, 0.03858163380471939, 0.03921882339006296, 0.03999131852533767, 0.04074980907886149, 0.04127472956039594, 0.04151563832077664, 0.04151964454301027, 0.04123464219442919, 0.04096829512038153, 0.04056460486818273, 0.04028281736824196, 0.04000166841569801, 0.03919762289117317, 0.037812479337396496, 0.03622310391275238, 0.03453579653228067, 0.0330206041779641, 0.031565009966306234, 0.03054064037737075, 0.029904305612678588, 0.029394155816597912, 0.028896840658953926, 0.02825322628704274, 0.027685220830545497, 0.02666364029859006, 0.025486033827772144, 0.02414387260068274, 0.023028867611909868, 0.022681878550084772, 0.02299235797660897, 0.02387546679328945, 0.024738332374206702, 0.025547718436096926, 0.026640938816603423, 0.02759836215880636, 0.028240938725365098, 0.028199955208514017, 0.028168175430310402, 0.02767018559717724, 0.027414861073674215, 0.027239233260695786, 0.0274939869379551, 0.027874761581110984, 0.02868161073982207, 0.029514734605865275, 0.030345172291974937, 0.031248268714928727, 0.032298002681611045, 0.033509628354587276, 0.0348066615601669, 0.03569061118903811, 0.03631377821401384, 0.03654105211474412, 0.03646788532881584, 0.03572808397059345, 0.03427781350345514, 0.03309813106562172, 0.031639416134799855, 0.02970329439236902, 0.027599049067936567, 0.02603054913364457, 0.024090316372098155, 0.02220132238001286, 0.02051452966091278, 0.019044426362309692, 0.017805605247084858, 0.01643252777018217, 0.01523003850809785, 0.01424180324883461, 0.013706552220618947, 0.0130880570946912, 0.012988920737072255, 0.013178248200839212, 0.013386796436950147, 0.01359897371732897, 0.01439195864266014, 0.015495810506657983, 0.016686507754200334, 0.01807173050136072, 0.019341411872889052, 0.020370802976522343, 0.0213787239197115, 0.02262888584538598, 0.02401686851684336, 0.025523335513576738, 0.026670410326906566, 0.02758824337325398, 0.02810647098585074, 0.028219175888028712, 0.02804128716256827, 0.027840212128430745, 0.02799079668741686, 0.027988272685847155, 0.02831306909632167, 0.028434723397990712, 0.0285549391753426, 0.02832607944879636, 0.02800347501499142, 0.027460301198426997, 0.02681840364884072, 0.026203190519756815, 0.02552364346313934, 0.024940794741503684, 0.024553643852497812, 0.024009602077058226, 0.023587486328410737, 0.023053226444370627, 0.02237349941244249, 0.021247392964358097, 0.01948489409103017, 0.01759577829009665, 0.015969918059865678, 0.014849832783247986, 0.014164911869984548, 0.013546042864334782, 0.01328357500957488, 0.012905521640083246, 0.012806686101790404, 0.01256569256360443, 0.01270015008783326, 0.013333718053885597, 0.014364706842779438, 0.015230812921928084, 0.016214173123414017, 0.017422309714956504, 0.01848297873673576, 0.019690103784110968, 0.02062988015396428, 0.021304326954883004, 0.021542023987470748, 0.021445001132587415, 0.02128479356968176, 0.021154257299581803, 0.020548768777841446, 0.020419411659703072, 0.020346908766621045, 0.02018386842926173, 0.020060715556614095, 0.019970155121820186, 0.019905412966441507, 0.019860328269953802, 0.019689549628068632, 0.019110038324468673, 0.018401772510693467, 0.01773443768827515, 0.01691379473734185, 0.0163889904882787, 0.015891976533507178, 0.015695148472402557, 0.015634975895130635, 0.01548249397414641, 0.015250362203767827, 0.01446715870868431, 0.013690714184349355, 0.013111437378948002, 0.01280400987898366, 0.012789088065484542, 0.012885508256999974, 0.012645414791893052, 0.012533763320360268, 0.01300792748125149, 0.014045480441271196, 0.015593406388961941, 0.017496649938682926, 0.01947963017829757, 0.021814960986639112, 0.0244888991790445, 0.027455202671237973, 0.030462142682767764, 0.03347516022004274, 0.03632355277573078, 0.03911728575744543, 0.041489125175428104, 0.043617926344794986, 0.04507509866910146, 0.045973158335007626, 0.046666313335408376, 0.047747911364257295, 0.04910015737076979, 0.051170936172887156, 0.05323921785426519, 0.05484930583024696, 0.05598397968583077, 0.056516639752925084, 0.05678375349578094, 0.05655312215346535, 0.05709318659280136, 0.05753330561326649, 0.05822424761198231, 0.05856641837777238, 0.058663546697002605, 0.05829520111627496, 0.058019458378357286, 0.05786276302771312, 0.057678835712609886, 0.05721489013034267, 0.05620972754199197, 0.05488023496470325, 0.05291870088860013, 0.05085359195424363, 0.04836971777146554, 0.045888993393773454, 0.04332790860019442, 0.040721243397433354, 0.03815348906679705, 0.03609755066086763, 0.03431153121207709, 0.03269994312791247, 0.03113246913067769, 0.029533434333839276, 0.02779284963423818, 0.02581340528028532, 0.023636664296078556, 0.021032966406022018, 0.018298152858289164, 0.015471223173718233, 0.012975006021594128, 0.011476514573927241, 0.011190786613452559, 0.012013514795745658, 0.013192708648177051, 0.0146026096239084, 0.016627808096549106, 0.019288816219412905, 0.022115031993867204, 0.024956066779425322, 0.027947127033299147, 0.030317719296220055, 0.03213024736687776, 0.033908117916643665, 0.035613155393420214, 0.03695858371541455, 0.0370883147011733, 0.035844860180821725, 0.03331269225961453, 0.030127822662769057, 0.026675716455458534, 0.02305094507263966, 0.019294584365168215, 0.016588874620184203, 0.013459760460278334, 0.010513659470637583, 0.008184205378854309, 0.005908681970234855, 0.003908372487361734, 0.002250880846271649, 0.001837561814419065, 0.003902446460586522, 0.00649131804032715, 0.008842266053540701, 0.011337576744963709, 0.013847821453172829, 0.016241515374979285, 0.018506880743639053, 0.020753891025054552, 0.022854281545735794, 0.025177910908837288, 0.027764777035113285, 0.0302577363231247, 0.032552204835272186, 0.033962244268502154, 0.03530995724171245, 0.036795414568091225, 0.03840706162943578, 0.039993850675796264, 0.04133645030179679, 0.04211247094820217, 0.04239213751353172, 0.042192499106345205, 0.04200269786908514, 0.041897190162155235, 0.041830932940717325, 0.04166737666619139, 0.04206882264734189, 0.0426127097658282, 0.042895687146734904, 0.04300135533202284, 0.04249799814293581, 0.041897582995049115, 0.04072077112408416, 0.03927976254850985, 0.037331499513228325, 0.035889992777759706, 0.03456359233645024, 0.033243529781910974, 0.03199033675126687, 0.03059935779738079, 0.029272240636492235, 0.027900707354997015, 0.02654938414970694, 0.02543173352052397, 0.024311103096379235, 0.023065212419431085, 0.021685454855791198, 0.02041159885695607, 0.019056064221564174, 0.017656707279948437, 0.01626614648165674, 0.015012383850973622, 0.013603567963072178, 0.012189757837366814, 0.010674529938407772, 0.009407142987148039, 0.008344525906195775, 0.007439054007672372, 0.0072034584519923735, 0.007775010970036668, 0.009047582903156274, 0.010731538882415681, 0.01253460028234948, 0.014333543563369548, 0.016070624592636203, 0.017817726146123574, 0.019557256660804743, 0.02116824086555951, 0.022529303997840977, 0.023628588936546305, 0.02391411988476377, 0.02359656311707365, 0.022355277074164143, 0.020961866673625245, 0.018393580144489934, 0.015660552711922182, 0.013874328661167971, 0.01254026736778108, 0.011812131260623127, 0.010800298354986543, 0.00961805971638548, 0.008471507575266851, 0.007656757785702683, 0.006719580941926242, 0.0056999472982024405, 0.005125787188458596, 0.00504686530895439, 0.005697178935649704, 0.006245540782853768, 0.0070976650798796875, 0.007900543705723831, 0.008755370167568399, 0.009807746909975117, 0.011209592216881203, 0.01276960312030194, 0.014467251258771754, 0.015865855510978952, 0.01751794577394112, 0.01978728846519214, 0.022540086452385207, 0.024859037758439572, 0.02589623397823137, 0.02611181133516041, 0.026565850619759173, 0.0272557734372972, 0.02776644526036269, 0.02799937699621002, 0.02818388188652303, 0.02806005928616626, 0.028083982827741123, 0.02781538632605852, 0.027763976455106594, 0.028120518002563644, 0.028688559534023904, 0.029389365084960088, 0.030059907204608147, 0.03052096911154336, 0.031053468449087778, 0.03142000488428638, 0.03173833045042581, 0.031892653890475096, 0.03198060527161537, 0.031944507243272385, 0.03180892531117334, 0.03180195743523648, 0.03175983113429147, 0.03185651864929952, 0.032146459060636644, 0.032526908876218445, 0.033087790299913135, 0.03370146462957083, 0.0342847740780508, 0.0344768243549477, 0.03441738754137779, 0.034008301029805295]",0.028896840658953926,0.027772473775638296,0.025518606992104537,0.013558322066225093,0.0,0.0,0.027007043760561733,0.027772473775638296,0.025518606992104537,0.013558322066225093,1.32,1717635302.0228906,2024-06-06_10-55-02
0.5059,-0.10968,0.46742532866293895,0.4778124035919066,-0.13497165548348408,0.45483259430809797,0.5059,-0.10968,0.49508456593966843,0.4778124035919066,-0.13497165548348408,0.45483259430809797,0.02825322628704274,"[0.011315756658919754, 0.012192407496521018, 0.01288995615295488, 0.01359963525141729, 0.014321891165186378, 0.015181047888625853, 0.01592941522152252, 0.01673874496494045, 0.01751440457689525, 0.01835087734908702, 0.019202544572813795, 0.020070622325609303, 0.02095627718778323, 0.02186061264947246, 0.022737260153569413, 0.023681097053535004, 0.024646250751560458, 0.025633386418693636, 0.02659237614956749, 0.027623542314219474, 0.0286250346734827, 0.029647102596467904, 0.03056454213255984, 0.031680305841655834, 0.03263530150735364, 0.033606764937046466, 0.034593095597664145, 0.03536350794006898, 0.035930760474075646, 0.03631257033147624, 0.03661317474198803, 0.03688385713543919, 0.03738127616234113, 0.037934719347479336, 0.03858163380471939, 0.03921882339006296, 0.03999131852533767, 0.04074980907886149, 0.04127472956039594, 0.04151563832077664, 0.04151964454301027, 0.04123464219442919, 0.04096829512038153, 0.04056460486818273, 0.04028281736824196, 0.04000166841569801, 0.03919762289117317, 0.037812479337396496, 0.03622310391275238, 0.03453579653228067, 0.0330206041779641, 0.031565009966306234, 0.03054064037737075, 0.029904305612678588, 0.029394155816597912, 0.028896840658953926, 0.02825322628704274, 0.027685220830545497, 0.02666364029859006, 0.025486033827772144, 0.02414387260068274, 0.023028867611909868, 0.022681878550084772, 0.02299235797660897, 0.02387546679328945, 0.024738332374206702, 0.025547718436096926, 0.026640938816603423, 0.02759836215880636, 0.028240938725365098, 0.028199955208514017, 0.028168175430310402, 0.02767018559717724, 0.027414861073674215, 0.027239233260695786, 0.0274939869379551, 0.027874761581110984, 0.02868161073982207, 0.029514734605865275, 0.030345172291974937, 0.031248268714928727, 0.032298002681611045, 0.033509628354587276, 0.0348066615601669, 0.03569061118903811, 0.03631377821401384, 0.03654105211474412, 0.03646788532881584, 0.03572808397059345, 0.03427781350345514, 0.03309813106562172, 0.031639416134799855, 0.02970329439236902, 0.027599049067936567, 0.02603054913364457, 0.024090316372098155, 0.02220132238001286, 0.02051452966091278, 0.019044426362309692, 0.017805605247084858, 0.01643252777018217, 0.01523003850809785, 0.01424180324883461, 0.013706552220618947, 0.0130880570946912, 0.012988920737072255, 0.013178248200839212, 0.013386796436950147, 0.01359897371732897, 0.01439195864266014, 0.015495810506657983, 0.016686507754200334, 0.01807173050136072, 0.019341411872889052, 0.020370802976522343, 0.0213787239197115, 0.02262888584538598, 0.02401686851684336, 0.025523335513576738, 0.026670410326906566, 0.02758824337325398, 0.02810647098585074, 0.028219175888028712, 0.02804128716256827, 0.027840212128430745, 0.02799079668741686, 0.027988272685847155, 0.02831306909632167, 0.028434723397990712, 0.0285549391753426, 0.02832607944879636, 0.02800347501499142, 0.027460301198426997, 0.02681840364884072, 0.026203190519756815, 0.02552364346313934, 0.024940794741503684, 0.024553643852497812, 0.024009602077058226, 0.023587486328410737, 0.023053226444370627, 0.02237349941244249, 0.021247392964358097, 0.01948489409103017, 0.01759577829009665, 0.015969918059865678, 0.014849832783247986, 0.014164911869984548, 0.013546042864334782, 0.01328357500957488, 0.012905521640083246, 0.012806686101790404, 0.01256569256360443, 0.01270015008783326, 0.013333718053885597, 0.014364706842779438, 0.015230812921928084, 0.016214173123414017, 0.017422309714956504, 0.01848297873673576, 0.019690103784110968, 0.02062988015396428, 0.021304326954883004, 0.021542023987470748, 0.021445001132587415, 0.02128479356968176, 0.021154257299581803, 0.020548768777841446, 0.020419411659703072, 0.020346908766621045, 0.02018386842926173, 0.020060715556614095, 0.019970155121820186, 0.019905412966441507, 0.019860328269953802, 0.019689549628068632, 0.019110038324468673, 0.018401772510693467, 0.01773443768827515, 0.01691379473734185, 0.0163889904882787, 0.015891976533507178, 0.015695148472402557, 0.015634975895130635, 0.01548249397414641, 0.015250362203767827, 0.01446715870868431, 0.013690714184349355, 0.013111437378948002, 0.01280400987898366, 0.012789088065484542, 0.012885508256999974, 0.012645414791893052, 0.012533763320360268, 0.01300792748125149, 0.014045480441271196, 0.015593406388961941, 0.017496649938682926, 0.01947963017829757, 0.021814960986639112, 0.0244888991790445, 0.027455202671237973, 0.030462142682767764, 0.03347516022004274, 0.03632355277573078, 0.03911728575744543, 0.041489125175428104, 0.043617926344794986, 0.04507509866910146, 0.045973158335007626, 0.046666313335408376, 0.047747911364257295, 0.04910015737076979, 0.051170936172887156, 0.05323921785426519, 0.05484930583024696, 0.05598397968583077, 0.056516639752925084, 0.05678375349578094, 0.05655312215346535, 0.05709318659280136, 0.05753330561326649, 0.05822424761198231, 0.05856641837777238, 0.058663546697002605, 0.05829520111627496, 0.058019458378357286, 0.05786276302771312, 0.057678835712609886, 0.05721489013034267, 0.05620972754199197, 0.05488023496470325, 0.05291870088860013, 0.05085359195424363, 0.04836971777146554, 0.045888993393773454, 0.04332790860019442, 0.040721243397433354, 0.03815348906679705, 0.03609755066086763, 0.03431153121207709, 0.03269994312791247, 0.03113246913067769, 0.029533434333839276, 0.02779284963423818, 0.02581340528028532, 0.023636664296078556, 0.021032966406022018, 0.018298152858289164, 0.015471223173718233, 0.012975006021594128, 0.011476514573927241, 0.011190786613452559, 0.012013514795745658, 0.013192708648177051, 0.0146026096239084, 0.016627808096549106, 0.019288816219412905, 0.022115031993867204, 0.024956066779425322, 0.027947127033299147, 0.030317719296220055, 0.03213024736687776, 0.033908117916643665, 0.035613155393420214, 0.03695858371541455, 0.0370883147011733, 0.035844860180821725, 0.03331269225961453, 0.030127822662769057, 0.026675716455458534, 0.02305094507263966, 0.019294584365168215, 0.016588874620184203, 0.013459760460278334, 0.010513659470637583, 0.008184205378854309, 0.005908681970234855, 0.003908372487361734, 0.002250880846271649, 0.001837561814419065, 0.003902446460586522, 0.00649131804032715, 0.008842266053540701, 0.011337576744963709, 0.013847821453172829, 0.016241515374979285, 0.018506880743639053, 0.020753891025054552, 0.022854281545735794, 0.025177910908837288, 0.027764777035113285, 0.0302577363231247, 0.032552204835272186, 0.033962244268502154, 0.03530995724171245, 0.036795414568091225, 0.03840706162943578, 0.039993850675796264, 0.04133645030179679, 0.04211247094820217, 0.04239213751353172, 0.042192499106345205, 0.04200269786908514, 0.041897190162155235, 0.041830932940717325, 0.04166737666619139, 0.04206882264734189, 0.0426127097658282, 0.042895687146734904, 0.04300135533202284, 0.04249799814293581, 0.041897582995049115, 0.04072077112408416, 0.03927976254850985, 0.037331499513228325, 0.035889992777759706, 0.03456359233645024, 0.033243529781910974, 0.03199033675126687, 0.03059935779738079, 0.029272240636492235, 0.027900707354997015, 0.02654938414970694, 0.02543173352052397, 0.024311103096379235, 0.023065212419431085, 0.021685454855791198, 0.02041159885695607, 0.019056064221564174, 0.017656707279948437, 0.01626614648165674, 0.015012383850973622, 0.013603567963072178, 0.012189757837366814, 0.010674529938407772, 0.009407142987148039, 0.008344525906195775, 0.007439054007672372, 0.0072034584519923735, 0.007775010970036668, 0.009047582903156274, 0.010731538882415681, 0.01253460028234948, 0.014333543563369548, 0.016070624592636203, 0.017817726146123574, 0.019557256660804743, 0.02116824086555951, 0.022529303997840977, 0.023628588936546305, 0.02391411988476377, 0.02359656311707365, 0.022355277074164143, 0.020961866673625245, 0.018393580144489934, 0.015660552711922182, 0.013874328661167971, 0.01254026736778108, 0.011812131260623127, 0.010800298354986543, 0.00961805971638548, 0.008471507575266851, 0.007656757785702683, 0.006719580941926242, 0.0056999472982024405, 0.005125787188458596, 0.00504686530895439, 0.005697178935649704, 0.006245540782853768, 0.0070976650798796875, 0.007900543705723831, 0.008755370167568399, 0.009807746909975117, 0.011209592216881203, 0.01276960312030194, 0.014467251258771754, 0.015865855510978952, 0.01751794577394112, 0.01978728846519214, 0.022540086452385207, 0.024859037758439572, 0.02589623397823137, 0.02611181133516041, 0.026565850619759173, 0.0272557734372972, 0.02776644526036269, 0.02799937699621002, 0.02818388188652303, 0.02806005928616626, 0.028083982827741123, 0.02781538632605852, 0.027763976455106594, 0.028120518002563644, 0.028688559534023904, 0.029389365084960088, 0.030059907204608147, 0.03052096911154336, 0.031053468449087778, 0.03142000488428638, 0.03173833045042581, 0.031892653890475096, 0.03198060527161537, 0.031944507243272385, 0.03180892531117334, 0.03180195743523648, 0.03175983113429147, 0.03185651864929952, 0.032146459060636644, 0.032526908876218445, 0.033087790299913135, 0.03370146462957083, 0.0342847740780508, 0.0344768243549477, 0.03441738754137779, 0.034008301029805295]",0.02825322628704274,0.02808759640809344,0.025291655483484082,0.012592734354840984,0.0,0.0,0.027659237276729476,0.02808759640809344,0.025291655483484082,0.012592734354840984,1.3439999999999999,1717635302.0470026,2024-06-06_10-55-02
0.5059,-0.10896,0.46684058352152324,0.477428706017053,-0.13421248187995974,0.45549229680773357,0.5059,-0.10896,0.4951520143144206,0.477428706017053,-0.13421248187995974,0.45549229680773357,0.027685220830545497,"[0.011315756658919754, 0.012192407496521018, 0.01288995615295488, 0.01359963525141729, 0.014321891165186378, 0.015181047888625853, 0.01592941522152252, 0.01673874496494045, 0.01751440457689525, 0.01835087734908702, 0.019202544572813795, 0.020070622325609303, 0.02095627718778323, 0.02186061264947246, 0.022737260153569413, 0.023681097053535004, 0.024646250751560458, 0.025633386418693636, 0.02659237614956749, 0.027623542314219474, 0.0286250346734827, 0.029647102596467904, 0.03056454213255984, 0.031680305841655834, 0.03263530150735364, 0.033606764937046466, 0.034593095597664145, 0.03536350794006898, 0.035930760474075646, 0.03631257033147624, 0.03661317474198803, 0.03688385713543919, 0.03738127616234113, 0.037934719347479336, 0.03858163380471939, 0.03921882339006296, 0.03999131852533767, 0.04074980907886149, 0.04127472956039594, 0.04151563832077664, 0.04151964454301027, 0.04123464219442919, 0.04096829512038153, 0.04056460486818273, 0.04028281736824196, 0.04000166841569801, 0.03919762289117317, 0.037812479337396496, 0.03622310391275238, 0.03453579653228067, 0.0330206041779641, 0.031565009966306234, 0.03054064037737075, 0.029904305612678588, 0.029394155816597912, 0.028896840658953926, 0.02825322628704274, 0.027685220830545497, 0.02666364029859006, 0.025486033827772144, 0.02414387260068274, 0.023028867611909868, 0.022681878550084772, 0.02299235797660897, 0.02387546679328945, 0.024738332374206702, 0.025547718436096926, 0.026640938816603423, 0.02759836215880636, 0.028240938725365098, 0.028199955208514017, 0.028168175430310402, 0.02767018559717724, 0.027414861073674215, 0.027239233260695786, 0.0274939869379551, 0.027874761581110984, 0.02868161073982207, 0.029514734605865275, 0.030345172291974937, 0.031248268714928727, 0.032298002681611045, 0.033509628354587276, 0.0348066615601669, 0.03569061118903811, 0.03631377821401384, 0.03654105211474412, 0.03646788532881584, 0.03572808397059345, 0.03427781350345514, 0.03309813106562172, 0.031639416134799855, 0.02970329439236902, 0.027599049067936567, 0.02603054913364457, 0.024090316372098155, 0.02220132238001286, 0.02051452966091278, 0.019044426362309692, 0.017805605247084858, 0.01643252777018217, 0.01523003850809785, 0.01424180324883461, 0.013706552220618947, 0.0130880570946912, 0.012988920737072255, 0.013178248200839212, 0.013386796436950147, 0.01359897371732897, 0.01439195864266014, 0.015495810506657983, 0.016686507754200334, 0.01807173050136072, 0.019341411872889052, 0.020370802976522343, 0.0213787239197115, 0.02262888584538598, 0.02401686851684336, 0.025523335513576738, 0.026670410326906566, 0.02758824337325398, 0.02810647098585074, 0.028219175888028712, 0.02804128716256827, 0.027840212128430745, 0.02799079668741686, 0.027988272685847155, 0.02831306909632167, 0.028434723397990712, 0.0285549391753426, 0.02832607944879636, 0.02800347501499142, 0.027460301198426997, 0.02681840364884072, 0.026203190519756815, 0.02552364346313934, 0.024940794741503684, 0.024553643852497812, 0.024009602077058226, 0.023587486328410737, 0.023053226444370627, 0.02237349941244249, 0.021247392964358097, 0.01948489409103017, 0.01759577829009665, 0.015969918059865678, 0.014849832783247986, 0.014164911869984548, 0.013546042864334782, 0.01328357500957488, 0.012905521640083246, 0.012806686101790404, 0.01256569256360443, 0.01270015008783326, 0.013333718053885597, 0.014364706842779438, 0.015230812921928084, 0.016214173123414017, 0.017422309714956504, 0.01848297873673576, 0.019690103784110968, 0.02062988015396428, 0.021304326954883004, 0.021542023987470748, 0.021445001132587415, 0.02128479356968176, 0.021154257299581803, 0.020548768777841446, 0.020419411659703072, 0.020346908766621045, 0.02018386842926173, 0.020060715556614095, 0.019970155121820186, 0.019905412966441507, 0.019860328269953802, 0.019689549628068632, 0.019110038324468673, 0.018401772510693467, 0.01773443768827515, 0.01691379473734185, 0.0163889904882787, 0.015891976533507178, 0.015695148472402557, 0.015634975895130635, 0.01548249397414641, 0.015250362203767827, 0.01446715870868431, 0.013690714184349355, 0.013111437378948002, 0.01280400987898366, 0.012789088065484542, 0.012885508256999974, 0.012645414791893052, 0.012533763320360268, 0.01300792748125149, 0.014045480441271196, 0.015593406388961941, 0.017496649938682926, 0.01947963017829757, 0.021814960986639112, 0.0244888991790445, 0.027455202671237973, 0.030462142682767764, 0.03347516022004274, 0.03632355277573078, 0.03911728575744543, 0.041489125175428104, 0.043617926344794986, 0.04507509866910146, 0.045973158335007626, 0.046666313335408376, 0.047747911364257295, 0.04910015737076979, 0.051170936172887156, 0.05323921785426519, 0.05484930583024696, 0.05598397968583077, 0.056516639752925084, 0.05678375349578094, 0.05655312215346535, 0.05709318659280136, 0.05753330561326649, 0.05822424761198231, 0.05856641837777238, 0.058663546697002605, 0.05829520111627496, 0.058019458378357286, 0.05786276302771312, 0.057678835712609886, 0.05721489013034267, 0.05620972754199197, 0.05488023496470325, 0.05291870088860013, 0.05085359195424363, 0.04836971777146554, 0.045888993393773454, 0.04332790860019442, 0.040721243397433354, 0.03815348906679705, 0.03609755066086763, 0.03431153121207709, 0.03269994312791247, 0.03113246913067769, 0.029533434333839276, 0.02779284963423818, 0.02581340528028532, 0.023636664296078556, 0.021032966406022018, 0.018298152858289164, 0.015471223173718233, 0.012975006021594128, 0.011476514573927241, 0.011190786613452559, 0.012013514795745658, 0.013192708648177051, 0.0146026096239084, 0.016627808096549106, 0.019288816219412905, 0.022115031993867204, 0.024956066779425322, 0.027947127033299147, 0.030317719296220055, 0.03213024736687776, 0.033908117916643665, 0.035613155393420214, 0.03695858371541455, 0.0370883147011733, 0.035844860180821725, 0.03331269225961453, 0.030127822662769057, 0.026675716455458534, 0.02305094507263966, 0.019294584365168215, 0.016588874620184203, 0.013459760460278334, 0.010513659470637583, 0.008184205378854309, 0.005908681970234855, 0.003908372487361734, 0.002250880846271649, 0.001837561814419065, 0.003902446460586522, 0.00649131804032715, 0.008842266053540701, 0.011337576744963709, 0.013847821453172829, 0.016241515374979285, 0.018506880743639053, 0.020753891025054552, 0.022854281545735794, 0.025177910908837288, 0.027764777035113285, 0.0302577363231247, 0.032552204835272186, 0.033962244268502154, 0.03530995724171245, 0.036795414568091225, 0.03840706162943578, 0.039993850675796264, 0.04133645030179679, 0.04211247094820217, 0.04239213751353172, 0.042192499106345205, 0.04200269786908514, 0.041897190162155235, 0.041830932940717325, 0.04166737666619139, 0.04206882264734189, 0.0426127097658282, 0.042895687146734904, 0.04300135533202284, 0.04249799814293581, 0.041897582995049115, 0.04072077112408416, 0.03927976254850985, 0.037331499513228325, 0.035889992777759706, 0.03456359233645024, 0.033243529781910974, 0.03199033675126687, 0.03059935779738079, 0.029272240636492235, 0.027900707354997015, 0.02654938414970694, 0.02543173352052397, 0.024311103096379235, 0.023065212419431085, 0.021685454855791198, 0.02041159885695607, 0.019056064221564174, 0.017656707279948437, 0.01626614648165674, 0.015012383850973622, 0.013603567963072178, 0.012189757837366814, 0.010674529938407772, 0.009407142987148039, 0.008344525906195775, 0.007439054007672372, 0.0072034584519923735, 0.007775010970036668, 0.009047582903156274, 0.010731538882415681, 0.01253460028234948, 0.014333543563369548, 0.016070624592636203, 0.017817726146123574, 0.019557256660804743, 0.02116824086555951, 0.022529303997840977, 0.023628588936546305, 0.02391411988476377, 0.02359656311707365, 0.022355277074164143, 0.020961866673625245, 0.018393580144489934, 0.015660552711922182, 0.013874328661167971, 0.01254026736778108, 0.011812131260623127, 0.010800298354986543, 0.00961805971638548, 0.008471507575266851, 0.007656757785702683, 0.006719580941926242, 0.0056999472982024405, 0.005125787188458596, 0.00504686530895439, 0.005697178935649704, 0.006245540782853768, 0.0070976650798796875, 0.007900543705723831, 0.008755370167568399, 0.009807746909975117, 0.011209592216881203, 0.01276960312030194, 0.014467251258771754, 0.015865855510978952, 0.01751794577394112, 0.01978728846519214, 0.022540086452385207, 0.024859037758439572, 0.02589623397823137, 0.02611181133516041, 0.026565850619759173, 0.0272557734372972, 0.02776644526036269, 0.02799937699621002, 0.02818388188652303, 0.02806005928616626, 0.028083982827741123, 0.02781538632605852, 0.027763976455106594, 0.028120518002563644, 0.028688559534023904, 0.029389365084960088, 0.030059907204608147, 0.03052096911154336, 0.031053468449087778, 0.03142000488428638, 0.03173833045042581, 0.031892653890475096, 0.03198060527161537, 0.031944507243272385, 0.03180892531117334, 0.03180195743523648, 0.03175983113429147, 0.03185651864929952, 0.032146459060636644, 0.032526908876218445, 0.033087790299913135, 0.03370146462957083, 0.0342847740780508, 0.0344768243549477, 0.03441738754137779, 0.034008301029805295]",0.027685220830545497,0.02847129398294701,0.025252481879959737,0.01134828671378968,0.0,0.0,0.02831143079289733,0.02847129398294701,0.025252481879959737,0.01134828671378968,1.368,1717635302.0708292,2024-06-06_10-55-02
0.5059,-0.10824,0.46615509480011486,0.4768787076921084,-0.13306058449535496,0.4564140322666157,0.5059,-0.10824,0.49511871910917993,0.4768787076921084,-0.13306058449535496,0.4564140322666157,0.02666364029859006,"[0.011315756658919754, 0.012192407496521018, 0.01288995615295488, 0.01359963525141729, 0.014321891165186378, 0.015181047888625853, 0.01592941522152252, 0.01673874496494045, 0.01751440457689525, 0.01835087734908702, 0.019202544572813795, 0.020070622325609303, 0.02095627718778323, 0.02186061264947246, 0.022737260153569413, 0.023681097053535004, 0.024646250751560458, 0.025633386418693636, 0.02659237614956749, 0.027623542314219474, 0.0286250346734827, 0.029647102596467904, 0.03056454213255984, 0.031680305841655834, 0.03263530150735364, 0.033606764937046466, 0.034593095597664145, 0.03536350794006898, 0.035930760474075646, 0.03631257033147624, 0.03661317474198803, 0.03688385713543919, 0.03738127616234113, 0.037934719347479336, 0.03858163380471939, 0.03921882339006296, 0.03999131852533767, 0.04074980907886149, 0.04127472956039594, 0.04151563832077664, 0.04151964454301027, 0.04123464219442919, 0.04096829512038153, 0.04056460486818273, 0.04028281736824196, 0.04000166841569801, 0.03919762289117317, 0.037812479337396496, 0.03622310391275238, 0.03453579653228067, 0.0330206041779641, 0.031565009966306234, 0.03054064037737075, 0.029904305612678588, 0.029394155816597912, 0.028896840658953926, 0.02825322628704274, 0.027685220830545497, 0.02666364029859006, 0.025486033827772144, 0.02414387260068274, 0.023028867611909868, 0.022681878550084772, 0.02299235797660897, 0.02387546679328945, 0.024738332374206702, 0.025547718436096926, 0.026640938816603423, 0.02759836215880636, 0.028240938725365098, 0.028199955208514017, 0.028168175430310402, 0.02767018559717724, 0.027414861073674215, 0.027239233260695786, 0.0274939869379551, 0.027874761581110984, 0.02868161073982207, 0.029514734605865275, 0.030345172291974937, 0.031248268714928727, 0.032298002681611045, 0.033509628354587276, 0.0348066615601669, 0.03569061118903811, 0.03631377821401384, 0.03654105211474412, 0.03646788532881584, 0.03572808397059345, 0.03427781350345514, 0.03309813106562172, 0.031639416134799855, 0.02970329439236902, 0.027599049067936567, 0.02603054913364457, 0.024090316372098155, 0.02220132238001286, 0.02051452966091278, 0.019044426362309692, 0.017805605247084858, 0.01643252777018217, 0.01523003850809785, 0.01424180324883461, 0.013706552220618947, 0.0130880570946912, 0.012988920737072255, 0.013178248200839212, 0.013386796436950147, 0.01359897371732897, 0.01439195864266014, 0.015495810506657983, 0.016686507754200334, 0.01807173050136072, 0.019341411872889052, 0.020370802976522343, 0.0213787239197115, 0.02262888584538598, 0.02401686851684336, 0.025523335513576738, 0.026670410326906566, 0.02758824337325398, 0.02810647098585074, 0.028219175888028712, 0.02804128716256827, 0.027840212128430745, 0.02799079668741686, 0.027988272685847155, 0.02831306909632167, 0.028434723397990712, 0.0285549391753426, 0.02832607944879636, 0.02800347501499142, 0.027460301198426997, 0.02681840364884072, 0.026203190519756815, 0.02552364346313934, 0.024940794741503684, 0.024553643852497812, 0.024009602077058226, 0.023587486328410737, 0.023053226444370627, 0.02237349941244249, 0.021247392964358097, 0.01948489409103017, 0.01759577829009665, 0.015969918059865678, 0.014849832783247986, 0.014164911869984548, 0.013546042864334782, 0.01328357500957488, 0.012905521640083246, 0.012806686101790404, 0.01256569256360443, 0.01270015008783326, 0.013333718053885597, 0.014364706842779438, 0.015230812921928084, 0.016214173123414017, 0.017422309714956504, 0.01848297873673576, 0.019690103784110968, 0.02062988015396428, 0.021304326954883004, 0.021542023987470748, 0.021445001132587415, 0.02128479356968176, 0.021154257299581803, 0.020548768777841446, 0.020419411659703072, 0.020346908766621045, 0.02018386842926173, 0.020060715556614095, 0.019970155121820186, 0.019905412966441507, 0.019860328269953802, 0.019689549628068632, 0.019110038324468673, 0.018401772510693467, 0.01773443768827515, 0.01691379473734185, 0.0163889904882787, 0.015891976533507178, 0.015695148472402557, 0.015634975895130635, 0.01548249397414641, 0.015250362203767827, 0.01446715870868431, 0.013690714184349355, 0.013111437378948002, 0.01280400987898366, 0.012789088065484542, 0.012885508256999974, 0.012645414791893052, 0.012533763320360268, 0.01300792748125149, 0.014045480441271196, 0.015593406388961941, 0.017496649938682926, 0.01947963017829757, 0.021814960986639112, 0.0244888991790445, 0.027455202671237973, 0.030462142682767764, 0.03347516022004274, 0.03632355277573078, 0.03911728575744543, 0.041489125175428104, 0.043617926344794986, 0.04507509866910146, 0.045973158335007626, 0.046666313335408376, 0.047747911364257295, 0.04910015737076979, 0.051170936172887156, 0.05323921785426519, 0.05484930583024696, 0.05598397968583077, 0.056516639752925084, 0.05678375349578094, 0.05655312215346535, 0.05709318659280136, 0.05753330561326649, 0.05822424761198231, 0.05856641837777238, 0.058663546697002605, 0.05829520111627496, 0.058019458378357286, 0.05786276302771312, 0.057678835712609886, 0.05721489013034267, 0.05620972754199197, 0.05488023496470325, 0.05291870088860013, 0.05085359195424363, 0.04836971777146554, 0.045888993393773454, 0.04332790860019442, 0.040721243397433354, 0.03815348906679705, 0.03609755066086763, 0.03431153121207709, 0.03269994312791247, 0.03113246913067769, 0.029533434333839276, 0.02779284963423818, 0.02581340528028532, 0.023636664296078556, 0.021032966406022018, 0.018298152858289164, 0.015471223173718233, 0.012975006021594128, 0.011476514573927241, 0.011190786613452559, 0.012013514795745658, 0.013192708648177051, 0.0146026096239084, 0.016627808096549106, 0.019288816219412905, 0.022115031993867204, 0.024956066779425322, 0.027947127033299147, 0.030317719296220055, 0.03213024736687776, 0.033908117916643665, 0.035613155393420214, 0.03695858371541455, 0.0370883147011733, 0.035844860180821725, 0.03331269225961453, 0.030127822662769057, 0.026675716455458534, 0.02305094507263966, 0.019294584365168215, 0.016588874620184203, 0.013459760460278334, 0.010513659470637583, 0.008184205378854309, 0.005908681970234855, 0.003908372487361734, 0.002250880846271649, 0.001837561814419065, 0.003902446460586522, 0.00649131804032715, 0.008842266053540701, 0.011337576744963709, 0.013847821453172829, 0.016241515374979285, 0.018506880743639053, 0.020753891025054552, 0.022854281545735794, 0.025177910908837288, 0.027764777035113285, 0.0302577363231247, 0.032552204835272186, 0.033962244268502154, 0.03530995724171245, 0.036795414568091225, 0.03840706162943578, 0.039993850675796264, 0.04133645030179679, 0.04211247094820217, 0.04239213751353172, 0.042192499106345205, 0.04200269786908514, 0.041897190162155235, 0.041830932940717325, 0.04166737666619139, 0.04206882264734189, 0.0426127097658282, 0.042895687146734904, 0.04300135533202284, 0.04249799814293581, 0.041897582995049115, 0.04072077112408416, 0.03927976254850985, 0.037331499513228325, 0.035889992777759706, 0.03456359233645024, 0.033243529781910974, 0.03199033675126687, 0.03059935779738079, 0.029272240636492235, 0.027900707354997015, 0.02654938414970694, 0.02543173352052397, 0.024311103096379235, 0.023065212419431085, 0.021685454855791198, 0.02041159885695607, 0.019056064221564174, 0.017656707279948437, 0.01626614648165674, 0.015012383850973622, 0.013603567963072178, 0.012189757837366814, 0.010674529938407772, 0.009407142987148039, 0.008344525906195775, 0.007439054007672372, 0.0072034584519923735, 0.007775010970036668, 0.009047582903156274, 0.010731538882415681, 0.01253460028234948, 0.014333543563369548, 0.016070624592636203, 0.017817726146123574, 0.019557256660804743, 0.02116824086555951, 0.022529303997840977, 0.023628588936546305, 0.02391411988476377, 0.02359656311707365, 0.022355277074164143, 0.020961866673625245, 0.018393580144489934, 0.015660552711922182, 0.013874328661167971, 0.01254026736778108, 0.011812131260623127, 0.010800298354986543, 0.00961805971638548, 0.008471507575266851, 0.007656757785702683, 0.006719580941926242, 0.0056999472982024405, 0.005125787188458596, 0.00504686530895439, 0.005697178935649704, 0.006245540782853768, 0.0070976650798796875, 0.007900543705723831, 0.008755370167568399, 0.009807746909975117, 0.011209592216881203, 0.01276960312030194, 0.014467251258771754, 0.015865855510978952, 0.01751794577394112, 0.01978728846519214, 0.022540086452385207, 0.024859037758439572, 0.02589623397823137, 0.02611181133516041, 0.026565850619759173, 0.0272557734372972, 0.02776644526036269, 0.02799937699621002, 0.02818388188652303, 0.02806005928616626, 0.028083982827741123, 0.02781538632605852, 0.027763976455106594, 0.028120518002563644, 0.028688559534023904, 0.029389365084960088, 0.030059907204608147, 0.03052096911154336, 0.031053468449087778, 0.03142000488428638, 0.03173833045042581, 0.031892653890475096, 0.03198060527161537, 0.031944507243272385, 0.03180892531117334, 0.03180195743523648, 0.03175983113429147, 0.03185651864929952, 0.032146459060636644, 0.032526908876218445, 0.033087790299913135, 0.03370146462957083, 0.0342847740780508, 0.0344768243549477, 0.03441738754137779, 0.034008301029805295]",0.02666364029859006,0.029021292307891633,0.024820584495354958,0.009741062533499156,0.0,0.0,0.028963624309065072,0.029021292307891633,0.024820584495354958,0.009741062533499156,1.392,1717635302.0953326,2024-06-06_10-55-02
0.5059,-0.10752,0.465369953264546,0.4760869967244038,-0.1318613249426413,0.4578176145335902,0.5059,-0.10752,0.4948911698639932,0.4760869967244038,-0.1318613249426413,0.4578176145335902,0.025486033827772144,"[0.011315756658919754, 0.012192407496521018, 0.01288995615295488, 0.01359963525141729, 0.014321891165186378, 0.015181047888625853, 0.01592941522152252, 0.01673874496494045, 0.01751440457689525, 0.01835087734908702, 0.019202544572813795, 0.020070622325609303, 0.02095627718778323, 0.02186061264947246, 0.022737260153569413, 0.023681097053535004, 0.024646250751560458, 0.025633386418693636, 0.02659237614956749, 0.027623542314219474, 0.0286250346734827, 0.029647102596467904, 0.03056454213255984, 0.031680305841655834, 0.03263530150735364, 0.033606764937046466, 0.034593095597664145, 0.03536350794006898, 0.035930760474075646, 0.03631257033147624, 0.03661317474198803, 0.03688385713543919, 0.03738127616234113, 0.037934719347479336, 0.03858163380471939, 0.03921882339006296, 0.03999131852533767, 0.04074980907886149, 0.04127472956039594, 0.04151563832077664, 0.04151964454301027, 0.04123464219442919, 0.04096829512038153, 0.04056460486818273, 0.04028281736824196, 0.04000166841569801, 0.03919762289117317, 0.037812479337396496, 0.03622310391275238, 0.03453579653228067, 0.0330206041779641, 0.031565009966306234, 0.03054064037737075, 0.029904305612678588, 0.029394155816597912, 0.028896840658953926, 0.02825322628704274, 0.027685220830545497, 0.02666364029859006, 0.025486033827772144, 0.02414387260068274, 0.023028867611909868, 0.022681878550084772, 0.02299235797660897, 0.02387546679328945, 0.024738332374206702, 0.025547718436096926, 0.026640938816603423, 0.02759836215880636, 0.028240938725365098, 0.028199955208514017, 0.028168175430310402, 0.02767018559717724, 0.027414861073674215, 0.027239233260695786, 0.0274939869379551, 0.027874761581110984, 0.02868161073982207, 0.029514734605865275, 0.030345172291974937, 0.031248268714928727, 0.032298002681611045, 0.033509628354587276, 0.0348066615601669, 0.03569061118903811, 0.03631377821401384, 0.03654105211474412, 0.03646788532881584, 0.03572808397059345, 0.03427781350345514, 0.03309813106562172, 0.031639416134799855, 0.02970329439236902, 0.027599049067936567, 0.02603054913364457, 0.024090316372098155, 0.02220132238001286, 0.02051452966091278, 0.019044426362309692, 0.017805605247084858, 0.01643252777018217, 0.01523003850809785, 0.01424180324883461, 0.013706552220618947, 0.0130880570946912, 0.012988920737072255, 0.013178248200839212, 0.013386796436950147, 0.01359897371732897, 0.01439195864266014, 0.015495810506657983, 0.016686507754200334, 0.01807173050136072, 0.019341411872889052, 0.020370802976522343, 0.0213787239197115, 0.02262888584538598, 0.02401686851684336, 0.025523335513576738, 0.026670410326906566, 0.02758824337325398, 0.02810647098585074, 0.028219175888028712, 0.02804128716256827, 0.027840212128430745, 0.02799079668741686, 0.027988272685847155, 0.02831306909632167, 0.028434723397990712, 0.0285549391753426, 0.02832607944879636, 0.02800347501499142, 0.027460301198426997, 0.02681840364884072, 0.026203190519756815, 0.02552364346313934, 0.024940794741503684, 0.024553643852497812, 0.024009602077058226, 0.023587486328410737, 0.023053226444370627, 0.02237349941244249, 0.021247392964358097, 0.01948489409103017, 0.01759577829009665, 0.015969918059865678, 0.014849832783247986, 0.014164911869984548, 0.013546042864334782, 0.01328357500957488, 0.012905521640083246, 0.012806686101790404, 0.01256569256360443, 0.01270015008783326, 0.013333718053885597, 0.014364706842779438, 0.015230812921928084, 0.016214173123414017, 0.017422309714956504, 0.01848297873673576, 0.019690103784110968, 0.02062988015396428, 0.021304326954883004, 0.021542023987470748, 0.021445001132587415, 0.02128479356968176, 0.021154257299581803, 0.020548768777841446, 0.020419411659703072, 0.020346908766621045, 0.02018386842926173, 0.020060715556614095, 0.019970155121820186, 0.019905412966441507, 0.019860328269953802, 0.019689549628068632, 0.019110038324468673, 0.018401772510693467, 0.01773443768827515, 0.01691379473734185, 0.0163889904882787, 0.015891976533507178, 0.015695148472402557, 0.015634975895130635, 0.01548249397414641, 0.015250362203767827, 0.01446715870868431, 0.013690714184349355, 0.013111437378948002, 0.01280400987898366, 0.012789088065484542, 0.012885508256999974, 0.012645414791893052, 0.012533763320360268, 0.01300792748125149, 0.014045480441271196, 0.015593406388961941, 0.017496649938682926, 0.01947963017829757, 0.021814960986639112, 0.0244888991790445, 0.027455202671237973, 0.030462142682767764, 0.03347516022004274, 0.03632355277573078, 0.03911728575744543, 0.041489125175428104, 0.043617926344794986, 0.04507509866910146, 0.045973158335007626, 0.046666313335408376, 0.047747911364257295, 0.04910015737076979, 0.051170936172887156, 0.05323921785426519, 0.05484930583024696, 0.05598397968583077, 0.056516639752925084, 0.05678375349578094, 0.05655312215346535, 0.05709318659280136, 0.05753330561326649, 0.05822424761198231, 0.05856641837777238, 0.058663546697002605, 0.05829520111627496, 0.058019458378357286, 0.05786276302771312, 0.057678835712609886, 0.05721489013034267, 0.05620972754199197, 0.05488023496470325, 0.05291870088860013, 0.05085359195424363, 0.04836971777146554, 0.045888993393773454, 0.04332790860019442, 0.040721243397433354, 0.03815348906679705, 0.03609755066086763, 0.03431153121207709, 0.03269994312791247, 0.03113246913067769, 0.029533434333839276, 0.02779284963423818, 0.02581340528028532, 0.023636664296078556, 0.021032966406022018, 0.018298152858289164, 0.015471223173718233, 0.012975006021594128, 0.011476514573927241, 0.011190786613452559, 0.012013514795745658, 0.013192708648177051, 0.0146026096239084, 0.016627808096549106, 0.019288816219412905, 0.022115031993867204, 0.024956066779425322, 0.027947127033299147, 0.030317719296220055, 0.03213024736687776, 0.033908117916643665, 0.035613155393420214, 0.03695858371541455, 0.0370883147011733, 0.035844860180821725, 0.03331269225961453, 0.030127822662769057, 0.026675716455458534, 0.02305094507263966, 0.019294584365168215, 0.016588874620184203, 0.013459760460278334, 0.010513659470637583, 0.008184205378854309, 0.005908681970234855, 0.003908372487361734, 0.002250880846271649, 0.001837561814419065, 0.003902446460586522, 0.00649131804032715, 0.008842266053540701, 0.011337576744963709, 0.013847821453172829, 0.016241515374979285, 0.018506880743639053, 0.020753891025054552, 0.022854281545735794, 0.025177910908837288, 0.027764777035113285, 0.0302577363231247, 0.032552204835272186, 0.033962244268502154, 0.03530995724171245, 0.036795414568091225, 0.03840706162943578, 0.039993850675796264, 0.04133645030179679, 0.04211247094820217, 0.04239213751353172, 0.042192499106345205, 0.04200269786908514, 0.041897190162155235, 0.041830932940717325, 0.04166737666619139, 0.04206882264734189, 0.0426127097658282, 0.042895687146734904, 0.04300135533202284, 0.04249799814293581, 0.041897582995049115, 0.04072077112408416, 0.03927976254850985, 0.037331499513228325, 0.035889992777759706, 0.03456359233645024, 0.033243529781910974, 0.03199033675126687, 0.03059935779738079, 0.029272240636492235, 0.027900707354997015, 0.02654938414970694, 0.02543173352052397, 0.024311103096379235, 0.023065212419431085, 0.021685454855791198, 0.02041159885695607, 0.019056064221564174, 0.017656707279948437, 0.01626614648165674, 0.015012383850973622, 0.013603567963072178, 0.012189757837366814, 0.010674529938407772, 0.009407142987148039, 0.008344525906195775, 0.007439054007672372, 0.0072034584519923735, 0.007775010970036668, 0.009047582903156274, 0.010731538882415681, 0.01253460028234948, 0.014333543563369548, 0.016070624592636203, 0.017817726146123574, 0.019557256660804743, 0.02116824086555951, 0.022529303997840977, 0.023628588936546305, 0.02391411988476377, 0.02359656311707365, 0.022355277074164143, 0.020961866673625245, 0.018393580144489934, 0.015660552711922182, 0.013874328661167971, 0.01254026736778108, 0.011812131260623127, 0.010800298354986543, 0.00961805971638548, 0.008471507575266851, 0.007656757785702683, 0.006719580941926242, 0.0056999472982024405, 0.005125787188458596, 0.00504686530895439, 0.005697178935649704, 0.006245540782853768, 0.0070976650798796875, 0.007900543705723831, 0.008755370167568399, 0.009807746909975117, 0.011209592216881203, 0.01276960312030194, 0.014467251258771754, 0.015865855510978952, 0.01751794577394112, 0.01978728846519214, 0.022540086452385207, 0.024859037758439572, 0.02589623397823137, 0.02611181133516041, 0.026565850619759173, 0.0272557734372972, 0.02776644526036269, 0.02799937699621002, 0.02818388188652303, 0.02806005928616626, 0.028083982827741123, 0.02781538632605852, 0.027763976455106594, 0.028120518002563644, 0.028688559534023904, 0.029389365084960088, 0.030059907204608147, 0.03052096911154336, 0.031053468449087778, 0.03142000488428638, 0.03173833045042581, 0.031892653890475096, 0.03198060527161537, 0.031944507243272385, 0.03180892531117334, 0.03180195743523648, 0.03175983113429147, 0.03185651864929952, 0.032146459060636644, 0.032526908876218445, 0.033087790299913135, 0.03370146462957083, 0.0342847740780508, 0.0344768243549477, 0.03441738754137779, 0.034008301029805295]",0.025486033827772144,0.029813003275596217,0.024341324942641296,0.007552338730955788,0.0,0.0,0.029521216599447175,0.029813003275596217,0.024341324942641296,0.007552338730955788,1.416,1717635302.1195135,2024-06-06_10-55-02
0.5059,-0.1068,0.4644867824604375,0.47511449830688796,-0.1304279419417581,0.4595222136216654,0.5059,-0.1068,0.494518290737374,0.47511449830688796,-0.1304279419417581,0.4595222136216654,0.02414387260068274,"[0.011315756658919754, 0.012192407496521018, 0.01288995615295488, 0.01359963525141729, 0.014321891165186378, 0.015181047888625853, 0.01592941522152252, 0.01673874496494045, 0.01751440457689525, 0.01835087734908702, 0.019202544572813795, 0.020070622325609303, 0.02095627718778323, 0.02186061264947246, 0.022737260153569413, 0.023681097053535004, 0.024646250751560458, 0.025633386418693636, 0.02659237614956749, 0.027623542314219474, 0.0286250346734827, 0.029647102596467904, 0.03056454213255984, 0.031680305841655834, 0.03263530150735364, 0.033606764937046466, 0.034593095597664145, 0.03536350794006898, 0.035930760474075646, 0.03631257033147624, 0.03661317474198803, 0.03688385713543919, 0.03738127616234113, 0.037934719347479336, 0.03858163380471939, 0.03921882339006296, 0.03999131852533767, 0.04074980907886149, 0.04127472956039594, 0.04151563832077664, 0.04151964454301027, 0.04123464219442919, 0.04096829512038153, 0.04056460486818273, 0.04028281736824196, 0.04000166841569801, 0.03919762289117317, 0.037812479337396496, 0.03622310391275238, 0.03453579653228067, 0.0330206041779641, 0.031565009966306234, 0.03054064037737075, 0.029904305612678588, 0.029394155816597912, 0.028896840658953926, 0.02825322628704274, 0.027685220830545497, 0.02666364029859006, 0.025486033827772144, 0.02414387260068274, 0.023028867611909868, 0.022681878550084772, 0.02299235797660897, 0.02387546679328945, 0.024738332374206702, 0.025547718436096926, 0.026640938816603423, 0.02759836215880636, 0.028240938725365098, 0.028199955208514017, 0.028168175430310402, 0.02767018559717724, 0.027414861073674215, 0.027239233260695786, 0.0274939869379551, 0.027874761581110984, 0.02868161073982207, 0.029514734605865275, 0.030345172291974937, 0.031248268714928727, 0.032298002681611045, 0.033509628354587276, 0.0348066615601669, 0.03569061118903811, 0.03631377821401384, 0.03654105211474412, 0.03646788532881584, 0.03572808397059345, 0.03427781350345514, 0.03309813106562172, 0.031639416134799855, 0.02970329439236902, 0.027599049067936567, 0.02603054913364457, 0.024090316372098155, 0.02220132238001286, 0.02051452966091278, 0.019044426362309692, 0.017805605247084858, 0.01643252777018217, 0.01523003850809785, 0.01424180324883461, 0.013706552220618947, 0.0130880570946912, 0.012988920737072255, 0.013178248200839212, 0.013386796436950147, 0.01359897371732897, 0.01439195864266014, 0.015495810506657983, 0.016686507754200334, 0.01807173050136072, 0.019341411872889052, 0.020370802976522343, 0.0213787239197115, 0.02262888584538598, 0.02401686851684336, 0.025523335513576738, 0.026670410326906566, 0.02758824337325398, 0.02810647098585074, 0.028219175888028712, 0.02804128716256827, 0.027840212128430745, 0.02799079668741686, 0.027988272685847155, 0.02831306909632167, 0.028434723397990712, 0.0285549391753426, 0.02832607944879636, 0.02800347501499142, 0.027460301198426997, 0.02681840364884072, 0.026203190519756815, 0.02552364346313934, 0.024940794741503684, 0.024553643852497812, 0.024009602077058226, 0.023587486328410737, 0.023053226444370627, 0.02237349941244249, 0.021247392964358097, 0.01948489409103017, 0.01759577829009665, 0.015969918059865678, 0.014849832783247986, 0.014164911869984548, 0.013546042864334782, 0.01328357500957488, 0.012905521640083246, 0.012806686101790404, 0.01256569256360443, 0.01270015008783326, 0.013333718053885597, 0.014364706842779438, 0.015230812921928084, 0.016214173123414017, 0.017422309714956504, 0.01848297873673576, 0.019690103784110968, 0.02062988015396428, 0.021304326954883004, 0.021542023987470748, 0.021445001132587415, 0.02128479356968176, 0.021154257299581803, 0.020548768777841446, 0.020419411659703072, 0.020346908766621045, 0.02018386842926173, 0.020060715556614095, 0.019970155121820186, 0.019905412966441507, 0.019860328269953802, 0.019689549628068632, 0.019110038324468673, 0.018401772510693467, 0.01773443768827515, 0.01691379473734185, 0.0163889904882787, 0.015891976533507178, 0.015695148472402557, 0.015634975895130635, 0.01548249397414641, 0.015250362203767827, 0.01446715870868431, 0.013690714184349355, 0.013111437378948002, 0.01280400987898366, 0.012789088065484542, 0.012885508256999974, 0.012645414791893052, 0.012533763320360268, 0.01300792748125149, 0.014045480441271196, 0.015593406388961941, 0.017496649938682926, 0.01947963017829757, 0.021814960986639112, 0.0244888991790445, 0.027455202671237973, 0.030462142682767764, 0.03347516022004274, 0.03632355277573078, 0.03911728575744543, 0.041489125175428104, 0.043617926344794986, 0.04507509866910146, 0.045973158335007626, 0.046666313335408376, 0.047747911364257295, 0.04910015737076979, 0.051170936172887156, 0.05323921785426519, 0.05484930583024696, 0.05598397968583077, 0.056516639752925084, 0.05678375349578094, 0.05655312215346535, 0.05709318659280136, 0.05753330561326649, 0.05822424761198231, 0.05856641837777238, 0.058663546697002605, 0.05829520111627496, 0.058019458378357286, 0.05786276302771312, 0.057678835712609886, 0.05721489013034267, 0.05620972754199197, 0.05488023496470325, 0.05291870088860013, 0.05085359195424363, 0.04836971777146554, 0.045888993393773454, 0.04332790860019442, 0.040721243397433354, 0.03815348906679705, 0.03609755066086763, 0.03431153121207709, 0.03269994312791247, 0.03113246913067769, 0.029533434333839276, 0.02779284963423818, 0.02581340528028532, 0.023636664296078556, 0.021032966406022018, 0.018298152858289164, 0.015471223173718233, 0.012975006021594128, 0.011476514573927241, 0.011190786613452559, 0.012013514795745658, 0.013192708648177051, 0.0146026096239084, 0.016627808096549106, 0.019288816219412905, 0.022115031993867204, 0.024956066779425322, 0.027947127033299147, 0.030317719296220055, 0.03213024736687776, 0.033908117916643665, 0.035613155393420214, 0.03695858371541455, 0.0370883147011733, 0.035844860180821725, 0.03331269225961453, 0.030127822662769057, 0.026675716455458534, 0.02305094507263966, 0.019294584365168215, 0.016588874620184203, 0.013459760460278334, 0.010513659470637583, 0.008184205378854309, 0.005908681970234855, 0.003908372487361734, 0.002250880846271649, 0.001837561814419065, 0.003902446460586522, 0.00649131804032715, 0.008842266053540701, 0.011337576744963709, 0.013847821453172829, 0.016241515374979285, 0.018506880743639053, 0.020753891025054552, 0.022854281545735794, 0.025177910908837288, 0.027764777035113285, 0.0302577363231247, 0.032552204835272186, 0.033962244268502154, 0.03530995724171245, 0.036795414568091225, 0.03840706162943578, 0.039993850675796264, 0.04133645030179679, 0.04211247094820217, 0.04239213751353172, 0.042192499106345205, 0.04200269786908514, 0.041897190162155235, 0.041830932940717325, 0.04166737666619139, 0.04206882264734189, 0.0426127097658282, 0.042895687146734904, 0.04300135533202284, 0.04249799814293581, 0.041897582995049115, 0.04072077112408416, 0.03927976254850985, 0.037331499513228325, 0.035889992777759706, 0.03456359233645024, 0.033243529781910974, 0.03199033675126687, 0.03059935779738079, 0.029272240636492235, 0.027900707354997015, 0.02654938414970694, 0.02543173352052397, 0.024311103096379235, 0.023065212419431085, 0.021685454855791198, 0.02041159885695607, 0.019056064221564174, 0.017656707279948437, 0.01626614648165674, 0.015012383850973622, 0.013603567963072178, 0.012189757837366814, 0.010674529938407772, 0.009407142987148039, 0.008344525906195775, 0.007439054007672372, 0.0072034584519923735, 0.007775010970036668, 0.009047582903156274, 0.010731538882415681, 0.01253460028234948, 0.014333543563369548, 0.016070624592636203, 0.017817726146123574, 0.019557256660804743, 0.02116824086555951, 0.022529303997840977, 0.023628588936546305, 0.02391411988476377, 0.02359656311707365, 0.022355277074164143, 0.020961866673625245, 0.018393580144489934, 0.015660552711922182, 0.013874328661167971, 0.01254026736778108, 0.011812131260623127, 0.010800298354986543, 0.00961805971638548, 0.008471507575266851, 0.007656757785702683, 0.006719580941926242, 0.0056999472982024405, 0.005125787188458596, 0.00504686530895439, 0.005697178935649704, 0.006245540782853768, 0.0070976650798796875, 0.007900543705723831, 0.008755370167568399, 0.009807746909975117, 0.011209592216881203, 0.01276960312030194, 0.014467251258771754, 0.015865855510978952, 0.01751794577394112, 0.01978728846519214, 0.022540086452385207, 0.024859037758439572, 0.02589623397823137, 0.02611181133516041, 0.026565850619759173, 0.0272557734372972, 0.02776644526036269, 0.02799937699621002, 0.02818388188652303, 0.02806005928616626, 0.028083982827741123, 0.02781538632605852, 0.027763976455106594, 0.028120518002563644, 0.028688559534023904, 0.029389365084960088, 0.030059907204608147, 0.03052096911154336, 0.031053468449087778, 0.03142000488428638, 0.03173833045042581, 0.031892653890475096, 0.03198060527161537, 0.031944507243272385, 0.03180892531117334, 0.03180195743523648, 0.03175983113429147, 0.03185651864929952, 0.032146459060636644, 0.032526908876218445, 0.033087790299913135, 0.03370146462957083, 0.0342847740780508, 0.0344768243549477, 0.03441738754137779, 0.034008301029805295]",0.02414387260068274,0.03078550169311206,0.0236279419417581,0.00496456883877211,0.0,0.0,0.030031508276936514,0.03078550169311206,0.0236279419417581,0.00496456883877211,1.44,1717635302.1433241,2024-06-06_10-55-02
0.5059,-0.10608,0.463507738299436,0.4741307431828709,-0.12899494128338346,0.46121989882386966,0.5059,-0.10608,0.4940495382538617,0.4741307431828709,-0.12899494128338346,0.46121989882386966,0.023028867611909868,"[0.011315756658919754, 0.012192407496521018, 0.01288995615295488, 0.01359963525141729, 0.014321891165186378, 0.015181047888625853, 0.01592941522152252, 0.01673874496494045, 0.01751440457689525, 0.01835087734908702, 0.019202544572813795, 0.020070622325609303, 0.02095627718778323, 0.02186061264947246, 0.022737260153569413, 0.023681097053535004, 0.024646250751560458, 0.025633386418693636, 0.02659237614956749, 0.027623542314219474, 0.0286250346734827, 0.029647102596467904, 0.03056454213255984, 0.031680305841655834, 0.03263530150735364, 0.033606764937046466, 0.034593095597664145, 0.03536350794006898, 0.035930760474075646, 0.03631257033147624, 0.03661317474198803, 0.03688385713543919, 0.03738127616234113, 0.037934719347479336, 0.03858163380471939, 0.03921882339006296, 0.03999131852533767, 0.04074980907886149, 0.04127472956039594, 0.04151563832077664, 0.04151964454301027, 0.04123464219442919, 0.04096829512038153, 0.04056460486818273, 0.04028281736824196, 0.04000166841569801, 0.03919762289117317, 0.037812479337396496, 0.03622310391275238, 0.03453579653228067, 0.0330206041779641, 0.031565009966306234, 0.03054064037737075, 0.029904305612678588, 0.029394155816597912, 0.028896840658953926, 0.02825322628704274, 0.027685220830545497, 0.02666364029859006, 0.025486033827772144, 0.02414387260068274, 0.023028867611909868, 0.022681878550084772, 0.02299235797660897, 0.02387546679328945, 0.024738332374206702, 0.025547718436096926, 0.026640938816603423, 0.02759836215880636, 0.028240938725365098, 0.028199955208514017, 0.028168175430310402, 0.02767018559717724, 0.027414861073674215, 0.027239233260695786, 0.0274939869379551, 0.027874761581110984, 0.02868161073982207, 0.029514734605865275, 0.030345172291974937, 0.031248268714928727, 0.032298002681611045, 0.033509628354587276, 0.0348066615601669, 0.03569061118903811, 0.03631377821401384, 0.03654105211474412, 0.03646788532881584, 0.03572808397059345, 0.03427781350345514, 0.03309813106562172, 0.031639416134799855, 0.02970329439236902, 0.027599049067936567, 0.02603054913364457, 0.024090316372098155, 0.02220132238001286, 0.02051452966091278, 0.019044426362309692, 0.017805605247084858, 0.01643252777018217, 0.01523003850809785, 0.01424180324883461, 0.013706552220618947, 0.0130880570946912, 0.012988920737072255, 0.013178248200839212, 0.013386796436950147, 0.01359897371732897, 0.01439195864266014, 0.015495810506657983, 0.016686507754200334, 0.01807173050136072, 0.019341411872889052, 0.020370802976522343, 0.0213787239197115, 0.02262888584538598, 0.02401686851684336, 0.025523335513576738, 0.026670410326906566, 0.02758824337325398, 0.02810647098585074, 0.028219175888028712, 0.02804128716256827, 0.027840212128430745, 0.02799079668741686, 0.027988272685847155, 0.02831306909632167, 0.028434723397990712, 0.0285549391753426, 0.02832607944879636, 0.02800347501499142, 0.027460301198426997, 0.02681840364884072, 0.026203190519756815, 0.02552364346313934, 0.024940794741503684, 0.024553643852497812, 0.024009602077058226, 0.023587486328410737, 0.023053226444370627, 0.02237349941244249, 0.021247392964358097, 0.01948489409103017, 0.01759577829009665, 0.015969918059865678, 0.014849832783247986, 0.014164911869984548, 0.013546042864334782, 0.01328357500957488, 0.012905521640083246, 0.012806686101790404, 0.01256569256360443, 0.01270015008783326, 0.013333718053885597, 0.014364706842779438, 0.015230812921928084, 0.016214173123414017, 0.017422309714956504, 0.01848297873673576, 0.019690103784110968, 0.02062988015396428, 0.021304326954883004, 0.021542023987470748, 0.021445001132587415, 0.02128479356968176, 0.021154257299581803, 0.020548768777841446, 0.020419411659703072, 0.020346908766621045, 0.02018386842926173, 0.020060715556614095, 0.019970155121820186, 0.019905412966441507, 0.019860328269953802, 0.019689549628068632, 0.019110038324468673, 0.018401772510693467, 0.01773443768827515, 0.01691379473734185, 0.0163889904882787, 0.015891976533507178, 0.015695148472402557, 0.015634975895130635, 0.01548249397414641, 0.015250362203767827, 0.01446715870868431, 0.013690714184349355, 0.013111437378948002, 0.01280400987898366, 0.012789088065484542, 0.012885508256999974, 0.012645414791893052, 0.012533763320360268, 0.01300792748125149, 0.014045480441271196, 0.015593406388961941, 0.017496649938682926, 0.01947963017829757, 0.021814960986639112, 0.0244888991790445, 0.027455202671237973, 0.030462142682767764, 0.03347516022004274, 0.03632355277573078, 0.03911728575744543, 0.041489125175428104, 0.043617926344794986, 0.04507509866910146, 0.045973158335007626, 0.046666313335408376, 0.047747911364257295, 0.04910015737076979, 0.051170936172887156, 0.05323921785426519, 0.05484930583024696, 0.05598397968583077, 0.056516639752925084, 0.05678375349578094, 0.05655312215346535, 0.05709318659280136, 0.05753330561326649, 0.05822424761198231, 0.05856641837777238, 0.058663546697002605, 0.05829520111627496, 0.058019458378357286, 0.05786276302771312, 0.057678835712609886, 0.05721489013034267, 0.05620972754199197, 0.05488023496470325, 0.05291870088860013, 0.05085359195424363, 0.04836971777146554, 0.045888993393773454, 0.04332790860019442, 0.040721243397433354, 0.03815348906679705, 0.03609755066086763, 0.03431153121207709, 0.03269994312791247, 0.03113246913067769, 0.029533434333839276, 0.02779284963423818, 0.02581340528028532, 0.023636664296078556, 0.021032966406022018, 0.018298152858289164, 0.015471223173718233, 0.012975006021594128, 0.011476514573927241, 0.011190786613452559, 0.012013514795745658, 0.013192708648177051, 0.0146026096239084, 0.016627808096549106, 0.019288816219412905, 0.022115031993867204, 0.024956066779425322, 0.027947127033299147, 0.030317719296220055, 0.03213024736687776, 0.033908117916643665, 0.035613155393420214, 0.03695858371541455, 0.0370883147011733, 0.035844860180821725, 0.03331269225961453, 0.030127822662769057, 0.026675716455458534, 0.02305094507263966, 0.019294584365168215, 0.016588874620184203, 0.013459760460278334, 0.010513659470637583, 0.008184205378854309, 0.005908681970234855, 0.003908372487361734, 0.002250880846271649, 0.001837561814419065, 0.003902446460586522, 0.00649131804032715, 0.008842266053540701, 0.011337576744963709, 0.013847821453172829, 0.016241515374979285, 0.018506880743639053, 0.020753891025054552, 0.022854281545735794, 0.025177910908837288, 0.027764777035113285, 0.0302577363231247, 0.032552204835272186, 0.033962244268502154, 0.03530995724171245, 0.036795414568091225, 0.03840706162943578, 0.039993850675796264, 0.04133645030179679, 0.04211247094820217, 0.04239213751353172, 0.042192499106345205, 0.04200269786908514, 0.041897190162155235, 0.041830932940717325, 0.04166737666619139, 0.04206882264734189, 0.0426127097658282, 0.042895687146734904, 0.04300135533202284, 0.04249799814293581, 0.041897582995049115, 0.04072077112408416, 0.03927976254850985, 0.037331499513228325, 0.035889992777759706, 0.03456359233645024, 0.033243529781910974, 0.03199033675126687, 0.03059935779738079, 0.029272240636492235, 0.027900707354997015, 0.02654938414970694, 0.02543173352052397, 0.024311103096379235, 0.023065212419431085, 0.021685454855791198, 0.02041159885695607, 0.019056064221564174, 0.017656707279948437, 0.01626614648165674, 0.015012383850973622, 0.013603567963072178, 0.012189757837366814, 0.010674529938407772, 0.009407142987148039, 0.008344525906195775, 0.007439054007672372, 0.0072034584519923735, 0.007775010970036668, 0.009047582903156274, 0.010731538882415681, 0.01253460028234948, 0.014333543563369548, 0.016070624592636203, 0.017817726146123574, 0.019557256660804743, 0.02116824086555951, 0.022529303997840977, 0.023628588936546305, 0.02391411988476377, 0.02359656311707365, 0.022355277074164143, 0.020961866673625245, 0.018393580144489934, 0.015660552711922182, 0.013874328661167971, 0.01254026736778108, 0.011812131260623127, 0.010800298354986543, 0.00961805971638548, 0.008471507575266851, 0.007656757785702683, 0.006719580941926242, 0.0056999472982024405, 0.005125787188458596, 0.00504686530895439, 0.005697178935649704, 0.006245540782853768, 0.0070976650798796875, 0.007900543705723831, 0.008755370167568399, 0.009807746909975117, 0.011209592216881203, 0.01276960312030194, 0.014467251258771754, 0.015865855510978952, 0.01751794577394112, 0.01978728846519214, 0.022540086452385207, 0.024859037758439572, 0.02589623397823137, 0.02611181133516041, 0.026565850619759173, 0.0272557734372972, 0.02776644526036269, 0.02799937699621002, 0.02818388188652303, 0.02806005928616626, 0.028083982827741123, 0.02781538632605852, 0.027763976455106594, 0.028120518002563644, 0.028688559534023904, 0.029389365084960088, 0.030059907204608147, 0.03052096911154336, 0.031053468449087778, 0.03142000488428638, 0.03173833045042581, 0.031892653890475096, 0.03198060527161537, 0.031944507243272385, 0.03180892531117334, 0.03180195743523648, 0.03175983113429147, 0.03185651864929952, 0.032146459060636644, 0.032526908876218445, 0.033087790299913135, 0.03370146462957083, 0.0342847740780508, 0.0344768243549477, 0.03441738754137779, 0.034008301029805295]",0.023028867611909868,0.03176925681712911,0.022914941283383464,0.0022878394755663223,0.0,0.0,0.03054179995442574,0.03176925681712911,0.022914941283383464,0.0022878394755663223,1.464,1717635302.167021,2024-06-06_10-55-02
0.5059,-0.10536000000000001,0.4624355054784431,0.4731242791586722,-0.12803376431795427,0.46304215712037605,0.5059,-0.10536000000000001,0.49348759711035817,0.4731242791586722,-0.12803376431795427,0.46304215712037605,0.022681878550084772,"[0.011315756658919754, 0.012192407496521018, 0.01288995615295488, 0.01359963525141729, 0.014321891165186378, 0.015181047888625853, 0.01592941522152252, 0.01673874496494045, 0.01751440457689525, 0.01835087734908702, 0.019202544572813795, 0.020070622325609303, 0.02095627718778323, 0.02186061264947246, 0.022737260153569413, 0.023681097053535004, 0.024646250751560458, 0.025633386418693636, 0.02659237614956749, 0.027623542314219474, 0.0286250346734827, 0.029647102596467904, 0.03056454213255984, 0.031680305841655834, 0.03263530150735364, 0.033606764937046466, 0.034593095597664145, 0.03536350794006898, 0.035930760474075646, 0.03631257033147624, 0.03661317474198803, 0.03688385713543919, 0.03738127616234113, 0.037934719347479336, 0.03858163380471939, 0.03921882339006296, 0.03999131852533767, 0.04074980907886149, 0.04127472956039594, 0.04151563832077664, 0.04151964454301027, 0.04123464219442919, 0.04096829512038153, 0.04056460486818273, 0.04028281736824196, 0.04000166841569801, 0.03919762289117317, 0.037812479337396496, 0.03622310391275238, 0.03453579653228067, 0.0330206041779641, 0.031565009966306234, 0.03054064037737075, 0.029904305612678588, 0.029394155816597912, 0.028896840658953926, 0.02825322628704274, 0.027685220830545497, 0.02666364029859006, 0.025486033827772144, 0.02414387260068274, 0.023028867611909868, 0.022681878550084772, 0.02299235797660897, 0.02387546679328945, 0.024738332374206702, 0.025547718436096926, 0.026640938816603423, 0.02759836215880636, 0.028240938725365098, 0.028199955208514017, 0.028168175430310402, 0.02767018559717724, 0.027414861073674215, 0.027239233260695786, 0.0274939869379551, 0.027874761581110984, 0.02868161073982207, 0.029514734605865275, 0.030345172291974937, 0.031248268714928727, 0.032298002681611045, 0.033509628354587276, 0.0348066615601669, 0.03569061118903811, 0.03631377821401384, 0.03654105211474412, 0.03646788532881584, 0.03572808397059345, 0.03427781350345514, 0.03309813106562172, 0.031639416134799855, 0.02970329439236902, 0.027599049067936567, 0.02603054913364457, 0.024090316372098155, 0.02220132238001286, 0.02051452966091278, 0.019044426362309692, 0.017805605247084858, 0.01643252777018217, 0.01523003850809785, 0.01424180324883461, 0.013706552220618947, 0.0130880570946912, 0.012988920737072255, 0.013178248200839212, 0.013386796436950147, 0.01359897371732897, 0.01439195864266014, 0.015495810506657983, 0.016686507754200334, 0.01807173050136072, 0.019341411872889052, 0.020370802976522343, 0.0213787239197115, 0.02262888584538598, 0.02401686851684336, 0.025523335513576738, 0.026670410326906566, 0.02758824337325398, 0.02810647098585074, 0.028219175888028712, 0.02804128716256827, 0.027840212128430745, 0.02799079668741686, 0.027988272685847155, 0.02831306909632167, 0.028434723397990712, 0.0285549391753426, 0.02832607944879636, 0.02800347501499142, 0.027460301198426997, 0.02681840364884072, 0.026203190519756815, 0.02552364346313934, 0.024940794741503684, 0.024553643852497812, 0.024009602077058226, 0.023587486328410737, 0.023053226444370627, 0.02237349941244249, 0.021247392964358097, 0.01948489409103017, 0.01759577829009665, 0.015969918059865678, 0.014849832783247986, 0.014164911869984548, 0.013546042864334782, 0.01328357500957488, 0.012905521640083246, 0.012806686101790404, 0.01256569256360443, 0.01270015008783326, 0.013333718053885597, 0.014364706842779438, 0.015230812921928084, 0.016214173123414017, 0.017422309714956504, 0.01848297873673576, 0.019690103784110968, 0.02062988015396428, 0.021304326954883004, 0.021542023987470748, 0.021445001132587415, 0.02128479356968176, 0.021154257299581803, 0.020548768777841446, 0.020419411659703072, 0.020346908766621045, 0.02018386842926173, 0.020060715556614095, 0.019970155121820186, 0.019905412966441507, 0.019860328269953802, 0.019689549628068632, 0.019110038324468673, 0.018401772510693467, 0.01773443768827515, 0.01691379473734185, 0.0163889904882787, 0.015891976533507178, 0.015695148472402557, 0.015634975895130635, 0.01548249397414641, 0.015250362203767827, 0.01446715870868431, 0.013690714184349355, 0.013111437378948002, 0.01280400987898366, 0.012789088065484542, 0.012885508256999974, 0.012645414791893052, 0.012533763320360268, 0.01300792748125149, 0.014045480441271196, 0.015593406388961941, 0.017496649938682926, 0.01947963017829757, 0.021814960986639112, 0.0244888991790445, 0.027455202671237973, 0.030462142682767764, 0.03347516022004274, 0.03632355277573078, 0.03911728575744543, 0.041489125175428104, 0.043617926344794986, 0.04507509866910146, 0.045973158335007626, 0.046666313335408376, 0.047747911364257295, 0.04910015737076979, 0.051170936172887156, 0.05323921785426519, 0.05484930583024696, 0.05598397968583077, 0.056516639752925084, 0.05678375349578094, 0.05655312215346535, 0.05709318659280136, 0.05753330561326649, 0.05822424761198231, 0.05856641837777238, 0.058663546697002605, 0.05829520111627496, 0.058019458378357286, 0.05786276302771312, 0.057678835712609886, 0.05721489013034267, 0.05620972754199197, 0.05488023496470325, 0.05291870088860013, 0.05085359195424363, 0.04836971777146554, 0.045888993393773454, 0.04332790860019442, 0.040721243397433354, 0.03815348906679705, 0.03609755066086763, 0.03431153121207709, 0.03269994312791247, 0.03113246913067769, 0.029533434333839276, 0.02779284963423818, 0.02581340528028532, 0.023636664296078556, 0.021032966406022018, 0.018298152858289164, 0.015471223173718233, 0.012975006021594128, 0.011476514573927241, 0.011190786613452559, 0.012013514795745658, 0.013192708648177051, 0.0146026096239084, 0.016627808096549106, 0.019288816219412905, 0.022115031993867204, 0.024956066779425322, 0.027947127033299147, 0.030317719296220055, 0.03213024736687776, 0.033908117916643665, 0.035613155393420214, 0.03695858371541455, 0.0370883147011733, 0.035844860180821725, 0.03331269225961453, 0.030127822662769057, 0.026675716455458534, 0.02305094507263966, 0.019294584365168215, 0.016588874620184203, 0.013459760460278334, 0.010513659470637583, 0.008184205378854309, 0.005908681970234855, 0.003908372487361734, 0.002250880846271649, 0.001837561814419065, 0.003902446460586522, 0.00649131804032715, 0.008842266053540701, 0.011337576744963709, 0.013847821453172829, 0.016241515374979285, 0.018506880743639053, 0.020753891025054552, 0.022854281545735794, 0.025177910908837288, 0.027764777035113285, 0.0302577363231247, 0.032552204835272186, 0.033962244268502154, 0.03530995724171245, 0.036795414568091225, 0.03840706162943578, 0.039993850675796264, 0.04133645030179679, 0.04211247094820217, 0.04239213751353172, 0.042192499106345205, 0.04200269786908514, 0.041897190162155235, 0.041830932940717325, 0.04166737666619139, 0.04206882264734189, 0.0426127097658282, 0.042895687146734904, 0.04300135533202284, 0.04249799814293581, 0.041897582995049115, 0.04072077112408416, 0.03927976254850985, 0.037331499513228325, 0.035889992777759706, 0.03456359233645024, 0.033243529781910974, 0.03199033675126687, 0.03059935779738079, 0.029272240636492235, 0.027900707354997015, 0.02654938414970694, 0.02543173352052397, 0.024311103096379235, 0.023065212419431085, 0.021685454855791198, 0.02041159885695607, 0.019056064221564174, 0.017656707279948437, 0.01626614648165674, 0.015012383850973622, 0.013603567963072178, 0.012189757837366814, 0.010674529938407772, 0.009407142987148039, 0.008344525906195775, 0.007439054007672372, 0.0072034584519923735, 0.007775010970036668, 0.009047582903156274, 0.010731538882415681, 0.01253460028234948, 0.014333543563369548, 0.016070624592636203, 0.017817726146123574, 0.019557256660804743, 0.02116824086555951, 0.022529303997840977, 0.023628588936546305, 0.02391411988476377, 0.02359656311707365, 0.022355277074164143, 0.020961866673625245, 0.018393580144489934, 0.015660552711922182, 0.013874328661167971, 0.01254026736778108, 0.011812131260623127, 0.010800298354986543, 0.00961805971638548, 0.008471507575266851, 0.007656757785702683, 0.006719580941926242, 0.0056999472982024405, 0.005125787188458596, 0.00504686530895439, 0.005697178935649704, 0.006245540782853768, 0.0070976650798796875, 0.007900543705723831, 0.008755370167568399, 0.009807746909975117, 0.011209592216881203, 0.01276960312030194, 0.014467251258771754, 0.015865855510978952, 0.01751794577394112, 0.01978728846519214, 0.022540086452385207, 0.024859037758439572, 0.02589623397823137, 0.02611181133516041, 0.026565850619759173, 0.0272557734372972, 0.02776644526036269, 0.02799937699621002, 0.02818388188652303, 0.02806005928616626, 0.028083982827741123, 0.02781538632605852, 0.027763976455106594, 0.028120518002563644, 0.028688559534023904, 0.029389365084960088, 0.030059907204608147, 0.03052096911154336, 0.031053468449087778, 0.03142000488428638, 0.03173833045042581, 0.031892653890475096, 0.03198060527161537, 0.031944507243272385, 0.03180892531117334, 0.03180195743523648, 0.03175983113429147, 0.03185651864929952, 0.032146459060636644, 0.032526908876218445, 0.033087790299913135, 0.03370146462957083, 0.0342847740780508, 0.0344768243549477, 0.03441738754137779, 0.034008301029805295]",0.022681878550084772,0.03277572084132779,0.02267376431795426,0.0006066516419329648,0.0,0.0,0.03105209163191508,0.03277572084132779,0.02267376431795426,0.0006066516419329648,1.488,1717635302.1907141,2024-06-06_10-55-02
0.5059,-0.10464,0.46127329072223466,0.4721631834676721,-0.12735814610666696,0.46481368092681197,0.5059,-0.10464,0.492737994017667,0.4721631834676721,-0.12735814610666696,0.46481368092681197,0.02299235797660897,"[0.011315756658919754, 0.012192407496521018, 0.01288995615295488, 0.01359963525141729, 0.014321891165186378, 0.015181047888625853, 0.01592941522152252, 0.01673874496494045, 0.01751440457689525, 0.01835087734908702, 0.019202544572813795, 0.020070622325609303, 0.02095627718778323, 0.02186061264947246, 0.022737260153569413, 0.023681097053535004, 0.024646250751560458, 0.025633386418693636, 0.02659237614956749, 0.027623542314219474, 0.0286250346734827, 0.029647102596467904, 0.03056454213255984, 0.031680305841655834, 0.03263530150735364, 0.033606764937046466, 0.034593095597664145, 0.03536350794006898, 0.035930760474075646, 0.03631257033147624, 0.03661317474198803, 0.03688385713543919, 0.03738127616234113, 0.037934719347479336, 0.03858163380471939, 0.03921882339006296, 0.03999131852533767, 0.04074980907886149, 0.04127472956039594, 0.04151563832077664, 0.04151964454301027, 0.04123464219442919, 0.04096829512038153, 0.04056460486818273, 0.04028281736824196, 0.04000166841569801, 0.03919762289117317, 0.037812479337396496, 0.03622310391275238, 0.03453579653228067, 0.0330206041779641, 0.031565009966306234, 0.03054064037737075, 0.029904305612678588, 0.029394155816597912, 0.028896840658953926, 0.02825322628704274, 0.027685220830545497, 0.02666364029859006, 0.025486033827772144, 0.02414387260068274, 0.023028867611909868, 0.022681878550084772, 0.02299235797660897, 0.02387546679328945, 0.024738332374206702, 0.025547718436096926, 0.026640938816603423, 0.02759836215880636, 0.028240938725365098, 0.028199955208514017, 0.028168175430310402, 0.02767018559717724, 0.027414861073674215, 0.027239233260695786, 0.0274939869379551, 0.027874761581110984, 0.02868161073982207, 0.029514734605865275, 0.030345172291974937, 0.031248268714928727, 0.032298002681611045, 0.033509628354587276, 0.0348066615601669, 0.03569061118903811, 0.03631377821401384, 0.03654105211474412, 0.03646788532881584, 0.03572808397059345, 0.03427781350345514, 0.03309813106562172, 0.031639416134799855, 0.02970329439236902, 0.027599049067936567, 0.02603054913364457, 0.024090316372098155, 0.02220132238001286, 0.02051452966091278, 0.019044426362309692, 0.017805605247084858, 0.01643252777018217, 0.01523003850809785, 0.01424180324883461, 0.013706552220618947, 0.0130880570946912, 0.012988920737072255, 0.013178248200839212, 0.013386796436950147, 0.01359897371732897, 0.01439195864266014, 0.015495810506657983, 0.016686507754200334, 0.01807173050136072, 0.019341411872889052, 0.020370802976522343, 0.0213787239197115, 0.02262888584538598, 0.02401686851684336, 0.025523335513576738, 0.026670410326906566, 0.02758824337325398, 0.02810647098585074, 0.028219175888028712, 0.02804128716256827, 0.027840212128430745, 0.02799079668741686, 0.027988272685847155, 0.02831306909632167, 0.028434723397990712, 0.0285549391753426, 0.02832607944879636, 0.02800347501499142, 0.027460301198426997, 0.02681840364884072, 0.026203190519756815, 0.02552364346313934, 0.024940794741503684, 0.024553643852497812, 0.024009602077058226, 0.023587486328410737, 0.023053226444370627, 0.02237349941244249, 0.021247392964358097, 0.01948489409103017, 0.01759577829009665, 0.015969918059865678, 0.014849832783247986, 0.014164911869984548, 0.013546042864334782, 0.01328357500957488, 0.012905521640083246, 0.012806686101790404, 0.01256569256360443, 0.01270015008783326, 0.013333718053885597, 0.014364706842779438, 0.015230812921928084, 0.016214173123414017, 0.017422309714956504, 0.01848297873673576, 0.019690103784110968, 0.02062988015396428, 0.021304326954883004, 0.021542023987470748, 0.021445001132587415, 0.02128479356968176, 0.021154257299581803, 0.020548768777841446, 0.020419411659703072, 0.020346908766621045, 0.02018386842926173, 0.020060715556614095, 0.019970155121820186, 0.019905412966441507, 0.019860328269953802, 0.019689549628068632, 0.019110038324468673, 0.018401772510693467, 0.01773443768827515, 0.01691379473734185, 0.0163889904882787, 0.015891976533507178, 0.015695148472402557, 0.015634975895130635, 0.01548249397414641, 0.015250362203767827, 0.01446715870868431, 0.013690714184349355, 0.013111437378948002, 0.01280400987898366, 0.012789088065484542, 0.012885508256999974, 0.012645414791893052, 0.012533763320360268, 0.01300792748125149, 0.014045480441271196, 0.015593406388961941, 0.017496649938682926, 0.01947963017829757, 0.021814960986639112, 0.0244888991790445, 0.027455202671237973, 0.030462142682767764, 0.03347516022004274, 0.03632355277573078, 0.03911728575744543, 0.041489125175428104, 0.043617926344794986, 0.04507509866910146, 0.045973158335007626, 0.046666313335408376, 0.047747911364257295, 0.04910015737076979, 0.051170936172887156, 0.05323921785426519, 0.05484930583024696, 0.05598397968583077, 0.056516639752925084, 0.05678375349578094, 0.05655312215346535, 0.05709318659280136, 0.05753330561326649, 0.05822424761198231, 0.05856641837777238, 0.058663546697002605, 0.05829520111627496, 0.058019458378357286, 0.05786276302771312, 0.057678835712609886, 0.05721489013034267, 0.05620972754199197, 0.05488023496470325, 0.05291870088860013, 0.05085359195424363, 0.04836971777146554, 0.045888993393773454, 0.04332790860019442, 0.040721243397433354, 0.03815348906679705, 0.03609755066086763, 0.03431153121207709, 0.03269994312791247, 0.03113246913067769, 0.029533434333839276, 0.02779284963423818, 0.02581340528028532, 0.023636664296078556, 0.021032966406022018, 0.018298152858289164, 0.015471223173718233, 0.012975006021594128, 0.011476514573927241, 0.011190786613452559, 0.012013514795745658, 0.013192708648177051, 0.0146026096239084, 0.016627808096549106, 0.019288816219412905, 0.022115031993867204, 0.024956066779425322, 0.027947127033299147, 0.030317719296220055, 0.03213024736687776, 0.033908117916643665, 0.035613155393420214, 0.03695858371541455, 0.0370883147011733, 0.035844860180821725, 0.03331269225961453, 0.030127822662769057, 0.026675716455458534, 0.02305094507263966, 0.019294584365168215, 0.016588874620184203, 0.013459760460278334, 0.010513659470637583, 0.008184205378854309, 0.005908681970234855, 0.003908372487361734, 0.002250880846271649, 0.001837561814419065, 0.003902446460586522, 0.00649131804032715, 0.008842266053540701, 0.011337576744963709, 0.013847821453172829, 0.016241515374979285, 0.018506880743639053, 0.020753891025054552, 0.022854281545735794, 0.025177910908837288, 0.027764777035113285, 0.0302577363231247, 0.032552204835272186, 0.033962244268502154, 0.03530995724171245, 0.036795414568091225, 0.03840706162943578, 0.039993850675796264, 0.04133645030179679, 0.04211247094820217, 0.04239213751353172, 0.042192499106345205, 0.04200269786908514, 0.041897190162155235, 0.041830932940717325, 0.04166737666619139, 0.04206882264734189, 0.0426127097658282, 0.042895687146734904, 0.04300135533202284, 0.04249799814293581, 0.041897582995049115, 0.04072077112408416, 0.03927976254850985, 0.037331499513228325, 0.035889992777759706, 0.03456359233645024, 0.033243529781910974, 0.03199033675126687, 0.03059935779738079, 0.029272240636492235, 0.027900707354997015, 0.02654938414970694, 0.02543173352052397, 0.024311103096379235, 0.023065212419431085, 0.021685454855791198, 0.02041159885695607, 0.019056064221564174, 0.017656707279948437, 0.01626614648165674, 0.015012383850973622, 0.013603567963072178, 0.012189757837366814, 0.010674529938407772, 0.009407142987148039, 0.008344525906195775, 0.007439054007672372, 0.0072034584519923735, 0.007775010970036668, 0.009047582903156274, 0.010731538882415681, 0.01253460028234948, 0.014333543563369548, 0.016070624592636203, 0.017817726146123574, 0.019557256660804743, 0.02116824086555951, 0.022529303997840977, 0.023628588936546305, 0.02391411988476377, 0.02359656311707365, 0.022355277074164143, 0.020961866673625245, 0.018393580144489934, 0.015660552711922182, 0.013874328661167971, 0.01254026736778108, 0.011812131260623127, 0.010800298354986543, 0.00961805971638548, 0.008471507575266851, 0.007656757785702683, 0.006719580941926242, 0.0056999472982024405, 0.005125787188458596, 0.00504686530895439, 0.005697178935649704, 0.006245540782853768, 0.0070976650798796875, 0.007900543705723831, 0.008755370167568399, 0.009807746909975117, 0.011209592216881203, 0.01276960312030194, 0.014467251258771754, 0.015865855510978952, 0.01751794577394112, 0.01978728846519214, 0.022540086452385207, 0.024859037758439572, 0.02589623397823137, 0.02611181133516041, 0.026565850619759173, 0.0272557734372972, 0.02776644526036269, 0.02799937699621002, 0.02818388188652303, 0.02806005928616626, 0.028083982827741123, 0.02781538632605852, 0.027763976455106594, 0.028120518002563644, 0.028688559534023904, 0.029389365084960088, 0.030059907204608147, 0.03052096911154336, 0.031053468449087778, 0.03142000488428638, 0.03173833045042581, 0.031892653890475096, 0.03198060527161537, 0.031944507243272385, 0.03180892531117334, 0.03180195743523648, 0.03175983113429147, 0.03185651864929952, 0.032146459060636644, 0.032526908876218445, 0.033087790299913135, 0.03370146462957083, 0.0342847740780508, 0.0344768243549477, 0.03441738754137779, 0.034008301029805295]",0.02299235797660897,0.03373681653232791,0.02271814610666696,0.003540390204577304,0.0,0.0,0.03146470329543233,0.03373681653232791,0.02271814610666696,0.003540390204577304,1.512,1717635302.2151375,2024-06-06_10-55-02
0.5059,-0.10392,0.4600248128587523,0.4714950389222729,-0.12701950582911434,0.46606225810058927,0.5059,-0.10392,0.49180444780372984,0.4714950389222729,-0.12701950582911434,0.46606225810058927,0.02387546679328945,"[0.011315756658919754, 0.012192407496521018, 0.01288995615295488, 0.01359963525141729, 0.014321891165186378, 0.015181047888625853, 0.01592941522152252, 0.01673874496494045, 0.01751440457689525, 0.01835087734908702, 0.019202544572813795, 0.020070622325609303, 0.02095627718778323, 0.02186061264947246, 0.022737260153569413, 0.023681097053535004, 0.024646250751560458, 0.025633386418693636, 0.02659237614956749, 0.027623542314219474, 0.0286250346734827, 0.029647102596467904, 0.03056454213255984, 0.031680305841655834, 0.03263530150735364, 0.033606764937046466, 0.034593095597664145, 0.03536350794006898, 0.035930760474075646, 0.03631257033147624, 0.03661317474198803, 0.03688385713543919, 0.03738127616234113, 0.037934719347479336, 0.03858163380471939, 0.03921882339006296, 0.03999131852533767, 0.04074980907886149, 0.04127472956039594, 0.04151563832077664, 0.04151964454301027, 0.04123464219442919, 0.04096829512038153, 0.04056460486818273, 0.04028281736824196, 0.04000166841569801, 0.03919762289117317, 0.037812479337396496, 0.03622310391275238, 0.03453579653228067, 0.0330206041779641, 0.031565009966306234, 0.03054064037737075, 0.029904305612678588, 0.029394155816597912, 0.028896840658953926, 0.02825322628704274, 0.027685220830545497, 0.02666364029859006, 0.025486033827772144, 0.02414387260068274, 0.023028867611909868, 0.022681878550084772, 0.02299235797660897, 0.02387546679328945, 0.024738332374206702, 0.025547718436096926, 0.026640938816603423, 0.02759836215880636, 0.028240938725365098, 0.028199955208514017, 0.028168175430310402, 0.02767018559717724, 0.027414861073674215, 0.027239233260695786, 0.0274939869379551, 0.027874761581110984, 0.02868161073982207, 0.029514734605865275, 0.030345172291974937, 0.031248268714928727, 0.032298002681611045, 0.033509628354587276, 0.0348066615601669, 0.03569061118903811, 0.03631377821401384, 0.03654105211474412, 0.03646788532881584, 0.03572808397059345, 0.03427781350345514, 0.03309813106562172, 0.031639416134799855, 0.02970329439236902, 0.027599049067936567, 0.02603054913364457, 0.024090316372098155, 0.02220132238001286, 0.02051452966091278, 0.019044426362309692, 0.017805605247084858, 0.01643252777018217, 0.01523003850809785, 0.01424180324883461, 0.013706552220618947, 0.0130880570946912, 0.012988920737072255, 0.013178248200839212, 0.013386796436950147, 0.01359897371732897, 0.01439195864266014, 0.015495810506657983, 0.016686507754200334, 0.01807173050136072, 0.019341411872889052, 0.020370802976522343, 0.0213787239197115, 0.02262888584538598, 0.02401686851684336, 0.025523335513576738, 0.026670410326906566, 0.02758824337325398, 0.02810647098585074, 0.028219175888028712, 0.02804128716256827, 0.027840212128430745, 0.02799079668741686, 0.027988272685847155, 0.02831306909632167, 0.028434723397990712, 0.0285549391753426, 0.02832607944879636, 0.02800347501499142, 0.027460301198426997, 0.02681840364884072, 0.026203190519756815, 0.02552364346313934, 0.024940794741503684, 0.024553643852497812, 0.024009602077058226, 0.023587486328410737, 0.023053226444370627, 0.02237349941244249, 0.021247392964358097, 0.01948489409103017, 0.01759577829009665, 0.015969918059865678, 0.014849832783247986, 0.014164911869984548, 0.013546042864334782, 0.01328357500957488, 0.012905521640083246, 0.012806686101790404, 0.01256569256360443, 0.01270015008783326, 0.013333718053885597, 0.014364706842779438, 0.015230812921928084, 0.016214173123414017, 0.017422309714956504, 0.01848297873673576, 0.019690103784110968, 0.02062988015396428, 0.021304326954883004, 0.021542023987470748, 0.021445001132587415, 0.02128479356968176, 0.021154257299581803, 0.020548768777841446, 0.020419411659703072, 0.020346908766621045, 0.02018386842926173, 0.020060715556614095, 0.019970155121820186, 0.019905412966441507, 0.019860328269953802, 0.019689549628068632, 0.019110038324468673, 0.018401772510693467, 0.01773443768827515, 0.01691379473734185, 0.0163889904882787, 0.015891976533507178, 0.015695148472402557, 0.015634975895130635, 0.01548249397414641, 0.015250362203767827, 0.01446715870868431, 0.013690714184349355, 0.013111437378948002, 0.01280400987898366, 0.012789088065484542, 0.012885508256999974, 0.012645414791893052, 0.012533763320360268, 0.01300792748125149, 0.014045480441271196, 0.015593406388961941, 0.017496649938682926, 0.01947963017829757, 0.021814960986639112, 0.0244888991790445, 0.027455202671237973, 0.030462142682767764, 0.03347516022004274, 0.03632355277573078, 0.03911728575744543, 0.041489125175428104, 0.043617926344794986, 0.04507509866910146, 0.045973158335007626, 0.046666313335408376, 0.047747911364257295, 0.04910015737076979, 0.051170936172887156, 0.05323921785426519, 0.05484930583024696, 0.05598397968583077, 0.056516639752925084, 0.05678375349578094, 0.05655312215346535, 0.05709318659280136, 0.05753330561326649, 0.05822424761198231, 0.05856641837777238, 0.058663546697002605, 0.05829520111627496, 0.058019458378357286, 0.05786276302771312, 0.057678835712609886, 0.05721489013034267, 0.05620972754199197, 0.05488023496470325, 0.05291870088860013, 0.05085359195424363, 0.04836971777146554, 0.045888993393773454, 0.04332790860019442, 0.040721243397433354, 0.03815348906679705, 0.03609755066086763, 0.03431153121207709, 0.03269994312791247, 0.03113246913067769, 0.029533434333839276, 0.02779284963423818, 0.02581340528028532, 0.023636664296078556, 0.021032966406022018, 0.018298152858289164, 0.015471223173718233, 0.012975006021594128, 0.011476514573927241, 0.011190786613452559, 0.012013514795745658, 0.013192708648177051, 0.0146026096239084, 0.016627808096549106, 0.019288816219412905, 0.022115031993867204, 0.024956066779425322, 0.027947127033299147, 0.030317719296220055, 0.03213024736687776, 0.033908117916643665, 0.035613155393420214, 0.03695858371541455, 0.0370883147011733, 0.035844860180821725, 0.03331269225961453, 0.030127822662769057, 0.026675716455458534, 0.02305094507263966, 0.019294584365168215, 0.016588874620184203, 0.013459760460278334, 0.010513659470637583, 0.008184205378854309, 0.005908681970234855, 0.003908372487361734, 0.002250880846271649, 0.001837561814419065, 0.003902446460586522, 0.00649131804032715, 0.008842266053540701, 0.011337576744963709, 0.013847821453172829, 0.016241515374979285, 0.018506880743639053, 0.020753891025054552, 0.022854281545735794, 0.025177910908837288, 0.027764777035113285, 0.0302577363231247, 0.032552204835272186, 0.033962244268502154, 0.03530995724171245, 0.036795414568091225, 0.03840706162943578, 0.039993850675796264, 0.04133645030179679, 0.04211247094820217, 0.04239213751353172, 0.042192499106345205, 0.04200269786908514, 0.041897190162155235, 0.041830932940717325, 0.04166737666619139, 0.04206882264734189, 0.0426127097658282, 0.042895687146734904, 0.04300135533202284, 0.04249799814293581, 0.041897582995049115, 0.04072077112408416, 0.03927976254850985, 0.037331499513228325, 0.035889992777759706, 0.03456359233645024, 0.033243529781910974, 0.03199033675126687, 0.03059935779738079, 0.029272240636492235, 0.027900707354997015, 0.02654938414970694, 0.02543173352052397, 0.024311103096379235, 0.023065212419431085, 0.021685454855791198, 0.02041159885695607, 0.019056064221564174, 0.017656707279948437, 0.01626614648165674, 0.015012383850973622, 0.013603567963072178, 0.012189757837366814, 0.010674529938407772, 0.009407142987148039, 0.008344525906195775, 0.007439054007672372, 0.0072034584519923735, 0.007775010970036668, 0.009047582903156274, 0.010731538882415681, 0.01253460028234948, 0.014333543563369548, 0.016070624592636203, 0.017817726146123574, 0.019557256660804743, 0.02116824086555951, 0.022529303997840977, 0.023628588936546305, 0.02391411988476377, 0.02359656311707365, 0.022355277074164143, 0.020961866673625245, 0.018393580144489934, 0.015660552711922182, 0.013874328661167971, 0.01254026736778108, 0.011812131260623127, 0.010800298354986543, 0.00961805971638548, 0.008471507575266851, 0.007656757785702683, 0.006719580941926242, 0.0056999472982024405, 0.005125787188458596, 0.00504686530895439, 0.005697178935649704, 0.006245540782853768, 0.0070976650798796875, 0.007900543705723831, 0.008755370167568399, 0.009807746909975117, 0.011209592216881203, 0.01276960312030194, 0.014467251258771754, 0.015865855510978952, 0.01751794577394112, 0.01978728846519214, 0.022540086452385207, 0.024859037758439572, 0.02589623397823137, 0.02611181133516041, 0.026565850619759173, 0.0272557734372972, 0.02776644526036269, 0.02799937699621002, 0.02818388188652303, 0.02806005928616626, 0.028083982827741123, 0.02781538632605852, 0.027763976455106594, 0.028120518002563644, 0.028688559534023904, 0.029389365084960088, 0.030059907204608147, 0.03052096911154336, 0.031053468449087778, 0.03142000488428638, 0.03173833045042581, 0.031892653890475096, 0.03198060527161537, 0.031944507243272385, 0.03180892531117334, 0.03180195743523648, 0.03175983113429147, 0.03185651864929952, 0.032146459060636644, 0.032526908876218445, 0.033087790299913135, 0.03370146462957083, 0.0342847740780508, 0.0344768243549477, 0.03441738754137779, 0.034008301029805295]",0.02387546679328945,0.034404961077727114,0.02309950582911434,0.0060374452418369695,0.0,0.0,0.03177963494497754,0.034404961077727114,0.02309950582911434,0.0060374452418369695,1.5359999999999998,1717635302.2391994,2024-06-06_10-55-02
0.5059,-0.10319999999999999,0.4586942897552859,0.4710735383710977,-0.12657567754219412,0.4667913749160141,0.5059,-0.10319999999999999,0.49078885634980873,0.4710735383710977,-0.12657567754219412,0.4667913749160141,0.024738332374206702,"[0.011315756658919754, 0.012192407496521018, 0.01288995615295488, 0.01359963525141729, 0.014321891165186378, 0.015181047888625853, 0.01592941522152252, 0.01673874496494045, 0.01751440457689525, 0.01835087734908702, 0.019202544572813795, 0.020070622325609303, 0.02095627718778323, 0.02186061264947246, 0.022737260153569413, 0.023681097053535004, 0.024646250751560458, 0.025633386418693636, 0.02659237614956749, 0.027623542314219474, 0.0286250346734827, 0.029647102596467904, 0.03056454213255984, 0.031680305841655834, 0.03263530150735364, 0.033606764937046466, 0.034593095597664145, 0.03536350794006898, 0.035930760474075646, 0.03631257033147624, 0.03661317474198803, 0.03688385713543919, 0.03738127616234113, 0.037934719347479336, 0.03858163380471939, 0.03921882339006296, 0.03999131852533767, 0.04074980907886149, 0.04127472956039594, 0.04151563832077664, 0.04151964454301027, 0.04123464219442919, 0.04096829512038153, 0.04056460486818273, 0.04028281736824196, 0.04000166841569801, 0.03919762289117317, 0.037812479337396496, 0.03622310391275238, 0.03453579653228067, 0.0330206041779641, 0.031565009966306234, 0.03054064037737075, 0.029904305612678588, 0.029394155816597912, 0.028896840658953926, 0.02825322628704274, 0.027685220830545497, 0.02666364029859006, 0.025486033827772144, 0.02414387260068274, 0.023028867611909868, 0.022681878550084772, 0.02299235797660897, 0.02387546679328945, 0.024738332374206702, 0.025547718436096926, 0.026640938816603423, 0.02759836215880636, 0.028240938725365098, 0.028199955208514017, 0.028168175430310402, 0.02767018559717724, 0.027414861073674215, 0.027239233260695786, 0.0274939869379551, 0.027874761581110984, 0.02868161073982207, 0.029514734605865275, 0.030345172291974937, 0.031248268714928727, 0.032298002681611045, 0.033509628354587276, 0.0348066615601669, 0.03569061118903811, 0.03631377821401384, 0.03654105211474412, 0.03646788532881584, 0.03572808397059345, 0.03427781350345514, 0.03309813106562172, 0.031639416134799855, 0.02970329439236902, 0.027599049067936567, 0.02603054913364457, 0.024090316372098155, 0.02220132238001286, 0.02051452966091278, 0.019044426362309692, 0.017805605247084858, 0.01643252777018217, 0.01523003850809785, 0.01424180324883461, 0.013706552220618947, 0.0130880570946912, 0.012988920737072255, 0.013178248200839212, 0.013386796436950147, 0.01359897371732897, 0.01439195864266014, 0.015495810506657983, 0.016686507754200334, 0.01807173050136072, 0.019341411872889052, 0.020370802976522343, 0.0213787239197115, 0.02262888584538598, 0.02401686851684336, 0.025523335513576738, 0.026670410326906566, 0.02758824337325398, 0.02810647098585074, 0.028219175888028712, 0.02804128716256827, 0.027840212128430745, 0.02799079668741686, 0.027988272685847155, 0.02831306909632167, 0.028434723397990712, 0.0285549391753426, 0.02832607944879636, 0.02800347501499142, 0.027460301198426997, 0.02681840364884072, 0.026203190519756815, 0.02552364346313934, 0.024940794741503684, 0.024553643852497812, 0.024009602077058226, 0.023587486328410737, 0.023053226444370627, 0.02237349941244249, 0.021247392964358097, 0.01948489409103017, 0.01759577829009665, 0.015969918059865678, 0.014849832783247986, 0.014164911869984548, 0.013546042864334782, 0.01328357500957488, 0.012905521640083246, 0.012806686101790404, 0.01256569256360443, 0.01270015008783326, 0.013333718053885597, 0.014364706842779438, 0.015230812921928084, 0.016214173123414017, 0.017422309714956504, 0.01848297873673576, 0.019690103784110968, 0.02062988015396428, 0.021304326954883004, 0.021542023987470748, 0.021445001132587415, 0.02128479356968176, 0.021154257299581803, 0.020548768777841446, 0.020419411659703072, 0.020346908766621045, 0.02018386842926173, 0.020060715556614095, 0.019970155121820186, 0.019905412966441507, 0.019860328269953802, 0.019689549628068632, 0.019110038324468673, 0.018401772510693467, 0.01773443768827515, 0.01691379473734185, 0.0163889904882787, 0.015891976533507178, 0.015695148472402557, 0.015634975895130635, 0.01548249397414641, 0.015250362203767827, 0.01446715870868431, 0.013690714184349355, 0.013111437378948002, 0.01280400987898366, 0.012789088065484542, 0.012885508256999974, 0.012645414791893052, 0.012533763320360268, 0.01300792748125149, 0.014045480441271196, 0.015593406388961941, 0.017496649938682926, 0.01947963017829757, 0.021814960986639112, 0.0244888991790445, 0.027455202671237973, 0.030462142682767764, 0.03347516022004274, 0.03632355277573078, 0.03911728575744543, 0.041489125175428104, 0.043617926344794986, 0.04507509866910146, 0.045973158335007626, 0.046666313335408376, 0.047747911364257295, 0.04910015737076979, 0.051170936172887156, 0.05323921785426519, 0.05484930583024696, 0.05598397968583077, 0.056516639752925084, 0.05678375349578094, 0.05655312215346535, 0.05709318659280136, 0.05753330561326649, 0.05822424761198231, 0.05856641837777238, 0.058663546697002605, 0.05829520111627496, 0.058019458378357286, 0.05786276302771312, 0.057678835712609886, 0.05721489013034267, 0.05620972754199197, 0.05488023496470325, 0.05291870088860013, 0.05085359195424363, 0.04836971777146554, 0.045888993393773454, 0.04332790860019442, 0.040721243397433354, 0.03815348906679705, 0.03609755066086763, 0.03431153121207709, 0.03269994312791247, 0.03113246913067769, 0.029533434333839276, 0.02779284963423818, 0.02581340528028532, 0.023636664296078556, 0.021032966406022018, 0.018298152858289164, 0.015471223173718233, 0.012975006021594128, 0.011476514573927241, 0.011190786613452559, 0.012013514795745658, 0.013192708648177051, 0.0146026096239084, 0.016627808096549106, 0.019288816219412905, 0.022115031993867204, 0.024956066779425322, 0.027947127033299147, 0.030317719296220055, 0.03213024736687776, 0.033908117916643665, 0.035613155393420214, 0.03695858371541455, 0.0370883147011733, 0.035844860180821725, 0.03331269225961453, 0.030127822662769057, 0.026675716455458534, 0.02305094507263966, 0.019294584365168215, 0.016588874620184203, 0.013459760460278334, 0.010513659470637583, 0.008184205378854309, 0.005908681970234855, 0.003908372487361734, 0.002250880846271649, 0.001837561814419065, 0.003902446460586522, 0.00649131804032715, 0.008842266053540701, 0.011337576744963709, 0.013847821453172829, 0.016241515374979285, 0.018506880743639053, 0.020753891025054552, 0.022854281545735794, 0.025177910908837288, 0.027764777035113285, 0.0302577363231247, 0.032552204835272186, 0.033962244268502154, 0.03530995724171245, 0.036795414568091225, 0.03840706162943578, 0.039993850675796264, 0.04133645030179679, 0.04211247094820217, 0.04239213751353172, 0.042192499106345205, 0.04200269786908514, 0.041897190162155235, 0.041830932940717325, 0.04166737666619139, 0.04206882264734189, 0.0426127097658282, 0.042895687146734904, 0.04300135533202284, 0.04249799814293581, 0.041897582995049115, 0.04072077112408416, 0.03927976254850985, 0.037331499513228325, 0.035889992777759706, 0.03456359233645024, 0.033243529781910974, 0.03199033675126687, 0.03059935779738079, 0.029272240636492235, 0.027900707354997015, 0.02654938414970694, 0.02543173352052397, 0.024311103096379235, 0.023065212419431085, 0.021685454855791198, 0.02041159885695607, 0.019056064221564174, 0.017656707279948437, 0.01626614648165674, 0.015012383850973622, 0.013603567963072178, 0.012189757837366814, 0.010674529938407772, 0.009407142987148039, 0.008344525906195775, 0.007439054007672372, 0.0072034584519923735, 0.007775010970036668, 0.009047582903156274, 0.010731538882415681, 0.01253460028234948, 0.014333543563369548, 0.016070624592636203, 0.017817726146123574, 0.019557256660804743, 0.02116824086555951, 0.022529303997840977, 0.023628588936546305, 0.02391411988476377, 0.02359656311707365, 0.022355277074164143, 0.020961866673625245, 0.018393580144489934, 0.015660552711922182, 0.013874328661167971, 0.01254026736778108, 0.011812131260623127, 0.010800298354986543, 0.00961805971638548, 0.008471507575266851, 0.007656757785702683, 0.006719580941926242, 0.0056999472982024405, 0.005125787188458596, 0.00504686530895439, 0.005697178935649704, 0.006245540782853768, 0.0070976650798796875, 0.007900543705723831, 0.008755370167568399, 0.009807746909975117, 0.011209592216881203, 0.01276960312030194, 0.014467251258771754, 0.015865855510978952, 0.01751794577394112, 0.01978728846519214, 0.022540086452385207, 0.024859037758439572, 0.02589623397823137, 0.02611181133516041, 0.026565850619759173, 0.0272557734372972, 0.02776644526036269, 0.02799937699621002, 0.02818388188652303, 0.02806005928616626, 0.028083982827741123, 0.02781538632605852, 0.027763976455106594, 0.028120518002563644, 0.028688559534023904, 0.029389365084960088, 0.030059907204608147, 0.03052096911154336, 0.031053468449087778, 0.03142000488428638, 0.03173833045042581, 0.031892653890475096, 0.03198060527161537, 0.031944507243272385, 0.03180892531117334, 0.03180195743523648, 0.03175983113429147, 0.03185651864929952, 0.032146459060636644, 0.032526908876218445, 0.033087790299913135, 0.03370146462957083, 0.0342847740780508, 0.0344768243549477, 0.03441738754137779, 0.034008301029805295]",0.024738332374206702,0.034826461628902294,0.023375677542194134,0.008097085160728157,0.0,0.0,0.03209456659452281,0.034826461628902294,0.023375677542194134,0.008097085160728157,1.56,1717635302.2627969,2024-06-06_10-55-02
0.5059,-0.10247999999999999,0.4572864221626438,0.47083811259734715,-0.12605399841898685,0.4671328690259388,0.5059,-0.10247999999999999,0.48969592040671184,0.47083811259734715,-0.12605399841898685,0.4671328690259388,0.025547718436096926,"[0.011315756658919754, 0.012192407496521018, 0.01288995615295488, 0.01359963525141729, 0.014321891165186378, 0.015181047888625853, 0.01592941522152252, 0.01673874496494045, 0.01751440457689525, 0.01835087734908702, 0.019202544572813795, 0.020070622325609303, 0.02095627718778323, 0.02186061264947246, 0.022737260153569413, 0.023681097053535004, 0.024646250751560458, 0.025633386418693636, 0.02659237614956749, 0.027623542314219474, 0.0286250346734827, 0.029647102596467904, 0.03056454213255984, 0.031680305841655834, 0.03263530150735364, 0.033606764937046466, 0.034593095597664145, 0.03536350794006898, 0.035930760474075646, 0.03631257033147624, 0.03661317474198803, 0.03688385713543919, 0.03738127616234113, 0.037934719347479336, 0.03858163380471939, 0.03921882339006296, 0.03999131852533767, 0.04074980907886149, 0.04127472956039594, 0.04151563832077664, 0.04151964454301027, 0.04123464219442919, 0.04096829512038153, 0.04056460486818273, 0.04028281736824196, 0.04000166841569801, 0.03919762289117317, 0.037812479337396496, 0.03622310391275238, 0.03453579653228067, 0.0330206041779641, 0.031565009966306234, 0.03054064037737075, 0.029904305612678588, 0.029394155816597912, 0.028896840658953926, 0.02825322628704274, 0.027685220830545497, 0.02666364029859006, 0.025486033827772144, 0.02414387260068274, 0.023028867611909868, 0.022681878550084772, 0.02299235797660897, 0.02387546679328945, 0.024738332374206702, 0.025547718436096926, 0.026640938816603423, 0.02759836215880636, 0.028240938725365098, 0.028199955208514017, 0.028168175430310402, 0.02767018559717724, 0.027414861073674215, 0.027239233260695786, 0.0274939869379551, 0.027874761581110984, 0.02868161073982207, 0.029514734605865275, 0.030345172291974937, 0.031248268714928727, 0.032298002681611045, 0.033509628354587276, 0.0348066615601669, 0.03569061118903811, 0.03631377821401384, 0.03654105211474412, 0.03646788532881584, 0.03572808397059345, 0.03427781350345514, 0.03309813106562172, 0.031639416134799855, 0.02970329439236902, 0.027599049067936567, 0.02603054913364457, 0.024090316372098155, 0.02220132238001286, 0.02051452966091278, 0.019044426362309692, 0.017805605247084858, 0.01643252777018217, 0.01523003850809785, 0.01424180324883461, 0.013706552220618947, 0.0130880570946912, 0.012988920737072255, 0.013178248200839212, 0.013386796436950147, 0.01359897371732897, 0.01439195864266014, 0.015495810506657983, 0.016686507754200334, 0.01807173050136072, 0.019341411872889052, 0.020370802976522343, 0.0213787239197115, 0.02262888584538598, 0.02401686851684336, 0.025523335513576738, 0.026670410326906566, 0.02758824337325398, 0.02810647098585074, 0.028219175888028712, 0.02804128716256827, 0.027840212128430745, 0.02799079668741686, 0.027988272685847155, 0.02831306909632167, 0.028434723397990712, 0.0285549391753426, 0.02832607944879636, 0.02800347501499142, 0.027460301198426997, 0.02681840364884072, 0.026203190519756815, 0.02552364346313934, 0.024940794741503684, 0.024553643852497812, 0.024009602077058226, 0.023587486328410737, 0.023053226444370627, 0.02237349941244249, 0.021247392964358097, 0.01948489409103017, 0.01759577829009665, 0.015969918059865678, 0.014849832783247986, 0.014164911869984548, 0.013546042864334782, 0.01328357500957488, 0.012905521640083246, 0.012806686101790404, 0.01256569256360443, 0.01270015008783326, 0.013333718053885597, 0.014364706842779438, 0.015230812921928084, 0.016214173123414017, 0.017422309714956504, 0.01848297873673576, 0.019690103784110968, 0.02062988015396428, 0.021304326954883004, 0.021542023987470748, 0.021445001132587415, 0.02128479356968176, 0.021154257299581803, 0.020548768777841446, 0.020419411659703072, 0.020346908766621045, 0.02018386842926173, 0.020060715556614095, 0.019970155121820186, 0.019905412966441507, 0.019860328269953802, 0.019689549628068632, 0.019110038324468673, 0.018401772510693467, 0.01773443768827515, 0.01691379473734185, 0.0163889904882787, 0.015891976533507178, 0.015695148472402557, 0.015634975895130635, 0.01548249397414641, 0.015250362203767827, 0.01446715870868431, 0.013690714184349355, 0.013111437378948002, 0.01280400987898366, 0.012789088065484542, 0.012885508256999974, 0.012645414791893052, 0.012533763320360268, 0.01300792748125149, 0.014045480441271196, 0.015593406388961941, 0.017496649938682926, 0.01947963017829757, 0.021814960986639112, 0.0244888991790445, 0.027455202671237973, 0.030462142682767764, 0.03347516022004274, 0.03632355277573078, 0.03911728575744543, 0.041489125175428104, 0.043617926344794986, 0.04507509866910146, 0.045973158335007626, 0.046666313335408376, 0.047747911364257295, 0.04910015737076979, 0.051170936172887156, 0.05323921785426519, 0.05484930583024696, 0.05598397968583077, 0.056516639752925084, 0.05678375349578094, 0.05655312215346535, 0.05709318659280136, 0.05753330561326649, 0.05822424761198231, 0.05856641837777238, 0.058663546697002605, 0.05829520111627496, 0.058019458378357286, 0.05786276302771312, 0.057678835712609886, 0.05721489013034267, 0.05620972754199197, 0.05488023496470325, 0.05291870088860013, 0.05085359195424363, 0.04836971777146554, 0.045888993393773454, 0.04332790860019442, 0.040721243397433354, 0.03815348906679705, 0.03609755066086763, 0.03431153121207709, 0.03269994312791247, 0.03113246913067769, 0.029533434333839276, 0.02779284963423818, 0.02581340528028532, 0.023636664296078556, 0.021032966406022018, 0.018298152858289164, 0.015471223173718233, 0.012975006021594128, 0.011476514573927241, 0.011190786613452559, 0.012013514795745658, 0.013192708648177051, 0.0146026096239084, 0.016627808096549106, 0.019288816219412905, 0.022115031993867204, 0.024956066779425322, 0.027947127033299147, 0.030317719296220055, 0.03213024736687776, 0.033908117916643665, 0.035613155393420214, 0.03695858371541455, 0.0370883147011733, 0.035844860180821725, 0.03331269225961453, 0.030127822662769057, 0.026675716455458534, 0.02305094507263966, 0.019294584365168215, 0.016588874620184203, 0.013459760460278334, 0.010513659470637583, 0.008184205378854309, 0.005908681970234855, 0.003908372487361734, 0.002250880846271649, 0.001837561814419065, 0.003902446460586522, 0.00649131804032715, 0.008842266053540701, 0.011337576744963709, 0.013847821453172829, 0.016241515374979285, 0.018506880743639053, 0.020753891025054552, 0.022854281545735794, 0.025177910908837288, 0.027764777035113285, 0.0302577363231247, 0.032552204835272186, 0.033962244268502154, 0.03530995724171245, 0.036795414568091225, 0.03840706162943578, 0.039993850675796264, 0.04133645030179679, 0.04211247094820217, 0.04239213751353172, 0.042192499106345205, 0.04200269786908514, 0.041897190162155235, 0.041830932940717325, 0.04166737666619139, 0.04206882264734189, 0.0426127097658282, 0.042895687146734904, 0.04300135533202284, 0.04249799814293581, 0.041897582995049115, 0.04072077112408416, 0.03927976254850985, 0.037331499513228325, 0.035889992777759706, 0.03456359233645024, 0.033243529781910974, 0.03199033675126687, 0.03059935779738079, 0.029272240636492235, 0.027900707354997015, 0.02654938414970694, 0.02543173352052397, 0.024311103096379235, 0.023065212419431085, 0.021685454855791198, 0.02041159885695607, 0.019056064221564174, 0.017656707279948437, 0.01626614648165674, 0.015012383850973622, 0.013603567963072178, 0.012189757837366814, 0.010674529938407772, 0.009407142987148039, 0.008344525906195775, 0.007439054007672372, 0.0072034584519923735, 0.007775010970036668, 0.009047582903156274, 0.010731538882415681, 0.01253460028234948, 0.014333543563369548, 0.016070624592636203, 0.017817726146123574, 0.019557256660804743, 0.02116824086555951, 0.022529303997840977, 0.023628588936546305, 0.02391411988476377, 0.02359656311707365, 0.022355277074164143, 0.020961866673625245, 0.018393580144489934, 0.015660552711922182, 0.013874328661167971, 0.01254026736778108, 0.011812131260623127, 0.010800298354986543, 0.00961805971638548, 0.008471507575266851, 0.007656757785702683, 0.006719580941926242, 0.0056999472982024405, 0.005125787188458596, 0.00504686530895439, 0.005697178935649704, 0.006245540782853768, 0.0070976650798796875, 0.007900543705723831, 0.008755370167568399, 0.009807746909975117, 0.011209592216881203, 0.01276960312030194, 0.014467251258771754, 0.015865855510978952, 0.01751794577394112, 0.01978728846519214, 0.022540086452385207, 0.024859037758439572, 0.02589623397823137, 0.02611181133516041, 0.026565850619759173, 0.0272557734372972, 0.02776644526036269, 0.02799937699621002, 0.02818388188652303, 0.02806005928616626, 0.028083982827741123, 0.02781538632605852, 0.027763976455106594, 0.028120518002563644, 0.028688559534023904, 0.029389365084960088, 0.030059907204608147, 0.03052096911154336, 0.031053468449087778, 0.03142000488428638, 0.03173833045042581, 0.031892653890475096, 0.03198060527161537, 0.031944507243272385, 0.03180892531117334, 0.03180195743523648, 0.03175983113429147, 0.03185651864929952, 0.032146459060636644, 0.032526908876218445, 0.033087790299913135, 0.03370146462957083, 0.0342847740780508, 0.0344768243549477, 0.03441738754137779, 0.034008301029805295]",0.025547718436096926,0.03506188740265287,0.023573998418986858,0.009846446863295,0.0,0.0,0.032409498244068025,0.03506188740265287,0.023573998418986858,0.009846446863295,1.584,1717635302.2871056,2024-06-06_10-55-02
0.5059,-0.10175999999999999,0.4558063745331095,0.47059838692416783,-0.1256888494732639,0.46751747114768344,0.5059,-0.10175999999999999,0.48844644803237597,0.47059838692416783,-0.1256888494732639,0.46751747114768344,0.026640938816603423,"[0.011315756658919754, 0.012192407496521018, 0.01288995615295488, 0.01359963525141729, 0.014321891165186378, 0.015181047888625853, 0.01592941522152252, 0.01673874496494045, 0.01751440457689525, 0.01835087734908702, 0.019202544572813795, 0.020070622325609303, 0.02095627718778323, 0.02186061264947246, 0.022737260153569413, 0.023681097053535004, 0.024646250751560458, 0.025633386418693636, 0.02659237614956749, 0.027623542314219474, 0.0286250346734827, 0.029647102596467904, 0.03056454213255984, 0.031680305841655834, 0.03263530150735364, 0.033606764937046466, 0.034593095597664145, 0.03536350794006898, 0.035930760474075646, 0.03631257033147624, 0.03661317474198803, 0.03688385713543919, 0.03738127616234113, 0.037934719347479336, 0.03858163380471939, 0.03921882339006296, 0.03999131852533767, 0.04074980907886149, 0.04127472956039594, 0.04151563832077664, 0.04151964454301027, 0.04123464219442919, 0.04096829512038153, 0.04056460486818273, 0.04028281736824196, 0.04000166841569801, 0.03919762289117317, 0.037812479337396496, 0.03622310391275238, 0.03453579653228067, 0.0330206041779641, 0.031565009966306234, 0.03054064037737075, 0.029904305612678588, 0.029394155816597912, 0.028896840658953926, 0.02825322628704274, 0.027685220830545497, 0.02666364029859006, 0.025486033827772144, 0.02414387260068274, 0.023028867611909868, 0.022681878550084772, 0.02299235797660897, 0.02387546679328945, 0.024738332374206702, 0.025547718436096926, 0.026640938816603423, 0.02759836215880636, 0.028240938725365098, 0.028199955208514017, 0.028168175430310402, 0.02767018559717724, 0.027414861073674215, 0.027239233260695786, 0.0274939869379551, 0.027874761581110984, 0.02868161073982207, 0.029514734605865275, 0.030345172291974937, 0.031248268714928727, 0.032298002681611045, 0.033509628354587276, 0.0348066615601669, 0.03569061118903811, 0.03631377821401384, 0.03654105211474412, 0.03646788532881584, 0.03572808397059345, 0.03427781350345514, 0.03309813106562172, 0.031639416134799855, 0.02970329439236902, 0.027599049067936567, 0.02603054913364457, 0.024090316372098155, 0.02220132238001286, 0.02051452966091278, 0.019044426362309692, 0.017805605247084858, 0.01643252777018217, 0.01523003850809785, 0.01424180324883461, 0.013706552220618947, 0.0130880570946912, 0.012988920737072255, 0.013178248200839212, 0.013386796436950147, 0.01359897371732897, 0.01439195864266014, 0.015495810506657983, 0.016686507754200334, 0.01807173050136072, 0.019341411872889052, 0.020370802976522343, 0.0213787239197115, 0.02262888584538598, 0.02401686851684336, 0.025523335513576738, 0.026670410326906566, 0.02758824337325398, 0.02810647098585074, 0.028219175888028712, 0.02804128716256827, 0.027840212128430745, 0.02799079668741686, 0.027988272685847155, 0.02831306909632167, 0.028434723397990712, 0.0285549391753426, 0.02832607944879636, 0.02800347501499142, 0.027460301198426997, 0.02681840364884072, 0.026203190519756815, 0.02552364346313934, 0.024940794741503684, 0.024553643852497812, 0.024009602077058226, 0.023587486328410737, 0.023053226444370627, 0.02237349941244249, 0.021247392964358097, 0.01948489409103017, 0.01759577829009665, 0.015969918059865678, 0.014849832783247986, 0.014164911869984548, 0.013546042864334782, 0.01328357500957488, 0.012905521640083246, 0.012806686101790404, 0.01256569256360443, 0.01270015008783326, 0.013333718053885597, 0.014364706842779438, 0.015230812921928084, 0.016214173123414017, 0.017422309714956504, 0.01848297873673576, 0.019690103784110968, 0.02062988015396428, 0.021304326954883004, 0.021542023987470748, 0.021445001132587415, 0.02128479356968176, 0.021154257299581803, 0.020548768777841446, 0.020419411659703072, 0.020346908766621045, 0.02018386842926173, 0.020060715556614095, 0.019970155121820186, 0.019905412966441507, 0.019860328269953802, 0.019689549628068632, 0.019110038324468673, 0.018401772510693467, 0.01773443768827515, 0.01691379473734185, 0.0163889904882787, 0.015891976533507178, 0.015695148472402557, 0.015634975895130635, 0.01548249397414641, 0.015250362203767827, 0.01446715870868431, 0.013690714184349355, 0.013111437378948002, 0.01280400987898366, 0.012789088065484542, 0.012885508256999974, 0.012645414791893052, 0.012533763320360268, 0.01300792748125149, 0.014045480441271196, 0.015593406388961941, 0.017496649938682926, 0.01947963017829757, 0.021814960986639112, 0.0244888991790445, 0.027455202671237973, 0.030462142682767764, 0.03347516022004274, 0.03632355277573078, 0.03911728575744543, 0.041489125175428104, 0.043617926344794986, 0.04507509866910146, 0.045973158335007626, 0.046666313335408376, 0.047747911364257295, 0.04910015737076979, 0.051170936172887156, 0.05323921785426519, 0.05484930583024696, 0.05598397968583077, 0.056516639752925084, 0.05678375349578094, 0.05655312215346535, 0.05709318659280136, 0.05753330561326649, 0.05822424761198231, 0.05856641837777238, 0.058663546697002605, 0.05829520111627496, 0.058019458378357286, 0.05786276302771312, 0.057678835712609886, 0.05721489013034267, 0.05620972754199197, 0.05488023496470325, 0.05291870088860013, 0.05085359195424363, 0.04836971777146554, 0.045888993393773454, 0.04332790860019442, 0.040721243397433354, 0.03815348906679705, 0.03609755066086763, 0.03431153121207709, 0.03269994312791247, 0.03113246913067769, 0.029533434333839276, 0.02779284963423818, 0.02581340528028532, 0.023636664296078556, 0.021032966406022018, 0.018298152858289164, 0.015471223173718233, 0.012975006021594128, 0.011476514573927241, 0.011190786613452559, 0.012013514795745658, 0.013192708648177051, 0.0146026096239084, 0.016627808096549106, 0.019288816219412905, 0.022115031993867204, 0.024956066779425322, 0.027947127033299147, 0.030317719296220055, 0.03213024736687776, 0.033908117916643665, 0.035613155393420214, 0.03695858371541455, 0.0370883147011733, 0.035844860180821725, 0.03331269225961453, 0.030127822662769057, 0.026675716455458534, 0.02305094507263966, 0.019294584365168215, 0.016588874620184203, 0.013459760460278334, 0.010513659470637583, 0.008184205378854309, 0.005908681970234855, 0.003908372487361734, 0.002250880846271649, 0.001837561814419065, 0.003902446460586522, 0.00649131804032715, 0.008842266053540701, 0.011337576744963709, 0.013847821453172829, 0.016241515374979285, 0.018506880743639053, 0.020753891025054552, 0.022854281545735794, 0.025177910908837288, 0.027764777035113285, 0.0302577363231247, 0.032552204835272186, 0.033962244268502154, 0.03530995724171245, 0.036795414568091225, 0.03840706162943578, 0.039993850675796264, 0.04133645030179679, 0.04211247094820217, 0.04239213751353172, 0.042192499106345205, 0.04200269786908514, 0.041897190162155235, 0.041830932940717325, 0.04166737666619139, 0.04206882264734189, 0.0426127097658282, 0.042895687146734904, 0.04300135533202284, 0.04249799814293581, 0.041897582995049115, 0.04072077112408416, 0.03927976254850985, 0.037331499513228325, 0.035889992777759706, 0.03456359233645024, 0.033243529781910974, 0.03199033675126687, 0.03059935779738079, 0.029272240636492235, 0.027900707354997015, 0.02654938414970694, 0.02543173352052397, 0.024311103096379235, 0.023065212419431085, 0.021685454855791198, 0.02041159885695607, 0.019056064221564174, 0.017656707279948437, 0.01626614648165674, 0.015012383850973622, 0.013603567963072178, 0.012189757837366814, 0.010674529938407772, 0.009407142987148039, 0.008344525906195775, 0.007439054007672372, 0.0072034584519923735, 0.007775010970036668, 0.009047582903156274, 0.010731538882415681, 0.01253460028234948, 0.014333543563369548, 0.016070624592636203, 0.017817726146123574, 0.019557256660804743, 0.02116824086555951, 0.022529303997840977, 0.023628588936546305, 0.02391411988476377, 0.02359656311707365, 0.022355277074164143, 0.020961866673625245, 0.018393580144489934, 0.015660552711922182, 0.013874328661167971, 0.01254026736778108, 0.011812131260623127, 0.010800298354986543, 0.00961805971638548, 0.008471507575266851, 0.007656757785702683, 0.006719580941926242, 0.0056999472982024405, 0.005125787188458596, 0.00504686530895439, 0.005697178935649704, 0.006245540782853768, 0.0070976650798796875, 0.007900543705723831, 0.008755370167568399, 0.009807746909975117, 0.011209592216881203, 0.01276960312030194, 0.014467251258771754, 0.015865855510978952, 0.01751794577394112, 0.01978728846519214, 0.022540086452385207, 0.024859037758439572, 0.02589623397823137, 0.02611181133516041, 0.026565850619759173, 0.0272557734372972, 0.02776644526036269, 0.02799937699621002, 0.02818388188652303, 0.02806005928616626, 0.028083982827741123, 0.02781538632605852, 0.027763976455106594, 0.028120518002563644, 0.028688559534023904, 0.029389365084960088, 0.030059907204608147, 0.03052096911154336, 0.031053468449087778, 0.03142000488428638, 0.03173833045042581, 0.031892653890475096, 0.03198060527161537, 0.031944507243272385, 0.03180892531117334, 0.03180195743523648, 0.03175983113429147, 0.03185651864929952, 0.032146459060636644, 0.032526908876218445, 0.033087790299913135, 0.03370146462957083, 0.0342847740780508, 0.0344768243549477, 0.03441738754137779, 0.034008301029805295]",0.026640938816603423,0.03530161307583218,0.023928849473263902,0.011711096614573924,0.0,0.0,0.03264007349926645,0.03530161307583218,0.023928849473263902,0.011711096614573924,1.608,1717635302.3110363,2024-06-06_10-55-02
0.5059,-0.10103999999999999,0.4542597528964131,0.470545790377676,-0.12524625231619171,0.4675159568271581,0.5059,-0.10103999999999999,0.4869616888621844,0.470545790377676,-0.12524625231619171,0.4675159568271581,0.02759836215880636,"[0.011315756658919754, 0.012192407496521018, 0.01288995615295488, 0.01359963525141729, 0.014321891165186378, 0.015181047888625853, 0.01592941522152252, 0.01673874496494045, 0.01751440457689525, 0.01835087734908702, 0.019202544572813795, 0.020070622325609303, 0.02095627718778323, 0.02186061264947246, 0.022737260153569413, 0.023681097053535004, 0.024646250751560458, 0.025633386418693636, 0.02659237614956749, 0.027623542314219474, 0.0286250346734827, 0.029647102596467904, 0.03056454213255984, 0.031680305841655834, 0.03263530150735364, 0.033606764937046466, 0.034593095597664145, 0.03536350794006898, 0.035930760474075646, 0.03631257033147624, 0.03661317474198803, 0.03688385713543919, 0.03738127616234113, 0.037934719347479336, 0.03858163380471939, 0.03921882339006296, 0.03999131852533767, 0.04074980907886149, 0.04127472956039594, 0.04151563832077664, 0.04151964454301027, 0.04123464219442919, 0.04096829512038153, 0.04056460486818273, 0.04028281736824196, 0.04000166841569801, 0.03919762289117317, 0.037812479337396496, 0.03622310391275238, 0.03453579653228067, 0.0330206041779641, 0.031565009966306234, 0.03054064037737075, 0.029904305612678588, 0.029394155816597912, 0.028896840658953926, 0.02825322628704274, 0.027685220830545497, 0.02666364029859006, 0.025486033827772144, 0.02414387260068274, 0.023028867611909868, 0.022681878550084772, 0.02299235797660897, 0.02387546679328945, 0.024738332374206702, 0.025547718436096926, 0.026640938816603423, 0.02759836215880636, 0.028240938725365098, 0.028199955208514017, 0.028168175430310402, 0.02767018559717724, 0.027414861073674215, 0.027239233260695786, 0.0274939869379551, 0.027874761581110984, 0.02868161073982207, 0.029514734605865275, 0.030345172291974937, 0.031248268714928727, 0.032298002681611045, 0.033509628354587276, 0.0348066615601669, 0.03569061118903811, 0.03631377821401384, 0.03654105211474412, 0.03646788532881584, 0.03572808397059345, 0.03427781350345514, 0.03309813106562172, 0.031639416134799855, 0.02970329439236902, 0.027599049067936567, 0.02603054913364457, 0.024090316372098155, 0.02220132238001286, 0.02051452966091278, 0.019044426362309692, 0.017805605247084858, 0.01643252777018217, 0.01523003850809785, 0.01424180324883461, 0.013706552220618947, 0.0130880570946912, 0.012988920737072255, 0.013178248200839212, 0.013386796436950147, 0.01359897371732897, 0.01439195864266014, 0.015495810506657983, 0.016686507754200334, 0.01807173050136072, 0.019341411872889052, 0.020370802976522343, 0.0213787239197115, 0.02262888584538598, 0.02401686851684336, 0.025523335513576738, 0.026670410326906566, 0.02758824337325398, 0.02810647098585074, 0.028219175888028712, 0.02804128716256827, 0.027840212128430745, 0.02799079668741686, 0.027988272685847155, 0.02831306909632167, 0.028434723397990712, 0.0285549391753426, 0.02832607944879636, 0.02800347501499142, 0.027460301198426997, 0.02681840364884072, 0.026203190519756815, 0.02552364346313934, 0.024940794741503684, 0.024553643852497812, 0.024009602077058226, 0.023587486328410737, 0.023053226444370627, 0.02237349941244249, 0.021247392964358097, 0.01948489409103017, 0.01759577829009665, 0.015969918059865678, 0.014849832783247986, 0.014164911869984548, 0.013546042864334782, 0.01328357500957488, 0.012905521640083246, 0.012806686101790404, 0.01256569256360443, 0.01270015008783326, 0.013333718053885597, 0.014364706842779438, 0.015230812921928084, 0.016214173123414017, 0.017422309714956504, 0.01848297873673576, 0.019690103784110968, 0.02062988015396428, 0.021304326954883004, 0.021542023987470748, 0.021445001132587415, 0.02128479356968176, 0.021154257299581803, 0.020548768777841446, 0.020419411659703072, 0.020346908766621045, 0.02018386842926173, 0.020060715556614095, 0.019970155121820186, 0.019905412966441507, 0.019860328269953802, 0.019689549628068632, 0.019110038324468673, 0.018401772510693467, 0.01773443768827515, 0.01691379473734185, 0.0163889904882787, 0.015891976533507178, 0.015695148472402557, 0.015634975895130635, 0.01548249397414641, 0.015250362203767827, 0.01446715870868431, 0.013690714184349355, 0.013111437378948002, 0.01280400987898366, 0.012789088065484542, 0.012885508256999974, 0.012645414791893052, 0.012533763320360268, 0.01300792748125149, 0.014045480441271196, 0.015593406388961941, 0.017496649938682926, 0.01947963017829757, 0.021814960986639112, 0.0244888991790445, 0.027455202671237973, 0.030462142682767764, 0.03347516022004274, 0.03632355277573078, 0.03911728575744543, 0.041489125175428104, 0.043617926344794986, 0.04507509866910146, 0.045973158335007626, 0.046666313335408376, 0.047747911364257295, 0.04910015737076979, 0.051170936172887156, 0.05323921785426519, 0.05484930583024696, 0.05598397968583077, 0.056516639752925084, 0.05678375349578094, 0.05655312215346535, 0.05709318659280136, 0.05753330561326649, 0.05822424761198231, 0.05856641837777238, 0.058663546697002605, 0.05829520111627496, 0.058019458378357286, 0.05786276302771312, 0.057678835712609886, 0.05721489013034267, 0.05620972754199197, 0.05488023496470325, 0.05291870088860013, 0.05085359195424363, 0.04836971777146554, 0.045888993393773454, 0.04332790860019442, 0.040721243397433354, 0.03815348906679705, 0.03609755066086763, 0.03431153121207709, 0.03269994312791247, 0.03113246913067769, 0.029533434333839276, 0.02779284963423818, 0.02581340528028532, 0.023636664296078556, 0.021032966406022018, 0.018298152858289164, 0.015471223173718233, 0.012975006021594128, 0.011476514573927241, 0.011190786613452559, 0.012013514795745658, 0.013192708648177051, 0.0146026096239084, 0.016627808096549106, 0.019288816219412905, 0.022115031993867204, 0.024956066779425322, 0.027947127033299147, 0.030317719296220055, 0.03213024736687776, 0.033908117916643665, 0.035613155393420214, 0.03695858371541455, 0.0370883147011733, 0.035844860180821725, 0.03331269225961453, 0.030127822662769057, 0.026675716455458534, 0.02305094507263966, 0.019294584365168215, 0.016588874620184203, 0.013459760460278334, 0.010513659470637583, 0.008184205378854309, 0.005908681970234855, 0.003908372487361734, 0.002250880846271649, 0.001837561814419065, 0.003902446460586522, 0.00649131804032715, 0.008842266053540701, 0.011337576744963709, 0.013847821453172829, 0.016241515374979285, 0.018506880743639053, 0.020753891025054552, 0.022854281545735794, 0.025177910908837288, 0.027764777035113285, 0.0302577363231247, 0.032552204835272186, 0.033962244268502154, 0.03530995724171245, 0.036795414568091225, 0.03840706162943578, 0.039993850675796264, 0.04133645030179679, 0.04211247094820217, 0.04239213751353172, 0.042192499106345205, 0.04200269786908514, 0.041897190162155235, 0.041830932940717325, 0.04166737666619139, 0.04206882264734189, 0.0426127097658282, 0.042895687146734904, 0.04300135533202284, 0.04249799814293581, 0.041897582995049115, 0.04072077112408416, 0.03927976254850985, 0.037331499513228325, 0.035889992777759706, 0.03456359233645024, 0.033243529781910974, 0.03199033675126687, 0.03059935779738079, 0.029272240636492235, 0.027900707354997015, 0.02654938414970694, 0.02543173352052397, 0.024311103096379235, 0.023065212419431085, 0.021685454855791198, 0.02041159885695607, 0.019056064221564174, 0.017656707279948437, 0.01626614648165674, 0.015012383850973622, 0.013603567963072178, 0.012189757837366814, 0.010674529938407772, 0.009407142987148039, 0.008344525906195775, 0.007439054007672372, 0.0072034584519923735, 0.007775010970036668, 0.009047582903156274, 0.010731538882415681, 0.01253460028234948, 0.014333543563369548, 0.016070624592636203, 0.017817726146123574, 0.019557256660804743, 0.02116824086555951, 0.022529303997840977, 0.023628588936546305, 0.02391411988476377, 0.02359656311707365, 0.022355277074164143, 0.020961866673625245, 0.018393580144489934, 0.015660552711922182, 0.013874328661167971, 0.01254026736778108, 0.011812131260623127, 0.010800298354986543, 0.00961805971638548, 0.008471507575266851, 0.007656757785702683, 0.006719580941926242, 0.0056999472982024405, 0.005125787188458596, 0.00504686530895439, 0.005697178935649704, 0.006245540782853768, 0.0070976650798796875, 0.007900543705723831, 0.008755370167568399, 0.009807746909975117, 0.011209592216881203, 0.01276960312030194, 0.014467251258771754, 0.015865855510978952, 0.01751794577394112, 0.01978728846519214, 0.022540086452385207, 0.024859037758439572, 0.02589623397823137, 0.02611181133516041, 0.026565850619759173, 0.0272557734372972, 0.02776644526036269, 0.02799937699621002, 0.02818388188652303, 0.02806005928616626, 0.028083982827741123, 0.02781538632605852, 0.027763976455106594, 0.028120518002563644, 0.028688559534023904, 0.029389365084960088, 0.030059907204608147, 0.03052096911154336, 0.031053468449087778, 0.03142000488428638, 0.03173833045042581, 0.031892653890475096, 0.03198060527161537, 0.031944507243272385, 0.03180892531117334, 0.03180195743523648, 0.03175983113429147, 0.03185651864929952, 0.032146459060636644, 0.032526908876218445, 0.033087790299913135, 0.03370146462957083, 0.0342847740780508, 0.0344768243549477, 0.03441738754137779, 0.034008301029805295]",0.02759836215880636,0.035354209622323995,0.024206252316191723,0.013256203930744948,0.0,0.0,0.032701935965771256,0.035354209622323995,0.024206252316191723,0.013256203930744948,1.6320000000000001,1717635302.3351696,2024-06-06_10-55-02
0.5059,-0.10031999999999999,0.45265257989597496,0.4705611041252096,-0.12446596176980634,0.46729918872876886,0.5059,-0.10031999999999999,0.48541637832825113,0.4705611041252096,-0.12446596176980634,0.46729918872876886,0.028240938725365098,"[0.011315756658919754, 0.012192407496521018, 0.01288995615295488, 0.01359963525141729, 0.014321891165186378, 0.015181047888625853, 0.01592941522152252, 0.01673874496494045, 0.01751440457689525, 0.01835087734908702, 0.019202544572813795, 0.020070622325609303, 0.02095627718778323, 0.02186061264947246, 0.022737260153569413, 0.023681097053535004, 0.024646250751560458, 0.025633386418693636, 0.02659237614956749, 0.027623542314219474, 0.0286250346734827, 0.029647102596467904, 0.03056454213255984, 0.031680305841655834, 0.03263530150735364, 0.033606764937046466, 0.034593095597664145, 0.03536350794006898, 0.035930760474075646, 0.03631257033147624, 0.03661317474198803, 0.03688385713543919, 0.03738127616234113, 0.037934719347479336, 0.03858163380471939, 0.03921882339006296, 0.03999131852533767, 0.04074980907886149, 0.04127472956039594, 0.04151563832077664, 0.04151964454301027, 0.04123464219442919, 0.04096829512038153, 0.04056460486818273, 0.04028281736824196, 0.04000166841569801, 0.03919762289117317, 0.037812479337396496, 0.03622310391275238, 0.03453579653228067, 0.0330206041779641, 0.031565009966306234, 0.03054064037737075, 0.029904305612678588, 0.029394155816597912, 0.028896840658953926, 0.02825322628704274, 0.027685220830545497, 0.02666364029859006, 0.025486033827772144, 0.02414387260068274, 0.023028867611909868, 0.022681878550084772, 0.02299235797660897, 0.02387546679328945, 0.024738332374206702, 0.025547718436096926, 0.026640938816603423, 0.02759836215880636, 0.028240938725365098, 0.028199955208514017, 0.028168175430310402, 0.02767018559717724, 0.027414861073674215, 0.027239233260695786, 0.0274939869379551, 0.027874761581110984, 0.02868161073982207, 0.029514734605865275, 0.030345172291974937, 0.031248268714928727, 0.032298002681611045, 0.033509628354587276, 0.0348066615601669, 0.03569061118903811, 0.03631377821401384, 0.03654105211474412, 0.03646788532881584, 0.03572808397059345, 0.03427781350345514, 0.03309813106562172, 0.031639416134799855, 0.02970329439236902, 0.027599049067936567, 0.02603054913364457, 0.024090316372098155, 0.02220132238001286, 0.02051452966091278, 0.019044426362309692, 0.017805605247084858, 0.01643252777018217, 0.01523003850809785, 0.01424180324883461, 0.013706552220618947, 0.0130880570946912, 0.012988920737072255, 0.013178248200839212, 0.013386796436950147, 0.01359897371732897, 0.01439195864266014, 0.015495810506657983, 0.016686507754200334, 0.01807173050136072, 0.019341411872889052, 0.020370802976522343, 0.0213787239197115, 0.02262888584538598, 0.02401686851684336, 0.025523335513576738, 0.026670410326906566, 0.02758824337325398, 0.02810647098585074, 0.028219175888028712, 0.02804128716256827, 0.027840212128430745, 0.02799079668741686, 0.027988272685847155, 0.02831306909632167, 0.028434723397990712, 0.0285549391753426, 0.02832607944879636, 0.02800347501499142, 0.027460301198426997, 0.02681840364884072, 0.026203190519756815, 0.02552364346313934, 0.024940794741503684, 0.024553643852497812, 0.024009602077058226, 0.023587486328410737, 0.023053226444370627, 0.02237349941244249, 0.021247392964358097, 0.01948489409103017, 0.01759577829009665, 0.015969918059865678, 0.014849832783247986, 0.014164911869984548, 0.013546042864334782, 0.01328357500957488, 0.012905521640083246, 0.012806686101790404, 0.01256569256360443, 0.01270015008783326, 0.013333718053885597, 0.014364706842779438, 0.015230812921928084, 0.016214173123414017, 0.017422309714956504, 0.01848297873673576, 0.019690103784110968, 0.02062988015396428, 0.021304326954883004, 0.021542023987470748, 0.021445001132587415, 0.02128479356968176, 0.021154257299581803, 0.020548768777841446, 0.020419411659703072, 0.020346908766621045, 0.02018386842926173, 0.020060715556614095, 0.019970155121820186, 0.019905412966441507, 0.019860328269953802, 0.019689549628068632, 0.019110038324468673, 0.018401772510693467, 0.01773443768827515, 0.01691379473734185, 0.0163889904882787, 0.015891976533507178, 0.015695148472402557, 0.015634975895130635, 0.01548249397414641, 0.015250362203767827, 0.01446715870868431, 0.013690714184349355, 0.013111437378948002, 0.01280400987898366, 0.012789088065484542, 0.012885508256999974, 0.012645414791893052, 0.012533763320360268, 0.01300792748125149, 0.014045480441271196, 0.015593406388961941, 0.017496649938682926, 0.01947963017829757, 0.021814960986639112, 0.0244888991790445, 0.027455202671237973, 0.030462142682767764, 0.03347516022004274, 0.03632355277573078, 0.03911728575744543, 0.041489125175428104, 0.043617926344794986, 0.04507509866910146, 0.045973158335007626, 0.046666313335408376, 0.047747911364257295, 0.04910015737076979, 0.051170936172887156, 0.05323921785426519, 0.05484930583024696, 0.05598397968583077, 0.056516639752925084, 0.05678375349578094, 0.05655312215346535, 0.05709318659280136, 0.05753330561326649, 0.05822424761198231, 0.05856641837777238, 0.058663546697002605, 0.05829520111627496, 0.058019458378357286, 0.05786276302771312, 0.057678835712609886, 0.05721489013034267, 0.05620972754199197, 0.05488023496470325, 0.05291870088860013, 0.05085359195424363, 0.04836971777146554, 0.045888993393773454, 0.04332790860019442, 0.040721243397433354, 0.03815348906679705, 0.03609755066086763, 0.03431153121207709, 0.03269994312791247, 0.03113246913067769, 0.029533434333839276, 0.02779284963423818, 0.02581340528028532, 0.023636664296078556, 0.021032966406022018, 0.018298152858289164, 0.015471223173718233, 0.012975006021594128, 0.011476514573927241, 0.011190786613452559, 0.012013514795745658, 0.013192708648177051, 0.0146026096239084, 0.016627808096549106, 0.019288816219412905, 0.022115031993867204, 0.024956066779425322, 0.027947127033299147, 0.030317719296220055, 0.03213024736687776, 0.033908117916643665, 0.035613155393420214, 0.03695858371541455, 0.0370883147011733, 0.035844860180821725, 0.03331269225961453, 0.030127822662769057, 0.026675716455458534, 0.02305094507263966, 0.019294584365168215, 0.016588874620184203, 0.013459760460278334, 0.010513659470637583, 0.008184205378854309, 0.005908681970234855, 0.003908372487361734, 0.002250880846271649, 0.001837561814419065, 0.003902446460586522, 0.00649131804032715, 0.008842266053540701, 0.011337576744963709, 0.013847821453172829, 0.016241515374979285, 0.018506880743639053, 0.020753891025054552, 0.022854281545735794, 0.025177910908837288, 0.027764777035113285, 0.0302577363231247, 0.032552204835272186, 0.033962244268502154, 0.03530995724171245, 0.036795414568091225, 0.03840706162943578, 0.039993850675796264, 0.04133645030179679, 0.04211247094820217, 0.04239213751353172, 0.042192499106345205, 0.04200269786908514, 0.041897190162155235, 0.041830932940717325, 0.04166737666619139, 0.04206882264734189, 0.0426127097658282, 0.042895687146734904, 0.04300135533202284, 0.04249799814293581, 0.041897582995049115, 0.04072077112408416, 0.03927976254850985, 0.037331499513228325, 0.035889992777759706, 0.03456359233645024, 0.033243529781910974, 0.03199033675126687, 0.03059935779738079, 0.029272240636492235, 0.027900707354997015, 0.02654938414970694, 0.02543173352052397, 0.024311103096379235, 0.023065212419431085, 0.021685454855791198, 0.02041159885695607, 0.019056064221564174, 0.017656707279948437, 0.01626614648165674, 0.015012383850973622, 0.013603567963072178, 0.012189757837366814, 0.010674529938407772, 0.009407142987148039, 0.008344525906195775, 0.007439054007672372, 0.0072034584519923735, 0.007775010970036668, 0.009047582903156274, 0.010731538882415681, 0.01253460028234948, 0.014333543563369548, 0.016070624592636203, 0.017817726146123574, 0.019557256660804743, 0.02116824086555951, 0.022529303997840977, 0.023628588936546305, 0.02391411988476377, 0.02359656311707365, 0.022355277074164143, 0.020961866673625245, 0.018393580144489934, 0.015660552711922182, 0.013874328661167971, 0.01254026736778108, 0.011812131260623127, 0.010800298354986543, 0.00961805971638548, 0.008471507575266851, 0.007656757785702683, 0.006719580941926242, 0.0056999472982024405, 0.005125787188458596, 0.00504686530895439, 0.005697178935649704, 0.006245540782853768, 0.0070976650798796875, 0.007900543705723831, 0.008755370167568399, 0.009807746909975117, 0.011209592216881203, 0.01276960312030194, 0.014467251258771754, 0.015865855510978952, 0.01751794577394112, 0.01978728846519214, 0.022540086452385207, 0.024859037758439572, 0.02589623397823137, 0.02611181133516041, 0.026565850619759173, 0.0272557734372972, 0.02776644526036269, 0.02799937699621002, 0.02818388188652303, 0.02806005928616626, 0.028083982827741123, 0.02781538632605852, 0.027763976455106594, 0.028120518002563644, 0.028688559534023904, 0.029389365084960088, 0.030059907204608147, 0.03052096911154336, 0.031053468449087778, 0.03142000488428638, 0.03173833045042581, 0.031892653890475096, 0.03198060527161537, 0.031944507243272385, 0.03180892531117334, 0.03180195743523648, 0.03175983113429147, 0.03185651864929952, 0.032146459060636644, 0.032526908876218445, 0.033087790299913135, 0.03370146462957083, 0.0342847740780508, 0.0344768243549477, 0.03441738754137779, 0.034008301029805295]",0.028240938725365098,0.035338895874790444,0.02414596176980635,0.014646608832793895,0.0,0.0,0.03276379843227617,0.035338895874790444,0.02414596176980635,0.014646608832793895,1.656,1717635302.3587983,2024-06-06_10-55-02
0.5059,-0.0996,0.45099126710521426,0.4705867562793559,-0.1229071833914799,0.4668661742267731,0.5059,-0.0996,0.48381692800399523,0.4705867562793559,-0.1229071833914799,0.4668661742267731,0.028199955208514017,"[0.011315756658919754, 0.012192407496521018, 0.01288995615295488, 0.01359963525141729, 0.014321891165186378, 0.015181047888625853, 0.01592941522152252, 0.01673874496494045, 0.01751440457689525, 0.01835087734908702, 0.019202544572813795, 0.020070622325609303, 0.02095627718778323, 0.02186061264947246, 0.022737260153569413, 0.023681097053535004, 0.024646250751560458, 0.025633386418693636, 0.02659237614956749, 0.027623542314219474, 0.0286250346734827, 0.029647102596467904, 0.03056454213255984, 0.031680305841655834, 0.03263530150735364, 0.033606764937046466, 0.034593095597664145, 0.03536350794006898, 0.035930760474075646, 0.03631257033147624, 0.03661317474198803, 0.03688385713543919, 0.03738127616234113, 0.037934719347479336, 0.03858163380471939, 0.03921882339006296, 0.03999131852533767, 0.04074980907886149, 0.04127472956039594, 0.04151563832077664, 0.04151964454301027, 0.04123464219442919, 0.04096829512038153, 0.04056460486818273, 0.04028281736824196, 0.04000166841569801, 0.03919762289117317, 0.037812479337396496, 0.03622310391275238, 0.03453579653228067, 0.0330206041779641, 0.031565009966306234, 0.03054064037737075, 0.029904305612678588, 0.029394155816597912, 0.028896840658953926, 0.02825322628704274, 0.027685220830545497, 0.02666364029859006, 0.025486033827772144, 0.02414387260068274, 0.023028867611909868, 0.022681878550084772, 0.02299235797660897, 0.02387546679328945, 0.024738332374206702, 0.025547718436096926, 0.026640938816603423, 0.02759836215880636, 0.028240938725365098, 0.028199955208514017, 0.028168175430310402, 0.02767018559717724, 0.027414861073674215, 0.027239233260695786, 0.0274939869379551, 0.027874761581110984, 0.02868161073982207, 0.029514734605865275, 0.030345172291974937, 0.031248268714928727, 0.032298002681611045, 0.033509628354587276, 0.0348066615601669, 0.03569061118903811, 0.03631377821401384, 0.03654105211474412, 0.03646788532881584, 0.03572808397059345, 0.03427781350345514, 0.03309813106562172, 0.031639416134799855, 0.02970329439236902, 0.027599049067936567, 0.02603054913364457, 0.024090316372098155, 0.02220132238001286, 0.02051452966091278, 0.019044426362309692, 0.017805605247084858, 0.01643252777018217, 0.01523003850809785, 0.01424180324883461, 0.013706552220618947, 0.0130880570946912, 0.012988920737072255, 0.013178248200839212, 0.013386796436950147, 0.01359897371732897, 0.01439195864266014, 0.015495810506657983, 0.016686507754200334, 0.01807173050136072, 0.019341411872889052, 0.020370802976522343, 0.0213787239197115, 0.02262888584538598, 0.02401686851684336, 0.025523335513576738, 0.026670410326906566, 0.02758824337325398, 0.02810647098585074, 0.028219175888028712, 0.02804128716256827, 0.027840212128430745, 0.02799079668741686, 0.027988272685847155, 0.02831306909632167, 0.028434723397990712, 0.0285549391753426, 0.02832607944879636, 0.02800347501499142, 0.027460301198426997, 0.02681840364884072, 0.026203190519756815, 0.02552364346313934, 0.024940794741503684, 0.024553643852497812, 0.024009602077058226, 0.023587486328410737, 0.023053226444370627, 0.02237349941244249, 0.021247392964358097, 0.01948489409103017, 0.01759577829009665, 0.015969918059865678, 0.014849832783247986, 0.014164911869984548, 0.013546042864334782, 0.01328357500957488, 0.012905521640083246, 0.012806686101790404, 0.01256569256360443, 0.01270015008783326, 0.013333718053885597, 0.014364706842779438, 0.015230812921928084, 0.016214173123414017, 0.017422309714956504, 0.01848297873673576, 0.019690103784110968, 0.02062988015396428, 0.021304326954883004, 0.021542023987470748, 0.021445001132587415, 0.02128479356968176, 0.021154257299581803, 0.020548768777841446, 0.020419411659703072, 0.020346908766621045, 0.02018386842926173, 0.020060715556614095, 0.019970155121820186, 0.019905412966441507, 0.019860328269953802, 0.019689549628068632, 0.019110038324468673, 0.018401772510693467, 0.01773443768827515, 0.01691379473734185, 0.0163889904882787, 0.015891976533507178, 0.015695148472402557, 0.015634975895130635, 0.01548249397414641, 0.015250362203767827, 0.01446715870868431, 0.013690714184349355, 0.013111437378948002, 0.01280400987898366, 0.012789088065484542, 0.012885508256999974, 0.012645414791893052, 0.012533763320360268, 0.01300792748125149, 0.014045480441271196, 0.015593406388961941, 0.017496649938682926, 0.01947963017829757, 0.021814960986639112, 0.0244888991790445, 0.027455202671237973, 0.030462142682767764, 0.03347516022004274, 0.03632355277573078, 0.03911728575744543, 0.041489125175428104, 0.043617926344794986, 0.04507509866910146, 0.045973158335007626, 0.046666313335408376, 0.047747911364257295, 0.04910015737076979, 0.051170936172887156, 0.05323921785426519, 0.05484930583024696, 0.05598397968583077, 0.056516639752925084, 0.05678375349578094, 0.05655312215346535, 0.05709318659280136, 0.05753330561326649, 0.05822424761198231, 0.05856641837777238, 0.058663546697002605, 0.05829520111627496, 0.058019458378357286, 0.05786276302771312, 0.057678835712609886, 0.05721489013034267, 0.05620972754199197, 0.05488023496470325, 0.05291870088860013, 0.05085359195424363, 0.04836971777146554, 0.045888993393773454, 0.04332790860019442, 0.040721243397433354, 0.03815348906679705, 0.03609755066086763, 0.03431153121207709, 0.03269994312791247, 0.03113246913067769, 0.029533434333839276, 0.02779284963423818, 0.02581340528028532, 0.023636664296078556, 0.021032966406022018, 0.018298152858289164, 0.015471223173718233, 0.012975006021594128, 0.011476514573927241, 0.011190786613452559, 0.012013514795745658, 0.013192708648177051, 0.0146026096239084, 0.016627808096549106, 0.019288816219412905, 0.022115031993867204, 0.024956066779425322, 0.027947127033299147, 0.030317719296220055, 0.03213024736687776, 0.033908117916643665, 0.035613155393420214, 0.03695858371541455, 0.0370883147011733, 0.035844860180821725, 0.03331269225961453, 0.030127822662769057, 0.026675716455458534, 0.02305094507263966, 0.019294584365168215, 0.016588874620184203, 0.013459760460278334, 0.010513659470637583, 0.008184205378854309, 0.005908681970234855, 0.003908372487361734, 0.002250880846271649, 0.001837561814419065, 0.003902446460586522, 0.00649131804032715, 0.008842266053540701, 0.011337576744963709, 0.013847821453172829, 0.016241515374979285, 0.018506880743639053, 0.020753891025054552, 0.022854281545735794, 0.025177910908837288, 0.027764777035113285, 0.0302577363231247, 0.032552204835272186, 0.033962244268502154, 0.03530995724171245, 0.036795414568091225, 0.03840706162943578, 0.039993850675796264, 0.04133645030179679, 0.04211247094820217, 0.04239213751353172, 0.042192499106345205, 0.04200269786908514, 0.041897190162155235, 0.041830932940717325, 0.04166737666619139, 0.04206882264734189, 0.0426127097658282, 0.042895687146734904, 0.04300135533202284, 0.04249799814293581, 0.041897582995049115, 0.04072077112408416, 0.03927976254850985, 0.037331499513228325, 0.035889992777759706, 0.03456359233645024, 0.033243529781910974, 0.03199033675126687, 0.03059935779738079, 0.029272240636492235, 0.027900707354997015, 0.02654938414970694, 0.02543173352052397, 0.024311103096379235, 0.023065212419431085, 0.021685454855791198, 0.02041159885695607, 0.019056064221564174, 0.017656707279948437, 0.01626614648165674, 0.015012383850973622, 0.013603567963072178, 0.012189757837366814, 0.010674529938407772, 0.009407142987148039, 0.008344525906195775, 0.007439054007672372, 0.0072034584519923735, 0.007775010970036668, 0.009047582903156274, 0.010731538882415681, 0.01253460028234948, 0.014333543563369548, 0.016070624592636203, 0.017817726146123574, 0.019557256660804743, 0.02116824086555951, 0.022529303997840977, 0.023628588936546305, 0.02391411988476377, 0.02359656311707365, 0.022355277074164143, 0.020961866673625245, 0.018393580144489934, 0.015660552711922182, 0.013874328661167971, 0.01254026736778108, 0.011812131260623127, 0.010800298354986543, 0.00961805971638548, 0.008471507575266851, 0.007656757785702683, 0.006719580941926242, 0.0056999472982024405, 0.005125787188458596, 0.00504686530895439, 0.005697178935649704, 0.006245540782853768, 0.0070976650798796875, 0.007900543705723831, 0.008755370167568399, 0.009807746909975117, 0.011209592216881203, 0.01276960312030194, 0.014467251258771754, 0.015865855510978952, 0.01751794577394112, 0.01978728846519214, 0.022540086452385207, 0.024859037758439572, 0.02589623397823137, 0.02611181133516041, 0.026565850619759173, 0.0272557734372972, 0.02776644526036269, 0.02799937699621002, 0.02818388188652303, 0.02806005928616626, 0.028083982827741123, 0.02781538632605852, 0.027763976455106594, 0.028120518002563644, 0.028688559534023904, 0.029389365084960088, 0.030059907204608147, 0.03052096911154336, 0.031053468449087778, 0.03142000488428638, 0.03173833045042581, 0.031892653890475096, 0.03198060527161537, 0.031944507243272385, 0.03180892531117334, 0.03180195743523648, 0.03175983113429147, 0.03185651864929952, 0.032146459060636644, 0.032526908876218445, 0.033087790299913135, 0.03370146462957083, 0.0342847740780508, 0.0344768243549477, 0.03441738754137779, 0.034008301029805295]",0.028199955208514017,0.035313243720644094,0.0233071833914799,0.015874907121558868,0.0,0.0,0.03282566089878097,0.035313243720644094,0.0233071833914799,0.015874907121558868,1.6800000000000002,1717635302.3828266,2024-06-06_10-55-02
0.5059,-0.09888,0.44928258476065097,0.470484863607785,-0.12109210293504155,0.4666050727538886,0.5059,-0.09888,0.48211994908475087,0.470484863607785,-0.12109210293504155,0.4666050727538886,0.028168175430310402,"[0.011315756658919754, 0.012192407496521018, 0.01288995615295488, 0.01359963525141729, 0.014321891165186378, 0.015181047888625853, 0.01592941522152252, 0.01673874496494045, 0.01751440457689525, 0.01835087734908702, 0.019202544572813795, 0.020070622325609303, 0.02095627718778323, 0.02186061264947246, 0.022737260153569413, 0.023681097053535004, 0.024646250751560458, 0.025633386418693636, 0.02659237614956749, 0.027623542314219474, 0.0286250346734827, 0.029647102596467904, 0.03056454213255984, 0.031680305841655834, 0.03263530150735364, 0.033606764937046466, 0.034593095597664145, 0.03536350794006898, 0.035930760474075646, 0.03631257033147624, 0.03661317474198803, 0.03688385713543919, 0.03738127616234113, 0.037934719347479336, 0.03858163380471939, 0.03921882339006296, 0.03999131852533767, 0.04074980907886149, 0.04127472956039594, 0.04151563832077664, 0.04151964454301027, 0.04123464219442919, 0.04096829512038153, 0.04056460486818273, 0.04028281736824196, 0.04000166841569801, 0.03919762289117317, 0.037812479337396496, 0.03622310391275238, 0.03453579653228067, 0.0330206041779641, 0.031565009966306234, 0.03054064037737075, 0.029904305612678588, 0.029394155816597912, 0.028896840658953926, 0.02825322628704274, 0.027685220830545497, 0.02666364029859006, 0.025486033827772144, 0.02414387260068274, 0.023028867611909868, 0.022681878550084772, 0.02299235797660897, 0.02387546679328945, 0.024738332374206702, 0.025547718436096926, 0.026640938816603423, 0.02759836215880636, 0.028240938725365098, 0.028199955208514017, 0.028168175430310402, 0.02767018559717724, 0.027414861073674215, 0.027239233260695786, 0.0274939869379551, 0.027874761581110984, 0.02868161073982207, 0.029514734605865275, 0.030345172291974937, 0.031248268714928727, 0.032298002681611045, 0.033509628354587276, 0.0348066615601669, 0.03569061118903811, 0.03631377821401384, 0.03654105211474412, 0.03646788532881584, 0.03572808397059345, 0.03427781350345514, 0.03309813106562172, 0.031639416134799855, 0.02970329439236902, 0.027599049067936567, 0.02603054913364457, 0.024090316372098155, 0.02220132238001286, 0.02051452966091278, 0.019044426362309692, 0.017805605247084858, 0.01643252777018217, 0.01523003850809785, 0.01424180324883461, 0.013706552220618947, 0.0130880570946912, 0.012988920737072255, 0.013178248200839212, 0.013386796436950147, 0.01359897371732897, 0.01439195864266014, 0.015495810506657983, 0.016686507754200334, 0.01807173050136072, 0.019341411872889052, 0.020370802976522343, 0.0213787239197115, 0.02262888584538598, 0.02401686851684336, 0.025523335513576738, 0.026670410326906566, 0.02758824337325398, 0.02810647098585074, 0.028219175888028712, 0.02804128716256827, 0.027840212128430745, 0.02799079668741686, 0.027988272685847155, 0.02831306909632167, 0.028434723397990712, 0.0285549391753426, 0.02832607944879636, 0.02800347501499142, 0.027460301198426997, 0.02681840364884072, 0.026203190519756815, 0.02552364346313934, 0.024940794741503684, 0.024553643852497812, 0.024009602077058226, 0.023587486328410737, 0.023053226444370627, 0.02237349941244249, 0.021247392964358097, 0.01948489409103017, 0.01759577829009665, 0.015969918059865678, 0.014849832783247986, 0.014164911869984548, 0.013546042864334782, 0.01328357500957488, 0.012905521640083246, 0.012806686101790404, 0.01256569256360443, 0.01270015008783326, 0.013333718053885597, 0.014364706842779438, 0.015230812921928084, 0.016214173123414017, 0.017422309714956504, 0.01848297873673576, 0.019690103784110968, 0.02062988015396428, 0.021304326954883004, 0.021542023987470748, 0.021445001132587415, 0.02128479356968176, 0.021154257299581803, 0.020548768777841446, 0.020419411659703072, 0.020346908766621045, 0.02018386842926173, 0.020060715556614095, 0.019970155121820186, 0.019905412966441507, 0.019860328269953802, 0.019689549628068632, 0.019110038324468673, 0.018401772510693467, 0.01773443768827515, 0.01691379473734185, 0.0163889904882787, 0.015891976533507178, 0.015695148472402557, 0.015634975895130635, 0.01548249397414641, 0.015250362203767827, 0.01446715870868431, 0.013690714184349355, 0.013111437378948002, 0.01280400987898366, 0.012789088065484542, 0.012885508256999974, 0.012645414791893052, 0.012533763320360268, 0.01300792748125149, 0.014045480441271196, 0.015593406388961941, 0.017496649938682926, 0.01947963017829757, 0.021814960986639112, 0.0244888991790445, 0.027455202671237973, 0.030462142682767764, 0.03347516022004274, 0.03632355277573078, 0.03911728575744543, 0.041489125175428104, 0.043617926344794986, 0.04507509866910146, 0.045973158335007626, 0.046666313335408376, 0.047747911364257295, 0.04910015737076979, 0.051170936172887156, 0.05323921785426519, 0.05484930583024696, 0.05598397968583077, 0.056516639752925084, 0.05678375349578094, 0.05655312215346535, 0.05709318659280136, 0.05753330561326649, 0.05822424761198231, 0.05856641837777238, 0.058663546697002605, 0.05829520111627496, 0.058019458378357286, 0.05786276302771312, 0.057678835712609886, 0.05721489013034267, 0.05620972754199197, 0.05488023496470325, 0.05291870088860013, 0.05085359195424363, 0.04836971777146554, 0.045888993393773454, 0.04332790860019442, 0.040721243397433354, 0.03815348906679705, 0.03609755066086763, 0.03431153121207709, 0.03269994312791247, 0.03113246913067769, 0.029533434333839276, 0.02779284963423818, 0.02581340528028532, 0.023636664296078556, 0.021032966406022018, 0.018298152858289164, 0.015471223173718233, 0.012975006021594128, 0.011476514573927241, 0.011190786613452559, 0.012013514795745658, 0.013192708648177051, 0.0146026096239084, 0.016627808096549106, 0.019288816219412905, 0.022115031993867204, 0.024956066779425322, 0.027947127033299147, 0.030317719296220055, 0.03213024736687776, 0.033908117916643665, 0.035613155393420214, 0.03695858371541455, 0.0370883147011733, 0.035844860180821725, 0.03331269225961453, 0.030127822662769057, 0.026675716455458534, 0.02305094507263966, 0.019294584365168215, 0.016588874620184203, 0.013459760460278334, 0.010513659470637583, 0.008184205378854309, 0.005908681970234855, 0.003908372487361734, 0.002250880846271649, 0.001837561814419065, 0.003902446460586522, 0.00649131804032715, 0.008842266053540701, 0.011337576744963709, 0.013847821453172829, 0.016241515374979285, 0.018506880743639053, 0.020753891025054552, 0.022854281545735794, 0.025177910908837288, 0.027764777035113285, 0.0302577363231247, 0.032552204835272186, 0.033962244268502154, 0.03530995724171245, 0.036795414568091225, 0.03840706162943578, 0.039993850675796264, 0.04133645030179679, 0.04211247094820217, 0.04239213751353172, 0.042192499106345205, 0.04200269786908514, 0.041897190162155235, 0.041830932940717325, 0.04166737666619139, 0.04206882264734189, 0.0426127097658282, 0.042895687146734904, 0.04300135533202284, 0.04249799814293581, 0.041897582995049115, 0.04072077112408416, 0.03927976254850985, 0.037331499513228325, 0.035889992777759706, 0.03456359233645024, 0.033243529781910974, 0.03199033675126687, 0.03059935779738079, 0.029272240636492235, 0.027900707354997015, 0.02654938414970694, 0.02543173352052397, 0.024311103096379235, 0.023065212419431085, 0.021685454855791198, 0.02041159885695607, 0.019056064221564174, 0.017656707279948437, 0.01626614648165674, 0.015012383850973622, 0.013603567963072178, 0.012189757837366814, 0.010674529938407772, 0.009407142987148039, 0.008344525906195775, 0.007439054007672372, 0.0072034584519923735, 0.007775010970036668, 0.009047582903156274, 0.010731538882415681, 0.01253460028234948, 0.014333543563369548, 0.016070624592636203, 0.017817726146123574, 0.019557256660804743, 0.02116824086555951, 0.022529303997840977, 0.023628588936546305, 0.02391411988476377, 0.02359656311707365, 0.022355277074164143, 0.020961866673625245, 0.018393580144489934, 0.015660552711922182, 0.013874328661167971, 0.01254026736778108, 0.011812131260623127, 0.010800298354986543, 0.00961805971638548, 0.008471507575266851, 0.007656757785702683, 0.006719580941926242, 0.0056999472982024405, 0.005125787188458596, 0.00504686530895439, 0.005697178935649704, 0.006245540782853768, 0.0070976650798796875, 0.007900543705723831, 0.008755370167568399, 0.009807746909975117, 0.011209592216881203, 0.01276960312030194, 0.014467251258771754, 0.015865855510978952, 0.01751794577394112, 0.01978728846519214, 0.022540086452385207, 0.024859037758439572, 0.02589623397823137, 0.02611181133516041, 0.026565850619759173, 0.0272557734372972, 0.02776644526036269, 0.02799937699621002, 0.02818388188652303, 0.02806005928616626, 0.028083982827741123, 0.02781538632605852, 0.027763976455106594, 0.028120518002563644, 0.028688559534023904, 0.029389365084960088, 0.030059907204608147, 0.03052096911154336, 0.031053468449087778, 0.03142000488428638, 0.03173833045042581, 0.031892653890475096, 0.03198060527161537, 0.031944507243272385, 0.03180892531117334, 0.03180195743523648, 0.03175983113429147, 0.03185651864929952, 0.032146459060636644, 0.032526908876218445, 0.033087790299913135, 0.03370146462957083, 0.0342847740780508, 0.0344768243549477, 0.03441738754137779, 0.034008301029805295]",0.028168175430310402,0.035415136392214996,0.022212102935041556,0.0173224879932376,0.0,0.0,0.032837364324099894,0.035415136392214996,0.022212102935041556,0.0173224879932376,1.704,1717635302.4073217,2024-06-06_10-55-02
0.5059,-0.09816,0.44753362906475086,0.4703156123586655,-0.11853182336337431,0.46625869205085885,0.5059,-0.09816,0.48013190160824054,0.4703156123586655,-0.11853182336337431,0.46625869205085885,0.02767018559717724,"[0.011315756658919754, 0.012192407496521018, 0.01288995615295488, 0.01359963525141729, 0.014321891165186378, 0.015181047888625853, 0.01592941522152252, 0.01673874496494045, 0.01751440457689525, 0.01835087734908702, 0.019202544572813795, 0.020070622325609303, 0.02095627718778323, 0.02186061264947246, 0.022737260153569413, 0.023681097053535004, 0.024646250751560458, 0.025633386418693636, 0.02659237614956749, 0.027623542314219474, 0.0286250346734827, 0.029647102596467904, 0.03056454213255984, 0.031680305841655834, 0.03263530150735364, 0.033606764937046466, 0.034593095597664145, 0.03536350794006898, 0.035930760474075646, 0.03631257033147624, 0.03661317474198803, 0.03688385713543919, 0.03738127616234113, 0.037934719347479336, 0.03858163380471939, 0.03921882339006296, 0.03999131852533767, 0.04074980907886149, 0.04127472956039594, 0.04151563832077664, 0.04151964454301027, 0.04123464219442919, 0.04096829512038153, 0.04056460486818273, 0.04028281736824196, 0.04000166841569801, 0.03919762289117317, 0.037812479337396496, 0.03622310391275238, 0.03453579653228067, 0.0330206041779641, 0.031565009966306234, 0.03054064037737075, 0.029904305612678588, 0.029394155816597912, 0.028896840658953926, 0.02825322628704274, 0.027685220830545497, 0.02666364029859006, 0.025486033827772144, 0.02414387260068274, 0.023028867611909868, 0.022681878550084772, 0.02299235797660897, 0.02387546679328945, 0.024738332374206702, 0.025547718436096926, 0.026640938816603423, 0.02759836215880636, 0.028240938725365098, 0.028199955208514017, 0.028168175430310402, 0.02767018559717724, 0.027414861073674215, 0.027239233260695786, 0.0274939869379551, 0.027874761581110984, 0.02868161073982207, 0.029514734605865275, 0.030345172291974937, 0.031248268714928727, 0.032298002681611045, 0.033509628354587276, 0.0348066615601669, 0.03569061118903811, 0.03631377821401384, 0.03654105211474412, 0.03646788532881584, 0.03572808397059345, 0.03427781350345514, 0.03309813106562172, 0.031639416134799855, 0.02970329439236902, 0.027599049067936567, 0.02603054913364457, 0.024090316372098155, 0.02220132238001286, 0.02051452966091278, 0.019044426362309692, 0.017805605247084858, 0.01643252777018217, 0.01523003850809785, 0.01424180324883461, 0.013706552220618947, 0.0130880570946912, 0.012988920737072255, 0.013178248200839212, 0.013386796436950147, 0.01359897371732897, 0.01439195864266014, 0.015495810506657983, 0.016686507754200334, 0.01807173050136072, 0.019341411872889052, 0.020370802976522343, 0.0213787239197115, 0.02262888584538598, 0.02401686851684336, 0.025523335513576738, 0.026670410326906566, 0.02758824337325398, 0.02810647098585074, 0.028219175888028712, 0.02804128716256827, 0.027840212128430745, 0.02799079668741686, 0.027988272685847155, 0.02831306909632167, 0.028434723397990712, 0.0285549391753426, 0.02832607944879636, 0.02800347501499142, 0.027460301198426997, 0.02681840364884072, 0.026203190519756815, 0.02552364346313934, 0.024940794741503684, 0.024553643852497812, 0.024009602077058226, 0.023587486328410737, 0.023053226444370627, 0.02237349941244249, 0.021247392964358097, 0.01948489409103017, 0.01759577829009665, 0.015969918059865678, 0.014849832783247986, 0.014164911869984548, 0.013546042864334782, 0.01328357500957488, 0.012905521640083246, 0.012806686101790404, 0.01256569256360443, 0.01270015008783326, 0.013333718053885597, 0.014364706842779438, 0.015230812921928084, 0.016214173123414017, 0.017422309714956504, 0.01848297873673576, 0.019690103784110968, 0.02062988015396428, 0.021304326954883004, 0.021542023987470748, 0.021445001132587415, 0.02128479356968176, 0.021154257299581803, 0.020548768777841446, 0.020419411659703072, 0.020346908766621045, 0.02018386842926173, 0.020060715556614095, 0.019970155121820186, 0.019905412966441507, 0.019860328269953802, 0.019689549628068632, 0.019110038324468673, 0.018401772510693467, 0.01773443768827515, 0.01691379473734185, 0.0163889904882787, 0.015891976533507178, 0.015695148472402557, 0.015634975895130635, 0.01548249397414641, 0.015250362203767827, 0.01446715870868431, 0.013690714184349355, 0.013111437378948002, 0.01280400987898366, 0.012789088065484542, 0.012885508256999974, 0.012645414791893052, 0.012533763320360268, 0.01300792748125149, 0.014045480441271196, 0.015593406388961941, 0.017496649938682926, 0.01947963017829757, 0.021814960986639112, 0.0244888991790445, 0.027455202671237973, 0.030462142682767764, 0.03347516022004274, 0.03632355277573078, 0.03911728575744543, 0.041489125175428104, 0.043617926344794986, 0.04507509866910146, 0.045973158335007626, 0.046666313335408376, 0.047747911364257295, 0.04910015737076979, 0.051170936172887156, 0.05323921785426519, 0.05484930583024696, 0.05598397968583077, 0.056516639752925084, 0.05678375349578094, 0.05655312215346535, 0.05709318659280136, 0.05753330561326649, 0.05822424761198231, 0.05856641837777238, 0.058663546697002605, 0.05829520111627496, 0.058019458378357286, 0.05786276302771312, 0.057678835712609886, 0.05721489013034267, 0.05620972754199197, 0.05488023496470325, 0.05291870088860013, 0.05085359195424363, 0.04836971777146554, 0.045888993393773454, 0.04332790860019442, 0.040721243397433354, 0.03815348906679705, 0.03609755066086763, 0.03431153121207709, 0.03269994312791247, 0.03113246913067769, 0.029533434333839276, 0.02779284963423818, 0.02581340528028532, 0.023636664296078556, 0.021032966406022018, 0.018298152858289164, 0.015471223173718233, 0.012975006021594128, 0.011476514573927241, 0.011190786613452559, 0.012013514795745658, 0.013192708648177051, 0.0146026096239084, 0.016627808096549106, 0.019288816219412905, 0.022115031993867204, 0.024956066779425322, 0.027947127033299147, 0.030317719296220055, 0.03213024736687776, 0.033908117916643665, 0.035613155393420214, 0.03695858371541455, 0.0370883147011733, 0.035844860180821725, 0.03331269225961453, 0.030127822662769057, 0.026675716455458534, 0.02305094507263966, 0.019294584365168215, 0.016588874620184203, 0.013459760460278334, 0.010513659470637583, 0.008184205378854309, 0.005908681970234855, 0.003908372487361734, 0.002250880846271649, 0.001837561814419065, 0.003902446460586522, 0.00649131804032715, 0.008842266053540701, 0.011337576744963709, 0.013847821453172829, 0.016241515374979285, 0.018506880743639053, 0.020753891025054552, 0.022854281545735794, 0.025177910908837288, 0.027764777035113285, 0.0302577363231247, 0.032552204835272186, 0.033962244268502154, 0.03530995724171245, 0.036795414568091225, 0.03840706162943578, 0.039993850675796264, 0.04133645030179679, 0.04211247094820217, 0.04239213751353172, 0.042192499106345205, 0.04200269786908514, 0.041897190162155235, 0.041830932940717325, 0.04166737666619139, 0.04206882264734189, 0.0426127097658282, 0.042895687146734904, 0.04300135533202284, 0.04249799814293581, 0.041897582995049115, 0.04072077112408416, 0.03927976254850985, 0.037331499513228325, 0.035889992777759706, 0.03456359233645024, 0.033243529781910974, 0.03199033675126687, 0.03059935779738079, 0.029272240636492235, 0.027900707354997015, 0.02654938414970694, 0.02543173352052397, 0.024311103096379235, 0.023065212419431085, 0.021685454855791198, 0.02041159885695607, 0.019056064221564174, 0.017656707279948437, 0.01626614648165674, 0.015012383850973622, 0.013603567963072178, 0.012189757837366814, 0.010674529938407772, 0.009407142987148039, 0.008344525906195775, 0.007439054007672372, 0.0072034584519923735, 0.007775010970036668, 0.009047582903156274, 0.010731538882415681, 0.01253460028234948, 0.014333543563369548, 0.016070624592636203, 0.017817726146123574, 0.019557256660804743, 0.02116824086555951, 0.022529303997840977, 0.023628588936546305, 0.02391411988476377, 0.02359656311707365, 0.022355277074164143, 0.020961866673625245, 0.018393580144489934, 0.015660552711922182, 0.013874328661167971, 0.01254026736778108, 0.011812131260623127, 0.010800298354986543, 0.00961805971638548, 0.008471507575266851, 0.007656757785702683, 0.006719580941926242, 0.0056999472982024405, 0.005125787188458596, 0.00504686530895439, 0.005697178935649704, 0.006245540782853768, 0.0070976650798796875, 0.007900543705723831, 0.008755370167568399, 0.009807746909975117, 0.011209592216881203, 0.01276960312030194, 0.014467251258771754, 0.015865855510978952, 0.01751794577394112, 0.01978728846519214, 0.022540086452385207, 0.024859037758439572, 0.02589623397823137, 0.02611181133516041, 0.026565850619759173, 0.0272557734372972, 0.02776644526036269, 0.02799937699621002, 0.02818388188652303, 0.02806005928616626, 0.028083982827741123, 0.02781538632605852, 0.027763976455106594, 0.028120518002563644, 0.028688559534023904, 0.029389365084960088, 0.030059907204608147, 0.03052096911154336, 0.031053468449087778, 0.03142000488428638, 0.03173833045042581, 0.031892653890475096, 0.03198060527161537, 0.031944507243272385, 0.03180892531117334, 0.03180195743523648, 0.03175983113429147, 0.03185651864929952, 0.032146459060636644, 0.032526908876218445, 0.033087790299913135, 0.03370146462957083, 0.0342847740780508, 0.0344768243549477, 0.03441738754137779, 0.034008301029805295]",0.02767018559717724,0.035584387641334536,0.020371823363374314,0.018725062986107988,0.0,0.0,0.03259827254348968,0.035584387641334536,0.020371823363374314,0.018725062986107988,1.7280000000000002,1717635302.431443,2024-06-06_10-55-02
0.5059,-0.09744,0.44575178722689235,0.4701915088993573,-0.11610780159216558,0.4658288336083798,0.5059,-0.09744,0.47811096798977176,0.4701915088993573,-0.11610780159216558,0.4658288336083798,0.027414861073674215,"[0.011315756658919754, 0.012192407496521018, 0.01288995615295488, 0.01359963525141729, 0.014321891165186378, 0.015181047888625853, 0.01592941522152252, 0.01673874496494045, 0.01751440457689525, 0.01835087734908702, 0.019202544572813795, 0.020070622325609303, 0.02095627718778323, 0.02186061264947246, 0.022737260153569413, 0.023681097053535004, 0.024646250751560458, 0.025633386418693636, 0.02659237614956749, 0.027623542314219474, 0.0286250346734827, 0.029647102596467904, 0.03056454213255984, 0.031680305841655834, 0.03263530150735364, 0.033606764937046466, 0.034593095597664145, 0.03536350794006898, 0.035930760474075646, 0.03631257033147624, 0.03661317474198803, 0.03688385713543919, 0.03738127616234113, 0.037934719347479336, 0.03858163380471939, 0.03921882339006296, 0.03999131852533767, 0.04074980907886149, 0.04127472956039594, 0.04151563832077664, 0.04151964454301027, 0.04123464219442919, 0.04096829512038153, 0.04056460486818273, 0.04028281736824196, 0.04000166841569801, 0.03919762289117317, 0.037812479337396496, 0.03622310391275238, 0.03453579653228067, 0.0330206041779641, 0.031565009966306234, 0.03054064037737075, 0.029904305612678588, 0.029394155816597912, 0.028896840658953926, 0.02825322628704274, 0.027685220830545497, 0.02666364029859006, 0.025486033827772144, 0.02414387260068274, 0.023028867611909868, 0.022681878550084772, 0.02299235797660897, 0.02387546679328945, 0.024738332374206702, 0.025547718436096926, 0.026640938816603423, 0.02759836215880636, 0.028240938725365098, 0.028199955208514017, 0.028168175430310402, 0.02767018559717724, 0.027414861073674215, 0.027239233260695786, 0.0274939869379551, 0.027874761581110984, 0.02868161073982207, 0.029514734605865275, 0.030345172291974937, 0.031248268714928727, 0.032298002681611045, 0.033509628354587276, 0.0348066615601669, 0.03569061118903811, 0.03631377821401384, 0.03654105211474412, 0.03646788532881584, 0.03572808397059345, 0.03427781350345514, 0.03309813106562172, 0.031639416134799855, 0.02970329439236902, 0.027599049067936567, 0.02603054913364457, 0.024090316372098155, 0.02220132238001286, 0.02051452966091278, 0.019044426362309692, 0.017805605247084858, 0.01643252777018217, 0.01523003850809785, 0.01424180324883461, 0.013706552220618947, 0.0130880570946912, 0.012988920737072255, 0.013178248200839212, 0.013386796436950147, 0.01359897371732897, 0.01439195864266014, 0.015495810506657983, 0.016686507754200334, 0.01807173050136072, 0.019341411872889052, 0.020370802976522343, 0.0213787239197115, 0.02262888584538598, 0.02401686851684336, 0.025523335513576738, 0.026670410326906566, 0.02758824337325398, 0.02810647098585074, 0.028219175888028712, 0.02804128716256827, 0.027840212128430745, 0.02799079668741686, 0.027988272685847155, 0.02831306909632167, 0.028434723397990712, 0.0285549391753426, 0.02832607944879636, 0.02800347501499142, 0.027460301198426997, 0.02681840364884072, 0.026203190519756815, 0.02552364346313934, 0.024940794741503684, 0.024553643852497812, 0.024009602077058226, 0.023587486328410737, 0.023053226444370627, 0.02237349941244249, 0.021247392964358097, 0.01948489409103017, 0.01759577829009665, 0.015969918059865678, 0.014849832783247986, 0.014164911869984548, 0.013546042864334782, 0.01328357500957488, 0.012905521640083246, 0.012806686101790404, 0.01256569256360443, 0.01270015008783326, 0.013333718053885597, 0.014364706842779438, 0.015230812921928084, 0.016214173123414017, 0.017422309714956504, 0.01848297873673576, 0.019690103784110968, 0.02062988015396428, 0.021304326954883004, 0.021542023987470748, 0.021445001132587415, 0.02128479356968176, 0.021154257299581803, 0.020548768777841446, 0.020419411659703072, 0.020346908766621045, 0.02018386842926173, 0.020060715556614095, 0.019970155121820186, 0.019905412966441507, 0.019860328269953802, 0.019689549628068632, 0.019110038324468673, 0.018401772510693467, 0.01773443768827515, 0.01691379473734185, 0.0163889904882787, 0.015891976533507178, 0.015695148472402557, 0.015634975895130635, 0.01548249397414641, 0.015250362203767827, 0.01446715870868431, 0.013690714184349355, 0.013111437378948002, 0.01280400987898366, 0.012789088065484542, 0.012885508256999974, 0.012645414791893052, 0.012533763320360268, 0.01300792748125149, 0.014045480441271196, 0.015593406388961941, 0.017496649938682926, 0.01947963017829757, 0.021814960986639112, 0.0244888991790445, 0.027455202671237973, 0.030462142682767764, 0.03347516022004274, 0.03632355277573078, 0.03911728575744543, 0.041489125175428104, 0.043617926344794986, 0.04507509866910146, 0.045973158335007626, 0.046666313335408376, 0.047747911364257295, 0.04910015737076979, 0.051170936172887156, 0.05323921785426519, 0.05484930583024696, 0.05598397968583077, 0.056516639752925084, 0.05678375349578094, 0.05655312215346535, 0.05709318659280136, 0.05753330561326649, 0.05822424761198231, 0.05856641837777238, 0.058663546697002605, 0.05829520111627496, 0.058019458378357286, 0.05786276302771312, 0.057678835712609886, 0.05721489013034267, 0.05620972754199197, 0.05488023496470325, 0.05291870088860013, 0.05085359195424363, 0.04836971777146554, 0.045888993393773454, 0.04332790860019442, 0.040721243397433354, 0.03815348906679705, 0.03609755066086763, 0.03431153121207709, 0.03269994312791247, 0.03113246913067769, 0.029533434333839276, 0.02779284963423818, 0.02581340528028532, 0.023636664296078556, 0.021032966406022018, 0.018298152858289164, 0.015471223173718233, 0.012975006021594128, 0.011476514573927241, 0.011190786613452559, 0.012013514795745658, 0.013192708648177051, 0.0146026096239084, 0.016627808096549106, 0.019288816219412905, 0.022115031993867204, 0.024956066779425322, 0.027947127033299147, 0.030317719296220055, 0.03213024736687776, 0.033908117916643665, 0.035613155393420214, 0.03695858371541455, 0.0370883147011733, 0.035844860180821725, 0.03331269225961453, 0.030127822662769057, 0.026675716455458534, 0.02305094507263966, 0.019294584365168215, 0.016588874620184203, 0.013459760460278334, 0.010513659470637583, 0.008184205378854309, 0.005908681970234855, 0.003908372487361734, 0.002250880846271649, 0.001837561814419065, 0.003902446460586522, 0.00649131804032715, 0.008842266053540701, 0.011337576744963709, 0.013847821453172829, 0.016241515374979285, 0.018506880743639053, 0.020753891025054552, 0.022854281545735794, 0.025177910908837288, 0.027764777035113285, 0.0302577363231247, 0.032552204835272186, 0.033962244268502154, 0.03530995724171245, 0.036795414568091225, 0.03840706162943578, 0.039993850675796264, 0.04133645030179679, 0.04211247094820217, 0.04239213751353172, 0.042192499106345205, 0.04200269786908514, 0.041897190162155235, 0.041830932940717325, 0.04166737666619139, 0.04206882264734189, 0.0426127097658282, 0.042895687146734904, 0.04300135533202284, 0.04249799814293581, 0.041897582995049115, 0.04072077112408416, 0.03927976254850985, 0.037331499513228325, 0.035889992777759706, 0.03456359233645024, 0.033243529781910974, 0.03199033675126687, 0.03059935779738079, 0.029272240636492235, 0.027900707354997015, 0.02654938414970694, 0.02543173352052397, 0.024311103096379235, 0.023065212419431085, 0.021685454855791198, 0.02041159885695607, 0.019056064221564174, 0.017656707279948437, 0.01626614648165674, 0.015012383850973622, 0.013603567963072178, 0.012189757837366814, 0.010674529938407772, 0.009407142987148039, 0.008344525906195775, 0.007439054007672372, 0.0072034584519923735, 0.007775010970036668, 0.009047582903156274, 0.010731538882415681, 0.01253460028234948, 0.014333543563369548, 0.016070624592636203, 0.017817726146123574, 0.019557256660804743, 0.02116824086555951, 0.022529303997840977, 0.023628588936546305, 0.02391411988476377, 0.02359656311707365, 0.022355277074164143, 0.020961866673625245, 0.018393580144489934, 0.015660552711922182, 0.013874328661167971, 0.01254026736778108, 0.011812131260623127, 0.010800298354986543, 0.00961805971638548, 0.008471507575266851, 0.007656757785702683, 0.006719580941926242, 0.0056999472982024405, 0.005125787188458596, 0.00504686530895439, 0.005697178935649704, 0.006245540782853768, 0.0070976650798796875, 0.007900543705723831, 0.008755370167568399, 0.009807746909975117, 0.011209592216881203, 0.01276960312030194, 0.014467251258771754, 0.015865855510978952, 0.01751794577394112, 0.01978728846519214, 0.022540086452385207, 0.024859037758439572, 0.02589623397823137, 0.02611181133516041, 0.026565850619759173, 0.0272557734372972, 0.02776644526036269, 0.02799937699621002, 0.02818388188652303, 0.02806005928616626, 0.028083982827741123, 0.02781538632605852, 0.027763976455106594, 0.028120518002563644, 0.028688559534023904, 0.029389365084960088, 0.030059907204608147, 0.03052096911154336, 0.031053468449087778, 0.03142000488428638, 0.03173833045042581, 0.031892653890475096, 0.03198060527161537, 0.031944507243272385, 0.03180892531117334, 0.03180195743523648, 0.03175983113429147, 0.03185651864929952, 0.032146459060636644, 0.032526908876218445, 0.033087790299913135, 0.03370146462957083, 0.0342847740780508, 0.0344768243549477, 0.03441738754137779, 0.034008301029805295]",0.027414861073674215,0.035708491100642725,0.018667801592165578,0.02007704638148744,0.0,0.0,0.032359180762879414,0.035708491100642725,0.018667801592165578,0.02007704638148744,1.752,1717635302.4552395,2024-06-06_10-55-02
0.5059,-0.09672,0.4439447004253574,0.4701132958673384,-0.11366436163265345,0.4652722515621489,0.5059,-0.09672,0.4760647894076265,0.4701132958673384,-0.11366436163265345,0.4652722515621489,0.027239233260695786,"[0.011315756658919754, 0.012192407496521018, 0.01288995615295488, 0.01359963525141729, 0.014321891165186378, 0.015181047888625853, 0.01592941522152252, 0.01673874496494045, 0.01751440457689525, 0.01835087734908702, 0.019202544572813795, 0.020070622325609303, 0.02095627718778323, 0.02186061264947246, 0.022737260153569413, 0.023681097053535004, 0.024646250751560458, 0.025633386418693636, 0.02659237614956749, 0.027623542314219474, 0.0286250346734827, 0.029647102596467904, 0.03056454213255984, 0.031680305841655834, 0.03263530150735364, 0.033606764937046466, 0.034593095597664145, 0.03536350794006898, 0.035930760474075646, 0.03631257033147624, 0.03661317474198803, 0.03688385713543919, 0.03738127616234113, 0.037934719347479336, 0.03858163380471939, 0.03921882339006296, 0.03999131852533767, 0.04074980907886149, 0.04127472956039594, 0.04151563832077664, 0.04151964454301027, 0.04123464219442919, 0.04096829512038153, 0.04056460486818273, 0.04028281736824196, 0.04000166841569801, 0.03919762289117317, 0.037812479337396496, 0.03622310391275238, 0.03453579653228067, 0.0330206041779641, 0.031565009966306234, 0.03054064037737075, 0.029904305612678588, 0.029394155816597912, 0.028896840658953926, 0.02825322628704274, 0.027685220830545497, 0.02666364029859006, 0.025486033827772144, 0.02414387260068274, 0.023028867611909868, 0.022681878550084772, 0.02299235797660897, 0.02387546679328945, 0.024738332374206702, 0.025547718436096926, 0.026640938816603423, 0.02759836215880636, 0.028240938725365098, 0.028199955208514017, 0.028168175430310402, 0.02767018559717724, 0.027414861073674215, 0.027239233260695786, 0.0274939869379551, 0.027874761581110984, 0.02868161073982207, 0.029514734605865275, 0.030345172291974937, 0.031248268714928727, 0.032298002681611045, 0.033509628354587276, 0.0348066615601669, 0.03569061118903811, 0.03631377821401384, 0.03654105211474412, 0.03646788532881584, 0.03572808397059345, 0.03427781350345514, 0.03309813106562172, 0.031639416134799855, 0.02970329439236902, 0.027599049067936567, 0.02603054913364457, 0.024090316372098155, 0.02220132238001286, 0.02051452966091278, 0.019044426362309692, 0.017805605247084858, 0.01643252777018217, 0.01523003850809785, 0.01424180324883461, 0.013706552220618947, 0.0130880570946912, 0.012988920737072255, 0.013178248200839212, 0.013386796436950147, 0.01359897371732897, 0.01439195864266014, 0.015495810506657983, 0.016686507754200334, 0.01807173050136072, 0.019341411872889052, 0.020370802976522343, 0.0213787239197115, 0.02262888584538598, 0.02401686851684336, 0.025523335513576738, 0.026670410326906566, 0.02758824337325398, 0.02810647098585074, 0.028219175888028712, 0.02804128716256827, 0.027840212128430745, 0.02799079668741686, 0.027988272685847155, 0.02831306909632167, 0.028434723397990712, 0.0285549391753426, 0.02832607944879636, 0.02800347501499142, 0.027460301198426997, 0.02681840364884072, 0.026203190519756815, 0.02552364346313934, 0.024940794741503684, 0.024553643852497812, 0.024009602077058226, 0.023587486328410737, 0.023053226444370627, 0.02237349941244249, 0.021247392964358097, 0.01948489409103017, 0.01759577829009665, 0.015969918059865678, 0.014849832783247986, 0.014164911869984548, 0.013546042864334782, 0.01328357500957488, 0.012905521640083246, 0.012806686101790404, 0.01256569256360443, 0.01270015008783326, 0.013333718053885597, 0.014364706842779438, 0.015230812921928084, 0.016214173123414017, 0.017422309714956504, 0.01848297873673576, 0.019690103784110968, 0.02062988015396428, 0.021304326954883004, 0.021542023987470748, 0.021445001132587415, 0.02128479356968176, 0.021154257299581803, 0.020548768777841446, 0.020419411659703072, 0.020346908766621045, 0.02018386842926173, 0.020060715556614095, 0.019970155121820186, 0.019905412966441507, 0.019860328269953802, 0.019689549628068632, 0.019110038324468673, 0.018401772510693467, 0.01773443768827515, 0.01691379473734185, 0.0163889904882787, 0.015891976533507178, 0.015695148472402557, 0.015634975895130635, 0.01548249397414641, 0.015250362203767827, 0.01446715870868431, 0.013690714184349355, 0.013111437378948002, 0.01280400987898366, 0.012789088065484542, 0.012885508256999974, 0.012645414791893052, 0.012533763320360268, 0.01300792748125149, 0.014045480441271196, 0.015593406388961941, 0.017496649938682926, 0.01947963017829757, 0.021814960986639112, 0.0244888991790445, 0.027455202671237973, 0.030462142682767764, 0.03347516022004274, 0.03632355277573078, 0.03911728575744543, 0.041489125175428104, 0.043617926344794986, 0.04507509866910146, 0.045973158335007626, 0.046666313335408376, 0.047747911364257295, 0.04910015737076979, 0.051170936172887156, 0.05323921785426519, 0.05484930583024696, 0.05598397968583077, 0.056516639752925084, 0.05678375349578094, 0.05655312215346535, 0.05709318659280136, 0.05753330561326649, 0.05822424761198231, 0.05856641837777238, 0.058663546697002605, 0.05829520111627496, 0.058019458378357286, 0.05786276302771312, 0.057678835712609886, 0.05721489013034267, 0.05620972754199197, 0.05488023496470325, 0.05291870088860013, 0.05085359195424363, 0.04836971777146554, 0.045888993393773454, 0.04332790860019442, 0.040721243397433354, 0.03815348906679705, 0.03609755066086763, 0.03431153121207709, 0.03269994312791247, 0.03113246913067769, 0.029533434333839276, 0.02779284963423818, 0.02581340528028532, 0.023636664296078556, 0.021032966406022018, 0.018298152858289164, 0.015471223173718233, 0.012975006021594128, 0.011476514573927241, 0.011190786613452559, 0.012013514795745658, 0.013192708648177051, 0.0146026096239084, 0.016627808096549106, 0.019288816219412905, 0.022115031993867204, 0.024956066779425322, 0.027947127033299147, 0.030317719296220055, 0.03213024736687776, 0.033908117916643665, 0.035613155393420214, 0.03695858371541455, 0.0370883147011733, 0.035844860180821725, 0.03331269225961453, 0.030127822662769057, 0.026675716455458534, 0.02305094507263966, 0.019294584365168215, 0.016588874620184203, 0.013459760460278334, 0.010513659470637583, 0.008184205378854309, 0.005908681970234855, 0.003908372487361734, 0.002250880846271649, 0.001837561814419065, 0.003902446460586522, 0.00649131804032715, 0.008842266053540701, 0.011337576744963709, 0.013847821453172829, 0.016241515374979285, 0.018506880743639053, 0.020753891025054552, 0.022854281545735794, 0.025177910908837288, 0.027764777035113285, 0.0302577363231247, 0.032552204835272186, 0.033962244268502154, 0.03530995724171245, 0.036795414568091225, 0.03840706162943578, 0.039993850675796264, 0.04133645030179679, 0.04211247094820217, 0.04239213751353172, 0.042192499106345205, 0.04200269786908514, 0.041897190162155235, 0.041830932940717325, 0.04166737666619139, 0.04206882264734189, 0.0426127097658282, 0.042895687146734904, 0.04300135533202284, 0.04249799814293581, 0.041897582995049115, 0.04072077112408416, 0.03927976254850985, 0.037331499513228325, 0.035889992777759706, 0.03456359233645024, 0.033243529781910974, 0.03199033675126687, 0.03059935779738079, 0.029272240636492235, 0.027900707354997015, 0.02654938414970694, 0.02543173352052397, 0.024311103096379235, 0.023065212419431085, 0.021685454855791198, 0.02041159885695607, 0.019056064221564174, 0.017656707279948437, 0.01626614648165674, 0.015012383850973622, 0.013603567963072178, 0.012189757837366814, 0.010674529938407772, 0.009407142987148039, 0.008344525906195775, 0.007439054007672372, 0.0072034584519923735, 0.007775010970036668, 0.009047582903156274, 0.010731538882415681, 0.01253460028234948, 0.014333543563369548, 0.016070624592636203, 0.017817726146123574, 0.019557256660804743, 0.02116824086555951, 0.022529303997840977, 0.023628588936546305, 0.02391411988476377, 0.02359656311707365, 0.022355277074164143, 0.020961866673625245, 0.018393580144489934, 0.015660552711922182, 0.013874328661167971, 0.01254026736778108, 0.011812131260623127, 0.010800298354986543, 0.00961805971638548, 0.008471507575266851, 0.007656757785702683, 0.006719580941926242, 0.0056999472982024405, 0.005125787188458596, 0.00504686530895439, 0.005697178935649704, 0.006245540782853768, 0.0070976650798796875, 0.007900543705723831, 0.008755370167568399, 0.009807746909975117, 0.011209592216881203, 0.01276960312030194, 0.014467251258771754, 0.015865855510978952, 0.01751794577394112, 0.01978728846519214, 0.022540086452385207, 0.024859037758439572, 0.02589623397823137, 0.02611181133516041, 0.026565850619759173, 0.0272557734372972, 0.02776644526036269, 0.02799937699621002, 0.02818388188652303, 0.02806005928616626, 0.028083982827741123, 0.02781538632605852, 0.027763976455106594, 0.028120518002563644, 0.028688559534023904, 0.029389365084960088, 0.030059907204608147, 0.03052096911154336, 0.031053468449087778, 0.03142000488428638, 0.03173833045042581, 0.031892653890475096, 0.03198060527161537, 0.031944507243272385, 0.03180892531117334, 0.03180195743523648, 0.03175983113429147, 0.03185651864929952, 0.032146459060636644, 0.032526908876218445, 0.033087790299913135, 0.03370146462957083, 0.0342847740780508, 0.0344768243549477, 0.03441738754137779, 0.034008301029805295]",0.027239233260695786,0.035786704132661606,0.01694436163265345,0.021327551136791523,0.0,0.0,0.03212008898226909,0.035786704132661606,0.01694436163265345,0.021327551136791523,1.776,1717635302.478974,2024-06-06_10-55-02
0.5059,-0.096,0.4421202248867915,0.4700876096820827,-0.11166253386325733,0.46471678105641084,0.5059,-0.096,0.47400122208845036,0.4700876096820827,-0.11166253386325733,0.46471678105641084,0.0274939869379551,"[0.011315756658919754, 0.012192407496521018, 0.01288995615295488, 0.01359963525141729, 0.014321891165186378, 0.015181047888625853, 0.01592941522152252, 0.01673874496494045, 0.01751440457689525, 0.01835087734908702, 0.019202544572813795, 0.020070622325609303, 0.02095627718778323, 0.02186061264947246, 0.022737260153569413, 0.023681097053535004, 0.024646250751560458, 0.025633386418693636, 0.02659237614956749, 0.027623542314219474, 0.0286250346734827, 0.029647102596467904, 0.03056454213255984, 0.031680305841655834, 0.03263530150735364, 0.033606764937046466, 0.034593095597664145, 0.03536350794006898, 0.035930760474075646, 0.03631257033147624, 0.03661317474198803, 0.03688385713543919, 0.03738127616234113, 0.037934719347479336, 0.03858163380471939, 0.03921882339006296, 0.03999131852533767, 0.04074980907886149, 0.04127472956039594, 0.04151563832077664, 0.04151964454301027, 0.04123464219442919, 0.04096829512038153, 0.04056460486818273, 0.04028281736824196, 0.04000166841569801, 0.03919762289117317, 0.037812479337396496, 0.03622310391275238, 0.03453579653228067, 0.0330206041779641, 0.031565009966306234, 0.03054064037737075, 0.029904305612678588, 0.029394155816597912, 0.028896840658953926, 0.02825322628704274, 0.027685220830545497, 0.02666364029859006, 0.025486033827772144, 0.02414387260068274, 0.023028867611909868, 0.022681878550084772, 0.02299235797660897, 0.02387546679328945, 0.024738332374206702, 0.025547718436096926, 0.026640938816603423, 0.02759836215880636, 0.028240938725365098, 0.028199955208514017, 0.028168175430310402, 0.02767018559717724, 0.027414861073674215, 0.027239233260695786, 0.0274939869379551, 0.027874761581110984, 0.02868161073982207, 0.029514734605865275, 0.030345172291974937, 0.031248268714928727, 0.032298002681611045, 0.033509628354587276, 0.0348066615601669, 0.03569061118903811, 0.03631377821401384, 0.03654105211474412, 0.03646788532881584, 0.03572808397059345, 0.03427781350345514, 0.03309813106562172, 0.031639416134799855, 0.02970329439236902, 0.027599049067936567, 0.02603054913364457, 0.024090316372098155, 0.02220132238001286, 0.02051452966091278, 0.019044426362309692, 0.017805605247084858, 0.01643252777018217, 0.01523003850809785, 0.01424180324883461, 0.013706552220618947, 0.0130880570946912, 0.012988920737072255, 0.013178248200839212, 0.013386796436950147, 0.01359897371732897, 0.01439195864266014, 0.015495810506657983, 0.016686507754200334, 0.01807173050136072, 0.019341411872889052, 0.020370802976522343, 0.0213787239197115, 0.02262888584538598, 0.02401686851684336, 0.025523335513576738, 0.026670410326906566, 0.02758824337325398, 0.02810647098585074, 0.028219175888028712, 0.02804128716256827, 0.027840212128430745, 0.02799079668741686, 0.027988272685847155, 0.02831306909632167, 0.028434723397990712, 0.0285549391753426, 0.02832607944879636, 0.02800347501499142, 0.027460301198426997, 0.02681840364884072, 0.026203190519756815, 0.02552364346313934, 0.024940794741503684, 0.024553643852497812, 0.024009602077058226, 0.023587486328410737, 0.023053226444370627, 0.02237349941244249, 0.021247392964358097, 0.01948489409103017, 0.01759577829009665, 0.015969918059865678, 0.014849832783247986, 0.014164911869984548, 0.013546042864334782, 0.01328357500957488, 0.012905521640083246, 0.012806686101790404, 0.01256569256360443, 0.01270015008783326, 0.013333718053885597, 0.014364706842779438, 0.015230812921928084, 0.016214173123414017, 0.017422309714956504, 0.01848297873673576, 0.019690103784110968, 0.02062988015396428, 0.021304326954883004, 0.021542023987470748, 0.021445001132587415, 0.02128479356968176, 0.021154257299581803, 0.020548768777841446, 0.020419411659703072, 0.020346908766621045, 0.02018386842926173, 0.020060715556614095, 0.019970155121820186, 0.019905412966441507, 0.019860328269953802, 0.019689549628068632, 0.019110038324468673, 0.018401772510693467, 0.01773443768827515, 0.01691379473734185, 0.0163889904882787, 0.015891976533507178, 0.015695148472402557, 0.015634975895130635, 0.01548249397414641, 0.015250362203767827, 0.01446715870868431, 0.013690714184349355, 0.013111437378948002, 0.01280400987898366, 0.012789088065484542, 0.012885508256999974, 0.012645414791893052, 0.012533763320360268, 0.01300792748125149, 0.014045480441271196, 0.015593406388961941, 0.017496649938682926, 0.01947963017829757, 0.021814960986639112, 0.0244888991790445, 0.027455202671237973, 0.030462142682767764, 0.03347516022004274, 0.03632355277573078, 0.03911728575744543, 0.041489125175428104, 0.043617926344794986, 0.04507509866910146, 0.045973158335007626, 0.046666313335408376, 0.047747911364257295, 0.04910015737076979, 0.051170936172887156, 0.05323921785426519, 0.05484930583024696, 0.05598397968583077, 0.056516639752925084, 0.05678375349578094, 0.05655312215346535, 0.05709318659280136, 0.05753330561326649, 0.05822424761198231, 0.05856641837777238, 0.058663546697002605, 0.05829520111627496, 0.058019458378357286, 0.05786276302771312, 0.057678835712609886, 0.05721489013034267, 0.05620972754199197, 0.05488023496470325, 0.05291870088860013, 0.05085359195424363, 0.04836971777146554, 0.045888993393773454, 0.04332790860019442, 0.040721243397433354, 0.03815348906679705, 0.03609755066086763, 0.03431153121207709, 0.03269994312791247, 0.03113246913067769, 0.029533434333839276, 0.02779284963423818, 0.02581340528028532, 0.023636664296078556, 0.021032966406022018, 0.018298152858289164, 0.015471223173718233, 0.012975006021594128, 0.011476514573927241, 0.011190786613452559, 0.012013514795745658, 0.013192708648177051, 0.0146026096239084, 0.016627808096549106, 0.019288816219412905, 0.022115031993867204, 0.024956066779425322, 0.027947127033299147, 0.030317719296220055, 0.03213024736687776, 0.033908117916643665, 0.035613155393420214, 0.03695858371541455, 0.0370883147011733, 0.035844860180821725, 0.03331269225961453, 0.030127822662769057, 0.026675716455458534, 0.02305094507263966, 0.019294584365168215, 0.016588874620184203, 0.013459760460278334, 0.010513659470637583, 0.008184205378854309, 0.005908681970234855, 0.003908372487361734, 0.002250880846271649, 0.001837561814419065, 0.003902446460586522, 0.00649131804032715, 0.008842266053540701, 0.011337576744963709, 0.013847821453172829, 0.016241515374979285, 0.018506880743639053, 0.020753891025054552, 0.022854281545735794, 0.025177910908837288, 0.027764777035113285, 0.0302577363231247, 0.032552204835272186, 0.033962244268502154, 0.03530995724171245, 0.036795414568091225, 0.03840706162943578, 0.039993850675796264, 0.04133645030179679, 0.04211247094820217, 0.04239213751353172, 0.042192499106345205, 0.04200269786908514, 0.041897190162155235, 0.041830932940717325, 0.04166737666619139, 0.04206882264734189, 0.0426127097658282, 0.042895687146734904, 0.04300135533202284, 0.04249799814293581, 0.041897582995049115, 0.04072077112408416, 0.03927976254850985, 0.037331499513228325, 0.035889992777759706, 0.03456359233645024, 0.033243529781910974, 0.03199033675126687, 0.03059935779738079, 0.029272240636492235, 0.027900707354997015, 0.02654938414970694, 0.02543173352052397, 0.024311103096379235, 0.023065212419431085, 0.021685454855791198, 0.02041159885695607, 0.019056064221564174, 0.017656707279948437, 0.01626614648165674, 0.015012383850973622, 0.013603567963072178, 0.012189757837366814, 0.010674529938407772, 0.009407142987148039, 0.008344525906195775, 0.007439054007672372, 0.0072034584519923735, 0.007775010970036668, 0.009047582903156274, 0.010731538882415681, 0.01253460028234948, 0.014333543563369548, 0.016070624592636203, 0.017817726146123574, 0.019557256660804743, 0.02116824086555951, 0.022529303997840977, 0.023628588936546305, 0.02391411988476377, 0.02359656311707365, 0.022355277074164143, 0.020961866673625245, 0.018393580144489934, 0.015660552711922182, 0.013874328661167971, 0.01254026736778108, 0.011812131260623127, 0.010800298354986543, 0.00961805971638548, 0.008471507575266851, 0.007656757785702683, 0.006719580941926242, 0.0056999472982024405, 0.005125787188458596, 0.00504686530895439, 0.005697178935649704, 0.006245540782853768, 0.0070976650798796875, 0.007900543705723831, 0.008755370167568399, 0.009807746909975117, 0.011209592216881203, 0.01276960312030194, 0.014467251258771754, 0.015865855510978952, 0.01751794577394112, 0.01978728846519214, 0.022540086452385207, 0.024859037758439572, 0.02589623397823137, 0.02611181133516041, 0.026565850619759173, 0.0272557734372972, 0.02776644526036269, 0.02799937699621002, 0.02818388188652303, 0.02806005928616626, 0.028083982827741123, 0.02781538632605852, 0.027763976455106594, 0.028120518002563644, 0.028688559534023904, 0.029389365084960088, 0.030059907204608147, 0.03052096911154336, 0.031053468449087778, 0.03142000488428638, 0.03173833045042581, 0.031892653890475096, 0.03198060527161537, 0.031944507243272385, 0.03180892531117334, 0.03180195743523648, 0.03175983113429147, 0.03185651864929952, 0.032146459060636644, 0.032526908876218445, 0.033087790299913135, 0.03370146462957083, 0.0342847740780508, 0.0344768243549477, 0.03441738754137779, 0.034008301029805295]",0.0274939869379551,0.03581239031791733,0.015662533863257333,0.022596556169619364,0.0,0.0,0.03188099720165888,0.03581239031791733,0.015662533863257333,0.022596556169619364,1.7999999999999998,1717635302.5037594,2024-06-06_10-55-02
0.5059,-0.09528,0.4402863912920535,0.4700511590808512,-0.10966510528836508,0.4641625526050961,0.5059,-0.09528,0.47160808623793926,0.4700511590808512,-0.10966510528836508,0.4641625526050961,0.027874761581110984,"[0.011315756658919754, 0.012192407496521018, 0.01288995615295488, 0.01359963525141729, 0.014321891165186378, 0.015181047888625853, 0.01592941522152252, 0.01673874496494045, 0.01751440457689525, 0.01835087734908702, 0.019202544572813795, 0.020070622325609303, 0.02095627718778323, 0.02186061264947246, 0.022737260153569413, 0.023681097053535004, 0.024646250751560458, 0.025633386418693636, 0.02659237614956749, 0.027623542314219474, 0.0286250346734827, 0.029647102596467904, 0.03056454213255984, 0.031680305841655834, 0.03263530150735364, 0.033606764937046466, 0.034593095597664145, 0.03536350794006898, 0.035930760474075646, 0.03631257033147624, 0.03661317474198803, 0.03688385713543919, 0.03738127616234113, 0.037934719347479336, 0.03858163380471939, 0.03921882339006296, 0.03999131852533767, 0.04074980907886149, 0.04127472956039594, 0.04151563832077664, 0.04151964454301027, 0.04123464219442919, 0.04096829512038153, 0.04056460486818273, 0.04028281736824196, 0.04000166841569801, 0.03919762289117317, 0.037812479337396496, 0.03622310391275238, 0.03453579653228067, 0.0330206041779641, 0.031565009966306234, 0.03054064037737075, 0.029904305612678588, 0.029394155816597912, 0.028896840658953926, 0.02825322628704274, 0.027685220830545497, 0.02666364029859006, 0.025486033827772144, 0.02414387260068274, 0.023028867611909868, 0.022681878550084772, 0.02299235797660897, 0.02387546679328945, 0.024738332374206702, 0.025547718436096926, 0.026640938816603423, 0.02759836215880636, 0.028240938725365098, 0.028199955208514017, 0.028168175430310402, 0.02767018559717724, 0.027414861073674215, 0.027239233260695786, 0.0274939869379551, 0.027874761581110984, 0.02868161073982207, 0.029514734605865275, 0.030345172291974937, 0.031248268714928727, 0.032298002681611045, 0.033509628354587276, 0.0348066615601669, 0.03569061118903811, 0.03631377821401384, 0.03654105211474412, 0.03646788532881584, 0.03572808397059345, 0.03427781350345514, 0.03309813106562172, 0.031639416134799855, 0.02970329439236902, 0.027599049067936567, 0.02603054913364457, 0.024090316372098155, 0.02220132238001286, 0.02051452966091278, 0.019044426362309692, 0.017805605247084858, 0.01643252777018217, 0.01523003850809785, 0.01424180324883461, 0.013706552220618947, 0.0130880570946912, 0.012988920737072255, 0.013178248200839212, 0.013386796436950147, 0.01359897371732897, 0.01439195864266014, 0.015495810506657983, 0.016686507754200334, 0.01807173050136072, 0.019341411872889052, 0.020370802976522343, 0.0213787239197115, 0.02262888584538598, 0.02401686851684336, 0.025523335513576738, 0.026670410326906566, 0.02758824337325398, 0.02810647098585074, 0.028219175888028712, 0.02804128716256827, 0.027840212128430745, 0.02799079668741686, 0.027988272685847155, 0.02831306909632167, 0.028434723397990712, 0.0285549391753426, 0.02832607944879636, 0.02800347501499142, 0.027460301198426997, 0.02681840364884072, 0.026203190519756815, 0.02552364346313934, 0.024940794741503684, 0.024553643852497812, 0.024009602077058226, 0.023587486328410737, 0.023053226444370627, 0.02237349941244249, 0.021247392964358097, 0.01948489409103017, 0.01759577829009665, 0.015969918059865678, 0.014849832783247986, 0.014164911869984548, 0.013546042864334782, 0.01328357500957488, 0.012905521640083246, 0.012806686101790404, 0.01256569256360443, 0.01270015008783326, 0.013333718053885597, 0.014364706842779438, 0.015230812921928084, 0.016214173123414017, 0.017422309714956504, 0.01848297873673576, 0.019690103784110968, 0.02062988015396428, 0.021304326954883004, 0.021542023987470748, 0.021445001132587415, 0.02128479356968176, 0.021154257299581803, 0.020548768777841446, 0.020419411659703072, 0.020346908766621045, 0.02018386842926173, 0.020060715556614095, 0.019970155121820186, 0.019905412966441507, 0.019860328269953802, 0.019689549628068632, 0.019110038324468673, 0.018401772510693467, 0.01773443768827515, 0.01691379473734185, 0.0163889904882787, 0.015891976533507178, 0.015695148472402557, 0.015634975895130635, 0.01548249397414641, 0.015250362203767827, 0.01446715870868431, 0.013690714184349355, 0.013111437378948002, 0.01280400987898366, 0.012789088065484542, 0.012885508256999974, 0.012645414791893052, 0.012533763320360268, 0.01300792748125149, 0.014045480441271196, 0.015593406388961941, 0.017496649938682926, 0.01947963017829757, 0.021814960986639112, 0.0244888991790445, 0.027455202671237973, 0.030462142682767764, 0.03347516022004274, 0.03632355277573078, 0.03911728575744543, 0.041489125175428104, 0.043617926344794986, 0.04507509866910146, 0.045973158335007626, 0.046666313335408376, 0.047747911364257295, 0.04910015737076979, 0.051170936172887156, 0.05323921785426519, 0.05484930583024696, 0.05598397968583077, 0.056516639752925084, 0.05678375349578094, 0.05655312215346535, 0.05709318659280136, 0.05753330561326649, 0.05822424761198231, 0.05856641837777238, 0.058663546697002605, 0.05829520111627496, 0.058019458378357286, 0.05786276302771312, 0.057678835712609886, 0.05721489013034267, 0.05620972754199197, 0.05488023496470325, 0.05291870088860013, 0.05085359195424363, 0.04836971777146554, 0.045888993393773454, 0.04332790860019442, 0.040721243397433354, 0.03815348906679705, 0.03609755066086763, 0.03431153121207709, 0.03269994312791247, 0.03113246913067769, 0.029533434333839276, 0.02779284963423818, 0.02581340528028532, 0.023636664296078556, 0.021032966406022018, 0.018298152858289164, 0.015471223173718233, 0.012975006021594128, 0.011476514573927241, 0.011190786613452559, 0.012013514795745658, 0.013192708648177051, 0.0146026096239084, 0.016627808096549106, 0.019288816219412905, 0.022115031993867204, 0.024956066779425322, 0.027947127033299147, 0.030317719296220055, 0.03213024736687776, 0.033908117916643665, 0.035613155393420214, 0.03695858371541455, 0.0370883147011733, 0.035844860180821725, 0.03331269225961453, 0.030127822662769057, 0.026675716455458534, 0.02305094507263966, 0.019294584365168215, 0.016588874620184203, 0.013459760460278334, 0.010513659470637583, 0.008184205378854309, 0.005908681970234855, 0.003908372487361734, 0.002250880846271649, 0.001837561814419065, 0.003902446460586522, 0.00649131804032715, 0.008842266053540701, 0.011337576744963709, 0.013847821453172829, 0.016241515374979285, 0.018506880743639053, 0.020753891025054552, 0.022854281545735794, 0.025177910908837288, 0.027764777035113285, 0.0302577363231247, 0.032552204835272186, 0.033962244268502154, 0.03530995724171245, 0.036795414568091225, 0.03840706162943578, 0.039993850675796264, 0.04133645030179679, 0.04211247094820217, 0.04239213751353172, 0.042192499106345205, 0.04200269786908514, 0.041897190162155235, 0.041830932940717325, 0.04166737666619139, 0.04206882264734189, 0.0426127097658282, 0.042895687146734904, 0.04300135533202284, 0.04249799814293581, 0.041897582995049115, 0.04072077112408416, 0.03927976254850985, 0.037331499513228325, 0.035889992777759706, 0.03456359233645024, 0.033243529781910974, 0.03199033675126687, 0.03059935779738079, 0.029272240636492235, 0.027900707354997015, 0.02654938414970694, 0.02543173352052397, 0.024311103096379235, 0.023065212419431085, 0.021685454855791198, 0.02041159885695607, 0.019056064221564174, 0.017656707279948437, 0.01626614648165674, 0.015012383850973622, 0.013603567963072178, 0.012189757837366814, 0.010674529938407772, 0.009407142987148039, 0.008344525906195775, 0.007439054007672372, 0.0072034584519923735, 0.007775010970036668, 0.009047582903156274, 0.010731538882415681, 0.01253460028234948, 0.014333543563369548, 0.016070624592636203, 0.017817726146123574, 0.019557256660804743, 0.02116824086555951, 0.022529303997840977, 0.023628588936546305, 0.02391411988476377, 0.02359656311707365, 0.022355277074164143, 0.020961866673625245, 0.018393580144489934, 0.015660552711922182, 0.013874328661167971, 0.01254026736778108, 0.011812131260623127, 0.010800298354986543, 0.00961805971638548, 0.008471507575266851, 0.007656757785702683, 0.006719580941926242, 0.0056999472982024405, 0.005125787188458596, 0.00504686530895439, 0.005697178935649704, 0.006245540782853768, 0.0070976650798796875, 0.007900543705723831, 0.008755370167568399, 0.009807746909975117, 0.011209592216881203, 0.01276960312030194, 0.014467251258771754, 0.015865855510978952, 0.01751794577394112, 0.01978728846519214, 0.022540086452385207, 0.024859037758439572, 0.02589623397823137, 0.02611181133516041, 0.026565850619759173, 0.0272557734372972, 0.02776644526036269, 0.02799937699621002, 0.02818388188652303, 0.02806005928616626, 0.028083982827741123, 0.02781538632605852, 0.027763976455106594, 0.028120518002563644, 0.028688559534023904, 0.029389365084960088, 0.030059907204608147, 0.03052096911154336, 0.031053468449087778, 0.03142000488428638, 0.03173833045042581, 0.031892653890475096, 0.03198060527161537, 0.031944507243272385, 0.03180892531117334, 0.03180195743523648, 0.03175983113429147, 0.03185651864929952, 0.032146459060636644, 0.032526908876218445, 0.033087790299913135, 0.03370146462957083, 0.0342847740780508, 0.0344768243549477, 0.03441738754137779, 0.034008301029805295]",0.027874761581110984,0.035848840919148806,0.014385105288365077,0.0238761613130426,0.0,0.0,0.03132169494588577,0.035848840919148806,0.014385105288365077,0.0238761613130426,1.824,1717635302.5277286,2024-06-06_10-55-02
0.5059,-0.09456,0.43845136272869745,0.47008000323140237,-0.10825807098521947,0.46365052235584703,0.5059,-0.09456,0.4692137554188101,0.47008000323140237,-0.10825807098521947,0.46365052235584703,0.02868161073982207,"[0.011315756658919754, 0.012192407496521018, 0.01288995615295488, 0.01359963525141729, 0.014321891165186378, 0.015181047888625853, 0.01592941522152252, 0.01673874496494045, 0.01751440457689525, 0.01835087734908702, 0.019202544572813795, 0.020070622325609303, 0.02095627718778323, 0.02186061264947246, 0.022737260153569413, 0.023681097053535004, 0.024646250751560458, 0.025633386418693636, 0.02659237614956749, 0.027623542314219474, 0.0286250346734827, 0.029647102596467904, 0.03056454213255984, 0.031680305841655834, 0.03263530150735364, 0.033606764937046466, 0.034593095597664145, 0.03536350794006898, 0.035930760474075646, 0.03631257033147624, 0.03661317474198803, 0.03688385713543919, 0.03738127616234113, 0.037934719347479336, 0.03858163380471939, 0.03921882339006296, 0.03999131852533767, 0.04074980907886149, 0.04127472956039594, 0.04151563832077664, 0.04151964454301027, 0.04123464219442919, 0.04096829512038153, 0.04056460486818273, 0.04028281736824196, 0.04000166841569801, 0.03919762289117317, 0.037812479337396496, 0.03622310391275238, 0.03453579653228067, 0.0330206041779641, 0.031565009966306234, 0.03054064037737075, 0.029904305612678588, 0.029394155816597912, 0.028896840658953926, 0.02825322628704274, 0.027685220830545497, 0.02666364029859006, 0.025486033827772144, 0.02414387260068274, 0.023028867611909868, 0.022681878550084772, 0.02299235797660897, 0.02387546679328945, 0.024738332374206702, 0.025547718436096926, 0.026640938816603423, 0.02759836215880636, 0.028240938725365098, 0.028199955208514017, 0.028168175430310402, 0.02767018559717724, 0.027414861073674215, 0.027239233260695786, 0.0274939869379551, 0.027874761581110984, 0.02868161073982207, 0.029514734605865275, 0.030345172291974937, 0.031248268714928727, 0.032298002681611045, 0.033509628354587276, 0.0348066615601669, 0.03569061118903811, 0.03631377821401384, 0.03654105211474412, 0.03646788532881584, 0.03572808397059345, 0.03427781350345514, 0.03309813106562172, 0.031639416134799855, 0.02970329439236902, 0.027599049067936567, 0.02603054913364457, 0.024090316372098155, 0.02220132238001286, 0.02051452966091278, 0.019044426362309692, 0.017805605247084858, 0.01643252777018217, 0.01523003850809785, 0.01424180324883461, 0.013706552220618947, 0.0130880570946912, 0.012988920737072255, 0.013178248200839212, 0.013386796436950147, 0.01359897371732897, 0.01439195864266014, 0.015495810506657983, 0.016686507754200334, 0.01807173050136072, 0.019341411872889052, 0.020370802976522343, 0.0213787239197115, 0.02262888584538598, 0.02401686851684336, 0.025523335513576738, 0.026670410326906566, 0.02758824337325398, 0.02810647098585074, 0.028219175888028712, 0.02804128716256827, 0.027840212128430745, 0.02799079668741686, 0.027988272685847155, 0.02831306909632167, 0.028434723397990712, 0.0285549391753426, 0.02832607944879636, 0.02800347501499142, 0.027460301198426997, 0.02681840364884072, 0.026203190519756815, 0.02552364346313934, 0.024940794741503684, 0.024553643852497812, 0.024009602077058226, 0.023587486328410737, 0.023053226444370627, 0.02237349941244249, 0.021247392964358097, 0.01948489409103017, 0.01759577829009665, 0.015969918059865678, 0.014849832783247986, 0.014164911869984548, 0.013546042864334782, 0.01328357500957488, 0.012905521640083246, 0.012806686101790404, 0.01256569256360443, 0.01270015008783326, 0.013333718053885597, 0.014364706842779438, 0.015230812921928084, 0.016214173123414017, 0.017422309714956504, 0.01848297873673576, 0.019690103784110968, 0.02062988015396428, 0.021304326954883004, 0.021542023987470748, 0.021445001132587415, 0.02128479356968176, 0.021154257299581803, 0.020548768777841446, 0.020419411659703072, 0.020346908766621045, 0.02018386842926173, 0.020060715556614095, 0.019970155121820186, 0.019905412966441507, 0.019860328269953802, 0.019689549628068632, 0.019110038324468673, 0.018401772510693467, 0.01773443768827515, 0.01691379473734185, 0.0163889904882787, 0.015891976533507178, 0.015695148472402557, 0.015634975895130635, 0.01548249397414641, 0.015250362203767827, 0.01446715870868431, 0.013690714184349355, 0.013111437378948002, 0.01280400987898366, 0.012789088065484542, 0.012885508256999974, 0.012645414791893052, 0.012533763320360268, 0.01300792748125149, 0.014045480441271196, 0.015593406388961941, 0.017496649938682926, 0.01947963017829757, 0.021814960986639112, 0.0244888991790445, 0.027455202671237973, 0.030462142682767764, 0.03347516022004274, 0.03632355277573078, 0.03911728575744543, 0.041489125175428104, 0.043617926344794986, 0.04507509866910146, 0.045973158335007626, 0.046666313335408376, 0.047747911364257295, 0.04910015737076979, 0.051170936172887156, 0.05323921785426519, 0.05484930583024696, 0.05598397968583077, 0.056516639752925084, 0.05678375349578094, 0.05655312215346535, 0.05709318659280136, 0.05753330561326649, 0.05822424761198231, 0.05856641837777238, 0.058663546697002605, 0.05829520111627496, 0.058019458378357286, 0.05786276302771312, 0.057678835712609886, 0.05721489013034267, 0.05620972754199197, 0.05488023496470325, 0.05291870088860013, 0.05085359195424363, 0.04836971777146554, 0.045888993393773454, 0.04332790860019442, 0.040721243397433354, 0.03815348906679705, 0.03609755066086763, 0.03431153121207709, 0.03269994312791247, 0.03113246913067769, 0.029533434333839276, 0.02779284963423818, 0.02581340528028532, 0.023636664296078556, 0.021032966406022018, 0.018298152858289164, 0.015471223173718233, 0.012975006021594128, 0.011476514573927241, 0.011190786613452559, 0.012013514795745658, 0.013192708648177051, 0.0146026096239084, 0.016627808096549106, 0.019288816219412905, 0.022115031993867204, 0.024956066779425322, 0.027947127033299147, 0.030317719296220055, 0.03213024736687776, 0.033908117916643665, 0.035613155393420214, 0.03695858371541455, 0.0370883147011733, 0.035844860180821725, 0.03331269225961453, 0.030127822662769057, 0.026675716455458534, 0.02305094507263966, 0.019294584365168215, 0.016588874620184203, 0.013459760460278334, 0.010513659470637583, 0.008184205378854309, 0.005908681970234855, 0.003908372487361734, 0.002250880846271649, 0.001837561814419065, 0.003902446460586522, 0.00649131804032715, 0.008842266053540701, 0.011337576744963709, 0.013847821453172829, 0.016241515374979285, 0.018506880743639053, 0.020753891025054552, 0.022854281545735794, 0.025177910908837288, 0.027764777035113285, 0.0302577363231247, 0.032552204835272186, 0.033962244268502154, 0.03530995724171245, 0.036795414568091225, 0.03840706162943578, 0.039993850675796264, 0.04133645030179679, 0.04211247094820217, 0.04239213751353172, 0.042192499106345205, 0.04200269786908514, 0.041897190162155235, 0.041830932940717325, 0.04166737666619139, 0.04206882264734189, 0.0426127097658282, 0.042895687146734904, 0.04300135533202284, 0.04249799814293581, 0.041897582995049115, 0.04072077112408416, 0.03927976254850985, 0.037331499513228325, 0.035889992777759706, 0.03456359233645024, 0.033243529781910974, 0.03199033675126687, 0.03059935779738079, 0.029272240636492235, 0.027900707354997015, 0.02654938414970694, 0.02543173352052397, 0.024311103096379235, 0.023065212419431085, 0.021685454855791198, 0.02041159885695607, 0.019056064221564174, 0.017656707279948437, 0.01626614648165674, 0.015012383850973622, 0.013603567963072178, 0.012189757837366814, 0.010674529938407772, 0.009407142987148039, 0.008344525906195775, 0.007439054007672372, 0.0072034584519923735, 0.007775010970036668, 0.009047582903156274, 0.010731538882415681, 0.01253460028234948, 0.014333543563369548, 0.016070624592636203, 0.017817726146123574, 0.019557256660804743, 0.02116824086555951, 0.022529303997840977, 0.023628588936546305, 0.02391411988476377, 0.02359656311707365, 0.022355277074164143, 0.020961866673625245, 0.018393580144489934, 0.015660552711922182, 0.013874328661167971, 0.01254026736778108, 0.011812131260623127, 0.010800298354986543, 0.00961805971638548, 0.008471507575266851, 0.007656757785702683, 0.006719580941926242, 0.0056999472982024405, 0.005125787188458596, 0.00504686530895439, 0.005697178935649704, 0.006245540782853768, 0.0070976650798796875, 0.007900543705723831, 0.008755370167568399, 0.009807746909975117, 0.011209592216881203, 0.01276960312030194, 0.014467251258771754, 0.015865855510978952, 0.01751794577394112, 0.01978728846519214, 0.022540086452385207, 0.024859037758439572, 0.02589623397823137, 0.02611181133516041, 0.026565850619759173, 0.0272557734372972, 0.02776644526036269, 0.02799937699621002, 0.02818388188652303, 0.02806005928616626, 0.028083982827741123, 0.02781538632605852, 0.027763976455106594, 0.028120518002563644, 0.028688559534023904, 0.029389365084960088, 0.030059907204608147, 0.03052096911154336, 0.031053468449087778, 0.03142000488428638, 0.03173833045042581, 0.031892653890475096, 0.03198060527161537, 0.031944507243272385, 0.03180892531117334, 0.03180195743523648, 0.03175983113429147, 0.03185651864929952, 0.032146459060636644, 0.032526908876218445, 0.033087790299913135, 0.03370146462957083, 0.0342847740780508, 0.0344768243549477, 0.03441738754137779, 0.034008301029805295]",0.02868161073982207,0.03581999676859765,0.013698070985219468,0.02519915962714958,0.0,0.0,0.03076239269011266,0.03581999676859765,0.013698070985219468,0.02519915962714958,1.8479999999999999,1717635302.5509217,2024-06-06_10-55-02
0.5059,-0.09383999999999999,0.4366233914204413,0.4701677687965821,-0.10697910604363292,0.46305222891339265,0.5059,-0.09383999999999999,0.4668264818547809,0.4701677687965821,-0.10697910604363292,0.46305222891339265,0.029514734605865275,"[0.011315756658919754, 0.012192407496521018, 0.01288995615295488, 0.01359963525141729, 0.014321891165186378, 0.015181047888625853, 0.01592941522152252, 0.01673874496494045, 0.01751440457689525, 0.01835087734908702, 0.019202544572813795, 0.020070622325609303, 0.02095627718778323, 0.02186061264947246, 0.022737260153569413, 0.023681097053535004, 0.024646250751560458, 0.025633386418693636, 0.02659237614956749, 0.027623542314219474, 0.0286250346734827, 0.029647102596467904, 0.03056454213255984, 0.031680305841655834, 0.03263530150735364, 0.033606764937046466, 0.034593095597664145, 0.03536350794006898, 0.035930760474075646, 0.03631257033147624, 0.03661317474198803, 0.03688385713543919, 0.03738127616234113, 0.037934719347479336, 0.03858163380471939, 0.03921882339006296, 0.03999131852533767, 0.04074980907886149, 0.04127472956039594, 0.04151563832077664, 0.04151964454301027, 0.04123464219442919, 0.04096829512038153, 0.04056460486818273, 0.04028281736824196, 0.04000166841569801, 0.03919762289117317, 0.037812479337396496, 0.03622310391275238, 0.03453579653228067, 0.0330206041779641, 0.031565009966306234, 0.03054064037737075, 0.029904305612678588, 0.029394155816597912, 0.028896840658953926, 0.02825322628704274, 0.027685220830545497, 0.02666364029859006, 0.025486033827772144, 0.02414387260068274, 0.023028867611909868, 0.022681878550084772, 0.02299235797660897, 0.02387546679328945, 0.024738332374206702, 0.025547718436096926, 0.026640938816603423, 0.02759836215880636, 0.028240938725365098, 0.028199955208514017, 0.028168175430310402, 0.02767018559717724, 0.027414861073674215, 0.027239233260695786, 0.0274939869379551, 0.027874761581110984, 0.02868161073982207, 0.029514734605865275, 0.030345172291974937, 0.031248268714928727, 0.032298002681611045, 0.033509628354587276, 0.0348066615601669, 0.03569061118903811, 0.03631377821401384, 0.03654105211474412, 0.03646788532881584, 0.03572808397059345, 0.03427781350345514, 0.03309813106562172, 0.031639416134799855, 0.02970329439236902, 0.027599049067936567, 0.02603054913364457, 0.024090316372098155, 0.02220132238001286, 0.02051452966091278, 0.019044426362309692, 0.017805605247084858, 0.01643252777018217, 0.01523003850809785, 0.01424180324883461, 0.013706552220618947, 0.0130880570946912, 0.012988920737072255, 0.013178248200839212, 0.013386796436950147, 0.01359897371732897, 0.01439195864266014, 0.015495810506657983, 0.016686507754200334, 0.01807173050136072, 0.019341411872889052, 0.020370802976522343, 0.0213787239197115, 0.02262888584538598, 0.02401686851684336, 0.025523335513576738, 0.026670410326906566, 0.02758824337325398, 0.02810647098585074, 0.028219175888028712, 0.02804128716256827, 0.027840212128430745, 0.02799079668741686, 0.027988272685847155, 0.02831306909632167, 0.028434723397990712, 0.0285549391753426, 0.02832607944879636, 0.02800347501499142, 0.027460301198426997, 0.02681840364884072, 0.026203190519756815, 0.02552364346313934, 0.024940794741503684, 0.024553643852497812, 0.024009602077058226, 0.023587486328410737, 0.023053226444370627, 0.02237349941244249, 0.021247392964358097, 0.01948489409103017, 0.01759577829009665, 0.015969918059865678, 0.014849832783247986, 0.014164911869984548, 0.013546042864334782, 0.01328357500957488, 0.012905521640083246, 0.012806686101790404, 0.01256569256360443, 0.01270015008783326, 0.013333718053885597, 0.014364706842779438, 0.015230812921928084, 0.016214173123414017, 0.017422309714956504, 0.01848297873673576, 0.019690103784110968, 0.02062988015396428, 0.021304326954883004, 0.021542023987470748, 0.021445001132587415, 0.02128479356968176, 0.021154257299581803, 0.020548768777841446, 0.020419411659703072, 0.020346908766621045, 0.02018386842926173, 0.020060715556614095, 0.019970155121820186, 0.019905412966441507, 0.019860328269953802, 0.019689549628068632, 0.019110038324468673, 0.018401772510693467, 0.01773443768827515, 0.01691379473734185, 0.0163889904882787, 0.015891976533507178, 0.015695148472402557, 0.015634975895130635, 0.01548249397414641, 0.015250362203767827, 0.01446715870868431, 0.013690714184349355, 0.013111437378948002, 0.01280400987898366, 0.012789088065484542, 0.012885508256999974, 0.012645414791893052, 0.012533763320360268, 0.01300792748125149, 0.014045480441271196, 0.015593406388961941, 0.017496649938682926, 0.01947963017829757, 0.021814960986639112, 0.0244888991790445, 0.027455202671237973, 0.030462142682767764, 0.03347516022004274, 0.03632355277573078, 0.03911728575744543, 0.041489125175428104, 0.043617926344794986, 0.04507509866910146, 0.045973158335007626, 0.046666313335408376, 0.047747911364257295, 0.04910015737076979, 0.051170936172887156, 0.05323921785426519, 0.05484930583024696, 0.05598397968583077, 0.056516639752925084, 0.05678375349578094, 0.05655312215346535, 0.05709318659280136, 0.05753330561326649, 0.05822424761198231, 0.05856641837777238, 0.058663546697002605, 0.05829520111627496, 0.058019458378357286, 0.05786276302771312, 0.057678835712609886, 0.05721489013034267, 0.05620972754199197, 0.05488023496470325, 0.05291870088860013, 0.05085359195424363, 0.04836971777146554, 0.045888993393773454, 0.04332790860019442, 0.040721243397433354, 0.03815348906679705, 0.03609755066086763, 0.03431153121207709, 0.03269994312791247, 0.03113246913067769, 0.029533434333839276, 0.02779284963423818, 0.02581340528028532, 0.023636664296078556, 0.021032966406022018, 0.018298152858289164, 0.015471223173718233, 0.012975006021594128, 0.011476514573927241, 0.011190786613452559, 0.012013514795745658, 0.013192708648177051, 0.0146026096239084, 0.016627808096549106, 0.019288816219412905, 0.022115031993867204, 0.024956066779425322, 0.027947127033299147, 0.030317719296220055, 0.03213024736687776, 0.033908117916643665, 0.035613155393420214, 0.03695858371541455, 0.0370883147011733, 0.035844860180821725, 0.03331269225961453, 0.030127822662769057, 0.026675716455458534, 0.02305094507263966, 0.019294584365168215, 0.016588874620184203, 0.013459760460278334, 0.010513659470637583, 0.008184205378854309, 0.005908681970234855, 0.003908372487361734, 0.002250880846271649, 0.001837561814419065, 0.003902446460586522, 0.00649131804032715, 0.008842266053540701, 0.011337576744963709, 0.013847821453172829, 0.016241515374979285, 0.018506880743639053, 0.020753891025054552, 0.022854281545735794, 0.025177910908837288, 0.027764777035113285, 0.0302577363231247, 0.032552204835272186, 0.033962244268502154, 0.03530995724171245, 0.036795414568091225, 0.03840706162943578, 0.039993850675796264, 0.04133645030179679, 0.04211247094820217, 0.04239213751353172, 0.042192499106345205, 0.04200269786908514, 0.041897190162155235, 0.041830932940717325, 0.04166737666619139, 0.04206882264734189, 0.0426127097658282, 0.042895687146734904, 0.04300135533202284, 0.04249799814293581, 0.041897582995049115, 0.04072077112408416, 0.03927976254850985, 0.037331499513228325, 0.035889992777759706, 0.03456359233645024, 0.033243529781910974, 0.03199033675126687, 0.03059935779738079, 0.029272240636492235, 0.027900707354997015, 0.02654938414970694, 0.02543173352052397, 0.024311103096379235, 0.023065212419431085, 0.021685454855791198, 0.02041159885695607, 0.019056064221564174, 0.017656707279948437, 0.01626614648165674, 0.015012383850973622, 0.013603567963072178, 0.012189757837366814, 0.010674529938407772, 0.009407142987148039, 0.008344525906195775, 0.007439054007672372, 0.0072034584519923735, 0.007775010970036668, 0.009047582903156274, 0.010731538882415681, 0.01253460028234948, 0.014333543563369548, 0.016070624592636203, 0.017817726146123574, 0.019557256660804743, 0.02116824086555951, 0.022529303997840977, 0.023628588936546305, 0.02391411988476377, 0.02359656311707365, 0.022355277074164143, 0.020961866673625245, 0.018393580144489934, 0.015660552711922182, 0.013874328661167971, 0.01254026736778108, 0.011812131260623127, 0.010800298354986543, 0.00961805971638548, 0.008471507575266851, 0.007656757785702683, 0.006719580941926242, 0.0056999472982024405, 0.005125787188458596, 0.00504686530895439, 0.005697178935649704, 0.006245540782853768, 0.0070976650798796875, 0.007900543705723831, 0.008755370167568399, 0.009807746909975117, 0.011209592216881203, 0.01276960312030194, 0.014467251258771754, 0.015865855510978952, 0.01751794577394112, 0.01978728846519214, 0.022540086452385207, 0.024859037758439572, 0.02589623397823137, 0.02611181133516041, 0.026565850619759173, 0.0272557734372972, 0.02776644526036269, 0.02799937699621002, 0.02818388188652303, 0.02806005928616626, 0.028083982827741123, 0.02781538632605852, 0.027763976455106594, 0.028120518002563644, 0.028688559534023904, 0.029389365084960088, 0.030059907204608147, 0.03052096911154336, 0.031053468449087778, 0.03142000488428638, 0.03173833045042581, 0.031892653890475096, 0.03198060527161537, 0.031944507243272385, 0.03180892531117334, 0.03180195743523648, 0.03175983113429147, 0.03185651864929952, 0.032146459060636644, 0.032526908876218445, 0.033087790299913135, 0.03370146462957083, 0.0342847740780508, 0.0344768243549477, 0.03441738754137779, 0.034008301029805295]",0.029514734605865275,0.0357322312034179,0.013139106043632928,0.02642883749295133,0.0,0.0,0.030203090434339552,0.0357322312034179,0.013139106043632928,0.02642883749295133,1.872,1717635302.574845,2024-06-06_10-55-02
0.5059,-0.09312000000000001,0.4348107744728045,0.4703153621980249,-0.10582729146076733,0.462367157130199,0.5059,-0.09312000000000001,0.4644545626513709,0.4703153621980249,-0.10582729146076733,0.462367157130199,0.030345172291974937,"[0.011315756658919754, 0.012192407496521018, 0.01288995615295488, 0.01359963525141729, 0.014321891165186378, 0.015181047888625853, 0.01592941522152252, 0.01673874496494045, 0.01751440457689525, 0.01835087734908702, 0.019202544572813795, 0.020070622325609303, 0.02095627718778323, 0.02186061264947246, 0.022737260153569413, 0.023681097053535004, 0.024646250751560458, 0.025633386418693636, 0.02659237614956749, 0.027623542314219474, 0.0286250346734827, 0.029647102596467904, 0.03056454213255984, 0.031680305841655834, 0.03263530150735364, 0.033606764937046466, 0.034593095597664145, 0.03536350794006898, 0.035930760474075646, 0.03631257033147624, 0.03661317474198803, 0.03688385713543919, 0.03738127616234113, 0.037934719347479336, 0.03858163380471939, 0.03921882339006296, 0.03999131852533767, 0.04074980907886149, 0.04127472956039594, 0.04151563832077664, 0.04151964454301027, 0.04123464219442919, 0.04096829512038153, 0.04056460486818273, 0.04028281736824196, 0.04000166841569801, 0.03919762289117317, 0.037812479337396496, 0.03622310391275238, 0.03453579653228067, 0.0330206041779641, 0.031565009966306234, 0.03054064037737075, 0.029904305612678588, 0.029394155816597912, 0.028896840658953926, 0.02825322628704274, 0.027685220830545497, 0.02666364029859006, 0.025486033827772144, 0.02414387260068274, 0.023028867611909868, 0.022681878550084772, 0.02299235797660897, 0.02387546679328945, 0.024738332374206702, 0.025547718436096926, 0.026640938816603423, 0.02759836215880636, 0.028240938725365098, 0.028199955208514017, 0.028168175430310402, 0.02767018559717724, 0.027414861073674215, 0.027239233260695786, 0.0274939869379551, 0.027874761581110984, 0.02868161073982207, 0.029514734605865275, 0.030345172291974937, 0.031248268714928727, 0.032298002681611045, 0.033509628354587276, 0.0348066615601669, 0.03569061118903811, 0.03631377821401384, 0.03654105211474412, 0.03646788532881584, 0.03572808397059345, 0.03427781350345514, 0.03309813106562172, 0.031639416134799855, 0.02970329439236902, 0.027599049067936567, 0.02603054913364457, 0.024090316372098155, 0.02220132238001286, 0.02051452966091278, 0.019044426362309692, 0.017805605247084858, 0.01643252777018217, 0.01523003850809785, 0.01424180324883461, 0.013706552220618947, 0.0130880570946912, 0.012988920737072255, 0.013178248200839212, 0.013386796436950147, 0.01359897371732897, 0.01439195864266014, 0.015495810506657983, 0.016686507754200334, 0.01807173050136072, 0.019341411872889052, 0.020370802976522343, 0.0213787239197115, 0.02262888584538598, 0.02401686851684336, 0.025523335513576738, 0.026670410326906566, 0.02758824337325398, 0.02810647098585074, 0.028219175888028712, 0.02804128716256827, 0.027840212128430745, 0.02799079668741686, 0.027988272685847155, 0.02831306909632167, 0.028434723397990712, 0.0285549391753426, 0.02832607944879636, 0.02800347501499142, 0.027460301198426997, 0.02681840364884072, 0.026203190519756815, 0.02552364346313934, 0.024940794741503684, 0.024553643852497812, 0.024009602077058226, 0.023587486328410737, 0.023053226444370627, 0.02237349941244249, 0.021247392964358097, 0.01948489409103017, 0.01759577829009665, 0.015969918059865678, 0.014849832783247986, 0.014164911869984548, 0.013546042864334782, 0.01328357500957488, 0.012905521640083246, 0.012806686101790404, 0.01256569256360443, 0.01270015008783326, 0.013333718053885597, 0.014364706842779438, 0.015230812921928084, 0.016214173123414017, 0.017422309714956504, 0.01848297873673576, 0.019690103784110968, 0.02062988015396428, 0.021304326954883004, 0.021542023987470748, 0.021445001132587415, 0.02128479356968176, 0.021154257299581803, 0.020548768777841446, 0.020419411659703072, 0.020346908766621045, 0.02018386842926173, 0.020060715556614095, 0.019970155121820186, 0.019905412966441507, 0.019860328269953802, 0.019689549628068632, 0.019110038324468673, 0.018401772510693467, 0.01773443768827515, 0.01691379473734185, 0.0163889904882787, 0.015891976533507178, 0.015695148472402557, 0.015634975895130635, 0.01548249397414641, 0.015250362203767827, 0.01446715870868431, 0.013690714184349355, 0.013111437378948002, 0.01280400987898366, 0.012789088065484542, 0.012885508256999974, 0.012645414791893052, 0.012533763320360268, 0.01300792748125149, 0.014045480441271196, 0.015593406388961941, 0.017496649938682926, 0.01947963017829757, 0.021814960986639112, 0.0244888991790445, 0.027455202671237973, 0.030462142682767764, 0.03347516022004274, 0.03632355277573078, 0.03911728575744543, 0.041489125175428104, 0.043617926344794986, 0.04507509866910146, 0.045973158335007626, 0.046666313335408376, 0.047747911364257295, 0.04910015737076979, 0.051170936172887156, 0.05323921785426519, 0.05484930583024696, 0.05598397968583077, 0.056516639752925084, 0.05678375349578094, 0.05655312215346535, 0.05709318659280136, 0.05753330561326649, 0.05822424761198231, 0.05856641837777238, 0.058663546697002605, 0.05829520111627496, 0.058019458378357286, 0.05786276302771312, 0.057678835712609886, 0.05721489013034267, 0.05620972754199197, 0.05488023496470325, 0.05291870088860013, 0.05085359195424363, 0.04836971777146554, 0.045888993393773454, 0.04332790860019442, 0.040721243397433354, 0.03815348906679705, 0.03609755066086763, 0.03431153121207709, 0.03269994312791247, 0.03113246913067769, 0.029533434333839276, 0.02779284963423818, 0.02581340528028532, 0.023636664296078556, 0.021032966406022018, 0.018298152858289164, 0.015471223173718233, 0.012975006021594128, 0.011476514573927241, 0.011190786613452559, 0.012013514795745658, 0.013192708648177051, 0.0146026096239084, 0.016627808096549106, 0.019288816219412905, 0.022115031993867204, 0.024956066779425322, 0.027947127033299147, 0.030317719296220055, 0.03213024736687776, 0.033908117916643665, 0.035613155393420214, 0.03695858371541455, 0.0370883147011733, 0.035844860180821725, 0.03331269225961453, 0.030127822662769057, 0.026675716455458534, 0.02305094507263966, 0.019294584365168215, 0.016588874620184203, 0.013459760460278334, 0.010513659470637583, 0.008184205378854309, 0.005908681970234855, 0.003908372487361734, 0.002250880846271649, 0.001837561814419065, 0.003902446460586522, 0.00649131804032715, 0.008842266053540701, 0.011337576744963709, 0.013847821453172829, 0.016241515374979285, 0.018506880743639053, 0.020753891025054552, 0.022854281545735794, 0.025177910908837288, 0.027764777035113285, 0.0302577363231247, 0.032552204835272186, 0.033962244268502154, 0.03530995724171245, 0.036795414568091225, 0.03840706162943578, 0.039993850675796264, 0.04133645030179679, 0.04211247094820217, 0.04239213751353172, 0.042192499106345205, 0.04200269786908514, 0.041897190162155235, 0.041830932940717325, 0.04166737666619139, 0.04206882264734189, 0.0426127097658282, 0.042895687146734904, 0.04300135533202284, 0.04249799814293581, 0.041897582995049115, 0.04072077112408416, 0.03927976254850985, 0.037331499513228325, 0.035889992777759706, 0.03456359233645024, 0.033243529781910974, 0.03199033675126687, 0.03059935779738079, 0.029272240636492235, 0.027900707354997015, 0.02654938414970694, 0.02543173352052397, 0.024311103096379235, 0.023065212419431085, 0.021685454855791198, 0.02041159885695607, 0.019056064221564174, 0.017656707279948437, 0.01626614648165674, 0.015012383850973622, 0.013603567963072178, 0.012189757837366814, 0.010674529938407772, 0.009407142987148039, 0.008344525906195775, 0.007439054007672372, 0.0072034584519923735, 0.007775010970036668, 0.009047582903156274, 0.010731538882415681, 0.01253460028234948, 0.014333543563369548, 0.016070624592636203, 0.017817726146123574, 0.019557256660804743, 0.02116824086555951, 0.022529303997840977, 0.023628588936546305, 0.02391411988476377, 0.02359656311707365, 0.022355277074164143, 0.020961866673625245, 0.018393580144489934, 0.015660552711922182, 0.013874328661167971, 0.01254026736778108, 0.011812131260623127, 0.010800298354986543, 0.00961805971638548, 0.008471507575266851, 0.007656757785702683, 0.006719580941926242, 0.0056999472982024405, 0.005125787188458596, 0.00504686530895439, 0.005697178935649704, 0.006245540782853768, 0.0070976650798796875, 0.007900543705723831, 0.008755370167568399, 0.009807746909975117, 0.011209592216881203, 0.01276960312030194, 0.014467251258771754, 0.015865855510978952, 0.01751794577394112, 0.01978728846519214, 0.022540086452385207, 0.024859037758439572, 0.02589623397823137, 0.02611181133516041, 0.026565850619759173, 0.0272557734372972, 0.02776644526036269, 0.02799937699621002, 0.02818388188652303, 0.02806005928616626, 0.028083982827741123, 0.02781538632605852, 0.027763976455106594, 0.028120518002563644, 0.028688559534023904, 0.029389365084960088, 0.030059907204608147, 0.03052096911154336, 0.031053468449087778, 0.03142000488428638, 0.03173833045042581, 0.031892653890475096, 0.03198060527161537, 0.031944507243272385, 0.03180892531117334, 0.03180195743523648, 0.03175983113429147, 0.03185651864929952, 0.032146459060636644, 0.032526908876218445, 0.033087790299913135, 0.03370146462957083, 0.0342847740780508, 0.0344768243549477, 0.03441738754137779, 0.034008301029805295]",0.030345172291974937,0.03558463780197513,0.012707291460767323,0.027556382657394518,0.0,0.0,0.029643788178566444,0.03558463780197513,0.012707291460767323,0.027556382657394518,1.896,1717635302.5992167,2024-06-06_10-55-02
0.5059,-0.0924,0.43302180888158204,0.47052880742527975,-0.10495456522663799,0.46163714025569835,0.5059,-0.0924,0.4618631584517527,0.47052880742527975,-0.10495456522663799,0.46163714025569835,0.031248268714928727,"[0.011315756658919754, 0.012192407496521018, 0.01288995615295488, 0.01359963525141729, 0.014321891165186378, 0.015181047888625853, 0.01592941522152252, 0.01673874496494045, 0.01751440457689525, 0.01835087734908702, 0.019202544572813795, 0.020070622325609303, 0.02095627718778323, 0.02186061264947246, 0.022737260153569413, 0.023681097053535004, 0.024646250751560458, 0.025633386418693636, 0.02659237614956749, 0.027623542314219474, 0.0286250346734827, 0.029647102596467904, 0.03056454213255984, 0.031680305841655834, 0.03263530150735364, 0.033606764937046466, 0.034593095597664145, 0.03536350794006898, 0.035930760474075646, 0.03631257033147624, 0.03661317474198803, 0.03688385713543919, 0.03738127616234113, 0.037934719347479336, 0.03858163380471939, 0.03921882339006296, 0.03999131852533767, 0.04074980907886149, 0.04127472956039594, 0.04151563832077664, 0.04151964454301027, 0.04123464219442919, 0.04096829512038153, 0.04056460486818273, 0.04028281736824196, 0.04000166841569801, 0.03919762289117317, 0.037812479337396496, 0.03622310391275238, 0.03453579653228067, 0.0330206041779641, 0.031565009966306234, 0.03054064037737075, 0.029904305612678588, 0.029394155816597912, 0.028896840658953926, 0.02825322628704274, 0.027685220830545497, 0.02666364029859006, 0.025486033827772144, 0.02414387260068274, 0.023028867611909868, 0.022681878550084772, 0.02299235797660897, 0.02387546679328945, 0.024738332374206702, 0.025547718436096926, 0.026640938816603423, 0.02759836215880636, 0.028240938725365098, 0.028199955208514017, 0.028168175430310402, 0.02767018559717724, 0.027414861073674215, 0.027239233260695786, 0.0274939869379551, 0.027874761581110984, 0.02868161073982207, 0.029514734605865275, 0.030345172291974937, 0.031248268714928727, 0.032298002681611045, 0.033509628354587276, 0.0348066615601669, 0.03569061118903811, 0.03631377821401384, 0.03654105211474412, 0.03646788532881584, 0.03572808397059345, 0.03427781350345514, 0.03309813106562172, 0.031639416134799855, 0.02970329439236902, 0.027599049067936567, 0.02603054913364457, 0.024090316372098155, 0.02220132238001286, 0.02051452966091278, 0.019044426362309692, 0.017805605247084858, 0.01643252777018217, 0.01523003850809785, 0.01424180324883461, 0.013706552220618947, 0.0130880570946912, 0.012988920737072255, 0.013178248200839212, 0.013386796436950147, 0.01359897371732897, 0.01439195864266014, 0.015495810506657983, 0.016686507754200334, 0.01807173050136072, 0.019341411872889052, 0.020370802976522343, 0.0213787239197115, 0.02262888584538598, 0.02401686851684336, 0.025523335513576738, 0.026670410326906566, 0.02758824337325398, 0.02810647098585074, 0.028219175888028712, 0.02804128716256827, 0.027840212128430745, 0.02799079668741686, 0.027988272685847155, 0.02831306909632167, 0.028434723397990712, 0.0285549391753426, 0.02832607944879636, 0.02800347501499142, 0.027460301198426997, 0.02681840364884072, 0.026203190519756815, 0.02552364346313934, 0.024940794741503684, 0.024553643852497812, 0.024009602077058226, 0.023587486328410737, 0.023053226444370627, 0.02237349941244249, 0.021247392964358097, 0.01948489409103017, 0.01759577829009665, 0.015969918059865678, 0.014849832783247986, 0.014164911869984548, 0.013546042864334782, 0.01328357500957488, 0.012905521640083246, 0.012806686101790404, 0.01256569256360443, 0.01270015008783326, 0.013333718053885597, 0.014364706842779438, 0.015230812921928084, 0.016214173123414017, 0.017422309714956504, 0.01848297873673576, 0.019690103784110968, 0.02062988015396428, 0.021304326954883004, 0.021542023987470748, 0.021445001132587415, 0.02128479356968176, 0.021154257299581803, 0.020548768777841446, 0.020419411659703072, 0.020346908766621045, 0.02018386842926173, 0.020060715556614095, 0.019970155121820186, 0.019905412966441507, 0.019860328269953802, 0.019689549628068632, 0.019110038324468673, 0.018401772510693467, 0.01773443768827515, 0.01691379473734185, 0.0163889904882787, 0.015891976533507178, 0.015695148472402557, 0.015634975895130635, 0.01548249397414641, 0.015250362203767827, 0.01446715870868431, 0.013690714184349355, 0.013111437378948002, 0.01280400987898366, 0.012789088065484542, 0.012885508256999974, 0.012645414791893052, 0.012533763320360268, 0.01300792748125149, 0.014045480441271196, 0.015593406388961941, 0.017496649938682926, 0.01947963017829757, 0.021814960986639112, 0.0244888991790445, 0.027455202671237973, 0.030462142682767764, 0.03347516022004274, 0.03632355277573078, 0.03911728575744543, 0.041489125175428104, 0.043617926344794986, 0.04507509866910146, 0.045973158335007626, 0.046666313335408376, 0.047747911364257295, 0.04910015737076979, 0.051170936172887156, 0.05323921785426519, 0.05484930583024696, 0.05598397968583077, 0.056516639752925084, 0.05678375349578094, 0.05655312215346535, 0.05709318659280136, 0.05753330561326649, 0.05822424761198231, 0.05856641837777238, 0.058663546697002605, 0.05829520111627496, 0.058019458378357286, 0.05786276302771312, 0.057678835712609886, 0.05721489013034267, 0.05620972754199197, 0.05488023496470325, 0.05291870088860013, 0.05085359195424363, 0.04836971777146554, 0.045888993393773454, 0.04332790860019442, 0.040721243397433354, 0.03815348906679705, 0.03609755066086763, 0.03431153121207709, 0.03269994312791247, 0.03113246913067769, 0.029533434333839276, 0.02779284963423818, 0.02581340528028532, 0.023636664296078556, 0.021032966406022018, 0.018298152858289164, 0.015471223173718233, 0.012975006021594128, 0.011476514573927241, 0.011190786613452559, 0.012013514795745658, 0.013192708648177051, 0.0146026096239084, 0.016627808096549106, 0.019288816219412905, 0.022115031993867204, 0.024956066779425322, 0.027947127033299147, 0.030317719296220055, 0.03213024736687776, 0.033908117916643665, 0.035613155393420214, 0.03695858371541455, 0.0370883147011733, 0.035844860180821725, 0.03331269225961453, 0.030127822662769057, 0.026675716455458534, 0.02305094507263966, 0.019294584365168215, 0.016588874620184203, 0.013459760460278334, 0.010513659470637583, 0.008184205378854309, 0.005908681970234855, 0.003908372487361734, 0.002250880846271649, 0.001837561814419065, 0.003902446460586522, 0.00649131804032715, 0.008842266053540701, 0.011337576744963709, 0.013847821453172829, 0.016241515374979285, 0.018506880743639053, 0.020753891025054552, 0.022854281545735794, 0.025177910908837288, 0.027764777035113285, 0.0302577363231247, 0.032552204835272186, 0.033962244268502154, 0.03530995724171245, 0.036795414568091225, 0.03840706162943578, 0.039993850675796264, 0.04133645030179679, 0.04211247094820217, 0.04239213751353172, 0.042192499106345205, 0.04200269786908514, 0.041897190162155235, 0.041830932940717325, 0.04166737666619139, 0.04206882264734189, 0.0426127097658282, 0.042895687146734904, 0.04300135533202284, 0.04249799814293581, 0.041897582995049115, 0.04072077112408416, 0.03927976254850985, 0.037331499513228325, 0.035889992777759706, 0.03456359233645024, 0.033243529781910974, 0.03199033675126687, 0.03059935779738079, 0.029272240636492235, 0.027900707354997015, 0.02654938414970694, 0.02543173352052397, 0.024311103096379235, 0.023065212419431085, 0.021685454855791198, 0.02041159885695607, 0.019056064221564174, 0.017656707279948437, 0.01626614648165674, 0.015012383850973622, 0.013603567963072178, 0.012189757837366814, 0.010674529938407772, 0.009407142987148039, 0.008344525906195775, 0.007439054007672372, 0.0072034584519923735, 0.007775010970036668, 0.009047582903156274, 0.010731538882415681, 0.01253460028234948, 0.014333543563369548, 0.016070624592636203, 0.017817726146123574, 0.019557256660804743, 0.02116824086555951, 0.022529303997840977, 0.023628588936546305, 0.02391411988476377, 0.02359656311707365, 0.022355277074164143, 0.020961866673625245, 0.018393580144489934, 0.015660552711922182, 0.013874328661167971, 0.01254026736778108, 0.011812131260623127, 0.010800298354986543, 0.00961805971638548, 0.008471507575266851, 0.007656757785702683, 0.006719580941926242, 0.0056999472982024405, 0.005125787188458596, 0.00504686530895439, 0.005697178935649704, 0.006245540782853768, 0.0070976650798796875, 0.007900543705723831, 0.008755370167568399, 0.009807746909975117, 0.011209592216881203, 0.01276960312030194, 0.014467251258771754, 0.015865855510978952, 0.01751794577394112, 0.01978728846519214, 0.022540086452385207, 0.024859037758439572, 0.02589623397823137, 0.02611181133516041, 0.026565850619759173, 0.0272557734372972, 0.02776644526036269, 0.02799937699621002, 0.02818388188652303, 0.02806005928616626, 0.028083982827741123, 0.02781538632605852, 0.027763976455106594, 0.028120518002563644, 0.028688559534023904, 0.029389365084960088, 0.030059907204608147, 0.03052096911154336, 0.031053468449087778, 0.03142000488428638, 0.03173833045042581, 0.031892653890475096, 0.03198060527161537, 0.031944507243272385, 0.03180892531117334, 0.03180195743523648, 0.03175983113429147, 0.03185651864929952, 0.032146459060636644, 0.032526908876218445, 0.033087790299913135, 0.03370146462957083, 0.0342847740780508, 0.0344768243549477, 0.03441738754137779, 0.034008301029805295]",0.031248268714928727,0.03537119257472027,0.01255456522663799,0.028615331374116315,0.0,0.0,0.02884134957017065,0.03537119257472027,0.01255456522663799,0.028615331374116315,1.92,1717635302.6248279,2024-06-06_10-55-02
0.5059,-0.09168,0.4312647460569263,0.470815277890021,-0.10451274691354881,0.4609039360572309,0.5059,-0.09168,0.4592550297481767,0.470815277890021,-0.10451274691354881,0.4609039360572309,0.032298002681611045,"[0.011315756658919754, 0.012192407496521018, 0.01288995615295488, 0.01359963525141729, 0.014321891165186378, 0.015181047888625853, 0.01592941522152252, 0.01673874496494045, 0.01751440457689525, 0.01835087734908702, 0.019202544572813795, 0.020070622325609303, 0.02095627718778323, 0.02186061264947246, 0.022737260153569413, 0.023681097053535004, 0.024646250751560458, 0.025633386418693636, 0.02659237614956749, 0.027623542314219474, 0.0286250346734827, 0.029647102596467904, 0.03056454213255984, 0.031680305841655834, 0.03263530150735364, 0.033606764937046466, 0.034593095597664145, 0.03536350794006898, 0.035930760474075646, 0.03631257033147624, 0.03661317474198803, 0.03688385713543919, 0.03738127616234113, 0.037934719347479336, 0.03858163380471939, 0.03921882339006296, 0.03999131852533767, 0.04074980907886149, 0.04127472956039594, 0.04151563832077664, 0.04151964454301027, 0.04123464219442919, 0.04096829512038153, 0.04056460486818273, 0.04028281736824196, 0.04000166841569801, 0.03919762289117317, 0.037812479337396496, 0.03622310391275238, 0.03453579653228067, 0.0330206041779641, 0.031565009966306234, 0.03054064037737075, 0.029904305612678588, 0.029394155816597912, 0.028896840658953926, 0.02825322628704274, 0.027685220830545497, 0.02666364029859006, 0.025486033827772144, 0.02414387260068274, 0.023028867611909868, 0.022681878550084772, 0.02299235797660897, 0.02387546679328945, 0.024738332374206702, 0.025547718436096926, 0.026640938816603423, 0.02759836215880636, 0.028240938725365098, 0.028199955208514017, 0.028168175430310402, 0.02767018559717724, 0.027414861073674215, 0.027239233260695786, 0.0274939869379551, 0.027874761581110984, 0.02868161073982207, 0.029514734605865275, 0.030345172291974937, 0.031248268714928727, 0.032298002681611045, 0.033509628354587276, 0.0348066615601669, 0.03569061118903811, 0.03631377821401384, 0.03654105211474412, 0.03646788532881584, 0.03572808397059345, 0.03427781350345514, 0.03309813106562172, 0.031639416134799855, 0.02970329439236902, 0.027599049067936567, 0.02603054913364457, 0.024090316372098155, 0.02220132238001286, 0.02051452966091278, 0.019044426362309692, 0.017805605247084858, 0.01643252777018217, 0.01523003850809785, 0.01424180324883461, 0.013706552220618947, 0.0130880570946912, 0.012988920737072255, 0.013178248200839212, 0.013386796436950147, 0.01359897371732897, 0.01439195864266014, 0.015495810506657983, 0.016686507754200334, 0.01807173050136072, 0.019341411872889052, 0.020370802976522343, 0.0213787239197115, 0.02262888584538598, 0.02401686851684336, 0.025523335513576738, 0.026670410326906566, 0.02758824337325398, 0.02810647098585074, 0.028219175888028712, 0.02804128716256827, 0.027840212128430745, 0.02799079668741686, 0.027988272685847155, 0.02831306909632167, 0.028434723397990712, 0.0285549391753426, 0.02832607944879636, 0.02800347501499142, 0.027460301198426997, 0.02681840364884072, 0.026203190519756815, 0.02552364346313934, 0.024940794741503684, 0.024553643852497812, 0.024009602077058226, 0.023587486328410737, 0.023053226444370627, 0.02237349941244249, 0.021247392964358097, 0.01948489409103017, 0.01759577829009665, 0.015969918059865678, 0.014849832783247986, 0.014164911869984548, 0.013546042864334782, 0.01328357500957488, 0.012905521640083246, 0.012806686101790404, 0.01256569256360443, 0.01270015008783326, 0.013333718053885597, 0.014364706842779438, 0.015230812921928084, 0.016214173123414017, 0.017422309714956504, 0.01848297873673576, 0.019690103784110968, 0.02062988015396428, 0.021304326954883004, 0.021542023987470748, 0.021445001132587415, 0.02128479356968176, 0.021154257299581803, 0.020548768777841446, 0.020419411659703072, 0.020346908766621045, 0.02018386842926173, 0.020060715556614095, 0.019970155121820186, 0.019905412966441507, 0.019860328269953802, 0.019689549628068632, 0.019110038324468673, 0.018401772510693467, 0.01773443768827515, 0.01691379473734185, 0.0163889904882787, 0.015891976533507178, 0.015695148472402557, 0.015634975895130635, 0.01548249397414641, 0.015250362203767827, 0.01446715870868431, 0.013690714184349355, 0.013111437378948002, 0.01280400987898366, 0.012789088065484542, 0.012885508256999974, 0.012645414791893052, 0.012533763320360268, 0.01300792748125149, 0.014045480441271196, 0.015593406388961941, 0.017496649938682926, 0.01947963017829757, 0.021814960986639112, 0.0244888991790445, 0.027455202671237973, 0.030462142682767764, 0.03347516022004274, 0.03632355277573078, 0.03911728575744543, 0.041489125175428104, 0.043617926344794986, 0.04507509866910146, 0.045973158335007626, 0.046666313335408376, 0.047747911364257295, 0.04910015737076979, 0.051170936172887156, 0.05323921785426519, 0.05484930583024696, 0.05598397968583077, 0.056516639752925084, 0.05678375349578094, 0.05655312215346535, 0.05709318659280136, 0.05753330561326649, 0.05822424761198231, 0.05856641837777238, 0.058663546697002605, 0.05829520111627496, 0.058019458378357286, 0.05786276302771312, 0.057678835712609886, 0.05721489013034267, 0.05620972754199197, 0.05488023496470325, 0.05291870088860013, 0.05085359195424363, 0.04836971777146554, 0.045888993393773454, 0.04332790860019442, 0.040721243397433354, 0.03815348906679705, 0.03609755066086763, 0.03431153121207709, 0.03269994312791247, 0.03113246913067769, 0.029533434333839276, 0.02779284963423818, 0.02581340528028532, 0.023636664296078556, 0.021032966406022018, 0.018298152858289164, 0.015471223173718233, 0.012975006021594128, 0.011476514573927241, 0.011190786613452559, 0.012013514795745658, 0.013192708648177051, 0.0146026096239084, 0.016627808096549106, 0.019288816219412905, 0.022115031993867204, 0.024956066779425322, 0.027947127033299147, 0.030317719296220055, 0.03213024736687776, 0.033908117916643665, 0.035613155393420214, 0.03695858371541455, 0.0370883147011733, 0.035844860180821725, 0.03331269225961453, 0.030127822662769057, 0.026675716455458534, 0.02305094507263966, 0.019294584365168215, 0.016588874620184203, 0.013459760460278334, 0.010513659470637583, 0.008184205378854309, 0.005908681970234855, 0.003908372487361734, 0.002250880846271649, 0.001837561814419065, 0.003902446460586522, 0.00649131804032715, 0.008842266053540701, 0.011337576744963709, 0.013847821453172829, 0.016241515374979285, 0.018506880743639053, 0.020753891025054552, 0.022854281545735794, 0.025177910908837288, 0.027764777035113285, 0.0302577363231247, 0.032552204835272186, 0.033962244268502154, 0.03530995724171245, 0.036795414568091225, 0.03840706162943578, 0.039993850675796264, 0.04133645030179679, 0.04211247094820217, 0.04239213751353172, 0.042192499106345205, 0.04200269786908514, 0.041897190162155235, 0.041830932940717325, 0.04166737666619139, 0.04206882264734189, 0.0426127097658282, 0.042895687146734904, 0.04300135533202284, 0.04249799814293581, 0.041897582995049115, 0.04072077112408416, 0.03927976254850985, 0.037331499513228325, 0.035889992777759706, 0.03456359233645024, 0.033243529781910974, 0.03199033675126687, 0.03059935779738079, 0.029272240636492235, 0.027900707354997015, 0.02654938414970694, 0.02543173352052397, 0.024311103096379235, 0.023065212419431085, 0.021685454855791198, 0.02041159885695607, 0.019056064221564174, 0.017656707279948437, 0.01626614648165674, 0.015012383850973622, 0.013603567963072178, 0.012189757837366814, 0.010674529938407772, 0.009407142987148039, 0.008344525906195775, 0.007439054007672372, 0.0072034584519923735, 0.007775010970036668, 0.009047582903156274, 0.010731538882415681, 0.01253460028234948, 0.014333543563369548, 0.016070624592636203, 0.017817726146123574, 0.019557256660804743, 0.02116824086555951, 0.022529303997840977, 0.023628588936546305, 0.02391411988476377, 0.02359656311707365, 0.022355277074164143, 0.020961866673625245, 0.018393580144489934, 0.015660552711922182, 0.013874328661167971, 0.01254026736778108, 0.011812131260623127, 0.010800298354986543, 0.00961805971638548, 0.008471507575266851, 0.007656757785702683, 0.006719580941926242, 0.0056999472982024405, 0.005125787188458596, 0.00504686530895439, 0.005697178935649704, 0.006245540782853768, 0.0070976650798796875, 0.007900543705723831, 0.008755370167568399, 0.009807746909975117, 0.011209592216881203, 0.01276960312030194, 0.014467251258771754, 0.015865855510978952, 0.01751794577394112, 0.01978728846519214, 0.022540086452385207, 0.024859037758439572, 0.02589623397823137, 0.02611181133516041, 0.026565850619759173, 0.0272557734372972, 0.02776644526036269, 0.02799937699621002, 0.02818388188652303, 0.02806005928616626, 0.028083982827741123, 0.02781538632605852, 0.027763976455106594, 0.028120518002563644, 0.028688559534023904, 0.029389365084960088, 0.030059907204608147, 0.03052096911154336, 0.031053468449087778, 0.03142000488428638, 0.03173833045042581, 0.031892653890475096, 0.03198060527161537, 0.031944507243272385, 0.03180892531117334, 0.03180195743523648, 0.03175983113429147, 0.03185651864929952, 0.032146459060636644, 0.032526908876218445, 0.033087790299913135, 0.03370146462957083, 0.0342847740780508, 0.0344768243549477, 0.03441738754137779, 0.034008301029805295]",0.032298002681611045,0.03508472210997904,0.012832746913548812,0.029639190000304627,0.0,0.0,0.02799028369125045,0.03508472210997904,0.012832746913548812,0.029639190000304627,1.944,1717635302.646932,2024-06-06_10-55-02
0.5059,-0.09096,0.4295477461204733,0.4711114892724213,-0.10437597001292548,0.46025453594088345,0.5059,-0.09096,0.45668696393280345,0.4711114892724213,-0.10437597001292548,0.46025453594088345,0.033509628354587276,"[0.011315756658919754, 0.012192407496521018, 0.01288995615295488, 0.01359963525141729, 0.014321891165186378, 0.015181047888625853, 0.01592941522152252, 0.01673874496494045, 0.01751440457689525, 0.01835087734908702, 0.019202544572813795, 0.020070622325609303, 0.02095627718778323, 0.02186061264947246, 0.022737260153569413, 0.023681097053535004, 0.024646250751560458, 0.025633386418693636, 0.02659237614956749, 0.027623542314219474, 0.0286250346734827, 0.029647102596467904, 0.03056454213255984, 0.031680305841655834, 0.03263530150735364, 0.033606764937046466, 0.034593095597664145, 0.03536350794006898, 0.035930760474075646, 0.03631257033147624, 0.03661317474198803, 0.03688385713543919, 0.03738127616234113, 0.037934719347479336, 0.03858163380471939, 0.03921882339006296, 0.03999131852533767, 0.04074980907886149, 0.04127472956039594, 0.04151563832077664, 0.04151964454301027, 0.04123464219442919, 0.04096829512038153, 0.04056460486818273, 0.04028281736824196, 0.04000166841569801, 0.03919762289117317, 0.037812479337396496, 0.03622310391275238, 0.03453579653228067, 0.0330206041779641, 0.031565009966306234, 0.03054064037737075, 0.029904305612678588, 0.029394155816597912, 0.028896840658953926, 0.02825322628704274, 0.027685220830545497, 0.02666364029859006, 0.025486033827772144, 0.02414387260068274, 0.023028867611909868, 0.022681878550084772, 0.02299235797660897, 0.02387546679328945, 0.024738332374206702, 0.025547718436096926, 0.026640938816603423, 0.02759836215880636, 0.028240938725365098, 0.028199955208514017, 0.028168175430310402, 0.02767018559717724, 0.027414861073674215, 0.027239233260695786, 0.0274939869379551, 0.027874761581110984, 0.02868161073982207, 0.029514734605865275, 0.030345172291974937, 0.031248268714928727, 0.032298002681611045, 0.033509628354587276, 0.0348066615601669, 0.03569061118903811, 0.03631377821401384, 0.03654105211474412, 0.03646788532881584, 0.03572808397059345, 0.03427781350345514, 0.03309813106562172, 0.031639416134799855, 0.02970329439236902, 0.027599049067936567, 0.02603054913364457, 0.024090316372098155, 0.02220132238001286, 0.02051452966091278, 0.019044426362309692, 0.017805605247084858, 0.01643252777018217, 0.01523003850809785, 0.01424180324883461, 0.013706552220618947, 0.0130880570946912, 0.012988920737072255, 0.013178248200839212, 0.013386796436950147, 0.01359897371732897, 0.01439195864266014, 0.015495810506657983, 0.016686507754200334, 0.01807173050136072, 0.019341411872889052, 0.020370802976522343, 0.0213787239197115, 0.02262888584538598, 0.02401686851684336, 0.025523335513576738, 0.026670410326906566, 0.02758824337325398, 0.02810647098585074, 0.028219175888028712, 0.02804128716256827, 0.027840212128430745, 0.02799079668741686, 0.027988272685847155, 0.02831306909632167, 0.028434723397990712, 0.0285549391753426, 0.02832607944879636, 0.02800347501499142, 0.027460301198426997, 0.02681840364884072, 0.026203190519756815, 0.02552364346313934, 0.024940794741503684, 0.024553643852497812, 0.024009602077058226, 0.023587486328410737, 0.023053226444370627, 0.02237349941244249, 0.021247392964358097, 0.01948489409103017, 0.01759577829009665, 0.015969918059865678, 0.014849832783247986, 0.014164911869984548, 0.013546042864334782, 0.01328357500957488, 0.012905521640083246, 0.012806686101790404, 0.01256569256360443, 0.01270015008783326, 0.013333718053885597, 0.014364706842779438, 0.015230812921928084, 0.016214173123414017, 0.017422309714956504, 0.01848297873673576, 0.019690103784110968, 0.02062988015396428, 0.021304326954883004, 0.021542023987470748, 0.021445001132587415, 0.02128479356968176, 0.021154257299581803, 0.020548768777841446, 0.020419411659703072, 0.020346908766621045, 0.02018386842926173, 0.020060715556614095, 0.019970155121820186, 0.019905412966441507, 0.019860328269953802, 0.019689549628068632, 0.019110038324468673, 0.018401772510693467, 0.01773443768827515, 0.01691379473734185, 0.0163889904882787, 0.015891976533507178, 0.015695148472402557, 0.015634975895130635, 0.01548249397414641, 0.015250362203767827, 0.01446715870868431, 0.013690714184349355, 0.013111437378948002, 0.01280400987898366, 0.012789088065484542, 0.012885508256999974, 0.012645414791893052, 0.012533763320360268, 0.01300792748125149, 0.014045480441271196, 0.015593406388961941, 0.017496649938682926, 0.01947963017829757, 0.021814960986639112, 0.0244888991790445, 0.027455202671237973, 0.030462142682767764, 0.03347516022004274, 0.03632355277573078, 0.03911728575744543, 0.041489125175428104, 0.043617926344794986, 0.04507509866910146, 0.045973158335007626, 0.046666313335408376, 0.047747911364257295, 0.04910015737076979, 0.051170936172887156, 0.05323921785426519, 0.05484930583024696, 0.05598397968583077, 0.056516639752925084, 0.05678375349578094, 0.05655312215346535, 0.05709318659280136, 0.05753330561326649, 0.05822424761198231, 0.05856641837777238, 0.058663546697002605, 0.05829520111627496, 0.058019458378357286, 0.05786276302771312, 0.057678835712609886, 0.05721489013034267, 0.05620972754199197, 0.05488023496470325, 0.05291870088860013, 0.05085359195424363, 0.04836971777146554, 0.045888993393773454, 0.04332790860019442, 0.040721243397433354, 0.03815348906679705, 0.03609755066086763, 0.03431153121207709, 0.03269994312791247, 0.03113246913067769, 0.029533434333839276, 0.02779284963423818, 0.02581340528028532, 0.023636664296078556, 0.021032966406022018, 0.018298152858289164, 0.015471223173718233, 0.012975006021594128, 0.011476514573927241, 0.011190786613452559, 0.012013514795745658, 0.013192708648177051, 0.0146026096239084, 0.016627808096549106, 0.019288816219412905, 0.022115031993867204, 0.024956066779425322, 0.027947127033299147, 0.030317719296220055, 0.03213024736687776, 0.033908117916643665, 0.035613155393420214, 0.03695858371541455, 0.0370883147011733, 0.035844860180821725, 0.03331269225961453, 0.030127822662769057, 0.026675716455458534, 0.02305094507263966, 0.019294584365168215, 0.016588874620184203, 0.013459760460278334, 0.010513659470637583, 0.008184205378854309, 0.005908681970234855, 0.003908372487361734, 0.002250880846271649, 0.001837561814419065, 0.003902446460586522, 0.00649131804032715, 0.008842266053540701, 0.011337576744963709, 0.013847821453172829, 0.016241515374979285, 0.018506880743639053, 0.020753891025054552, 0.022854281545735794, 0.025177910908837288, 0.027764777035113285, 0.0302577363231247, 0.032552204835272186, 0.033962244268502154, 0.03530995724171245, 0.036795414568091225, 0.03840706162943578, 0.039993850675796264, 0.04133645030179679, 0.04211247094820217, 0.04239213751353172, 0.042192499106345205, 0.04200269786908514, 0.041897190162155235, 0.041830932940717325, 0.04166737666619139, 0.04206882264734189, 0.0426127097658282, 0.042895687146734904, 0.04300135533202284, 0.04249799814293581, 0.041897582995049115, 0.04072077112408416, 0.03927976254850985, 0.037331499513228325, 0.035889992777759706, 0.03456359233645024, 0.033243529781910974, 0.03199033675126687, 0.03059935779738079, 0.029272240636492235, 0.027900707354997015, 0.02654938414970694, 0.02543173352052397, 0.024311103096379235, 0.023065212419431085, 0.021685454855791198, 0.02041159885695607, 0.019056064221564174, 0.017656707279948437, 0.01626614648165674, 0.015012383850973622, 0.013603567963072178, 0.012189757837366814, 0.010674529938407772, 0.009407142987148039, 0.008344525906195775, 0.007439054007672372, 0.0072034584519923735, 0.007775010970036668, 0.009047582903156274, 0.010731538882415681, 0.01253460028234948, 0.014333543563369548, 0.016070624592636203, 0.017817726146123574, 0.019557256660804743, 0.02116824086555951, 0.022529303997840977, 0.023628588936546305, 0.02391411988476377, 0.02359656311707365, 0.022355277074164143, 0.020961866673625245, 0.018393580144489934, 0.015660552711922182, 0.013874328661167971, 0.01254026736778108, 0.011812131260623127, 0.010800298354986543, 0.00961805971638548, 0.008471507575266851, 0.007656757785702683, 0.006719580941926242, 0.0056999472982024405, 0.005125787188458596, 0.00504686530895439, 0.005697178935649704, 0.006245540782853768, 0.0070976650798796875, 0.007900543705723831, 0.008755370167568399, 0.009807746909975117, 0.011209592216881203, 0.01276960312030194, 0.014467251258771754, 0.015865855510978952, 0.01751794577394112, 0.01978728846519214, 0.022540086452385207, 0.024859037758439572, 0.02589623397823137, 0.02611181133516041, 0.026565850619759173, 0.0272557734372972, 0.02776644526036269, 0.02799937699621002, 0.02818388188652303, 0.02806005928616626, 0.028083982827741123, 0.02781538632605852, 0.027763976455106594, 0.028120518002563644, 0.028688559534023904, 0.029389365084960088, 0.030059907204608147, 0.03052096911154336, 0.031053468449087778, 0.03142000488428638, 0.03173833045042581, 0.031892653890475096, 0.03198060527161537, 0.031944507243272385, 0.03180892531117334, 0.03180195743523648, 0.03175983113429147, 0.03185651864929952, 0.032146459060636644, 0.032526908876218445, 0.033087790299913135, 0.03370146462957083, 0.0342847740780508, 0.0344768243549477, 0.03441738754137779, 0.034008301029805295]",0.033509628354587276,0.034788510727578714,0.01341597001292548,0.03070678982041014,0.0,0.0,0.02713921781233014,0.034788510727578714,0.01341597001292548,0.03070678982041014,1.968,1717635302.6710913,2024-06-06_10-55-02
0.5059,-0.09024,0.4278788322361578,0.47134780185883546,-0.10426618617356244,0.4597342837380368,0.5059,-0.09024,0.4541669841695676,0.47134780185883546,-0.10426618617356244,0.4597342837380368,0.0348066615601669,"[0.011315756658919754, 0.012192407496521018, 0.01288995615295488, 0.01359963525141729, 0.014321891165186378, 0.015181047888625853, 0.01592941522152252, 0.01673874496494045, 0.01751440457689525, 0.01835087734908702, 0.019202544572813795, 0.020070622325609303, 0.02095627718778323, 0.02186061264947246, 0.022737260153569413, 0.023681097053535004, 0.024646250751560458, 0.025633386418693636, 0.02659237614956749, 0.027623542314219474, 0.0286250346734827, 0.029647102596467904, 0.03056454213255984, 0.031680305841655834, 0.03263530150735364, 0.033606764937046466, 0.034593095597664145, 0.03536350794006898, 0.035930760474075646, 0.03631257033147624, 0.03661317474198803, 0.03688385713543919, 0.03738127616234113, 0.037934719347479336, 0.03858163380471939, 0.03921882339006296, 0.03999131852533767, 0.04074980907886149, 0.04127472956039594, 0.04151563832077664, 0.04151964454301027, 0.04123464219442919, 0.04096829512038153, 0.04056460486818273, 0.04028281736824196, 0.04000166841569801, 0.03919762289117317, 0.037812479337396496, 0.03622310391275238, 0.03453579653228067, 0.0330206041779641, 0.031565009966306234, 0.03054064037737075, 0.029904305612678588, 0.029394155816597912, 0.028896840658953926, 0.02825322628704274, 0.027685220830545497, 0.02666364029859006, 0.025486033827772144, 0.02414387260068274, 0.023028867611909868, 0.022681878550084772, 0.02299235797660897, 0.02387546679328945, 0.024738332374206702, 0.025547718436096926, 0.026640938816603423, 0.02759836215880636, 0.028240938725365098, 0.028199955208514017, 0.028168175430310402, 0.02767018559717724, 0.027414861073674215, 0.027239233260695786, 0.0274939869379551, 0.027874761581110984, 0.02868161073982207, 0.029514734605865275, 0.030345172291974937, 0.031248268714928727, 0.032298002681611045, 0.033509628354587276, 0.0348066615601669, 0.03569061118903811, 0.03631377821401384, 0.03654105211474412, 0.03646788532881584, 0.03572808397059345, 0.03427781350345514, 0.03309813106562172, 0.031639416134799855, 0.02970329439236902, 0.027599049067936567, 0.02603054913364457, 0.024090316372098155, 0.02220132238001286, 0.02051452966091278, 0.019044426362309692, 0.017805605247084858, 0.01643252777018217, 0.01523003850809785, 0.01424180324883461, 0.013706552220618947, 0.0130880570946912, 0.012988920737072255, 0.013178248200839212, 0.013386796436950147, 0.01359897371732897, 0.01439195864266014, 0.015495810506657983, 0.016686507754200334, 0.01807173050136072, 0.019341411872889052, 0.020370802976522343, 0.0213787239197115, 0.02262888584538598, 0.02401686851684336, 0.025523335513576738, 0.026670410326906566, 0.02758824337325398, 0.02810647098585074, 0.028219175888028712, 0.02804128716256827, 0.027840212128430745, 0.02799079668741686, 0.027988272685847155, 0.02831306909632167, 0.028434723397990712, 0.0285549391753426, 0.02832607944879636, 0.02800347501499142, 0.027460301198426997, 0.02681840364884072, 0.026203190519756815, 0.02552364346313934, 0.024940794741503684, 0.024553643852497812, 0.024009602077058226, 0.023587486328410737, 0.023053226444370627, 0.02237349941244249, 0.021247392964358097, 0.01948489409103017, 0.01759577829009665, 0.015969918059865678, 0.014849832783247986, 0.014164911869984548, 0.013546042864334782, 0.01328357500957488, 0.012905521640083246, 0.012806686101790404, 0.01256569256360443, 0.01270015008783326, 0.013333718053885597, 0.014364706842779438, 0.015230812921928084, 0.016214173123414017, 0.017422309714956504, 0.01848297873673576, 0.019690103784110968, 0.02062988015396428, 0.021304326954883004, 0.021542023987470748, 0.021445001132587415, 0.02128479356968176, 0.021154257299581803, 0.020548768777841446, 0.020419411659703072, 0.020346908766621045, 0.02018386842926173, 0.020060715556614095, 0.019970155121820186, 0.019905412966441507, 0.019860328269953802, 0.019689549628068632, 0.019110038324468673, 0.018401772510693467, 0.01773443768827515, 0.01691379473734185, 0.0163889904882787, 0.015891976533507178, 0.015695148472402557, 0.015634975895130635, 0.01548249397414641, 0.015250362203767827, 0.01446715870868431, 0.013690714184349355, 0.013111437378948002, 0.01280400987898366, 0.012789088065484542, 0.012885508256999974, 0.012645414791893052, 0.012533763320360268, 0.01300792748125149, 0.014045480441271196, 0.015593406388961941, 0.017496649938682926, 0.01947963017829757, 0.021814960986639112, 0.0244888991790445, 0.027455202671237973, 0.030462142682767764, 0.03347516022004274, 0.03632355277573078, 0.03911728575744543, 0.041489125175428104, 0.043617926344794986, 0.04507509866910146, 0.045973158335007626, 0.046666313335408376, 0.047747911364257295, 0.04910015737076979, 0.051170936172887156, 0.05323921785426519, 0.05484930583024696, 0.05598397968583077, 0.056516639752925084, 0.05678375349578094, 0.05655312215346535, 0.05709318659280136, 0.05753330561326649, 0.05822424761198231, 0.05856641837777238, 0.058663546697002605, 0.05829520111627496, 0.058019458378357286, 0.05786276302771312, 0.057678835712609886, 0.05721489013034267, 0.05620972754199197, 0.05488023496470325, 0.05291870088860013, 0.05085359195424363, 0.04836971777146554, 0.045888993393773454, 0.04332790860019442, 0.040721243397433354, 0.03815348906679705, 0.03609755066086763, 0.03431153121207709, 0.03269994312791247, 0.03113246913067769, 0.029533434333839276, 0.02779284963423818, 0.02581340528028532, 0.023636664296078556, 0.021032966406022018, 0.018298152858289164, 0.015471223173718233, 0.012975006021594128, 0.011476514573927241, 0.011190786613452559, 0.012013514795745658, 0.013192708648177051, 0.0146026096239084, 0.016627808096549106, 0.019288816219412905, 0.022115031993867204, 0.024956066779425322, 0.027947127033299147, 0.030317719296220055, 0.03213024736687776, 0.033908117916643665, 0.035613155393420214, 0.03695858371541455, 0.0370883147011733, 0.035844860180821725, 0.03331269225961453, 0.030127822662769057, 0.026675716455458534, 0.02305094507263966, 0.019294584365168215, 0.016588874620184203, 0.013459760460278334, 0.010513659470637583, 0.008184205378854309, 0.005908681970234855, 0.003908372487361734, 0.002250880846271649, 0.001837561814419065, 0.003902446460586522, 0.00649131804032715, 0.008842266053540701, 0.011337576744963709, 0.013847821453172829, 0.016241515374979285, 0.018506880743639053, 0.020753891025054552, 0.022854281545735794, 0.025177910908837288, 0.027764777035113285, 0.0302577363231247, 0.032552204835272186, 0.033962244268502154, 0.03530995724171245, 0.036795414568091225, 0.03840706162943578, 0.039993850675796264, 0.04133645030179679, 0.04211247094820217, 0.04239213751353172, 0.042192499106345205, 0.04200269786908514, 0.041897190162155235, 0.041830932940717325, 0.04166737666619139, 0.04206882264734189, 0.0426127097658282, 0.042895687146734904, 0.04300135533202284, 0.04249799814293581, 0.041897582995049115, 0.04072077112408416, 0.03927976254850985, 0.037331499513228325, 0.035889992777759706, 0.03456359233645024, 0.033243529781910974, 0.03199033675126687, 0.03059935779738079, 0.029272240636492235, 0.027900707354997015, 0.02654938414970694, 0.02543173352052397, 0.024311103096379235, 0.023065212419431085, 0.021685454855791198, 0.02041159885695607, 0.019056064221564174, 0.017656707279948437, 0.01626614648165674, 0.015012383850973622, 0.013603567963072178, 0.012189757837366814, 0.010674529938407772, 0.009407142987148039, 0.008344525906195775, 0.007439054007672372, 0.0072034584519923735, 0.007775010970036668, 0.009047582903156274, 0.010731538882415681, 0.01253460028234948, 0.014333543563369548, 0.016070624592636203, 0.017817726146123574, 0.019557256660804743, 0.02116824086555951, 0.022529303997840977, 0.023628588936546305, 0.02391411988476377, 0.02359656311707365, 0.022355277074164143, 0.020961866673625245, 0.018393580144489934, 0.015660552711922182, 0.013874328661167971, 0.01254026736778108, 0.011812131260623127, 0.010800298354986543, 0.00961805971638548, 0.008471507575266851, 0.007656757785702683, 0.006719580941926242, 0.0056999472982024405, 0.005125787188458596, 0.00504686530895439, 0.005697178935649704, 0.006245540782853768, 0.0070976650798796875, 0.007900543705723831, 0.008755370167568399, 0.009807746909975117, 0.011209592216881203, 0.01276960312030194, 0.014467251258771754, 0.015865855510978952, 0.01751794577394112, 0.01978728846519214, 0.022540086452385207, 0.024859037758439572, 0.02589623397823137, 0.02611181133516041, 0.026565850619759173, 0.0272557734372972, 0.02776644526036269, 0.02799937699621002, 0.02818388188652303, 0.02806005928616626, 0.028083982827741123, 0.02781538632605852, 0.027763976455106594, 0.028120518002563644, 0.028688559534023904, 0.029389365084960088, 0.030059907204608147, 0.03052096911154336, 0.031053468449087778, 0.03142000488428638, 0.03173833045042581, 0.031892653890475096, 0.03198060527161537, 0.031944507243272385, 0.03180892531117334, 0.03180195743523648, 0.03175983113429147, 0.03185651864929952, 0.032146459060636644, 0.032526908876218445, 0.033087790299913135, 0.03370146462957083, 0.0342847740780508, 0.0344768243549477, 0.03441738754137779, 0.034008301029805295]",0.0348066615601669,0.03455219814116456,0.014026186173562438,0.03185545150187902,0.0,0.0,0.026288151933409776,0.03455219814116456,0.014026186173562438,0.03185545150187902,1.992,1717635302.6956482,2024-06-06_10-55-02
0.5059,-0.08951999999999999,0.4262658452370781,0.4716953023585408,-0.10394798881491166,0.4589101841920007,0.5059,-0.08951999999999999,0.4515540094297699,0.4716953023585408,-0.10394798881491166,0.4589101841920007,0.03569061118903811,"[0.011315756658919754, 0.012192407496521018, 0.01288995615295488, 0.01359963525141729, 0.014321891165186378, 0.015181047888625853, 0.01592941522152252, 0.01673874496494045, 0.01751440457689525, 0.01835087734908702, 0.019202544572813795, 0.020070622325609303, 0.02095627718778323, 0.02186061264947246, 0.022737260153569413, 0.023681097053535004, 0.024646250751560458, 0.025633386418693636, 0.02659237614956749, 0.027623542314219474, 0.0286250346734827, 0.029647102596467904, 0.03056454213255984, 0.031680305841655834, 0.03263530150735364, 0.033606764937046466, 0.034593095597664145, 0.03536350794006898, 0.035930760474075646, 0.03631257033147624, 0.03661317474198803, 0.03688385713543919, 0.03738127616234113, 0.037934719347479336, 0.03858163380471939, 0.03921882339006296, 0.03999131852533767, 0.04074980907886149, 0.04127472956039594, 0.04151563832077664, 0.04151964454301027, 0.04123464219442919, 0.04096829512038153, 0.04056460486818273, 0.04028281736824196, 0.04000166841569801, 0.03919762289117317, 0.037812479337396496, 0.03622310391275238, 0.03453579653228067, 0.0330206041779641, 0.031565009966306234, 0.03054064037737075, 0.029904305612678588, 0.029394155816597912, 0.028896840658953926, 0.02825322628704274, 0.027685220830545497, 0.02666364029859006, 0.025486033827772144, 0.02414387260068274, 0.023028867611909868, 0.022681878550084772, 0.02299235797660897, 0.02387546679328945, 0.024738332374206702, 0.025547718436096926, 0.026640938816603423, 0.02759836215880636, 0.028240938725365098, 0.028199955208514017, 0.028168175430310402, 0.02767018559717724, 0.027414861073674215, 0.027239233260695786, 0.0274939869379551, 0.027874761581110984, 0.02868161073982207, 0.029514734605865275, 0.030345172291974937, 0.031248268714928727, 0.032298002681611045, 0.033509628354587276, 0.0348066615601669, 0.03569061118903811, 0.03631377821401384, 0.03654105211474412, 0.03646788532881584, 0.03572808397059345, 0.03427781350345514, 0.03309813106562172, 0.031639416134799855, 0.02970329439236902, 0.027599049067936567, 0.02603054913364457, 0.024090316372098155, 0.02220132238001286, 0.02051452966091278, 0.019044426362309692, 0.017805605247084858, 0.01643252777018217, 0.01523003850809785, 0.01424180324883461, 0.013706552220618947, 0.0130880570946912, 0.012988920737072255, 0.013178248200839212, 0.013386796436950147, 0.01359897371732897, 0.01439195864266014, 0.015495810506657983, 0.016686507754200334, 0.01807173050136072, 0.019341411872889052, 0.020370802976522343, 0.0213787239197115, 0.02262888584538598, 0.02401686851684336, 0.025523335513576738, 0.026670410326906566, 0.02758824337325398, 0.02810647098585074, 0.028219175888028712, 0.02804128716256827, 0.027840212128430745, 0.02799079668741686, 0.027988272685847155, 0.02831306909632167, 0.028434723397990712, 0.0285549391753426, 0.02832607944879636, 0.02800347501499142, 0.027460301198426997, 0.02681840364884072, 0.026203190519756815, 0.02552364346313934, 0.024940794741503684, 0.024553643852497812, 0.024009602077058226, 0.023587486328410737, 0.023053226444370627, 0.02237349941244249, 0.021247392964358097, 0.01948489409103017, 0.01759577829009665, 0.015969918059865678, 0.014849832783247986, 0.014164911869984548, 0.013546042864334782, 0.01328357500957488, 0.012905521640083246, 0.012806686101790404, 0.01256569256360443, 0.01270015008783326, 0.013333718053885597, 0.014364706842779438, 0.015230812921928084, 0.016214173123414017, 0.017422309714956504, 0.01848297873673576, 0.019690103784110968, 0.02062988015396428, 0.021304326954883004, 0.021542023987470748, 0.021445001132587415, 0.02128479356968176, 0.021154257299581803, 0.020548768777841446, 0.020419411659703072, 0.020346908766621045, 0.02018386842926173, 0.020060715556614095, 0.019970155121820186, 0.019905412966441507, 0.019860328269953802, 0.019689549628068632, 0.019110038324468673, 0.018401772510693467, 0.01773443768827515, 0.01691379473734185, 0.0163889904882787, 0.015891976533507178, 0.015695148472402557, 0.015634975895130635, 0.01548249397414641, 0.015250362203767827, 0.01446715870868431, 0.013690714184349355, 0.013111437378948002, 0.01280400987898366, 0.012789088065484542, 0.012885508256999974, 0.012645414791893052, 0.012533763320360268, 0.01300792748125149, 0.014045480441271196, 0.015593406388961941, 0.017496649938682926, 0.01947963017829757, 0.021814960986639112, 0.0244888991790445, 0.027455202671237973, 0.030462142682767764, 0.03347516022004274, 0.03632355277573078, 0.03911728575744543, 0.041489125175428104, 0.043617926344794986, 0.04507509866910146, 0.045973158335007626, 0.046666313335408376, 0.047747911364257295, 0.04910015737076979, 0.051170936172887156, 0.05323921785426519, 0.05484930583024696, 0.05598397968583077, 0.056516639752925084, 0.05678375349578094, 0.05655312215346535, 0.05709318659280136, 0.05753330561326649, 0.05822424761198231, 0.05856641837777238, 0.058663546697002605, 0.05829520111627496, 0.058019458378357286, 0.05786276302771312, 0.057678835712609886, 0.05721489013034267, 0.05620972754199197, 0.05488023496470325, 0.05291870088860013, 0.05085359195424363, 0.04836971777146554, 0.045888993393773454, 0.04332790860019442, 0.040721243397433354, 0.03815348906679705, 0.03609755066086763, 0.03431153121207709, 0.03269994312791247, 0.03113246913067769, 0.029533434333839276, 0.02779284963423818, 0.02581340528028532, 0.023636664296078556, 0.021032966406022018, 0.018298152858289164, 0.015471223173718233, 0.012975006021594128, 0.011476514573927241, 0.011190786613452559, 0.012013514795745658, 0.013192708648177051, 0.0146026096239084, 0.016627808096549106, 0.019288816219412905, 0.022115031993867204, 0.024956066779425322, 0.027947127033299147, 0.030317719296220055, 0.03213024736687776, 0.033908117916643665, 0.035613155393420214, 0.03695858371541455, 0.0370883147011733, 0.035844860180821725, 0.03331269225961453, 0.030127822662769057, 0.026675716455458534, 0.02305094507263966, 0.019294584365168215, 0.016588874620184203, 0.013459760460278334, 0.010513659470637583, 0.008184205378854309, 0.005908681970234855, 0.003908372487361734, 0.002250880846271649, 0.001837561814419065, 0.003902446460586522, 0.00649131804032715, 0.008842266053540701, 0.011337576744963709, 0.013847821453172829, 0.016241515374979285, 0.018506880743639053, 0.020753891025054552, 0.022854281545735794, 0.025177910908837288, 0.027764777035113285, 0.0302577363231247, 0.032552204835272186, 0.033962244268502154, 0.03530995724171245, 0.036795414568091225, 0.03840706162943578, 0.039993850675796264, 0.04133645030179679, 0.04211247094820217, 0.04239213751353172, 0.042192499106345205, 0.04200269786908514, 0.041897190162155235, 0.041830932940717325, 0.04166737666619139, 0.04206882264734189, 0.0426127097658282, 0.042895687146734904, 0.04300135533202284, 0.04249799814293581, 0.041897582995049115, 0.04072077112408416, 0.03927976254850985, 0.037331499513228325, 0.035889992777759706, 0.03456359233645024, 0.033243529781910974, 0.03199033675126687, 0.03059935779738079, 0.029272240636492235, 0.027900707354997015, 0.02654938414970694, 0.02543173352052397, 0.024311103096379235, 0.023065212419431085, 0.021685454855791198, 0.02041159885695607, 0.019056064221564174, 0.017656707279948437, 0.01626614648165674, 0.015012383850973622, 0.013603567963072178, 0.012189757837366814, 0.010674529938407772, 0.009407142987148039, 0.008344525906195775, 0.007439054007672372, 0.0072034584519923735, 0.007775010970036668, 0.009047582903156274, 0.010731538882415681, 0.01253460028234948, 0.014333543563369548, 0.016070624592636203, 0.017817726146123574, 0.019557256660804743, 0.02116824086555951, 0.022529303997840977, 0.023628588936546305, 0.02391411988476377, 0.02359656311707365, 0.022355277074164143, 0.020961866673625245, 0.018393580144489934, 0.015660552711922182, 0.013874328661167971, 0.01254026736778108, 0.011812131260623127, 0.010800298354986543, 0.00961805971638548, 0.008471507575266851, 0.007656757785702683, 0.006719580941926242, 0.0056999472982024405, 0.005125787188458596, 0.00504686530895439, 0.005697178935649704, 0.006245540782853768, 0.0070976650798796875, 0.007900543705723831, 0.008755370167568399, 0.009807746909975117, 0.011209592216881203, 0.01276960312030194, 0.014467251258771754, 0.015865855510978952, 0.01751794577394112, 0.01978728846519214, 0.022540086452385207, 0.024859037758439572, 0.02589623397823137, 0.02611181133516041, 0.026565850619759173, 0.0272557734372972, 0.02776644526036269, 0.02799937699621002, 0.02818388188652303, 0.02806005928616626, 0.028083982827741123, 0.02781538632605852, 0.027763976455106594, 0.028120518002563644, 0.028688559534023904, 0.029389365084960088, 0.030059907204608147, 0.03052096911154336, 0.031053468449087778, 0.03142000488428638, 0.03173833045042581, 0.031892653890475096, 0.03198060527161537, 0.031944507243272385, 0.03180892531117334, 0.03180195743523648, 0.03175983113429147, 0.03185651864929952, 0.032146459060636644, 0.032526908876218445, 0.033087790299913135, 0.03370146462957083, 0.0342847740780508, 0.0344768243549477, 0.03441738754137779, 0.034008301029805295]",0.03569061118903811,0.034204697641459225,0.014427988814911669,0.03264433895492258,0.0,0.0,0.02528816419269181,0.034204697641459225,0.014427988814911669,0.03264433895492258,2.016,1717635302.7191472,2024-06-06_10-55-02
0.5059,-0.0888,0.4247163988109809,0.4720288204921655,-0.10332317563832222,0.4579995455605752,0.5059,-0.0888,0.4489301143320558,0.4720288204921655,-0.10332317563832222,0.4579995455605752,0.03631377821401384,"[0.011315756658919754, 0.012192407496521018, 0.01288995615295488, 0.01359963525141729, 0.014321891165186378, 0.015181047888625853, 0.01592941522152252, 0.01673874496494045, 0.01751440457689525, 0.01835087734908702, 0.019202544572813795, 0.020070622325609303, 0.02095627718778323, 0.02186061264947246, 0.022737260153569413, 0.023681097053535004, 0.024646250751560458, 0.025633386418693636, 0.02659237614956749, 0.027623542314219474, 0.0286250346734827, 0.029647102596467904, 0.03056454213255984, 0.031680305841655834, 0.03263530150735364, 0.033606764937046466, 0.034593095597664145, 0.03536350794006898, 0.035930760474075646, 0.03631257033147624, 0.03661317474198803, 0.03688385713543919, 0.03738127616234113, 0.037934719347479336, 0.03858163380471939, 0.03921882339006296, 0.03999131852533767, 0.04074980907886149, 0.04127472956039594, 0.04151563832077664, 0.04151964454301027, 0.04123464219442919, 0.04096829512038153, 0.04056460486818273, 0.04028281736824196, 0.04000166841569801, 0.03919762289117317, 0.037812479337396496, 0.03622310391275238, 0.03453579653228067, 0.0330206041779641, 0.031565009966306234, 0.03054064037737075, 0.029904305612678588, 0.029394155816597912, 0.028896840658953926, 0.02825322628704274, 0.027685220830545497, 0.02666364029859006, 0.025486033827772144, 0.02414387260068274, 0.023028867611909868, 0.022681878550084772, 0.02299235797660897, 0.02387546679328945, 0.024738332374206702, 0.025547718436096926, 0.026640938816603423, 0.02759836215880636, 0.028240938725365098, 0.028199955208514017, 0.028168175430310402, 0.02767018559717724, 0.027414861073674215, 0.027239233260695786, 0.0274939869379551, 0.027874761581110984, 0.02868161073982207, 0.029514734605865275, 0.030345172291974937, 0.031248268714928727, 0.032298002681611045, 0.033509628354587276, 0.0348066615601669, 0.03569061118903811, 0.03631377821401384, 0.03654105211474412, 0.03646788532881584, 0.03572808397059345, 0.03427781350345514, 0.03309813106562172, 0.031639416134799855, 0.02970329439236902, 0.027599049067936567, 0.02603054913364457, 0.024090316372098155, 0.02220132238001286, 0.02051452966091278, 0.019044426362309692, 0.017805605247084858, 0.01643252777018217, 0.01523003850809785, 0.01424180324883461, 0.013706552220618947, 0.0130880570946912, 0.012988920737072255, 0.013178248200839212, 0.013386796436950147, 0.01359897371732897, 0.01439195864266014, 0.015495810506657983, 0.016686507754200334, 0.01807173050136072, 0.019341411872889052, 0.020370802976522343, 0.0213787239197115, 0.02262888584538598, 0.02401686851684336, 0.025523335513576738, 0.026670410326906566, 0.02758824337325398, 0.02810647098585074, 0.028219175888028712, 0.02804128716256827, 0.027840212128430745, 0.02799079668741686, 0.027988272685847155, 0.02831306909632167, 0.028434723397990712, 0.0285549391753426, 0.02832607944879636, 0.02800347501499142, 0.027460301198426997, 0.02681840364884072, 0.026203190519756815, 0.02552364346313934, 0.024940794741503684, 0.024553643852497812, 0.024009602077058226, 0.023587486328410737, 0.023053226444370627, 0.02237349941244249, 0.021247392964358097, 0.01948489409103017, 0.01759577829009665, 0.015969918059865678, 0.014849832783247986, 0.014164911869984548, 0.013546042864334782, 0.01328357500957488, 0.012905521640083246, 0.012806686101790404, 0.01256569256360443, 0.01270015008783326, 0.013333718053885597, 0.014364706842779438, 0.015230812921928084, 0.016214173123414017, 0.017422309714956504, 0.01848297873673576, 0.019690103784110968, 0.02062988015396428, 0.021304326954883004, 0.021542023987470748, 0.021445001132587415, 0.02128479356968176, 0.021154257299581803, 0.020548768777841446, 0.020419411659703072, 0.020346908766621045, 0.02018386842926173, 0.020060715556614095, 0.019970155121820186, 0.019905412966441507, 0.019860328269953802, 0.019689549628068632, 0.019110038324468673, 0.018401772510693467, 0.01773443768827515, 0.01691379473734185, 0.0163889904882787, 0.015891976533507178, 0.015695148472402557, 0.015634975895130635, 0.01548249397414641, 0.015250362203767827, 0.01446715870868431, 0.013690714184349355, 0.013111437378948002, 0.01280400987898366, 0.012789088065484542, 0.012885508256999974, 0.012645414791893052, 0.012533763320360268, 0.01300792748125149, 0.014045480441271196, 0.015593406388961941, 0.017496649938682926, 0.01947963017829757, 0.021814960986639112, 0.0244888991790445, 0.027455202671237973, 0.030462142682767764, 0.03347516022004274, 0.03632355277573078, 0.03911728575744543, 0.041489125175428104, 0.043617926344794986, 0.04507509866910146, 0.045973158335007626, 0.046666313335408376, 0.047747911364257295, 0.04910015737076979, 0.051170936172887156, 0.05323921785426519, 0.05484930583024696, 0.05598397968583077, 0.056516639752925084, 0.05678375349578094, 0.05655312215346535, 0.05709318659280136, 0.05753330561326649, 0.05822424761198231, 0.05856641837777238, 0.058663546697002605, 0.05829520111627496, 0.058019458378357286, 0.05786276302771312, 0.057678835712609886, 0.05721489013034267, 0.05620972754199197, 0.05488023496470325, 0.05291870088860013, 0.05085359195424363, 0.04836971777146554, 0.045888993393773454, 0.04332790860019442, 0.040721243397433354, 0.03815348906679705, 0.03609755066086763, 0.03431153121207709, 0.03269994312791247, 0.03113246913067769, 0.029533434333839276, 0.02779284963423818, 0.02581340528028532, 0.023636664296078556, 0.021032966406022018, 0.018298152858289164, 0.015471223173718233, 0.012975006021594128, 0.011476514573927241, 0.011190786613452559, 0.012013514795745658, 0.013192708648177051, 0.0146026096239084, 0.016627808096549106, 0.019288816219412905, 0.022115031993867204, 0.024956066779425322, 0.027947127033299147, 0.030317719296220055, 0.03213024736687776, 0.033908117916643665, 0.035613155393420214, 0.03695858371541455, 0.0370883147011733, 0.035844860180821725, 0.03331269225961453, 0.030127822662769057, 0.026675716455458534, 0.02305094507263966, 0.019294584365168215, 0.016588874620184203, 0.013459760460278334, 0.010513659470637583, 0.008184205378854309, 0.005908681970234855, 0.003908372487361734, 0.002250880846271649, 0.001837561814419065, 0.003902446460586522, 0.00649131804032715, 0.008842266053540701, 0.011337576744963709, 0.013847821453172829, 0.016241515374979285, 0.018506880743639053, 0.020753891025054552, 0.022854281545735794, 0.025177910908837288, 0.027764777035113285, 0.0302577363231247, 0.032552204835272186, 0.033962244268502154, 0.03530995724171245, 0.036795414568091225, 0.03840706162943578, 0.039993850675796264, 0.04133645030179679, 0.04211247094820217, 0.04239213751353172, 0.042192499106345205, 0.04200269786908514, 0.041897190162155235, 0.041830932940717325, 0.04166737666619139, 0.04206882264734189, 0.0426127097658282, 0.042895687146734904, 0.04300135533202284, 0.04249799814293581, 0.041897582995049115, 0.04072077112408416, 0.03927976254850985, 0.037331499513228325, 0.035889992777759706, 0.03456359233645024, 0.033243529781910974, 0.03199033675126687, 0.03059935779738079, 0.029272240636492235, 0.027900707354997015, 0.02654938414970694, 0.02543173352052397, 0.024311103096379235, 0.023065212419431085, 0.021685454855791198, 0.02041159885695607, 0.019056064221564174, 0.017656707279948437, 0.01626614648165674, 0.015012383850973622, 0.013603567963072178, 0.012189757837366814, 0.010674529938407772, 0.009407142987148039, 0.008344525906195775, 0.007439054007672372, 0.0072034584519923735, 0.007775010970036668, 0.009047582903156274, 0.010731538882415681, 0.01253460028234948, 0.014333543563369548, 0.016070624592636203, 0.017817726146123574, 0.019557256660804743, 0.02116824086555951, 0.022529303997840977, 0.023628588936546305, 0.02391411988476377, 0.02359656311707365, 0.022355277074164143, 0.020961866673625245, 0.018393580144489934, 0.015660552711922182, 0.013874328661167971, 0.01254026736778108, 0.011812131260623127, 0.010800298354986543, 0.00961805971638548, 0.008471507575266851, 0.007656757785702683, 0.006719580941926242, 0.0056999472982024405, 0.005125787188458596, 0.00504686530895439, 0.005697178935649704, 0.006245540782853768, 0.0070976650798796875, 0.007900543705723831, 0.008755370167568399, 0.009807746909975117, 0.011209592216881203, 0.01276960312030194, 0.014467251258771754, 0.015865855510978952, 0.01751794577394112, 0.01978728846519214, 0.022540086452385207, 0.024859037758439572, 0.02589623397823137, 0.02611181133516041, 0.026565850619759173, 0.0272557734372972, 0.02776644526036269, 0.02799937699621002, 0.02818388188652303, 0.02806005928616626, 0.028083982827741123, 0.02781538632605852, 0.027763976455106594, 0.028120518002563644, 0.028688559534023904, 0.029389365084960088, 0.030059907204608147, 0.03052096911154336, 0.031053468449087778, 0.03142000488428638, 0.03173833045042581, 0.031892653890475096, 0.03198060527161537, 0.031944507243272385, 0.03180892531117334, 0.03180195743523648, 0.03175983113429147, 0.03185651864929952, 0.032146459060636644, 0.032526908876218445, 0.033087790299913135, 0.03370146462957083, 0.0342847740780508, 0.0344768243549477, 0.03441738754137779, 0.034008301029805295]",0.03631377821401384,0.033871179507834526,0.014523175638322214,0.03328314674959432,0.0,0.0,0.02421371552107493,0.033871179507834526,0.014523175638322214,0.03328314674959432,2.04,1717635302.743063,2024-06-06_10-55-02
0.5059,-0.08807999999999999,0.42323783550563043,0.4724045253407918,-0.10236397333981892,0.4568713990289889,0.5059,-0.08807999999999999,0.4463771023550885,0.4724045253407918,-0.10236397333981892,0.4568713990289889,0.03654105211474412,"[0.011315756658919754, 0.012192407496521018, 0.01288995615295488, 0.01359963525141729, 0.014321891165186378, 0.015181047888625853, 0.01592941522152252, 0.01673874496494045, 0.01751440457689525, 0.01835087734908702, 0.019202544572813795, 0.020070622325609303, 0.02095627718778323, 0.02186061264947246, 0.022737260153569413, 0.023681097053535004, 0.024646250751560458, 0.025633386418693636, 0.02659237614956749, 0.027623542314219474, 0.0286250346734827, 0.029647102596467904, 0.03056454213255984, 0.031680305841655834, 0.03263530150735364, 0.033606764937046466, 0.034593095597664145, 0.03536350794006898, 0.035930760474075646, 0.03631257033147624, 0.03661317474198803, 0.03688385713543919, 0.03738127616234113, 0.037934719347479336, 0.03858163380471939, 0.03921882339006296, 0.03999131852533767, 0.04074980907886149, 0.04127472956039594, 0.04151563832077664, 0.04151964454301027, 0.04123464219442919, 0.04096829512038153, 0.04056460486818273, 0.04028281736824196, 0.04000166841569801, 0.03919762289117317, 0.037812479337396496, 0.03622310391275238, 0.03453579653228067, 0.0330206041779641, 0.031565009966306234, 0.03054064037737075, 0.029904305612678588, 0.029394155816597912, 0.028896840658953926, 0.02825322628704274, 0.027685220830545497, 0.02666364029859006, 0.025486033827772144, 0.02414387260068274, 0.023028867611909868, 0.022681878550084772, 0.02299235797660897, 0.02387546679328945, 0.024738332374206702, 0.025547718436096926, 0.026640938816603423, 0.02759836215880636, 0.028240938725365098, 0.028199955208514017, 0.028168175430310402, 0.02767018559717724, 0.027414861073674215, 0.027239233260695786, 0.0274939869379551, 0.027874761581110984, 0.02868161073982207, 0.029514734605865275, 0.030345172291974937, 0.031248268714928727, 0.032298002681611045, 0.033509628354587276, 0.0348066615601669, 0.03569061118903811, 0.03631377821401384, 0.03654105211474412, 0.03646788532881584, 0.03572808397059345, 0.03427781350345514, 0.03309813106562172, 0.031639416134799855, 0.02970329439236902, 0.027599049067936567, 0.02603054913364457, 0.024090316372098155, 0.02220132238001286, 0.02051452966091278, 0.019044426362309692, 0.017805605247084858, 0.01643252777018217, 0.01523003850809785, 0.01424180324883461, 0.013706552220618947, 0.0130880570946912, 0.012988920737072255, 0.013178248200839212, 0.013386796436950147, 0.01359897371732897, 0.01439195864266014, 0.015495810506657983, 0.016686507754200334, 0.01807173050136072, 0.019341411872889052, 0.020370802976522343, 0.0213787239197115, 0.02262888584538598, 0.02401686851684336, 0.025523335513576738, 0.026670410326906566, 0.02758824337325398, 0.02810647098585074, 0.028219175888028712, 0.02804128716256827, 0.027840212128430745, 0.02799079668741686, 0.027988272685847155, 0.02831306909632167, 0.028434723397990712, 0.0285549391753426, 0.02832607944879636, 0.02800347501499142, 0.027460301198426997, 0.02681840364884072, 0.026203190519756815, 0.02552364346313934, 0.024940794741503684, 0.024553643852497812, 0.024009602077058226, 0.023587486328410737, 0.023053226444370627, 0.02237349941244249, 0.021247392964358097, 0.01948489409103017, 0.01759577829009665, 0.015969918059865678, 0.014849832783247986, 0.014164911869984548, 0.013546042864334782, 0.01328357500957488, 0.012905521640083246, 0.012806686101790404, 0.01256569256360443, 0.01270015008783326, 0.013333718053885597, 0.014364706842779438, 0.015230812921928084, 0.016214173123414017, 0.017422309714956504, 0.01848297873673576, 0.019690103784110968, 0.02062988015396428, 0.021304326954883004, 0.021542023987470748, 0.021445001132587415, 0.02128479356968176, 0.021154257299581803, 0.020548768777841446, 0.020419411659703072, 0.020346908766621045, 0.02018386842926173, 0.020060715556614095, 0.019970155121820186, 0.019905412966441507, 0.019860328269953802, 0.019689549628068632, 0.019110038324468673, 0.018401772510693467, 0.01773443768827515, 0.01691379473734185, 0.0163889904882787, 0.015891976533507178, 0.015695148472402557, 0.015634975895130635, 0.01548249397414641, 0.015250362203767827, 0.01446715870868431, 0.013690714184349355, 0.013111437378948002, 0.01280400987898366, 0.012789088065484542, 0.012885508256999974, 0.012645414791893052, 0.012533763320360268, 0.01300792748125149, 0.014045480441271196, 0.015593406388961941, 0.017496649938682926, 0.01947963017829757, 0.021814960986639112, 0.0244888991790445, 0.027455202671237973, 0.030462142682767764, 0.03347516022004274, 0.03632355277573078, 0.03911728575744543, 0.041489125175428104, 0.043617926344794986, 0.04507509866910146, 0.045973158335007626, 0.046666313335408376, 0.047747911364257295, 0.04910015737076979, 0.051170936172887156, 0.05323921785426519, 0.05484930583024696, 0.05598397968583077, 0.056516639752925084, 0.05678375349578094, 0.05655312215346535, 0.05709318659280136, 0.05753330561326649, 0.05822424761198231, 0.05856641837777238, 0.058663546697002605, 0.05829520111627496, 0.058019458378357286, 0.05786276302771312, 0.057678835712609886, 0.05721489013034267, 0.05620972754199197, 0.05488023496470325, 0.05291870088860013, 0.05085359195424363, 0.04836971777146554, 0.045888993393773454, 0.04332790860019442, 0.040721243397433354, 0.03815348906679705, 0.03609755066086763, 0.03431153121207709, 0.03269994312791247, 0.03113246913067769, 0.029533434333839276, 0.02779284963423818, 0.02581340528028532, 0.023636664296078556, 0.021032966406022018, 0.018298152858289164, 0.015471223173718233, 0.012975006021594128, 0.011476514573927241, 0.011190786613452559, 0.012013514795745658, 0.013192708648177051, 0.0146026096239084, 0.016627808096549106, 0.019288816219412905, 0.022115031993867204, 0.024956066779425322, 0.027947127033299147, 0.030317719296220055, 0.03213024736687776, 0.033908117916643665, 0.035613155393420214, 0.03695858371541455, 0.0370883147011733, 0.035844860180821725, 0.03331269225961453, 0.030127822662769057, 0.026675716455458534, 0.02305094507263966, 0.019294584365168215, 0.016588874620184203, 0.013459760460278334, 0.010513659470637583, 0.008184205378854309, 0.005908681970234855, 0.003908372487361734, 0.002250880846271649, 0.001837561814419065, 0.003902446460586522, 0.00649131804032715, 0.008842266053540701, 0.011337576744963709, 0.013847821453172829, 0.016241515374979285, 0.018506880743639053, 0.020753891025054552, 0.022854281545735794, 0.025177910908837288, 0.027764777035113285, 0.0302577363231247, 0.032552204835272186, 0.033962244268502154, 0.03530995724171245, 0.036795414568091225, 0.03840706162943578, 0.039993850675796264, 0.04133645030179679, 0.04211247094820217, 0.04239213751353172, 0.042192499106345205, 0.04200269786908514, 0.041897190162155235, 0.041830932940717325, 0.04166737666619139, 0.04206882264734189, 0.0426127097658282, 0.042895687146734904, 0.04300135533202284, 0.04249799814293581, 0.041897582995049115, 0.04072077112408416, 0.03927976254850985, 0.037331499513228325, 0.035889992777759706, 0.03456359233645024, 0.033243529781910974, 0.03199033675126687, 0.03059935779738079, 0.029272240636492235, 0.027900707354997015, 0.02654938414970694, 0.02543173352052397, 0.024311103096379235, 0.023065212419431085, 0.021685454855791198, 0.02041159885695607, 0.019056064221564174, 0.017656707279948437, 0.01626614648165674, 0.015012383850973622, 0.013603567963072178, 0.012189757837366814, 0.010674529938407772, 0.009407142987148039, 0.008344525906195775, 0.007439054007672372, 0.0072034584519923735, 0.007775010970036668, 0.009047582903156274, 0.010731538882415681, 0.01253460028234948, 0.014333543563369548, 0.016070624592636203, 0.017817726146123574, 0.019557256660804743, 0.02116824086555951, 0.022529303997840977, 0.023628588936546305, 0.02391411988476377, 0.02359656311707365, 0.022355277074164143, 0.020961866673625245, 0.018393580144489934, 0.015660552711922182, 0.013874328661167971, 0.01254026736778108, 0.011812131260623127, 0.010800298354986543, 0.00961805971638548, 0.008471507575266851, 0.007656757785702683, 0.006719580941926242, 0.0056999472982024405, 0.005125787188458596, 0.00504686530895439, 0.005697178935649704, 0.006245540782853768, 0.0070976650798796875, 0.007900543705723831, 0.008755370167568399, 0.009807746909975117, 0.011209592216881203, 0.01276960312030194, 0.014467251258771754, 0.015865855510978952, 0.01751794577394112, 0.01978728846519214, 0.022540086452385207, 0.024859037758439572, 0.02589623397823137, 0.02611181133516041, 0.026565850619759173, 0.0272557734372972, 0.02776644526036269, 0.02799937699621002, 0.02818388188652303, 0.02806005928616626, 0.028083982827741123, 0.02781538632605852, 0.027763976455106594, 0.028120518002563644, 0.028688559534023904, 0.029389365084960088, 0.030059907204608147, 0.03052096911154336, 0.031053468449087778, 0.03142000488428638, 0.03173833045042581, 0.031892653890475096, 0.03198060527161537, 0.031944507243272385, 0.03180892531117334, 0.03180195743523648, 0.03175983113429147, 0.03185651864929952, 0.032146459060636644, 0.032526908876218445, 0.033087790299913135, 0.03370146462957083, 0.0342847740780508, 0.0344768243549477, 0.03441738754137779, 0.034008301029805295]",0.03654105211474412,0.03349547465920821,0.014283973339818928,0.033633563523358445,0.0,0.0,0.02313926684945805,0.03349547465920821,0.014283973339818928,0.033633563523358445,2.064,1717635302.7669692,2024-06-06_10-55-02
0.5059,-0.08736000000000001,0.42183718381251195,0.4728257370046361,-0.10122297548737468,0.4555673568181772,0.5059,-0.08736000000000001,0.4439020019903531,0.4728257370046361,-0.10122297548737468,0.4555673568181772,0.03646788532881584,"[0.011315756658919754, 0.012192407496521018, 0.01288995615295488, 0.01359963525141729, 0.014321891165186378, 0.015181047888625853, 0.01592941522152252, 0.01673874496494045, 0.01751440457689525, 0.01835087734908702, 0.019202544572813795, 0.020070622325609303, 0.02095627718778323, 0.02186061264947246, 0.022737260153569413, 0.023681097053535004, 0.024646250751560458, 0.025633386418693636, 0.02659237614956749, 0.027623542314219474, 0.0286250346734827, 0.029647102596467904, 0.03056454213255984, 0.031680305841655834, 0.03263530150735364, 0.033606764937046466, 0.034593095597664145, 0.03536350794006898, 0.035930760474075646, 0.03631257033147624, 0.03661317474198803, 0.03688385713543919, 0.03738127616234113, 0.037934719347479336, 0.03858163380471939, 0.03921882339006296, 0.03999131852533767, 0.04074980907886149, 0.04127472956039594, 0.04151563832077664, 0.04151964454301027, 0.04123464219442919, 0.04096829512038153, 0.04056460486818273, 0.04028281736824196, 0.04000166841569801, 0.03919762289117317, 0.037812479337396496, 0.03622310391275238, 0.03453579653228067, 0.0330206041779641, 0.031565009966306234, 0.03054064037737075, 0.029904305612678588, 0.029394155816597912, 0.028896840658953926, 0.02825322628704274, 0.027685220830545497, 0.02666364029859006, 0.025486033827772144, 0.02414387260068274, 0.023028867611909868, 0.022681878550084772, 0.02299235797660897, 0.02387546679328945, 0.024738332374206702, 0.025547718436096926, 0.026640938816603423, 0.02759836215880636, 0.028240938725365098, 0.028199955208514017, 0.028168175430310402, 0.02767018559717724, 0.027414861073674215, 0.027239233260695786, 0.0274939869379551, 0.027874761581110984, 0.02868161073982207, 0.029514734605865275, 0.030345172291974937, 0.031248268714928727, 0.032298002681611045, 0.033509628354587276, 0.0348066615601669, 0.03569061118903811, 0.03631377821401384, 0.03654105211474412, 0.03646788532881584, 0.03572808397059345, 0.03427781350345514, 0.03309813106562172, 0.031639416134799855, 0.02970329439236902, 0.027599049067936567, 0.02603054913364457, 0.024090316372098155, 0.02220132238001286, 0.02051452966091278, 0.019044426362309692, 0.017805605247084858, 0.01643252777018217, 0.01523003850809785, 0.01424180324883461, 0.013706552220618947, 0.0130880570946912, 0.012988920737072255, 0.013178248200839212, 0.013386796436950147, 0.01359897371732897, 0.01439195864266014, 0.015495810506657983, 0.016686507754200334, 0.01807173050136072, 0.019341411872889052, 0.020370802976522343, 0.0213787239197115, 0.02262888584538598, 0.02401686851684336, 0.025523335513576738, 0.026670410326906566, 0.02758824337325398, 0.02810647098585074, 0.028219175888028712, 0.02804128716256827, 0.027840212128430745, 0.02799079668741686, 0.027988272685847155, 0.02831306909632167, 0.028434723397990712, 0.0285549391753426, 0.02832607944879636, 0.02800347501499142, 0.027460301198426997, 0.02681840364884072, 0.026203190519756815, 0.02552364346313934, 0.024940794741503684, 0.024553643852497812, 0.024009602077058226, 0.023587486328410737, 0.023053226444370627, 0.02237349941244249, 0.021247392964358097, 0.01948489409103017, 0.01759577829009665, 0.015969918059865678, 0.014849832783247986, 0.014164911869984548, 0.013546042864334782, 0.01328357500957488, 0.012905521640083246, 0.012806686101790404, 0.01256569256360443, 0.01270015008783326, 0.013333718053885597, 0.014364706842779438, 0.015230812921928084, 0.016214173123414017, 0.017422309714956504, 0.01848297873673576, 0.019690103784110968, 0.02062988015396428, 0.021304326954883004, 0.021542023987470748, 0.021445001132587415, 0.02128479356968176, 0.021154257299581803, 0.020548768777841446, 0.020419411659703072, 0.020346908766621045, 0.02018386842926173, 0.020060715556614095, 0.019970155121820186, 0.019905412966441507, 0.019860328269953802, 0.019689549628068632, 0.019110038324468673, 0.018401772510693467, 0.01773443768827515, 0.01691379473734185, 0.0163889904882787, 0.015891976533507178, 0.015695148472402557, 0.015634975895130635, 0.01548249397414641, 0.015250362203767827, 0.01446715870868431, 0.013690714184349355, 0.013111437378948002, 0.01280400987898366, 0.012789088065484542, 0.012885508256999974, 0.012645414791893052, 0.012533763320360268, 0.01300792748125149, 0.014045480441271196, 0.015593406388961941, 0.017496649938682926, 0.01947963017829757, 0.021814960986639112, 0.0244888991790445, 0.027455202671237973, 0.030462142682767764, 0.03347516022004274, 0.03632355277573078, 0.03911728575744543, 0.041489125175428104, 0.043617926344794986, 0.04507509866910146, 0.045973158335007626, 0.046666313335408376, 0.047747911364257295, 0.04910015737076979, 0.051170936172887156, 0.05323921785426519, 0.05484930583024696, 0.05598397968583077, 0.056516639752925084, 0.05678375349578094, 0.05655312215346535, 0.05709318659280136, 0.05753330561326649, 0.05822424761198231, 0.05856641837777238, 0.058663546697002605, 0.05829520111627496, 0.058019458378357286, 0.05786276302771312, 0.057678835712609886, 0.05721489013034267, 0.05620972754199197, 0.05488023496470325, 0.05291870088860013, 0.05085359195424363, 0.04836971777146554, 0.045888993393773454, 0.04332790860019442, 0.040721243397433354, 0.03815348906679705, 0.03609755066086763, 0.03431153121207709, 0.03269994312791247, 0.03113246913067769, 0.029533434333839276, 0.02779284963423818, 0.02581340528028532, 0.023636664296078556, 0.021032966406022018, 0.018298152858289164, 0.015471223173718233, 0.012975006021594128, 0.011476514573927241, 0.011190786613452559, 0.012013514795745658, 0.013192708648177051, 0.0146026096239084, 0.016627808096549106, 0.019288816219412905, 0.022115031993867204, 0.024956066779425322, 0.027947127033299147, 0.030317719296220055, 0.03213024736687776, 0.033908117916643665, 0.035613155393420214, 0.03695858371541455, 0.0370883147011733, 0.035844860180821725, 0.03331269225961453, 0.030127822662769057, 0.026675716455458534, 0.02305094507263966, 0.019294584365168215, 0.016588874620184203, 0.013459760460278334, 0.010513659470637583, 0.008184205378854309, 0.005908681970234855, 0.003908372487361734, 0.002250880846271649, 0.001837561814419065, 0.003902446460586522, 0.00649131804032715, 0.008842266053540701, 0.011337576744963709, 0.013847821453172829, 0.016241515374979285, 0.018506880743639053, 0.020753891025054552, 0.022854281545735794, 0.025177910908837288, 0.027764777035113285, 0.0302577363231247, 0.032552204835272186, 0.033962244268502154, 0.03530995724171245, 0.036795414568091225, 0.03840706162943578, 0.039993850675796264, 0.04133645030179679, 0.04211247094820217, 0.04239213751353172, 0.042192499106345205, 0.04200269786908514, 0.041897190162155235, 0.041830932940717325, 0.04166737666619139, 0.04206882264734189, 0.0426127097658282, 0.042895687146734904, 0.04300135533202284, 0.04249799814293581, 0.041897582995049115, 0.04072077112408416, 0.03927976254850985, 0.037331499513228325, 0.035889992777759706, 0.03456359233645024, 0.033243529781910974, 0.03199033675126687, 0.03059935779738079, 0.029272240636492235, 0.027900707354997015, 0.02654938414970694, 0.02543173352052397, 0.024311103096379235, 0.023065212419431085, 0.021685454855791198, 0.02041159885695607, 0.019056064221564174, 0.017656707279948437, 0.01626614648165674, 0.015012383850973622, 0.013603567963072178, 0.012189757837366814, 0.010674529938407772, 0.009407142987148039, 0.008344525906195775, 0.007439054007672372, 0.0072034584519923735, 0.007775010970036668, 0.009047582903156274, 0.010731538882415681, 0.01253460028234948, 0.014333543563369548, 0.016070624592636203, 0.017817726146123574, 0.019557256660804743, 0.02116824086555951, 0.022529303997840977, 0.023628588936546305, 0.02391411988476377, 0.02359656311707365, 0.022355277074164143, 0.020961866673625245, 0.018393580144489934, 0.015660552711922182, 0.013874328661167971, 0.01254026736778108, 0.011812131260623127, 0.010800298354986543, 0.00961805971638548, 0.008471507575266851, 0.007656757785702683, 0.006719580941926242, 0.0056999472982024405, 0.005125787188458596, 0.00504686530895439, 0.005697178935649704, 0.006245540782853768, 0.0070976650798796875, 0.007900543705723831, 0.008755370167568399, 0.009807746909975117, 0.011209592216881203, 0.01276960312030194, 0.014467251258771754, 0.015865855510978952, 0.01751794577394112, 0.01978728846519214, 0.022540086452385207, 0.024859037758439572, 0.02589623397823137, 0.02611181133516041, 0.026565850619759173, 0.0272557734372972, 0.02776644526036269, 0.02799937699621002, 0.02818388188652303, 0.02806005928616626, 0.028083982827741123, 0.02781538632605852, 0.027763976455106594, 0.028120518002563644, 0.028688559534023904, 0.029389365084960088, 0.030059907204608147, 0.03052096911154336, 0.031053468449087778, 0.03142000488428638, 0.03173833045042581, 0.031892653890475096, 0.03198060527161537, 0.031944507243272385, 0.03180892531117334, 0.03180195743523648, 0.03175983113429147, 0.03185651864929952, 0.032146459060636644, 0.032526908876218445, 0.033087790299913135, 0.03370146462957083, 0.0342847740780508, 0.0344768243549477, 0.03441738754137779, 0.034008301029805295]",0.03646788532881584,0.03307426299536392,0.013862975487374668,0.033730173005665276,0.0,0.0,0.022064818177841172,0.03307426299536392,0.013862975487374668,0.033730173005665276,2.088,1717635302.7910557,2024-06-06_10-55-02
0.5059,-0.08664,0.420521116582995,0.4733957363400882,-0.09969039309686414,0.4537804494720819,0.5059,-0.08664,0.4414543013102157,0.4733957363400882,-0.09969039309686414,0.4537804494720819,0.03572808397059345,"[0.011315756658919754, 0.012192407496521018, 0.01288995615295488, 0.01359963525141729, 0.014321891165186378, 0.015181047888625853, 0.01592941522152252, 0.01673874496494045, 0.01751440457689525, 0.01835087734908702, 0.019202544572813795, 0.020070622325609303, 0.02095627718778323, 0.02186061264947246, 0.022737260153569413, 0.023681097053535004, 0.024646250751560458, 0.025633386418693636, 0.02659237614956749, 0.027623542314219474, 0.0286250346734827, 0.029647102596467904, 0.03056454213255984, 0.031680305841655834, 0.03263530150735364, 0.033606764937046466, 0.034593095597664145, 0.03536350794006898, 0.035930760474075646, 0.03631257033147624, 0.03661317474198803, 0.03688385713543919, 0.03738127616234113, 0.037934719347479336, 0.03858163380471939, 0.03921882339006296, 0.03999131852533767, 0.04074980907886149, 0.04127472956039594, 0.04151563832077664, 0.04151964454301027, 0.04123464219442919, 0.04096829512038153, 0.04056460486818273, 0.04028281736824196, 0.04000166841569801, 0.03919762289117317, 0.037812479337396496, 0.03622310391275238, 0.03453579653228067, 0.0330206041779641, 0.031565009966306234, 0.03054064037737075, 0.029904305612678588, 0.029394155816597912, 0.028896840658953926, 0.02825322628704274, 0.027685220830545497, 0.02666364029859006, 0.025486033827772144, 0.02414387260068274, 0.023028867611909868, 0.022681878550084772, 0.02299235797660897, 0.02387546679328945, 0.024738332374206702, 0.025547718436096926, 0.026640938816603423, 0.02759836215880636, 0.028240938725365098, 0.028199955208514017, 0.028168175430310402, 0.02767018559717724, 0.027414861073674215, 0.027239233260695786, 0.0274939869379551, 0.027874761581110984, 0.02868161073982207, 0.029514734605865275, 0.030345172291974937, 0.031248268714928727, 0.032298002681611045, 0.033509628354587276, 0.0348066615601669, 0.03569061118903811, 0.03631377821401384, 0.03654105211474412, 0.03646788532881584, 0.03572808397059345, 0.03427781350345514, 0.03309813106562172, 0.031639416134799855, 0.02970329439236902, 0.027599049067936567, 0.02603054913364457, 0.024090316372098155, 0.02220132238001286, 0.02051452966091278, 0.019044426362309692, 0.017805605247084858, 0.01643252777018217, 0.01523003850809785, 0.01424180324883461, 0.013706552220618947, 0.0130880570946912, 0.012988920737072255, 0.013178248200839212, 0.013386796436950147, 0.01359897371732897, 0.01439195864266014, 0.015495810506657983, 0.016686507754200334, 0.01807173050136072, 0.019341411872889052, 0.020370802976522343, 0.0213787239197115, 0.02262888584538598, 0.02401686851684336, 0.025523335513576738, 0.026670410326906566, 0.02758824337325398, 0.02810647098585074, 0.028219175888028712, 0.02804128716256827, 0.027840212128430745, 0.02799079668741686, 0.027988272685847155, 0.02831306909632167, 0.028434723397990712, 0.0285549391753426, 0.02832607944879636, 0.02800347501499142, 0.027460301198426997, 0.02681840364884072, 0.026203190519756815, 0.02552364346313934, 0.024940794741503684, 0.024553643852497812, 0.024009602077058226, 0.023587486328410737, 0.023053226444370627, 0.02237349941244249, 0.021247392964358097, 0.01948489409103017, 0.01759577829009665, 0.015969918059865678, 0.014849832783247986, 0.014164911869984548, 0.013546042864334782, 0.01328357500957488, 0.012905521640083246, 0.012806686101790404, 0.01256569256360443, 0.01270015008783326, 0.013333718053885597, 0.014364706842779438, 0.015230812921928084, 0.016214173123414017, 0.017422309714956504, 0.01848297873673576, 0.019690103784110968, 0.02062988015396428, 0.021304326954883004, 0.021542023987470748, 0.021445001132587415, 0.02128479356968176, 0.021154257299581803, 0.020548768777841446, 0.020419411659703072, 0.020346908766621045, 0.02018386842926173, 0.020060715556614095, 0.019970155121820186, 0.019905412966441507, 0.019860328269953802, 0.019689549628068632, 0.019110038324468673, 0.018401772510693467, 0.01773443768827515, 0.01691379473734185, 0.0163889904882787, 0.015891976533507178, 0.015695148472402557, 0.015634975895130635, 0.01548249397414641, 0.015250362203767827, 0.01446715870868431, 0.013690714184349355, 0.013111437378948002, 0.01280400987898366, 0.012789088065484542, 0.012885508256999974, 0.012645414791893052, 0.012533763320360268, 0.01300792748125149, 0.014045480441271196, 0.015593406388961941, 0.017496649938682926, 0.01947963017829757, 0.021814960986639112, 0.0244888991790445, 0.027455202671237973, 0.030462142682767764, 0.03347516022004274, 0.03632355277573078, 0.03911728575744543, 0.041489125175428104, 0.043617926344794986, 0.04507509866910146, 0.045973158335007626, 0.046666313335408376, 0.047747911364257295, 0.04910015737076979, 0.051170936172887156, 0.05323921785426519, 0.05484930583024696, 0.05598397968583077, 0.056516639752925084, 0.05678375349578094, 0.05655312215346535, 0.05709318659280136, 0.05753330561326649, 0.05822424761198231, 0.05856641837777238, 0.058663546697002605, 0.05829520111627496, 0.058019458378357286, 0.05786276302771312, 0.057678835712609886, 0.05721489013034267, 0.05620972754199197, 0.05488023496470325, 0.05291870088860013, 0.05085359195424363, 0.04836971777146554, 0.045888993393773454, 0.04332790860019442, 0.040721243397433354, 0.03815348906679705, 0.03609755066086763, 0.03431153121207709, 0.03269994312791247, 0.03113246913067769, 0.029533434333839276, 0.02779284963423818, 0.02581340528028532, 0.023636664296078556, 0.021032966406022018, 0.018298152858289164, 0.015471223173718233, 0.012975006021594128, 0.011476514573927241, 0.011190786613452559, 0.012013514795745658, 0.013192708648177051, 0.0146026096239084, 0.016627808096549106, 0.019288816219412905, 0.022115031993867204, 0.024956066779425322, 0.027947127033299147, 0.030317719296220055, 0.03213024736687776, 0.033908117916643665, 0.035613155393420214, 0.03695858371541455, 0.0370883147011733, 0.035844860180821725, 0.03331269225961453, 0.030127822662769057, 0.026675716455458534, 0.02305094507263966, 0.019294584365168215, 0.016588874620184203, 0.013459760460278334, 0.010513659470637583, 0.008184205378854309, 0.005908681970234855, 0.003908372487361734, 0.002250880846271649, 0.001837561814419065, 0.003902446460586522, 0.00649131804032715, 0.008842266053540701, 0.011337576744963709, 0.013847821453172829, 0.016241515374979285, 0.018506880743639053, 0.020753891025054552, 0.022854281545735794, 0.025177910908837288, 0.027764777035113285, 0.0302577363231247, 0.032552204835272186, 0.033962244268502154, 0.03530995724171245, 0.036795414568091225, 0.03840706162943578, 0.039993850675796264, 0.04133645030179679, 0.04211247094820217, 0.04239213751353172, 0.042192499106345205, 0.04200269786908514, 0.041897190162155235, 0.041830932940717325, 0.04166737666619139, 0.04206882264734189, 0.0426127097658282, 0.042895687146734904, 0.04300135533202284, 0.04249799814293581, 0.041897582995049115, 0.04072077112408416, 0.03927976254850985, 0.037331499513228325, 0.035889992777759706, 0.03456359233645024, 0.033243529781910974, 0.03199033675126687, 0.03059935779738079, 0.029272240636492235, 0.027900707354997015, 0.02654938414970694, 0.02543173352052397, 0.024311103096379235, 0.023065212419431085, 0.021685454855791198, 0.02041159885695607, 0.019056064221564174, 0.017656707279948437, 0.01626614648165674, 0.015012383850973622, 0.013603567963072178, 0.012189757837366814, 0.010674529938407772, 0.009407142987148039, 0.008344525906195775, 0.007439054007672372, 0.0072034584519923735, 0.007775010970036668, 0.009047582903156274, 0.010731538882415681, 0.01253460028234948, 0.014333543563369548, 0.016070624592636203, 0.017817726146123574, 0.019557256660804743, 0.02116824086555951, 0.022529303997840977, 0.023628588936546305, 0.02391411988476377, 0.02359656311707365, 0.022355277074164143, 0.020961866673625245, 0.018393580144489934, 0.015660552711922182, 0.013874328661167971, 0.01254026736778108, 0.011812131260623127, 0.010800298354986543, 0.00961805971638548, 0.008471507575266851, 0.007656757785702683, 0.006719580941926242, 0.0056999472982024405, 0.005125787188458596, 0.00504686530895439, 0.005697178935649704, 0.006245540782853768, 0.0070976650798796875, 0.007900543705723831, 0.008755370167568399, 0.009807746909975117, 0.011209592216881203, 0.01276960312030194, 0.014467251258771754, 0.015865855510978952, 0.01751794577394112, 0.01978728846519214, 0.022540086452385207, 0.024859037758439572, 0.02589623397823137, 0.02611181133516041, 0.026565850619759173, 0.0272557734372972, 0.02776644526036269, 0.02799937699621002, 0.02818388188652303, 0.02806005928616626, 0.028083982827741123, 0.02781538632605852, 0.027763976455106594, 0.028120518002563644, 0.028688559534023904, 0.029389365084960088, 0.030059907204608147, 0.03052096911154336, 0.031053468449087778, 0.03142000488428638, 0.03173833045042581, 0.031892653890475096, 0.03198060527161537, 0.031944507243272385, 0.03180892531117334, 0.03180195743523648, 0.03175983113429147, 0.03185651864929952, 0.032146459060636644, 0.032526908876218445, 0.033087790299913135, 0.03370146462957083, 0.0342847740780508, 0.0344768243549477, 0.03441738754137779, 0.034008301029805295]",0.03572808397059345,0.032504263659911825,0.013050393096864149,0.03325933288908689,0.0,0.0,0.020933184727220666,0.032504263659911825,0.013050393096864149,0.03325933288908689,2.112,1717635302.8156748,2024-06-06_10-55-02
0.5059,-0.08592,0.4192959110252701,0.4741697807448339,-0.09788804037230994,0.4514165353688972,0.5059,-0.08592,0.4390402775228665,0.4741697807448339,-0.09788804037230994,0.4514165353688972,0.03427781350345514,"[0.011315756658919754, 0.012192407496521018, 0.01288995615295488, 0.01359963525141729, 0.014321891165186378, 0.015181047888625853, 0.01592941522152252, 0.01673874496494045, 0.01751440457689525, 0.01835087734908702, 0.019202544572813795, 0.020070622325609303, 0.02095627718778323, 0.02186061264947246, 0.022737260153569413, 0.023681097053535004, 0.024646250751560458, 0.025633386418693636, 0.02659237614956749, 0.027623542314219474, 0.0286250346734827, 0.029647102596467904, 0.03056454213255984, 0.031680305841655834, 0.03263530150735364, 0.033606764937046466, 0.034593095597664145, 0.03536350794006898, 0.035930760474075646, 0.03631257033147624, 0.03661317474198803, 0.03688385713543919, 0.03738127616234113, 0.037934719347479336, 0.03858163380471939, 0.03921882339006296, 0.03999131852533767, 0.04074980907886149, 0.04127472956039594, 0.04151563832077664, 0.04151964454301027, 0.04123464219442919, 0.04096829512038153, 0.04056460486818273, 0.04028281736824196, 0.04000166841569801, 0.03919762289117317, 0.037812479337396496, 0.03622310391275238, 0.03453579653228067, 0.0330206041779641, 0.031565009966306234, 0.03054064037737075, 0.029904305612678588, 0.029394155816597912, 0.028896840658953926, 0.02825322628704274, 0.027685220830545497, 0.02666364029859006, 0.025486033827772144, 0.02414387260068274, 0.023028867611909868, 0.022681878550084772, 0.02299235797660897, 0.02387546679328945, 0.024738332374206702, 0.025547718436096926, 0.026640938816603423, 0.02759836215880636, 0.028240938725365098, 0.028199955208514017, 0.028168175430310402, 0.02767018559717724, 0.027414861073674215, 0.027239233260695786, 0.0274939869379551, 0.027874761581110984, 0.02868161073982207, 0.029514734605865275, 0.030345172291974937, 0.031248268714928727, 0.032298002681611045, 0.033509628354587276, 0.0348066615601669, 0.03569061118903811, 0.03631377821401384, 0.03654105211474412, 0.03646788532881584, 0.03572808397059345, 0.03427781350345514, 0.03309813106562172, 0.031639416134799855, 0.02970329439236902, 0.027599049067936567, 0.02603054913364457, 0.024090316372098155, 0.02220132238001286, 0.02051452966091278, 0.019044426362309692, 0.017805605247084858, 0.01643252777018217, 0.01523003850809785, 0.01424180324883461, 0.013706552220618947, 0.0130880570946912, 0.012988920737072255, 0.013178248200839212, 0.013386796436950147, 0.01359897371732897, 0.01439195864266014, 0.015495810506657983, 0.016686507754200334, 0.01807173050136072, 0.019341411872889052, 0.020370802976522343, 0.0213787239197115, 0.02262888584538598, 0.02401686851684336, 0.025523335513576738, 0.026670410326906566, 0.02758824337325398, 0.02810647098585074, 0.028219175888028712, 0.02804128716256827, 0.027840212128430745, 0.02799079668741686, 0.027988272685847155, 0.02831306909632167, 0.028434723397990712, 0.0285549391753426, 0.02832607944879636, 0.02800347501499142, 0.027460301198426997, 0.02681840364884072, 0.026203190519756815, 0.02552364346313934, 0.024940794741503684, 0.024553643852497812, 0.024009602077058226, 0.023587486328410737, 0.023053226444370627, 0.02237349941244249, 0.021247392964358097, 0.01948489409103017, 0.01759577829009665, 0.015969918059865678, 0.014849832783247986, 0.014164911869984548, 0.013546042864334782, 0.01328357500957488, 0.012905521640083246, 0.012806686101790404, 0.01256569256360443, 0.01270015008783326, 0.013333718053885597, 0.014364706842779438, 0.015230812921928084, 0.016214173123414017, 0.017422309714956504, 0.01848297873673576, 0.019690103784110968, 0.02062988015396428, 0.021304326954883004, 0.021542023987470748, 0.021445001132587415, 0.02128479356968176, 0.021154257299581803, 0.020548768777841446, 0.020419411659703072, 0.020346908766621045, 0.02018386842926173, 0.020060715556614095, 0.019970155121820186, 0.019905412966441507, 0.019860328269953802, 0.019689549628068632, 0.019110038324468673, 0.018401772510693467, 0.01773443768827515, 0.01691379473734185, 0.0163889904882787, 0.015891976533507178, 0.015695148472402557, 0.015634975895130635, 0.01548249397414641, 0.015250362203767827, 0.01446715870868431, 0.013690714184349355, 0.013111437378948002, 0.01280400987898366, 0.012789088065484542, 0.012885508256999974, 0.012645414791893052, 0.012533763320360268, 0.01300792748125149, 0.014045480441271196, 0.015593406388961941, 0.017496649938682926, 0.01947963017829757, 0.021814960986639112, 0.0244888991790445, 0.027455202671237973, 0.030462142682767764, 0.03347516022004274, 0.03632355277573078, 0.03911728575744543, 0.041489125175428104, 0.043617926344794986, 0.04507509866910146, 0.045973158335007626, 0.046666313335408376, 0.047747911364257295, 0.04910015737076979, 0.051170936172887156, 0.05323921785426519, 0.05484930583024696, 0.05598397968583077, 0.056516639752925084, 0.05678375349578094, 0.05655312215346535, 0.05709318659280136, 0.05753330561326649, 0.05822424761198231, 0.05856641837777238, 0.058663546697002605, 0.05829520111627496, 0.058019458378357286, 0.05786276302771312, 0.057678835712609886, 0.05721489013034267, 0.05620972754199197, 0.05488023496470325, 0.05291870088860013, 0.05085359195424363, 0.04836971777146554, 0.045888993393773454, 0.04332790860019442, 0.040721243397433354, 0.03815348906679705, 0.03609755066086763, 0.03431153121207709, 0.03269994312791247, 0.03113246913067769, 0.029533434333839276, 0.02779284963423818, 0.02581340528028532, 0.023636664296078556, 0.021032966406022018, 0.018298152858289164, 0.015471223173718233, 0.012975006021594128, 0.011476514573927241, 0.011190786613452559, 0.012013514795745658, 0.013192708648177051, 0.0146026096239084, 0.016627808096549106, 0.019288816219412905, 0.022115031993867204, 0.024956066779425322, 0.027947127033299147, 0.030317719296220055, 0.03213024736687776, 0.033908117916643665, 0.035613155393420214, 0.03695858371541455, 0.0370883147011733, 0.035844860180821725, 0.03331269225961453, 0.030127822662769057, 0.026675716455458534, 0.02305094507263966, 0.019294584365168215, 0.016588874620184203, 0.013459760460278334, 0.010513659470637583, 0.008184205378854309, 0.005908681970234855, 0.003908372487361734, 0.002250880846271649, 0.001837561814419065, 0.003902446460586522, 0.00649131804032715, 0.008842266053540701, 0.011337576744963709, 0.013847821453172829, 0.016241515374979285, 0.018506880743639053, 0.020753891025054552, 0.022854281545735794, 0.025177910908837288, 0.027764777035113285, 0.0302577363231247, 0.032552204835272186, 0.033962244268502154, 0.03530995724171245, 0.036795414568091225, 0.03840706162943578, 0.039993850675796264, 0.04133645030179679, 0.04211247094820217, 0.04239213751353172, 0.042192499106345205, 0.04200269786908514, 0.041897190162155235, 0.041830932940717325, 0.04166737666619139, 0.04206882264734189, 0.0426127097658282, 0.042895687146734904, 0.04300135533202284, 0.04249799814293581, 0.041897582995049115, 0.04072077112408416, 0.03927976254850985, 0.037331499513228325, 0.035889992777759706, 0.03456359233645024, 0.033243529781910974, 0.03199033675126687, 0.03059935779738079, 0.029272240636492235, 0.027900707354997015, 0.02654938414970694, 0.02543173352052397, 0.024311103096379235, 0.023065212419431085, 0.021685454855791198, 0.02041159885695607, 0.019056064221564174, 0.017656707279948437, 0.01626614648165674, 0.015012383850973622, 0.013603567963072178, 0.012189757837366814, 0.010674529938407772, 0.009407142987148039, 0.008344525906195775, 0.007439054007672372, 0.0072034584519923735, 0.007775010970036668, 0.009047582903156274, 0.010731538882415681, 0.01253460028234948, 0.014333543563369548, 0.016070624592636203, 0.017817726146123574, 0.019557256660804743, 0.02116824086555951, 0.022529303997840977, 0.023628588936546305, 0.02391411988476377, 0.02359656311707365, 0.022355277074164143, 0.020961866673625245, 0.018393580144489934, 0.015660552711922182, 0.013874328661167971, 0.01254026736778108, 0.011812131260623127, 0.010800298354986543, 0.00961805971638548, 0.008471507575266851, 0.007656757785702683, 0.006719580941926242, 0.0056999472982024405, 0.005125787188458596, 0.00504686530895439, 0.005697178935649704, 0.006245540782853768, 0.0070976650798796875, 0.007900543705723831, 0.008755370167568399, 0.009807746909975117, 0.011209592216881203, 0.01276960312030194, 0.014467251258771754, 0.015865855510978952, 0.01751794577394112, 0.01978728846519214, 0.022540086452385207, 0.024859037758439572, 0.02589623397823137, 0.02611181133516041, 0.026565850619759173, 0.0272557734372972, 0.02776644526036269, 0.02799937699621002, 0.02818388188652303, 0.02806005928616626, 0.028083982827741123, 0.02781538632605852, 0.027763976455106594, 0.028120518002563644, 0.028688559534023904, 0.029389365084960088, 0.030059907204608147, 0.03052096911154336, 0.031053468449087778, 0.03142000488428638, 0.03173833045042581, 0.031892653890475096, 0.03198060527161537, 0.031944507243272385, 0.03180892531117334, 0.03180195743523648, 0.03175983113429147, 0.03185651864929952, 0.032146459060636644, 0.032526908876218445, 0.033087790299913135, 0.03370146462957083, 0.0342847740780508, 0.0344768243549477, 0.03441738754137779, 0.034008301029805295]",0.03427781350345514,0.031730219255166114,0.011968040372309946,0.03212062434362711,0.0,0.0,0.01974436649759642,0.031730219255166114,0.011968040372309946,0.03212062434362711,2.136,1717635302.8389661,2024-06-06_10-55-02
0.5059,-0.0852,0.4181674105231093,0.47482257073481043,-0.09629189914941035,0.449351638159791,0.5059,-0.0852,0.43672295879108153,0.47482257073481043,-0.09629189914941035,0.449351638159791,0.03309813106562172,"[0.011315756658919754, 0.012192407496521018, 0.01288995615295488, 0.01359963525141729, 0.014321891165186378, 0.015181047888625853, 0.01592941522152252, 0.01673874496494045, 0.01751440457689525, 0.01835087734908702, 0.019202544572813795, 0.020070622325609303, 0.02095627718778323, 0.02186061264947246, 0.022737260153569413, 0.023681097053535004, 0.024646250751560458, 0.025633386418693636, 0.02659237614956749, 0.027623542314219474, 0.0286250346734827, 0.029647102596467904, 0.03056454213255984, 0.031680305841655834, 0.03263530150735364, 0.033606764937046466, 0.034593095597664145, 0.03536350794006898, 0.035930760474075646, 0.03631257033147624, 0.03661317474198803, 0.03688385713543919, 0.03738127616234113, 0.037934719347479336, 0.03858163380471939, 0.03921882339006296, 0.03999131852533767, 0.04074980907886149, 0.04127472956039594, 0.04151563832077664, 0.04151964454301027, 0.04123464219442919, 0.04096829512038153, 0.04056460486818273, 0.04028281736824196, 0.04000166841569801, 0.03919762289117317, 0.037812479337396496, 0.03622310391275238, 0.03453579653228067, 0.0330206041779641, 0.031565009966306234, 0.03054064037737075, 0.029904305612678588, 0.029394155816597912, 0.028896840658953926, 0.02825322628704274, 0.027685220830545497, 0.02666364029859006, 0.025486033827772144, 0.02414387260068274, 0.023028867611909868, 0.022681878550084772, 0.02299235797660897, 0.02387546679328945, 0.024738332374206702, 0.025547718436096926, 0.026640938816603423, 0.02759836215880636, 0.028240938725365098, 0.028199955208514017, 0.028168175430310402, 0.02767018559717724, 0.027414861073674215, 0.027239233260695786, 0.0274939869379551, 0.027874761581110984, 0.02868161073982207, 0.029514734605865275, 0.030345172291974937, 0.031248268714928727, 0.032298002681611045, 0.033509628354587276, 0.0348066615601669, 0.03569061118903811, 0.03631377821401384, 0.03654105211474412, 0.03646788532881584, 0.03572808397059345, 0.03427781350345514, 0.03309813106562172, 0.031639416134799855, 0.02970329439236902, 0.027599049067936567, 0.02603054913364457, 0.024090316372098155, 0.02220132238001286, 0.02051452966091278, 0.019044426362309692, 0.017805605247084858, 0.01643252777018217, 0.01523003850809785, 0.01424180324883461, 0.013706552220618947, 0.0130880570946912, 0.012988920737072255, 0.013178248200839212, 0.013386796436950147, 0.01359897371732897, 0.01439195864266014, 0.015495810506657983, 0.016686507754200334, 0.01807173050136072, 0.019341411872889052, 0.020370802976522343, 0.0213787239197115, 0.02262888584538598, 0.02401686851684336, 0.025523335513576738, 0.026670410326906566, 0.02758824337325398, 0.02810647098585074, 0.028219175888028712, 0.02804128716256827, 0.027840212128430745, 0.02799079668741686, 0.027988272685847155, 0.02831306909632167, 0.028434723397990712, 0.0285549391753426, 0.02832607944879636, 0.02800347501499142, 0.027460301198426997, 0.02681840364884072, 0.026203190519756815, 0.02552364346313934, 0.024940794741503684, 0.024553643852497812, 0.024009602077058226, 0.023587486328410737, 0.023053226444370627, 0.02237349941244249, 0.021247392964358097, 0.01948489409103017, 0.01759577829009665, 0.015969918059865678, 0.014849832783247986, 0.014164911869984548, 0.013546042864334782, 0.01328357500957488, 0.012905521640083246, 0.012806686101790404, 0.01256569256360443, 0.01270015008783326, 0.013333718053885597, 0.014364706842779438, 0.015230812921928084, 0.016214173123414017, 0.017422309714956504, 0.01848297873673576, 0.019690103784110968, 0.02062988015396428, 0.021304326954883004, 0.021542023987470748, 0.021445001132587415, 0.02128479356968176, 0.021154257299581803, 0.020548768777841446, 0.020419411659703072, 0.020346908766621045, 0.02018386842926173, 0.020060715556614095, 0.019970155121820186, 0.019905412966441507, 0.019860328269953802, 0.019689549628068632, 0.019110038324468673, 0.018401772510693467, 0.01773443768827515, 0.01691379473734185, 0.0163889904882787, 0.015891976533507178, 0.015695148472402557, 0.015634975895130635, 0.01548249397414641, 0.015250362203767827, 0.01446715870868431, 0.013690714184349355, 0.013111437378948002, 0.01280400987898366, 0.012789088065484542, 0.012885508256999974, 0.012645414791893052, 0.012533763320360268, 0.01300792748125149, 0.014045480441271196, 0.015593406388961941, 0.017496649938682926, 0.01947963017829757, 0.021814960986639112, 0.0244888991790445, 0.027455202671237973, 0.030462142682767764, 0.03347516022004274, 0.03632355277573078, 0.03911728575744543, 0.041489125175428104, 0.043617926344794986, 0.04507509866910146, 0.045973158335007626, 0.046666313335408376, 0.047747911364257295, 0.04910015737076979, 0.051170936172887156, 0.05323921785426519, 0.05484930583024696, 0.05598397968583077, 0.056516639752925084, 0.05678375349578094, 0.05655312215346535, 0.05709318659280136, 0.05753330561326649, 0.05822424761198231, 0.05856641837777238, 0.058663546697002605, 0.05829520111627496, 0.058019458378357286, 0.05786276302771312, 0.057678835712609886, 0.05721489013034267, 0.05620972754199197, 0.05488023496470325, 0.05291870088860013, 0.05085359195424363, 0.04836971777146554, 0.045888993393773454, 0.04332790860019442, 0.040721243397433354, 0.03815348906679705, 0.03609755066086763, 0.03431153121207709, 0.03269994312791247, 0.03113246913067769, 0.029533434333839276, 0.02779284963423818, 0.02581340528028532, 0.023636664296078556, 0.021032966406022018, 0.018298152858289164, 0.015471223173718233, 0.012975006021594128, 0.011476514573927241, 0.011190786613452559, 0.012013514795745658, 0.013192708648177051, 0.0146026096239084, 0.016627808096549106, 0.019288816219412905, 0.022115031993867204, 0.024956066779425322, 0.027947127033299147, 0.030317719296220055, 0.03213024736687776, 0.033908117916643665, 0.035613155393420214, 0.03695858371541455, 0.0370883147011733, 0.035844860180821725, 0.03331269225961453, 0.030127822662769057, 0.026675716455458534, 0.02305094507263966, 0.019294584365168215, 0.016588874620184203, 0.013459760460278334, 0.010513659470637583, 0.008184205378854309, 0.005908681970234855, 0.003908372487361734, 0.002250880846271649, 0.001837561814419065, 0.003902446460586522, 0.00649131804032715, 0.008842266053540701, 0.011337576744963709, 0.013847821453172829, 0.016241515374979285, 0.018506880743639053, 0.020753891025054552, 0.022854281545735794, 0.025177910908837288, 0.027764777035113285, 0.0302577363231247, 0.032552204835272186, 0.033962244268502154, 0.03530995724171245, 0.036795414568091225, 0.03840706162943578, 0.039993850675796264, 0.04133645030179679, 0.04211247094820217, 0.04239213751353172, 0.042192499106345205, 0.04200269786908514, 0.041897190162155235, 0.041830932940717325, 0.04166737666619139, 0.04206882264734189, 0.0426127097658282, 0.042895687146734904, 0.04300135533202284, 0.04249799814293581, 0.041897582995049115, 0.04072077112408416, 0.03927976254850985, 0.037331499513228325, 0.035889992777759706, 0.03456359233645024, 0.033243529781910974, 0.03199033675126687, 0.03059935779738079, 0.029272240636492235, 0.027900707354997015, 0.02654938414970694, 0.02543173352052397, 0.024311103096379235, 0.023065212419431085, 0.021685454855791198, 0.02041159885695607, 0.019056064221564174, 0.017656707279948437, 0.01626614648165674, 0.015012383850973622, 0.013603567963072178, 0.012189757837366814, 0.010674529938407772, 0.009407142987148039, 0.008344525906195775, 0.007439054007672372, 0.0072034584519923735, 0.007775010970036668, 0.009047582903156274, 0.010731538882415681, 0.01253460028234948, 0.014333543563369548, 0.016070624592636203, 0.017817726146123574, 0.019557256660804743, 0.02116824086555951, 0.022529303997840977, 0.023628588936546305, 0.02391411988476377, 0.02359656311707365, 0.022355277074164143, 0.020961866673625245, 0.018393580144489934, 0.015660552711922182, 0.013874328661167971, 0.01254026736778108, 0.011812131260623127, 0.010800298354986543, 0.00961805971638548, 0.008471507575266851, 0.007656757785702683, 0.006719580941926242, 0.0056999472982024405, 0.005125787188458596, 0.00504686530895439, 0.005697178935649704, 0.006245540782853768, 0.0070976650798796875, 0.007900543705723831, 0.008755370167568399, 0.009807746909975117, 0.011209592216881203, 0.01276960312030194, 0.014467251258771754, 0.015865855510978952, 0.01751794577394112, 0.01978728846519214, 0.022540086452385207, 0.024859037758439572, 0.02589623397823137, 0.02611181133516041, 0.026565850619759173, 0.0272557734372972, 0.02776644526036269, 0.02799937699621002, 0.02818388188652303, 0.02806005928616626, 0.028083982827741123, 0.02781538632605852, 0.027763976455106594, 0.028120518002563644, 0.028688559534023904, 0.029389365084960088, 0.030059907204608147, 0.03052096911154336, 0.031053468449087778, 0.03142000488428638, 0.03173833045042581, 0.031892653890475096, 0.03198060527161537, 0.031944507243272385, 0.03180892531117334, 0.03180195743523648, 0.03175983113429147, 0.03185651864929952, 0.032146459060636644, 0.032526908876218445, 0.033087790299913135, 0.03370146462957083, 0.0342847740780508, 0.0344768243549477, 0.03441738754137779, 0.034008301029805295]",0.03309813106562172,0.031077429265189582,0.011091899149410347,0.031184227636681716,0.0,0.0,0.018555548267972233,0.031077429265189582,0.011091899149410347,0.031184227636681716,2.16,1717635302.8629942,2024-06-06_10-55-02
0.5059,-0.08448,0.4171409885087983,0.4755801883227812,-0.0947857544477944,0.4470549330600072,0.5059,-0.08448,0.4345077185471463,0.4755801883227812,-0.0947857544477944,0.4470549330600072,0.031639416134799855,"[0.011315756658919754, 0.012192407496521018, 0.01288995615295488, 0.01359963525141729, 0.014321891165186378, 0.015181047888625853, 0.01592941522152252, 0.01673874496494045, 0.01751440457689525, 0.01835087734908702, 0.019202544572813795, 0.020070622325609303, 0.02095627718778323, 0.02186061264947246, 0.022737260153569413, 0.023681097053535004, 0.024646250751560458, 0.025633386418693636, 0.02659237614956749, 0.027623542314219474, 0.0286250346734827, 0.029647102596467904, 0.03056454213255984, 0.031680305841655834, 0.03263530150735364, 0.033606764937046466, 0.034593095597664145, 0.03536350794006898, 0.035930760474075646, 0.03631257033147624, 0.03661317474198803, 0.03688385713543919, 0.03738127616234113, 0.037934719347479336, 0.03858163380471939, 0.03921882339006296, 0.03999131852533767, 0.04074980907886149, 0.04127472956039594, 0.04151563832077664, 0.04151964454301027, 0.04123464219442919, 0.04096829512038153, 0.04056460486818273, 0.04028281736824196, 0.04000166841569801, 0.03919762289117317, 0.037812479337396496, 0.03622310391275238, 0.03453579653228067, 0.0330206041779641, 0.031565009966306234, 0.03054064037737075, 0.029904305612678588, 0.029394155816597912, 0.028896840658953926, 0.02825322628704274, 0.027685220830545497, 0.02666364029859006, 0.025486033827772144, 0.02414387260068274, 0.023028867611909868, 0.022681878550084772, 0.02299235797660897, 0.02387546679328945, 0.024738332374206702, 0.025547718436096926, 0.026640938816603423, 0.02759836215880636, 0.028240938725365098, 0.028199955208514017, 0.028168175430310402, 0.02767018559717724, 0.027414861073674215, 0.027239233260695786, 0.0274939869379551, 0.027874761581110984, 0.02868161073982207, 0.029514734605865275, 0.030345172291974937, 0.031248268714928727, 0.032298002681611045, 0.033509628354587276, 0.0348066615601669, 0.03569061118903811, 0.03631377821401384, 0.03654105211474412, 0.03646788532881584, 0.03572808397059345, 0.03427781350345514, 0.03309813106562172, 0.031639416134799855, 0.02970329439236902, 0.027599049067936567, 0.02603054913364457, 0.024090316372098155, 0.02220132238001286, 0.02051452966091278, 0.019044426362309692, 0.017805605247084858, 0.01643252777018217, 0.01523003850809785, 0.01424180324883461, 0.013706552220618947, 0.0130880570946912, 0.012988920737072255, 0.013178248200839212, 0.013386796436950147, 0.01359897371732897, 0.01439195864266014, 0.015495810506657983, 0.016686507754200334, 0.01807173050136072, 0.019341411872889052, 0.020370802976522343, 0.0213787239197115, 0.02262888584538598, 0.02401686851684336, 0.025523335513576738, 0.026670410326906566, 0.02758824337325398, 0.02810647098585074, 0.028219175888028712, 0.02804128716256827, 0.027840212128430745, 0.02799079668741686, 0.027988272685847155, 0.02831306909632167, 0.028434723397990712, 0.0285549391753426, 0.02832607944879636, 0.02800347501499142, 0.027460301198426997, 0.02681840364884072, 0.026203190519756815, 0.02552364346313934, 0.024940794741503684, 0.024553643852497812, 0.024009602077058226, 0.023587486328410737, 0.023053226444370627, 0.02237349941244249, 0.021247392964358097, 0.01948489409103017, 0.01759577829009665, 0.015969918059865678, 0.014849832783247986, 0.014164911869984548, 0.013546042864334782, 0.01328357500957488, 0.012905521640083246, 0.012806686101790404, 0.01256569256360443, 0.01270015008783326, 0.013333718053885597, 0.014364706842779438, 0.015230812921928084, 0.016214173123414017, 0.017422309714956504, 0.01848297873673576, 0.019690103784110968, 0.02062988015396428, 0.021304326954883004, 0.021542023987470748, 0.021445001132587415, 0.02128479356968176, 0.021154257299581803, 0.020548768777841446, 0.020419411659703072, 0.020346908766621045, 0.02018386842926173, 0.020060715556614095, 0.019970155121820186, 0.019905412966441507, 0.019860328269953802, 0.019689549628068632, 0.019110038324468673, 0.018401772510693467, 0.01773443768827515, 0.01691379473734185, 0.0163889904882787, 0.015891976533507178, 0.015695148472402557, 0.015634975895130635, 0.01548249397414641, 0.015250362203767827, 0.01446715870868431, 0.013690714184349355, 0.013111437378948002, 0.01280400987898366, 0.012789088065484542, 0.012885508256999974, 0.012645414791893052, 0.012533763320360268, 0.01300792748125149, 0.014045480441271196, 0.015593406388961941, 0.017496649938682926, 0.01947963017829757, 0.021814960986639112, 0.0244888991790445, 0.027455202671237973, 0.030462142682767764, 0.03347516022004274, 0.03632355277573078, 0.03911728575744543, 0.041489125175428104, 0.043617926344794986, 0.04507509866910146, 0.045973158335007626, 0.046666313335408376, 0.047747911364257295, 0.04910015737076979, 0.051170936172887156, 0.05323921785426519, 0.05484930583024696, 0.05598397968583077, 0.056516639752925084, 0.05678375349578094, 0.05655312215346535, 0.05709318659280136, 0.05753330561326649, 0.05822424761198231, 0.05856641837777238, 0.058663546697002605, 0.05829520111627496, 0.058019458378357286, 0.05786276302771312, 0.057678835712609886, 0.05721489013034267, 0.05620972754199197, 0.05488023496470325, 0.05291870088860013, 0.05085359195424363, 0.04836971777146554, 0.045888993393773454, 0.04332790860019442, 0.040721243397433354, 0.03815348906679705, 0.03609755066086763, 0.03431153121207709, 0.03269994312791247, 0.03113246913067769, 0.029533434333839276, 0.02779284963423818, 0.02581340528028532, 0.023636664296078556, 0.021032966406022018, 0.018298152858289164, 0.015471223173718233, 0.012975006021594128, 0.011476514573927241, 0.011190786613452559, 0.012013514795745658, 0.013192708648177051, 0.0146026096239084, 0.016627808096549106, 0.019288816219412905, 0.022115031993867204, 0.024956066779425322, 0.027947127033299147, 0.030317719296220055, 0.03213024736687776, 0.033908117916643665, 0.035613155393420214, 0.03695858371541455, 0.0370883147011733, 0.035844860180821725, 0.03331269225961453, 0.030127822662769057, 0.026675716455458534, 0.02305094507263966, 0.019294584365168215, 0.016588874620184203, 0.013459760460278334, 0.010513659470637583, 0.008184205378854309, 0.005908681970234855, 0.003908372487361734, 0.002250880846271649, 0.001837561814419065, 0.003902446460586522, 0.00649131804032715, 0.008842266053540701, 0.011337576744963709, 0.013847821453172829, 0.016241515374979285, 0.018506880743639053, 0.020753891025054552, 0.022854281545735794, 0.025177910908837288, 0.027764777035113285, 0.0302577363231247, 0.032552204835272186, 0.033962244268502154, 0.03530995724171245, 0.036795414568091225, 0.03840706162943578, 0.039993850675796264, 0.04133645030179679, 0.04211247094820217, 0.04239213751353172, 0.042192499106345205, 0.04200269786908514, 0.041897190162155235, 0.041830932940717325, 0.04166737666619139, 0.04206882264734189, 0.0426127097658282, 0.042895687146734904, 0.04300135533202284, 0.04249799814293581, 0.041897582995049115, 0.04072077112408416, 0.03927976254850985, 0.037331499513228325, 0.035889992777759706, 0.03456359233645024, 0.033243529781910974, 0.03199033675126687, 0.03059935779738079, 0.029272240636492235, 0.027900707354997015, 0.02654938414970694, 0.02543173352052397, 0.024311103096379235, 0.023065212419431085, 0.021685454855791198, 0.02041159885695607, 0.019056064221564174, 0.017656707279948437, 0.01626614648165674, 0.015012383850973622, 0.013603567963072178, 0.012189757837366814, 0.010674529938407772, 0.009407142987148039, 0.008344525906195775, 0.007439054007672372, 0.0072034584519923735, 0.007775010970036668, 0.009047582903156274, 0.010731538882415681, 0.01253460028234948, 0.014333543563369548, 0.016070624592636203, 0.017817726146123574, 0.019557256660804743, 0.02116824086555951, 0.022529303997840977, 0.023628588936546305, 0.02391411988476377, 0.02359656311707365, 0.022355277074164143, 0.020961866673625245, 0.018393580144489934, 0.015660552711922182, 0.013874328661167971, 0.01254026736778108, 0.011812131260623127, 0.010800298354986543, 0.00961805971638548, 0.008471507575266851, 0.007656757785702683, 0.006719580941926242, 0.0056999472982024405, 0.005125787188458596, 0.00504686530895439, 0.005697178935649704, 0.006245540782853768, 0.0070976650798796875, 0.007900543705723831, 0.008755370167568399, 0.009807746909975117, 0.011209592216881203, 0.01276960312030194, 0.014467251258771754, 0.015865855510978952, 0.01751794577394112, 0.01978728846519214, 0.022540086452385207, 0.024859037758439572, 0.02589623397823137, 0.02611181133516041, 0.026565850619759173, 0.0272557734372972, 0.02776644526036269, 0.02799937699621002, 0.02818388188652303, 0.02806005928616626, 0.028083982827741123, 0.02781538632605852, 0.027763976455106594, 0.028120518002563644, 0.028688559534023904, 0.029389365084960088, 0.030059907204608147, 0.03052096911154336, 0.031053468449087778, 0.03142000488428638, 0.03173833045042581, 0.031892653890475096, 0.03198060527161537, 0.031944507243272385, 0.03180892531117334, 0.03180195743523648, 0.03175983113429147, 0.03185651864929952, 0.032146459060636644, 0.032526908876218445, 0.033087790299913135, 0.03370146462957083, 0.0342847740780508, 0.0344768243549477, 0.03441738754137779, 0.034008301029805295]",0.031639416134799855,0.03031981167721881,0.010305754447794399,0.029913944551208882,0.0,0.0,0.01736673003834799,0.03031981167721881,0.010305754447794399,0.029913944551208882,2.184,1717635302.8871813,2024-06-06_10-55-02
0.5059,-0.08376,0.41622151461251855,0.4765595044702583,-0.09345974460295117,0.4442964260531137,0.5059,-0.08376,0.4324004451887708,0.4765595044702583,-0.09345974460295117,0.4442964260531137,0.02970329439236902,"[0.011315756658919754, 0.012192407496521018, 0.01288995615295488, 0.01359963525141729, 0.014321891165186378, 0.015181047888625853, 0.01592941522152252, 0.01673874496494045, 0.01751440457689525, 0.01835087734908702, 0.019202544572813795, 0.020070622325609303, 0.02095627718778323, 0.02186061264947246, 0.022737260153569413, 0.023681097053535004, 0.024646250751560458, 0.025633386418693636, 0.02659237614956749, 0.027623542314219474, 0.0286250346734827, 0.029647102596467904, 0.03056454213255984, 0.031680305841655834, 0.03263530150735364, 0.033606764937046466, 0.034593095597664145, 0.03536350794006898, 0.035930760474075646, 0.03631257033147624, 0.03661317474198803, 0.03688385713543919, 0.03738127616234113, 0.037934719347479336, 0.03858163380471939, 0.03921882339006296, 0.03999131852533767, 0.04074980907886149, 0.04127472956039594, 0.04151563832077664, 0.04151964454301027, 0.04123464219442919, 0.04096829512038153, 0.04056460486818273, 0.04028281736824196, 0.04000166841569801, 0.03919762289117317, 0.037812479337396496, 0.03622310391275238, 0.03453579653228067, 0.0330206041779641, 0.031565009966306234, 0.03054064037737075, 0.029904305612678588, 0.029394155816597912, 0.028896840658953926, 0.02825322628704274, 0.027685220830545497, 0.02666364029859006, 0.025486033827772144, 0.02414387260068274, 0.023028867611909868, 0.022681878550084772, 0.02299235797660897, 0.02387546679328945, 0.024738332374206702, 0.025547718436096926, 0.026640938816603423, 0.02759836215880636, 0.028240938725365098, 0.028199955208514017, 0.028168175430310402, 0.02767018559717724, 0.027414861073674215, 0.027239233260695786, 0.0274939869379551, 0.027874761581110984, 0.02868161073982207, 0.029514734605865275, 0.030345172291974937, 0.031248268714928727, 0.032298002681611045, 0.033509628354587276, 0.0348066615601669, 0.03569061118903811, 0.03631377821401384, 0.03654105211474412, 0.03646788532881584, 0.03572808397059345, 0.03427781350345514, 0.03309813106562172, 0.031639416134799855, 0.02970329439236902, 0.027599049067936567, 0.02603054913364457, 0.024090316372098155, 0.02220132238001286, 0.02051452966091278, 0.019044426362309692, 0.017805605247084858, 0.01643252777018217, 0.01523003850809785, 0.01424180324883461, 0.013706552220618947, 0.0130880570946912, 0.012988920737072255, 0.013178248200839212, 0.013386796436950147, 0.01359897371732897, 0.01439195864266014, 0.015495810506657983, 0.016686507754200334, 0.01807173050136072, 0.019341411872889052, 0.020370802976522343, 0.0213787239197115, 0.02262888584538598, 0.02401686851684336, 0.025523335513576738, 0.026670410326906566, 0.02758824337325398, 0.02810647098585074, 0.028219175888028712, 0.02804128716256827, 0.027840212128430745, 0.02799079668741686, 0.027988272685847155, 0.02831306909632167, 0.028434723397990712, 0.0285549391753426, 0.02832607944879636, 0.02800347501499142, 0.027460301198426997, 0.02681840364884072, 0.026203190519756815, 0.02552364346313934, 0.024940794741503684, 0.024553643852497812, 0.024009602077058226, 0.023587486328410737, 0.023053226444370627, 0.02237349941244249, 0.021247392964358097, 0.01948489409103017, 0.01759577829009665, 0.015969918059865678, 0.014849832783247986, 0.014164911869984548, 0.013546042864334782, 0.01328357500957488, 0.012905521640083246, 0.012806686101790404, 0.01256569256360443, 0.01270015008783326, 0.013333718053885597, 0.014364706842779438, 0.015230812921928084, 0.016214173123414017, 0.017422309714956504, 0.01848297873673576, 0.019690103784110968, 0.02062988015396428, 0.021304326954883004, 0.021542023987470748, 0.021445001132587415, 0.02128479356968176, 0.021154257299581803, 0.020548768777841446, 0.020419411659703072, 0.020346908766621045, 0.02018386842926173, 0.020060715556614095, 0.019970155121820186, 0.019905412966441507, 0.019860328269953802, 0.019689549628068632, 0.019110038324468673, 0.018401772510693467, 0.01773443768827515, 0.01691379473734185, 0.0163889904882787, 0.015891976533507178, 0.015695148472402557, 0.015634975895130635, 0.01548249397414641, 0.015250362203767827, 0.01446715870868431, 0.013690714184349355, 0.013111437378948002, 0.01280400987898366, 0.012789088065484542, 0.012885508256999974, 0.012645414791893052, 0.012533763320360268, 0.01300792748125149, 0.014045480441271196, 0.015593406388961941, 0.017496649938682926, 0.01947963017829757, 0.021814960986639112, 0.0244888991790445, 0.027455202671237973, 0.030462142682767764, 0.03347516022004274, 0.03632355277573078, 0.03911728575744543, 0.041489125175428104, 0.043617926344794986, 0.04507509866910146, 0.045973158335007626, 0.046666313335408376, 0.047747911364257295, 0.04910015737076979, 0.051170936172887156, 0.05323921785426519, 0.05484930583024696, 0.05598397968583077, 0.056516639752925084, 0.05678375349578094, 0.05655312215346535, 0.05709318659280136, 0.05753330561326649, 0.05822424761198231, 0.05856641837777238, 0.058663546697002605, 0.05829520111627496, 0.058019458378357286, 0.05786276302771312, 0.057678835712609886, 0.05721489013034267, 0.05620972754199197, 0.05488023496470325, 0.05291870088860013, 0.05085359195424363, 0.04836971777146554, 0.045888993393773454, 0.04332790860019442, 0.040721243397433354, 0.03815348906679705, 0.03609755066086763, 0.03431153121207709, 0.03269994312791247, 0.03113246913067769, 0.029533434333839276, 0.02779284963423818, 0.02581340528028532, 0.023636664296078556, 0.021032966406022018, 0.018298152858289164, 0.015471223173718233, 0.012975006021594128, 0.011476514573927241, 0.011190786613452559, 0.012013514795745658, 0.013192708648177051, 0.0146026096239084, 0.016627808096549106, 0.019288816219412905, 0.022115031993867204, 0.024956066779425322, 0.027947127033299147, 0.030317719296220055, 0.03213024736687776, 0.033908117916643665, 0.035613155393420214, 0.03695858371541455, 0.0370883147011733, 0.035844860180821725, 0.03331269225961453, 0.030127822662769057, 0.026675716455458534, 0.02305094507263966, 0.019294584365168215, 0.016588874620184203, 0.013459760460278334, 0.010513659470637583, 0.008184205378854309, 0.005908681970234855, 0.003908372487361734, 0.002250880846271649, 0.001837561814419065, 0.003902446460586522, 0.00649131804032715, 0.008842266053540701, 0.011337576744963709, 0.013847821453172829, 0.016241515374979285, 0.018506880743639053, 0.020753891025054552, 0.022854281545735794, 0.025177910908837288, 0.027764777035113285, 0.0302577363231247, 0.032552204835272186, 0.033962244268502154, 0.03530995724171245, 0.036795414568091225, 0.03840706162943578, 0.039993850675796264, 0.04133645030179679, 0.04211247094820217, 0.04239213751353172, 0.042192499106345205, 0.04200269786908514, 0.041897190162155235, 0.041830932940717325, 0.04166737666619139, 0.04206882264734189, 0.0426127097658282, 0.042895687146734904, 0.04300135533202284, 0.04249799814293581, 0.041897582995049115, 0.04072077112408416, 0.03927976254850985, 0.037331499513228325, 0.035889992777759706, 0.03456359233645024, 0.033243529781910974, 0.03199033675126687, 0.03059935779738079, 0.029272240636492235, 0.027900707354997015, 0.02654938414970694, 0.02543173352052397, 0.024311103096379235, 0.023065212419431085, 0.021685454855791198, 0.02041159885695607, 0.019056064221564174, 0.017656707279948437, 0.01626614648165674, 0.015012383850973622, 0.013603567963072178, 0.012189757837366814, 0.010674529938407772, 0.009407142987148039, 0.008344525906195775, 0.007439054007672372, 0.0072034584519923735, 0.007775010970036668, 0.009047582903156274, 0.010731538882415681, 0.01253460028234948, 0.014333543563369548, 0.016070624592636203, 0.017817726146123574, 0.019557256660804743, 0.02116824086555951, 0.022529303997840977, 0.023628588936546305, 0.02391411988476377, 0.02359656311707365, 0.022355277074164143, 0.020961866673625245, 0.018393580144489934, 0.015660552711922182, 0.013874328661167971, 0.01254026736778108, 0.011812131260623127, 0.010800298354986543, 0.00961805971638548, 0.008471507575266851, 0.007656757785702683, 0.006719580941926242, 0.0056999472982024405, 0.005125787188458596, 0.00504686530895439, 0.005697178935649704, 0.006245540782853768, 0.0070976650798796875, 0.007900543705723831, 0.008755370167568399, 0.009807746909975117, 0.011209592216881203, 0.01276960312030194, 0.014467251258771754, 0.015865855510978952, 0.01751794577394112, 0.01978728846519214, 0.022540086452385207, 0.024859037758439572, 0.02589623397823137, 0.02611181133516041, 0.026565850619759173, 0.0272557734372972, 0.02776644526036269, 0.02799937699621002, 0.02818388188652303, 0.02806005928616626, 0.028083982827741123, 0.02781538632605852, 0.027763976455106594, 0.028120518002563644, 0.028688559534023904, 0.029389365084960088, 0.030059907204608147, 0.03052096911154336, 0.031053468449087778, 0.03142000488428638, 0.03173833045042581, 0.031892653890475096, 0.03198060527161537, 0.031944507243272385, 0.03180892531117334, 0.03180195743523648, 0.03175983113429147, 0.03185651864929952, 0.032146459060636644, 0.032526908876218445, 0.033087790299913135, 0.03370146462957083, 0.0342847740780508, 0.0344768243549477, 0.03441738754137779, 0.034008301029805295]",0.02970329439236902,0.029340495529741717,0.009699744602951171,0.02807491144059515,0.0,0.0,0.01617893057625225,0.029340495529741717,0.009699744602951171,0.02807491144059515,2.208,1717635302.911245,2024-06-06_10-55-02
0.5059,-0.08303999999999999,0.41541332329904473,0.4777249933803238,-0.09264412390733678,0.44128740904959624,0.5059,-0.08303999999999999,0.43040649194825803,0.4777249933803238,-0.09264412390733678,0.44128740904959624,0.027599049067936567,"[0.011315756658919754, 0.012192407496521018, 0.01288995615295488, 0.01359963525141729, 0.014321891165186378, 0.015181047888625853, 0.01592941522152252, 0.01673874496494045, 0.01751440457689525, 0.01835087734908702, 0.019202544572813795, 0.020070622325609303, 0.02095627718778323, 0.02186061264947246, 0.022737260153569413, 0.023681097053535004, 0.024646250751560458, 0.025633386418693636, 0.02659237614956749, 0.027623542314219474, 0.0286250346734827, 0.029647102596467904, 0.03056454213255984, 0.031680305841655834, 0.03263530150735364, 0.033606764937046466, 0.034593095597664145, 0.03536350794006898, 0.035930760474075646, 0.03631257033147624, 0.03661317474198803, 0.03688385713543919, 0.03738127616234113, 0.037934719347479336, 0.03858163380471939, 0.03921882339006296, 0.03999131852533767, 0.04074980907886149, 0.04127472956039594, 0.04151563832077664, 0.04151964454301027, 0.04123464219442919, 0.04096829512038153, 0.04056460486818273, 0.04028281736824196, 0.04000166841569801, 0.03919762289117317, 0.037812479337396496, 0.03622310391275238, 0.03453579653228067, 0.0330206041779641, 0.031565009966306234, 0.03054064037737075, 0.029904305612678588, 0.029394155816597912, 0.028896840658953926, 0.02825322628704274, 0.027685220830545497, 0.02666364029859006, 0.025486033827772144, 0.02414387260068274, 0.023028867611909868, 0.022681878550084772, 0.02299235797660897, 0.02387546679328945, 0.024738332374206702, 0.025547718436096926, 0.026640938816603423, 0.02759836215880636, 0.028240938725365098, 0.028199955208514017, 0.028168175430310402, 0.02767018559717724, 0.027414861073674215, 0.027239233260695786, 0.0274939869379551, 0.027874761581110984, 0.02868161073982207, 0.029514734605865275, 0.030345172291974937, 0.031248268714928727, 0.032298002681611045, 0.033509628354587276, 0.0348066615601669, 0.03569061118903811, 0.03631377821401384, 0.03654105211474412, 0.03646788532881584, 0.03572808397059345, 0.03427781350345514, 0.03309813106562172, 0.031639416134799855, 0.02970329439236902, 0.027599049067936567, 0.02603054913364457, 0.024090316372098155, 0.02220132238001286, 0.02051452966091278, 0.019044426362309692, 0.017805605247084858, 0.01643252777018217, 0.01523003850809785, 0.01424180324883461, 0.013706552220618947, 0.0130880570946912, 0.012988920737072255, 0.013178248200839212, 0.013386796436950147, 0.01359897371732897, 0.01439195864266014, 0.015495810506657983, 0.016686507754200334, 0.01807173050136072, 0.019341411872889052, 0.020370802976522343, 0.0213787239197115, 0.02262888584538598, 0.02401686851684336, 0.025523335513576738, 0.026670410326906566, 0.02758824337325398, 0.02810647098585074, 0.028219175888028712, 0.02804128716256827, 0.027840212128430745, 0.02799079668741686, 0.027988272685847155, 0.02831306909632167, 0.028434723397990712, 0.0285549391753426, 0.02832607944879636, 0.02800347501499142, 0.027460301198426997, 0.02681840364884072, 0.026203190519756815, 0.02552364346313934, 0.024940794741503684, 0.024553643852497812, 0.024009602077058226, 0.023587486328410737, 0.023053226444370627, 0.02237349941244249, 0.021247392964358097, 0.01948489409103017, 0.01759577829009665, 0.015969918059865678, 0.014849832783247986, 0.014164911869984548, 0.013546042864334782, 0.01328357500957488, 0.012905521640083246, 0.012806686101790404, 0.01256569256360443, 0.01270015008783326, 0.013333718053885597, 0.014364706842779438, 0.015230812921928084, 0.016214173123414017, 0.017422309714956504, 0.01848297873673576, 0.019690103784110968, 0.02062988015396428, 0.021304326954883004, 0.021542023987470748, 0.021445001132587415, 0.02128479356968176, 0.021154257299581803, 0.020548768777841446, 0.020419411659703072, 0.020346908766621045, 0.02018386842926173, 0.020060715556614095, 0.019970155121820186, 0.019905412966441507, 0.019860328269953802, 0.019689549628068632, 0.019110038324468673, 0.018401772510693467, 0.01773443768827515, 0.01691379473734185, 0.0163889904882787, 0.015891976533507178, 0.015695148472402557, 0.015634975895130635, 0.01548249397414641, 0.015250362203767827, 0.01446715870868431, 0.013690714184349355, 0.013111437378948002, 0.01280400987898366, 0.012789088065484542, 0.012885508256999974, 0.012645414791893052, 0.012533763320360268, 0.01300792748125149, 0.014045480441271196, 0.015593406388961941, 0.017496649938682926, 0.01947963017829757, 0.021814960986639112, 0.0244888991790445, 0.027455202671237973, 0.030462142682767764, 0.03347516022004274, 0.03632355277573078, 0.03911728575744543, 0.041489125175428104, 0.043617926344794986, 0.04507509866910146, 0.045973158335007626, 0.046666313335408376, 0.047747911364257295, 0.04910015737076979, 0.051170936172887156, 0.05323921785426519, 0.05484930583024696, 0.05598397968583077, 0.056516639752925084, 0.05678375349578094, 0.05655312215346535, 0.05709318659280136, 0.05753330561326649, 0.05822424761198231, 0.05856641837777238, 0.058663546697002605, 0.05829520111627496, 0.058019458378357286, 0.05786276302771312, 0.057678835712609886, 0.05721489013034267, 0.05620972754199197, 0.05488023496470325, 0.05291870088860013, 0.05085359195424363, 0.04836971777146554, 0.045888993393773454, 0.04332790860019442, 0.040721243397433354, 0.03815348906679705, 0.03609755066086763, 0.03431153121207709, 0.03269994312791247, 0.03113246913067769, 0.029533434333839276, 0.02779284963423818, 0.02581340528028532, 0.023636664296078556, 0.021032966406022018, 0.018298152858289164, 0.015471223173718233, 0.012975006021594128, 0.011476514573927241, 0.011190786613452559, 0.012013514795745658, 0.013192708648177051, 0.0146026096239084, 0.016627808096549106, 0.019288816219412905, 0.022115031993867204, 0.024956066779425322, 0.027947127033299147, 0.030317719296220055, 0.03213024736687776, 0.033908117916643665, 0.035613155393420214, 0.03695858371541455, 0.0370883147011733, 0.035844860180821725, 0.03331269225961453, 0.030127822662769057, 0.026675716455458534, 0.02305094507263966, 0.019294584365168215, 0.016588874620184203, 0.013459760460278334, 0.010513659470637583, 0.008184205378854309, 0.005908681970234855, 0.003908372487361734, 0.002250880846271649, 0.001837561814419065, 0.003902446460586522, 0.00649131804032715, 0.008842266053540701, 0.011337576744963709, 0.013847821453172829, 0.016241515374979285, 0.018506880743639053, 0.020753891025054552, 0.022854281545735794, 0.025177910908837288, 0.027764777035113285, 0.0302577363231247, 0.032552204835272186, 0.033962244268502154, 0.03530995724171245, 0.036795414568091225, 0.03840706162943578, 0.039993850675796264, 0.04133645030179679, 0.04211247094820217, 0.04239213751353172, 0.042192499106345205, 0.04200269786908514, 0.041897190162155235, 0.041830932940717325, 0.04166737666619139, 0.04206882264734189, 0.0426127097658282, 0.042895687146734904, 0.04300135533202284, 0.04249799814293581, 0.041897582995049115, 0.04072077112408416, 0.03927976254850985, 0.037331499513228325, 0.035889992777759706, 0.03456359233645024, 0.033243529781910974, 0.03199033675126687, 0.03059935779738079, 0.029272240636492235, 0.027900707354997015, 0.02654938414970694, 0.02543173352052397, 0.024311103096379235, 0.023065212419431085, 0.021685454855791198, 0.02041159885695607, 0.019056064221564174, 0.017656707279948437, 0.01626614648165674, 0.015012383850973622, 0.013603567963072178, 0.012189757837366814, 0.010674529938407772, 0.009407142987148039, 0.008344525906195775, 0.007439054007672372, 0.0072034584519923735, 0.007775010970036668, 0.009047582903156274, 0.010731538882415681, 0.01253460028234948, 0.014333543563369548, 0.016070624592636203, 0.017817726146123574, 0.019557256660804743, 0.02116824086555951, 0.022529303997840977, 0.023628588936546305, 0.02391411988476377, 0.02359656311707365, 0.022355277074164143, 0.020961866673625245, 0.018393580144489934, 0.015660552711922182, 0.013874328661167971, 0.01254026736778108, 0.011812131260623127, 0.010800298354986543, 0.00961805971638548, 0.008471507575266851, 0.007656757785702683, 0.006719580941926242, 0.0056999472982024405, 0.005125787188458596, 0.00504686530895439, 0.005697178935649704, 0.006245540782853768, 0.0070976650798796875, 0.007900543705723831, 0.008755370167568399, 0.009807746909975117, 0.011209592216881203, 0.01276960312030194, 0.014467251258771754, 0.015865855510978952, 0.01751794577394112, 0.01978728846519214, 0.022540086452385207, 0.024859037758439572, 0.02589623397823137, 0.02611181133516041, 0.026565850619759173, 0.0272557734372972, 0.02776644526036269, 0.02799937699621002, 0.02818388188652303, 0.02806005928616626, 0.028083982827741123, 0.02781538632605852, 0.027763976455106594, 0.028120518002563644, 0.028688559534023904, 0.029389365084960088, 0.030059907204608147, 0.03052096911154336, 0.031053468449087778, 0.03142000488428638, 0.03173833045042581, 0.031892653890475096, 0.03198060527161537, 0.031944507243272385, 0.03180892531117334, 0.03180195743523648, 0.03175983113429147, 0.03185651864929952, 0.032146459060636644, 0.032526908876218445, 0.033087790299913135, 0.03370146462957083, 0.0342847740780508, 0.0344768243549477, 0.03441738754137779, 0.034008301029805295]",0.027599049067936567,0.0281750066196762,0.009604123907336795,0.0258740857505515,0.0,0.0,0.014993168649213295,0.0281750066196762,0.009604123907336795,0.0258740857505515,2.232,1717635302.9347904,2024-06-06_10-55-02
0.5059,-0.08232,0.41472018518994713,0.4786730297057276,-0.09209421083191417,0.4388459865406251,0.5059,-0.08232,0.42852759191212153,0.4786730297057276,-0.09209421083191417,0.4388459865406251,0.02603054913364457,"[0.011315756658919754, 0.012192407496521018, 0.01288995615295488, 0.01359963525141729, 0.014321891165186378, 0.015181047888625853, 0.01592941522152252, 0.01673874496494045, 0.01751440457689525, 0.01835087734908702, 0.019202544572813795, 0.020070622325609303, 0.02095627718778323, 0.02186061264947246, 0.022737260153569413, 0.023681097053535004, 0.024646250751560458, 0.025633386418693636, 0.02659237614956749, 0.027623542314219474, 0.0286250346734827, 0.029647102596467904, 0.03056454213255984, 0.031680305841655834, 0.03263530150735364, 0.033606764937046466, 0.034593095597664145, 0.03536350794006898, 0.035930760474075646, 0.03631257033147624, 0.03661317474198803, 0.03688385713543919, 0.03738127616234113, 0.037934719347479336, 0.03858163380471939, 0.03921882339006296, 0.03999131852533767, 0.04074980907886149, 0.04127472956039594, 0.04151563832077664, 0.04151964454301027, 0.04123464219442919, 0.04096829512038153, 0.04056460486818273, 0.04028281736824196, 0.04000166841569801, 0.03919762289117317, 0.037812479337396496, 0.03622310391275238, 0.03453579653228067, 0.0330206041779641, 0.031565009966306234, 0.03054064037737075, 0.029904305612678588, 0.029394155816597912, 0.028896840658953926, 0.02825322628704274, 0.027685220830545497, 0.02666364029859006, 0.025486033827772144, 0.02414387260068274, 0.023028867611909868, 0.022681878550084772, 0.02299235797660897, 0.02387546679328945, 0.024738332374206702, 0.025547718436096926, 0.026640938816603423, 0.02759836215880636, 0.028240938725365098, 0.028199955208514017, 0.028168175430310402, 0.02767018559717724, 0.027414861073674215, 0.027239233260695786, 0.0274939869379551, 0.027874761581110984, 0.02868161073982207, 0.029514734605865275, 0.030345172291974937, 0.031248268714928727, 0.032298002681611045, 0.033509628354587276, 0.0348066615601669, 0.03569061118903811, 0.03631377821401384, 0.03654105211474412, 0.03646788532881584, 0.03572808397059345, 0.03427781350345514, 0.03309813106562172, 0.031639416134799855, 0.02970329439236902, 0.027599049067936567, 0.02603054913364457, 0.024090316372098155, 0.02220132238001286, 0.02051452966091278, 0.019044426362309692, 0.017805605247084858, 0.01643252777018217, 0.01523003850809785, 0.01424180324883461, 0.013706552220618947, 0.0130880570946912, 0.012988920737072255, 0.013178248200839212, 0.013386796436950147, 0.01359897371732897, 0.01439195864266014, 0.015495810506657983, 0.016686507754200334, 0.01807173050136072, 0.019341411872889052, 0.020370802976522343, 0.0213787239197115, 0.02262888584538598, 0.02401686851684336, 0.025523335513576738, 0.026670410326906566, 0.02758824337325398, 0.02810647098585074, 0.028219175888028712, 0.02804128716256827, 0.027840212128430745, 0.02799079668741686, 0.027988272685847155, 0.02831306909632167, 0.028434723397990712, 0.0285549391753426, 0.02832607944879636, 0.02800347501499142, 0.027460301198426997, 0.02681840364884072, 0.026203190519756815, 0.02552364346313934, 0.024940794741503684, 0.024553643852497812, 0.024009602077058226, 0.023587486328410737, 0.023053226444370627, 0.02237349941244249, 0.021247392964358097, 0.01948489409103017, 0.01759577829009665, 0.015969918059865678, 0.014849832783247986, 0.014164911869984548, 0.013546042864334782, 0.01328357500957488, 0.012905521640083246, 0.012806686101790404, 0.01256569256360443, 0.01270015008783326, 0.013333718053885597, 0.014364706842779438, 0.015230812921928084, 0.016214173123414017, 0.017422309714956504, 0.01848297873673576, 0.019690103784110968, 0.02062988015396428, 0.021304326954883004, 0.021542023987470748, 0.021445001132587415, 0.02128479356968176, 0.021154257299581803, 0.020548768777841446, 0.020419411659703072, 0.020346908766621045, 0.02018386842926173, 0.020060715556614095, 0.019970155121820186, 0.019905412966441507, 0.019860328269953802, 0.019689549628068632, 0.019110038324468673, 0.018401772510693467, 0.01773443768827515, 0.01691379473734185, 0.0163889904882787, 0.015891976533507178, 0.015695148472402557, 0.015634975895130635, 0.01548249397414641, 0.015250362203767827, 0.01446715870868431, 0.013690714184349355, 0.013111437378948002, 0.01280400987898366, 0.012789088065484542, 0.012885508256999974, 0.012645414791893052, 0.012533763320360268, 0.01300792748125149, 0.014045480441271196, 0.015593406388961941, 0.017496649938682926, 0.01947963017829757, 0.021814960986639112, 0.0244888991790445, 0.027455202671237973, 0.030462142682767764, 0.03347516022004274, 0.03632355277573078, 0.03911728575744543, 0.041489125175428104, 0.043617926344794986, 0.04507509866910146, 0.045973158335007626, 0.046666313335408376, 0.047747911364257295, 0.04910015737076979, 0.051170936172887156, 0.05323921785426519, 0.05484930583024696, 0.05598397968583077, 0.056516639752925084, 0.05678375349578094, 0.05655312215346535, 0.05709318659280136, 0.05753330561326649, 0.05822424761198231, 0.05856641837777238, 0.058663546697002605, 0.05829520111627496, 0.058019458378357286, 0.05786276302771312, 0.057678835712609886, 0.05721489013034267, 0.05620972754199197, 0.05488023496470325, 0.05291870088860013, 0.05085359195424363, 0.04836971777146554, 0.045888993393773454, 0.04332790860019442, 0.040721243397433354, 0.03815348906679705, 0.03609755066086763, 0.03431153121207709, 0.03269994312791247, 0.03113246913067769, 0.029533434333839276, 0.02779284963423818, 0.02581340528028532, 0.023636664296078556, 0.021032966406022018, 0.018298152858289164, 0.015471223173718233, 0.012975006021594128, 0.011476514573927241, 0.011190786613452559, 0.012013514795745658, 0.013192708648177051, 0.0146026096239084, 0.016627808096549106, 0.019288816219412905, 0.022115031993867204, 0.024956066779425322, 0.027947127033299147, 0.030317719296220055, 0.03213024736687776, 0.033908117916643665, 0.035613155393420214, 0.03695858371541455, 0.0370883147011733, 0.035844860180821725, 0.03331269225961453, 0.030127822662769057, 0.026675716455458534, 0.02305094507263966, 0.019294584365168215, 0.016588874620184203, 0.013459760460278334, 0.010513659470637583, 0.008184205378854309, 0.005908681970234855, 0.003908372487361734, 0.002250880846271649, 0.001837561814419065, 0.003902446460586522, 0.00649131804032715, 0.008842266053540701, 0.011337576744963709, 0.013847821453172829, 0.016241515374979285, 0.018506880743639053, 0.020753891025054552, 0.022854281545735794, 0.025177910908837288, 0.027764777035113285, 0.0302577363231247, 0.032552204835272186, 0.033962244268502154, 0.03530995724171245, 0.036795414568091225, 0.03840706162943578, 0.039993850675796264, 0.04133645030179679, 0.04211247094820217, 0.04239213751353172, 0.042192499106345205, 0.04200269786908514, 0.041897190162155235, 0.041830932940717325, 0.04166737666619139, 0.04206882264734189, 0.0426127097658282, 0.042895687146734904, 0.04300135533202284, 0.04249799814293581, 0.041897582995049115, 0.04072077112408416, 0.03927976254850985, 0.037331499513228325, 0.035889992777759706, 0.03456359233645024, 0.033243529781910974, 0.03199033675126687, 0.03059935779738079, 0.029272240636492235, 0.027900707354997015, 0.02654938414970694, 0.02543173352052397, 0.024311103096379235, 0.023065212419431085, 0.021685454855791198, 0.02041159885695607, 0.019056064221564174, 0.017656707279948437, 0.01626614648165674, 0.015012383850973622, 0.013603567963072178, 0.012189757837366814, 0.010674529938407772, 0.009407142987148039, 0.008344525906195775, 0.007439054007672372, 0.0072034584519923735, 0.007775010970036668, 0.009047582903156274, 0.010731538882415681, 0.01253460028234948, 0.014333543563369548, 0.016070624592636203, 0.017817726146123574, 0.019557256660804743, 0.02116824086555951, 0.022529303997840977, 0.023628588936546305, 0.02391411988476377, 0.02359656311707365, 0.022355277074164143, 0.020961866673625245, 0.018393580144489934, 0.015660552711922182, 0.013874328661167971, 0.01254026736778108, 0.011812131260623127, 0.010800298354986543, 0.00961805971638548, 0.008471507575266851, 0.007656757785702683, 0.006719580941926242, 0.0056999472982024405, 0.005125787188458596, 0.00504686530895439, 0.005697178935649704, 0.006245540782853768, 0.0070976650798796875, 0.007900543705723831, 0.008755370167568399, 0.009807746909975117, 0.011209592216881203, 0.01276960312030194, 0.014467251258771754, 0.015865855510978952, 0.01751794577394112, 0.01978728846519214, 0.022540086452385207, 0.024859037758439572, 0.02589623397823137, 0.02611181133516041, 0.026565850619759173, 0.0272557734372972, 0.02776644526036269, 0.02799937699621002, 0.02818388188652303, 0.02806005928616626, 0.028083982827741123, 0.02781538632605852, 0.027763976455106594, 0.028120518002563644, 0.028688559534023904, 0.029389365084960088, 0.030059907204608147, 0.03052096911154336, 0.031053468449087778, 0.03142000488428638, 0.03173833045042581, 0.031892653890475096, 0.03198060527161537, 0.031944507243272385, 0.03180892531117334, 0.03180195743523648, 0.03175983113429147, 0.03185651864929952, 0.032146459060636644, 0.032526908876218445, 0.033087790299913135, 0.03370146462957083, 0.0342847740780508, 0.0344768243549477, 0.03441738754137779, 0.034008301029805295]",0.02603054913364457,0.0272269702942724,0.009774210831914168,0.02412580135067799,0.0,0.0,0.013807406722174398,0.0272269702942724,0.009774210831914168,0.02412580135067799,2.256,1717635302.9590087,2024-06-06_10-55-02
0.5059,-0.08159999999999999,0.4141452812556048,0.47971058011525836,-0.09147561055422622,0.4361183479302644,0.5059,-0.08159999999999999,0.42676692605074024,0.47971058011525836,-0.09147561055422622,0.4361183479302644,0.024090316372098155,"[0.011315756658919754, 0.012192407496521018, 0.01288995615295488, 0.01359963525141729, 0.014321891165186378, 0.015181047888625853, 0.01592941522152252, 0.01673874496494045, 0.01751440457689525, 0.01835087734908702, 0.019202544572813795, 0.020070622325609303, 0.02095627718778323, 0.02186061264947246, 0.022737260153569413, 0.023681097053535004, 0.024646250751560458, 0.025633386418693636, 0.02659237614956749, 0.027623542314219474, 0.0286250346734827, 0.029647102596467904, 0.03056454213255984, 0.031680305841655834, 0.03263530150735364, 0.033606764937046466, 0.034593095597664145, 0.03536350794006898, 0.035930760474075646, 0.03631257033147624, 0.03661317474198803, 0.03688385713543919, 0.03738127616234113, 0.037934719347479336, 0.03858163380471939, 0.03921882339006296, 0.03999131852533767, 0.04074980907886149, 0.04127472956039594, 0.04151563832077664, 0.04151964454301027, 0.04123464219442919, 0.04096829512038153, 0.04056460486818273, 0.04028281736824196, 0.04000166841569801, 0.03919762289117317, 0.037812479337396496, 0.03622310391275238, 0.03453579653228067, 0.0330206041779641, 0.031565009966306234, 0.03054064037737075, 0.029904305612678588, 0.029394155816597912, 0.028896840658953926, 0.02825322628704274, 0.027685220830545497, 0.02666364029859006, 0.025486033827772144, 0.02414387260068274, 0.023028867611909868, 0.022681878550084772, 0.02299235797660897, 0.02387546679328945, 0.024738332374206702, 0.025547718436096926, 0.026640938816603423, 0.02759836215880636, 0.028240938725365098, 0.028199955208514017, 0.028168175430310402, 0.02767018559717724, 0.027414861073674215, 0.027239233260695786, 0.0274939869379551, 0.027874761581110984, 0.02868161073982207, 0.029514734605865275, 0.030345172291974937, 0.031248268714928727, 0.032298002681611045, 0.033509628354587276, 0.0348066615601669, 0.03569061118903811, 0.03631377821401384, 0.03654105211474412, 0.03646788532881584, 0.03572808397059345, 0.03427781350345514, 0.03309813106562172, 0.031639416134799855, 0.02970329439236902, 0.027599049067936567, 0.02603054913364457, 0.024090316372098155, 0.02220132238001286, 0.02051452966091278, 0.019044426362309692, 0.017805605247084858, 0.01643252777018217, 0.01523003850809785, 0.01424180324883461, 0.013706552220618947, 0.0130880570946912, 0.012988920737072255, 0.013178248200839212, 0.013386796436950147, 0.01359897371732897, 0.01439195864266014, 0.015495810506657983, 0.016686507754200334, 0.01807173050136072, 0.019341411872889052, 0.020370802976522343, 0.0213787239197115, 0.02262888584538598, 0.02401686851684336, 0.025523335513576738, 0.026670410326906566, 0.02758824337325398, 0.02810647098585074, 0.028219175888028712, 0.02804128716256827, 0.027840212128430745, 0.02799079668741686, 0.027988272685847155, 0.02831306909632167, 0.028434723397990712, 0.0285549391753426, 0.02832607944879636, 0.02800347501499142, 0.027460301198426997, 0.02681840364884072, 0.026203190519756815, 0.02552364346313934, 0.024940794741503684, 0.024553643852497812, 0.024009602077058226, 0.023587486328410737, 0.023053226444370627, 0.02237349941244249, 0.021247392964358097, 0.01948489409103017, 0.01759577829009665, 0.015969918059865678, 0.014849832783247986, 0.014164911869984548, 0.013546042864334782, 0.01328357500957488, 0.012905521640083246, 0.012806686101790404, 0.01256569256360443, 0.01270015008783326, 0.013333718053885597, 0.014364706842779438, 0.015230812921928084, 0.016214173123414017, 0.017422309714956504, 0.01848297873673576, 0.019690103784110968, 0.02062988015396428, 0.021304326954883004, 0.021542023987470748, 0.021445001132587415, 0.02128479356968176, 0.021154257299581803, 0.020548768777841446, 0.020419411659703072, 0.020346908766621045, 0.02018386842926173, 0.020060715556614095, 0.019970155121820186, 0.019905412966441507, 0.019860328269953802, 0.019689549628068632, 0.019110038324468673, 0.018401772510693467, 0.01773443768827515, 0.01691379473734185, 0.0163889904882787, 0.015891976533507178, 0.015695148472402557, 0.015634975895130635, 0.01548249397414641, 0.015250362203767827, 0.01446715870868431, 0.013690714184349355, 0.013111437378948002, 0.01280400987898366, 0.012789088065484542, 0.012885508256999974, 0.012645414791893052, 0.012533763320360268, 0.01300792748125149, 0.014045480441271196, 0.015593406388961941, 0.017496649938682926, 0.01947963017829757, 0.021814960986639112, 0.0244888991790445, 0.027455202671237973, 0.030462142682767764, 0.03347516022004274, 0.03632355277573078, 0.03911728575744543, 0.041489125175428104, 0.043617926344794986, 0.04507509866910146, 0.045973158335007626, 0.046666313335408376, 0.047747911364257295, 0.04910015737076979, 0.051170936172887156, 0.05323921785426519, 0.05484930583024696, 0.05598397968583077, 0.056516639752925084, 0.05678375349578094, 0.05655312215346535, 0.05709318659280136, 0.05753330561326649, 0.05822424761198231, 0.05856641837777238, 0.058663546697002605, 0.05829520111627496, 0.058019458378357286, 0.05786276302771312, 0.057678835712609886, 0.05721489013034267, 0.05620972754199197, 0.05488023496470325, 0.05291870088860013, 0.05085359195424363, 0.04836971777146554, 0.045888993393773454, 0.04332790860019442, 0.040721243397433354, 0.03815348906679705, 0.03609755066086763, 0.03431153121207709, 0.03269994312791247, 0.03113246913067769, 0.029533434333839276, 0.02779284963423818, 0.02581340528028532, 0.023636664296078556, 0.021032966406022018, 0.018298152858289164, 0.015471223173718233, 0.012975006021594128, 0.011476514573927241, 0.011190786613452559, 0.012013514795745658, 0.013192708648177051, 0.0146026096239084, 0.016627808096549106, 0.019288816219412905, 0.022115031993867204, 0.024956066779425322, 0.027947127033299147, 0.030317719296220055, 0.03213024736687776, 0.033908117916643665, 0.035613155393420214, 0.03695858371541455, 0.0370883147011733, 0.035844860180821725, 0.03331269225961453, 0.030127822662769057, 0.026675716455458534, 0.02305094507263966, 0.019294584365168215, 0.016588874620184203, 0.013459760460278334, 0.010513659470637583, 0.008184205378854309, 0.005908681970234855, 0.003908372487361734, 0.002250880846271649, 0.001837561814419065, 0.003902446460586522, 0.00649131804032715, 0.008842266053540701, 0.011337576744963709, 0.013847821453172829, 0.016241515374979285, 0.018506880743639053, 0.020753891025054552, 0.022854281545735794, 0.025177910908837288, 0.027764777035113285, 0.0302577363231247, 0.032552204835272186, 0.033962244268502154, 0.03530995724171245, 0.036795414568091225, 0.03840706162943578, 0.039993850675796264, 0.04133645030179679, 0.04211247094820217, 0.04239213751353172, 0.042192499106345205, 0.04200269786908514, 0.041897190162155235, 0.041830932940717325, 0.04166737666619139, 0.04206882264734189, 0.0426127097658282, 0.042895687146734904, 0.04300135533202284, 0.04249799814293581, 0.041897582995049115, 0.04072077112408416, 0.03927976254850985, 0.037331499513228325, 0.035889992777759706, 0.03456359233645024, 0.033243529781910974, 0.03199033675126687, 0.03059935779738079, 0.029272240636492235, 0.027900707354997015, 0.02654938414970694, 0.02543173352052397, 0.024311103096379235, 0.023065212419431085, 0.021685454855791198, 0.02041159885695607, 0.019056064221564174, 0.017656707279948437, 0.01626614648165674, 0.015012383850973622, 0.013603567963072178, 0.012189757837366814, 0.010674529938407772, 0.009407142987148039, 0.008344525906195775, 0.007439054007672372, 0.0072034584519923735, 0.007775010970036668, 0.009047582903156274, 0.010731538882415681, 0.01253460028234948, 0.014333543563369548, 0.016070624592636203, 0.017817726146123574, 0.019557256660804743, 0.02116824086555951, 0.022529303997840977, 0.023628588936546305, 0.02391411988476377, 0.02359656311707365, 0.022355277074164143, 0.020961866673625245, 0.018393580144489934, 0.015660552711922182, 0.013874328661167971, 0.01254026736778108, 0.011812131260623127, 0.010800298354986543, 0.00961805971638548, 0.008471507575266851, 0.007656757785702683, 0.006719580941926242, 0.0056999472982024405, 0.005125787188458596, 0.00504686530895439, 0.005697178935649704, 0.006245540782853768, 0.0070976650798796875, 0.007900543705723831, 0.008755370167568399, 0.009807746909975117, 0.011209592216881203, 0.01276960312030194, 0.014467251258771754, 0.015865855510978952, 0.01751794577394112, 0.01978728846519214, 0.022540086452385207, 0.024859037758439572, 0.02589623397823137, 0.02611181133516041, 0.026565850619759173, 0.0272557734372972, 0.02776644526036269, 0.02799937699621002, 0.02818388188652303, 0.02806005928616626, 0.028083982827741123, 0.02781538632605852, 0.027763976455106594, 0.028120518002563644, 0.028688559534023904, 0.029389365084960088, 0.030059907204608147, 0.03052096911154336, 0.031053468449087778, 0.03142000488428638, 0.03173833045042581, 0.031892653890475096, 0.03198060527161537, 0.031944507243272385, 0.03180892531117334, 0.03180195743523648, 0.03175983113429147, 0.03185651864929952, 0.032146459060636644, 0.032526908876218445, 0.033087790299913135, 0.03370146462957083, 0.0342847740780508, 0.0344768243549477, 0.03441738754137779, 0.034008301029805295]",0.024090316372098155,0.02618941988474166,0.009875610554226227,0.02197306667465959,0.0,0.0,0.012621644795135445,0.02618941988474166,0.009875610554226227,0.02197306667465959,2.2800000000000002,1717635302.9831638,2024-06-06_10-55-02
0.5059,-0.08088,0.41369118004631883,0.4806805930036437,-0.09088052062025691,0.43351259025712563,0.5059,-0.08088,0.4251463035889948,0.4806805930036437,-0.09088052062025691,0.43351259025712563,0.02220132238001286,"[0.011315756658919754, 0.012192407496521018, 0.01288995615295488, 0.01359963525141729, 0.014321891165186378, 0.015181047888625853, 0.01592941522152252, 0.01673874496494045, 0.01751440457689525, 0.01835087734908702, 0.019202544572813795, 0.020070622325609303, 0.02095627718778323, 0.02186061264947246, 0.022737260153569413, 0.023681097053535004, 0.024646250751560458, 0.025633386418693636, 0.02659237614956749, 0.027623542314219474, 0.0286250346734827, 0.029647102596467904, 0.03056454213255984, 0.031680305841655834, 0.03263530150735364, 0.033606764937046466, 0.034593095597664145, 0.03536350794006898, 0.035930760474075646, 0.03631257033147624, 0.03661317474198803, 0.03688385713543919, 0.03738127616234113, 0.037934719347479336, 0.03858163380471939, 0.03921882339006296, 0.03999131852533767, 0.04074980907886149, 0.04127472956039594, 0.04151563832077664, 0.04151964454301027, 0.04123464219442919, 0.04096829512038153, 0.04056460486818273, 0.04028281736824196, 0.04000166841569801, 0.03919762289117317, 0.037812479337396496, 0.03622310391275238, 0.03453579653228067, 0.0330206041779641, 0.031565009966306234, 0.03054064037737075, 0.029904305612678588, 0.029394155816597912, 0.028896840658953926, 0.02825322628704274, 0.027685220830545497, 0.02666364029859006, 0.025486033827772144, 0.02414387260068274, 0.023028867611909868, 0.022681878550084772, 0.02299235797660897, 0.02387546679328945, 0.024738332374206702, 0.025547718436096926, 0.026640938816603423, 0.02759836215880636, 0.028240938725365098, 0.028199955208514017, 0.028168175430310402, 0.02767018559717724, 0.027414861073674215, 0.027239233260695786, 0.0274939869379551, 0.027874761581110984, 0.02868161073982207, 0.029514734605865275, 0.030345172291974937, 0.031248268714928727, 0.032298002681611045, 0.033509628354587276, 0.0348066615601669, 0.03569061118903811, 0.03631377821401384, 0.03654105211474412, 0.03646788532881584, 0.03572808397059345, 0.03427781350345514, 0.03309813106562172, 0.031639416134799855, 0.02970329439236902, 0.027599049067936567, 0.02603054913364457, 0.024090316372098155, 0.02220132238001286, 0.02051452966091278, 0.019044426362309692, 0.017805605247084858, 0.01643252777018217, 0.01523003850809785, 0.01424180324883461, 0.013706552220618947, 0.0130880570946912, 0.012988920737072255, 0.013178248200839212, 0.013386796436950147, 0.01359897371732897, 0.01439195864266014, 0.015495810506657983, 0.016686507754200334, 0.01807173050136072, 0.019341411872889052, 0.020370802976522343, 0.0213787239197115, 0.02262888584538598, 0.02401686851684336, 0.025523335513576738, 0.026670410326906566, 0.02758824337325398, 0.02810647098585074, 0.028219175888028712, 0.02804128716256827, 0.027840212128430745, 0.02799079668741686, 0.027988272685847155, 0.02831306909632167, 0.028434723397990712, 0.0285549391753426, 0.02832607944879636, 0.02800347501499142, 0.027460301198426997, 0.02681840364884072, 0.026203190519756815, 0.02552364346313934, 0.024940794741503684, 0.024553643852497812, 0.024009602077058226, 0.023587486328410737, 0.023053226444370627, 0.02237349941244249, 0.021247392964358097, 0.01948489409103017, 0.01759577829009665, 0.015969918059865678, 0.014849832783247986, 0.014164911869984548, 0.013546042864334782, 0.01328357500957488, 0.012905521640083246, 0.012806686101790404, 0.01256569256360443, 0.01270015008783326, 0.013333718053885597, 0.014364706842779438, 0.015230812921928084, 0.016214173123414017, 0.017422309714956504, 0.01848297873673576, 0.019690103784110968, 0.02062988015396428, 0.021304326954883004, 0.021542023987470748, 0.021445001132587415, 0.02128479356968176, 0.021154257299581803, 0.020548768777841446, 0.020419411659703072, 0.020346908766621045, 0.02018386842926173, 0.020060715556614095, 0.019970155121820186, 0.019905412966441507, 0.019860328269953802, 0.019689549628068632, 0.019110038324468673, 0.018401772510693467, 0.01773443768827515, 0.01691379473734185, 0.0163889904882787, 0.015891976533507178, 0.015695148472402557, 0.015634975895130635, 0.01548249397414641, 0.015250362203767827, 0.01446715870868431, 0.013690714184349355, 0.013111437378948002, 0.01280400987898366, 0.012789088065484542, 0.012885508256999974, 0.012645414791893052, 0.012533763320360268, 0.01300792748125149, 0.014045480441271196, 0.015593406388961941, 0.017496649938682926, 0.01947963017829757, 0.021814960986639112, 0.0244888991790445, 0.027455202671237973, 0.030462142682767764, 0.03347516022004274, 0.03632355277573078, 0.03911728575744543, 0.041489125175428104, 0.043617926344794986, 0.04507509866910146, 0.045973158335007626, 0.046666313335408376, 0.047747911364257295, 0.04910015737076979, 0.051170936172887156, 0.05323921785426519, 0.05484930583024696, 0.05598397968583077, 0.056516639752925084, 0.05678375349578094, 0.05655312215346535, 0.05709318659280136, 0.05753330561326649, 0.05822424761198231, 0.05856641837777238, 0.058663546697002605, 0.05829520111627496, 0.058019458378357286, 0.05786276302771312, 0.057678835712609886, 0.05721489013034267, 0.05620972754199197, 0.05488023496470325, 0.05291870088860013, 0.05085359195424363, 0.04836971777146554, 0.045888993393773454, 0.04332790860019442, 0.040721243397433354, 0.03815348906679705, 0.03609755066086763, 0.03431153121207709, 0.03269994312791247, 0.03113246913067769, 0.029533434333839276, 0.02779284963423818, 0.02581340528028532, 0.023636664296078556, 0.021032966406022018, 0.018298152858289164, 0.015471223173718233, 0.012975006021594128, 0.011476514573927241, 0.011190786613452559, 0.012013514795745658, 0.013192708648177051, 0.0146026096239084, 0.016627808096549106, 0.019288816219412905, 0.022115031993867204, 0.024956066779425322, 0.027947127033299147, 0.030317719296220055, 0.03213024736687776, 0.033908117916643665, 0.035613155393420214, 0.03695858371541455, 0.0370883147011733, 0.035844860180821725, 0.03331269225961453, 0.030127822662769057, 0.026675716455458534, 0.02305094507263966, 0.019294584365168215, 0.016588874620184203, 0.013459760460278334, 0.010513659470637583, 0.008184205378854309, 0.005908681970234855, 0.003908372487361734, 0.002250880846271649, 0.001837561814419065, 0.003902446460586522, 0.00649131804032715, 0.008842266053540701, 0.011337576744963709, 0.013847821453172829, 0.016241515374979285, 0.018506880743639053, 0.020753891025054552, 0.022854281545735794, 0.025177910908837288, 0.027764777035113285, 0.0302577363231247, 0.032552204835272186, 0.033962244268502154, 0.03530995724171245, 0.036795414568091225, 0.03840706162943578, 0.039993850675796264, 0.04133645030179679, 0.04211247094820217, 0.04239213751353172, 0.042192499106345205, 0.04200269786908514, 0.041897190162155235, 0.041830932940717325, 0.04166737666619139, 0.04206882264734189, 0.0426127097658282, 0.042895687146734904, 0.04300135533202284, 0.04249799814293581, 0.041897582995049115, 0.04072077112408416, 0.03927976254850985, 0.037331499513228325, 0.035889992777759706, 0.03456359233645024, 0.033243529781910974, 0.03199033675126687, 0.03059935779738079, 0.029272240636492235, 0.027900707354997015, 0.02654938414970694, 0.02543173352052397, 0.024311103096379235, 0.023065212419431085, 0.021685454855791198, 0.02041159885695607, 0.019056064221564174, 0.017656707279948437, 0.01626614648165674, 0.015012383850973622, 0.013603567963072178, 0.012189757837366814, 0.010674529938407772, 0.009407142987148039, 0.008344525906195775, 0.007439054007672372, 0.0072034584519923735, 0.007775010970036668, 0.009047582903156274, 0.010731538882415681, 0.01253460028234948, 0.014333543563369548, 0.016070624592636203, 0.017817726146123574, 0.019557256660804743, 0.02116824086555951, 0.022529303997840977, 0.023628588936546305, 0.02391411988476377, 0.02359656311707365, 0.022355277074164143, 0.020961866673625245, 0.018393580144489934, 0.015660552711922182, 0.013874328661167971, 0.01254026736778108, 0.011812131260623127, 0.010800298354986543, 0.00961805971638548, 0.008471507575266851, 0.007656757785702683, 0.006719580941926242, 0.0056999472982024405, 0.005125787188458596, 0.00504686530895439, 0.005697178935649704, 0.006245540782853768, 0.0070976650798796875, 0.007900543705723831, 0.008755370167568399, 0.009807746909975117, 0.011209592216881203, 0.01276960312030194, 0.014467251258771754, 0.015865855510978952, 0.01751794577394112, 0.01978728846519214, 0.022540086452385207, 0.024859037758439572, 0.02589623397823137, 0.02611181133516041, 0.026565850619759173, 0.0272557734372972, 0.02776644526036269, 0.02799937699621002, 0.02818388188652303, 0.02806005928616626, 0.028083982827741123, 0.02781538632605852, 0.027763976455106594, 0.028120518002563644, 0.028688559534023904, 0.029389365084960088, 0.030059907204608147, 0.03052096911154336, 0.031053468449087778, 0.03142000488428638, 0.03173833045042581, 0.031892653890475096, 0.03198060527161537, 0.031944507243272385, 0.03180892531117334, 0.03180195743523648, 0.03175983113429147, 0.03185651864929952, 0.032146459060636644, 0.032526908876218445, 0.033087790299913135, 0.03370146462957083, 0.0342847740780508, 0.0344768243549477, 0.03441738754137779, 0.034008301029805295]",0.02220132238001286,0.02521940699635633,0.010000520620256914,0.0198214102108068,0.0,0.0,0.011455123542675971,0.02521940699635633,0.010000520620256914,0.0198214102108068,2.304,1717635303.0088494,2024-06-06_10-55-03
0.5059,-0.08015999999999998,0.413359818115753,0.48153537655094414,-0.09034192510837799,0.4311692068839239,0.5059,-0.08015999999999998,0.4237446237788669,0.48153537655094414,-0.09034192510837799,0.4311692068839239,0.02051452966091278,"[0.011315756658919754, 0.012192407496521018, 0.01288995615295488, 0.01359963525141729, 0.014321891165186378, 0.015181047888625853, 0.01592941522152252, 0.01673874496494045, 0.01751440457689525, 0.01835087734908702, 0.019202544572813795, 0.020070622325609303, 0.02095627718778323, 0.02186061264947246, 0.022737260153569413, 0.023681097053535004, 0.024646250751560458, 0.025633386418693636, 0.02659237614956749, 0.027623542314219474, 0.0286250346734827, 0.029647102596467904, 0.03056454213255984, 0.031680305841655834, 0.03263530150735364, 0.033606764937046466, 0.034593095597664145, 0.03536350794006898, 0.035930760474075646, 0.03631257033147624, 0.03661317474198803, 0.03688385713543919, 0.03738127616234113, 0.037934719347479336, 0.03858163380471939, 0.03921882339006296, 0.03999131852533767, 0.04074980907886149, 0.04127472956039594, 0.04151563832077664, 0.04151964454301027, 0.04123464219442919, 0.04096829512038153, 0.04056460486818273, 0.04028281736824196, 0.04000166841569801, 0.03919762289117317, 0.037812479337396496, 0.03622310391275238, 0.03453579653228067, 0.0330206041779641, 0.031565009966306234, 0.03054064037737075, 0.029904305612678588, 0.029394155816597912, 0.028896840658953926, 0.02825322628704274, 0.027685220830545497, 0.02666364029859006, 0.025486033827772144, 0.02414387260068274, 0.023028867611909868, 0.022681878550084772, 0.02299235797660897, 0.02387546679328945, 0.024738332374206702, 0.025547718436096926, 0.026640938816603423, 0.02759836215880636, 0.028240938725365098, 0.028199955208514017, 0.028168175430310402, 0.02767018559717724, 0.027414861073674215, 0.027239233260695786, 0.0274939869379551, 0.027874761581110984, 0.02868161073982207, 0.029514734605865275, 0.030345172291974937, 0.031248268714928727, 0.032298002681611045, 0.033509628354587276, 0.0348066615601669, 0.03569061118903811, 0.03631377821401384, 0.03654105211474412, 0.03646788532881584, 0.03572808397059345, 0.03427781350345514, 0.03309813106562172, 0.031639416134799855, 0.02970329439236902, 0.027599049067936567, 0.02603054913364457, 0.024090316372098155, 0.02220132238001286, 0.02051452966091278, 0.019044426362309692, 0.017805605247084858, 0.01643252777018217, 0.01523003850809785, 0.01424180324883461, 0.013706552220618947, 0.0130880570946912, 0.012988920737072255, 0.013178248200839212, 0.013386796436950147, 0.01359897371732897, 0.01439195864266014, 0.015495810506657983, 0.016686507754200334, 0.01807173050136072, 0.019341411872889052, 0.020370802976522343, 0.0213787239197115, 0.02262888584538598, 0.02401686851684336, 0.025523335513576738, 0.026670410326906566, 0.02758824337325398, 0.02810647098585074, 0.028219175888028712, 0.02804128716256827, 0.027840212128430745, 0.02799079668741686, 0.027988272685847155, 0.02831306909632167, 0.028434723397990712, 0.0285549391753426, 0.02832607944879636, 0.02800347501499142, 0.027460301198426997, 0.02681840364884072, 0.026203190519756815, 0.02552364346313934, 0.024940794741503684, 0.024553643852497812, 0.024009602077058226, 0.023587486328410737, 0.023053226444370627, 0.02237349941244249, 0.021247392964358097, 0.01948489409103017, 0.01759577829009665, 0.015969918059865678, 0.014849832783247986, 0.014164911869984548, 0.013546042864334782, 0.01328357500957488, 0.012905521640083246, 0.012806686101790404, 0.01256569256360443, 0.01270015008783326, 0.013333718053885597, 0.014364706842779438, 0.015230812921928084, 0.016214173123414017, 0.017422309714956504, 0.01848297873673576, 0.019690103784110968, 0.02062988015396428, 0.021304326954883004, 0.021542023987470748, 0.021445001132587415, 0.02128479356968176, 0.021154257299581803, 0.020548768777841446, 0.020419411659703072, 0.020346908766621045, 0.02018386842926173, 0.020060715556614095, 0.019970155121820186, 0.019905412966441507, 0.019860328269953802, 0.019689549628068632, 0.019110038324468673, 0.018401772510693467, 0.01773443768827515, 0.01691379473734185, 0.0163889904882787, 0.015891976533507178, 0.015695148472402557, 0.015634975895130635, 0.01548249397414641, 0.015250362203767827, 0.01446715870868431, 0.013690714184349355, 0.013111437378948002, 0.01280400987898366, 0.012789088065484542, 0.012885508256999974, 0.012645414791893052, 0.012533763320360268, 0.01300792748125149, 0.014045480441271196, 0.015593406388961941, 0.017496649938682926, 0.01947963017829757, 0.021814960986639112, 0.0244888991790445, 0.027455202671237973, 0.030462142682767764, 0.03347516022004274, 0.03632355277573078, 0.03911728575744543, 0.041489125175428104, 0.043617926344794986, 0.04507509866910146, 0.045973158335007626, 0.046666313335408376, 0.047747911364257295, 0.04910015737076979, 0.051170936172887156, 0.05323921785426519, 0.05484930583024696, 0.05598397968583077, 0.056516639752925084, 0.05678375349578094, 0.05655312215346535, 0.05709318659280136, 0.05753330561326649, 0.05822424761198231, 0.05856641837777238, 0.058663546697002605, 0.05829520111627496, 0.058019458378357286, 0.05786276302771312, 0.057678835712609886, 0.05721489013034267, 0.05620972754199197, 0.05488023496470325, 0.05291870088860013, 0.05085359195424363, 0.04836971777146554, 0.045888993393773454, 0.04332790860019442, 0.040721243397433354, 0.03815348906679705, 0.03609755066086763, 0.03431153121207709, 0.03269994312791247, 0.03113246913067769, 0.029533434333839276, 0.02779284963423818, 0.02581340528028532, 0.023636664296078556, 0.021032966406022018, 0.018298152858289164, 0.015471223173718233, 0.012975006021594128, 0.011476514573927241, 0.011190786613452559, 0.012013514795745658, 0.013192708648177051, 0.0146026096239084, 0.016627808096549106, 0.019288816219412905, 0.022115031993867204, 0.024956066779425322, 0.027947127033299147, 0.030317719296220055, 0.03213024736687776, 0.033908117916643665, 0.035613155393420214, 0.03695858371541455, 0.0370883147011733, 0.035844860180821725, 0.03331269225961453, 0.030127822662769057, 0.026675716455458534, 0.02305094507263966, 0.019294584365168215, 0.016588874620184203, 0.013459760460278334, 0.010513659470637583, 0.008184205378854309, 0.005908681970234855, 0.003908372487361734, 0.002250880846271649, 0.001837561814419065, 0.003902446460586522, 0.00649131804032715, 0.008842266053540701, 0.011337576744963709, 0.013847821453172829, 0.016241515374979285, 0.018506880743639053, 0.020753891025054552, 0.022854281545735794, 0.025177910908837288, 0.027764777035113285, 0.0302577363231247, 0.032552204835272186, 0.033962244268502154, 0.03530995724171245, 0.036795414568091225, 0.03840706162943578, 0.039993850675796264, 0.04133645030179679, 0.04211247094820217, 0.04239213751353172, 0.042192499106345205, 0.04200269786908514, 0.041897190162155235, 0.041830932940717325, 0.04166737666619139, 0.04206882264734189, 0.0426127097658282, 0.042895687146734904, 0.04300135533202284, 0.04249799814293581, 0.041897582995049115, 0.04072077112408416, 0.03927976254850985, 0.037331499513228325, 0.035889992777759706, 0.03456359233645024, 0.033243529781910974, 0.03199033675126687, 0.03059935779738079, 0.029272240636492235, 0.027900707354997015, 0.02654938414970694, 0.02543173352052397, 0.024311103096379235, 0.023065212419431085, 0.021685454855791198, 0.02041159885695607, 0.019056064221564174, 0.017656707279948437, 0.01626614648165674, 0.015012383850973622, 0.013603567963072178, 0.012189757837366814, 0.010674529938407772, 0.009407142987148039, 0.008344525906195775, 0.007439054007672372, 0.0072034584519923735, 0.007775010970036668, 0.009047582903156274, 0.010731538882415681, 0.01253460028234948, 0.014333543563369548, 0.016070624592636203, 0.017817726146123574, 0.019557256660804743, 0.02116824086555951, 0.022529303997840977, 0.023628588936546305, 0.02391411988476377, 0.02359656311707365, 0.022355277074164143, 0.020961866673625245, 0.018393580144489934, 0.015660552711922182, 0.013874328661167971, 0.01254026736778108, 0.011812131260623127, 0.010800298354986543, 0.00961805971638548, 0.008471507575266851, 0.007656757785702683, 0.006719580941926242, 0.0056999472982024405, 0.005125787188458596, 0.00504686530895439, 0.005697178935649704, 0.006245540782853768, 0.0070976650798796875, 0.007900543705723831, 0.008755370167568399, 0.009807746909975117, 0.011209592216881203, 0.01276960312030194, 0.014467251258771754, 0.015865855510978952, 0.01751794577394112, 0.01978728846519214, 0.022540086452385207, 0.024859037758439572, 0.02589623397823137, 0.02611181133516041, 0.026565850619759173, 0.0272557734372972, 0.02776644526036269, 0.02799937699621002, 0.02818388188652303, 0.02806005928616626, 0.028083982827741123, 0.02781538632605852, 0.027763976455106594, 0.028120518002563644, 0.028688559534023904, 0.029389365084960088, 0.030059907204608147, 0.03052096911154336, 0.031053468449087778, 0.03142000488428638, 0.03173833045042581, 0.031892653890475096, 0.03198060527161537, 0.031944507243272385, 0.03180892531117334, 0.03180195743523648, 0.03175983113429147, 0.03185651864929952, 0.032146459060636644, 0.032526908876218445, 0.033087790299913135, 0.03370146462957083, 0.0342847740780508, 0.0344768243549477, 0.03441738754137779, 0.034008301029805295]",0.02051452966091278,0.024364623449055878,0.01018192510837801,0.017809388768170897,0.0,0.0,0.010384805663113894,0.024364623449055878,0.01018192510837801,0.017809388768170897,2.3280000000000003,1717635303.0309727,2024-06-06_10-55-03
0.5059,-0.07944,0.41315248377289815,0.482279169721205,-0.08986185991605487,0.42909221436533806,0.5059,-0.07944,0.42246697155644997,0.482279169721205,-0.08986185991605487,0.42909221436533806,0.019044426362309692,"[0.011315756658919754, 0.012192407496521018, 0.01288995615295488, 0.01359963525141729, 0.014321891165186378, 0.015181047888625853, 0.01592941522152252, 0.01673874496494045, 0.01751440457689525, 0.01835087734908702, 0.019202544572813795, 0.020070622325609303, 0.02095627718778323, 0.02186061264947246, 0.022737260153569413, 0.023681097053535004, 0.024646250751560458, 0.025633386418693636, 0.02659237614956749, 0.027623542314219474, 0.0286250346734827, 0.029647102596467904, 0.03056454213255984, 0.031680305841655834, 0.03263530150735364, 0.033606764937046466, 0.034593095597664145, 0.03536350794006898, 0.035930760474075646, 0.03631257033147624, 0.03661317474198803, 0.03688385713543919, 0.03738127616234113, 0.037934719347479336, 0.03858163380471939, 0.03921882339006296, 0.03999131852533767, 0.04074980907886149, 0.04127472956039594, 0.04151563832077664, 0.04151964454301027, 0.04123464219442919, 0.04096829512038153, 0.04056460486818273, 0.04028281736824196, 0.04000166841569801, 0.03919762289117317, 0.037812479337396496, 0.03622310391275238, 0.03453579653228067, 0.0330206041779641, 0.031565009966306234, 0.03054064037737075, 0.029904305612678588, 0.029394155816597912, 0.028896840658953926, 0.02825322628704274, 0.027685220830545497, 0.02666364029859006, 0.025486033827772144, 0.02414387260068274, 0.023028867611909868, 0.022681878550084772, 0.02299235797660897, 0.02387546679328945, 0.024738332374206702, 0.025547718436096926, 0.026640938816603423, 0.02759836215880636, 0.028240938725365098, 0.028199955208514017, 0.028168175430310402, 0.02767018559717724, 0.027414861073674215, 0.027239233260695786, 0.0274939869379551, 0.027874761581110984, 0.02868161073982207, 0.029514734605865275, 0.030345172291974937, 0.031248268714928727, 0.032298002681611045, 0.033509628354587276, 0.0348066615601669, 0.03569061118903811, 0.03631377821401384, 0.03654105211474412, 0.03646788532881584, 0.03572808397059345, 0.03427781350345514, 0.03309813106562172, 0.031639416134799855, 0.02970329439236902, 0.027599049067936567, 0.02603054913364457, 0.024090316372098155, 0.02220132238001286, 0.02051452966091278, 0.019044426362309692, 0.017805605247084858, 0.01643252777018217, 0.01523003850809785, 0.01424180324883461, 0.013706552220618947, 0.0130880570946912, 0.012988920737072255, 0.013178248200839212, 0.013386796436950147, 0.01359897371732897, 0.01439195864266014, 0.015495810506657983, 0.016686507754200334, 0.01807173050136072, 0.019341411872889052, 0.020370802976522343, 0.0213787239197115, 0.02262888584538598, 0.02401686851684336, 0.025523335513576738, 0.026670410326906566, 0.02758824337325398, 0.02810647098585074, 0.028219175888028712, 0.02804128716256827, 0.027840212128430745, 0.02799079668741686, 0.027988272685847155, 0.02831306909632167, 0.028434723397990712, 0.0285549391753426, 0.02832607944879636, 0.02800347501499142, 0.027460301198426997, 0.02681840364884072, 0.026203190519756815, 0.02552364346313934, 0.024940794741503684, 0.024553643852497812, 0.024009602077058226, 0.023587486328410737, 0.023053226444370627, 0.02237349941244249, 0.021247392964358097, 0.01948489409103017, 0.01759577829009665, 0.015969918059865678, 0.014849832783247986, 0.014164911869984548, 0.013546042864334782, 0.01328357500957488, 0.012905521640083246, 0.012806686101790404, 0.01256569256360443, 0.01270015008783326, 0.013333718053885597, 0.014364706842779438, 0.015230812921928084, 0.016214173123414017, 0.017422309714956504, 0.01848297873673576, 0.019690103784110968, 0.02062988015396428, 0.021304326954883004, 0.021542023987470748, 0.021445001132587415, 0.02128479356968176, 0.021154257299581803, 0.020548768777841446, 0.020419411659703072, 0.020346908766621045, 0.02018386842926173, 0.020060715556614095, 0.019970155121820186, 0.019905412966441507, 0.019860328269953802, 0.019689549628068632, 0.019110038324468673, 0.018401772510693467, 0.01773443768827515, 0.01691379473734185, 0.0163889904882787, 0.015891976533507178, 0.015695148472402557, 0.015634975895130635, 0.01548249397414641, 0.015250362203767827, 0.01446715870868431, 0.013690714184349355, 0.013111437378948002, 0.01280400987898366, 0.012789088065484542, 0.012885508256999974, 0.012645414791893052, 0.012533763320360268, 0.01300792748125149, 0.014045480441271196, 0.015593406388961941, 0.017496649938682926, 0.01947963017829757, 0.021814960986639112, 0.0244888991790445, 0.027455202671237973, 0.030462142682767764, 0.03347516022004274, 0.03632355277573078, 0.03911728575744543, 0.041489125175428104, 0.043617926344794986, 0.04507509866910146, 0.045973158335007626, 0.046666313335408376, 0.047747911364257295, 0.04910015737076979, 0.051170936172887156, 0.05323921785426519, 0.05484930583024696, 0.05598397968583077, 0.056516639752925084, 0.05678375349578094, 0.05655312215346535, 0.05709318659280136, 0.05753330561326649, 0.05822424761198231, 0.05856641837777238, 0.058663546697002605, 0.05829520111627496, 0.058019458378357286, 0.05786276302771312, 0.057678835712609886, 0.05721489013034267, 0.05620972754199197, 0.05488023496470325, 0.05291870088860013, 0.05085359195424363, 0.04836971777146554, 0.045888993393773454, 0.04332790860019442, 0.040721243397433354, 0.03815348906679705, 0.03609755066086763, 0.03431153121207709, 0.03269994312791247, 0.03113246913067769, 0.029533434333839276, 0.02779284963423818, 0.02581340528028532, 0.023636664296078556, 0.021032966406022018, 0.018298152858289164, 0.015471223173718233, 0.012975006021594128, 0.011476514573927241, 0.011190786613452559, 0.012013514795745658, 0.013192708648177051, 0.0146026096239084, 0.016627808096549106, 0.019288816219412905, 0.022115031993867204, 0.024956066779425322, 0.027947127033299147, 0.030317719296220055, 0.03213024736687776, 0.033908117916643665, 0.035613155393420214, 0.03695858371541455, 0.0370883147011733, 0.035844860180821725, 0.03331269225961453, 0.030127822662769057, 0.026675716455458534, 0.02305094507263966, 0.019294584365168215, 0.016588874620184203, 0.013459760460278334, 0.010513659470637583, 0.008184205378854309, 0.005908681970234855, 0.003908372487361734, 0.002250880846271649, 0.001837561814419065, 0.003902446460586522, 0.00649131804032715, 0.008842266053540701, 0.011337576744963709, 0.013847821453172829, 0.016241515374979285, 0.018506880743639053, 0.020753891025054552, 0.022854281545735794, 0.025177910908837288, 0.027764777035113285, 0.0302577363231247, 0.032552204835272186, 0.033962244268502154, 0.03530995724171245, 0.036795414568091225, 0.03840706162943578, 0.039993850675796264, 0.04133645030179679, 0.04211247094820217, 0.04239213751353172, 0.042192499106345205, 0.04200269786908514, 0.041897190162155235, 0.041830932940717325, 0.04166737666619139, 0.04206882264734189, 0.0426127097658282, 0.042895687146734904, 0.04300135533202284, 0.04249799814293581, 0.041897582995049115, 0.04072077112408416, 0.03927976254850985, 0.037331499513228325, 0.035889992777759706, 0.03456359233645024, 0.033243529781910974, 0.03199033675126687, 0.03059935779738079, 0.029272240636492235, 0.027900707354997015, 0.02654938414970694, 0.02543173352052397, 0.024311103096379235, 0.023065212419431085, 0.021685454855791198, 0.02041159885695607, 0.019056064221564174, 0.017656707279948437, 0.01626614648165674, 0.015012383850973622, 0.013603567963072178, 0.012189757837366814, 0.010674529938407772, 0.009407142987148039, 0.008344525906195775, 0.007439054007672372, 0.0072034584519923735, 0.007775010970036668, 0.009047582903156274, 0.010731538882415681, 0.01253460028234948, 0.014333543563369548, 0.016070624592636203, 0.017817726146123574, 0.019557256660804743, 0.02116824086555951, 0.022529303997840977, 0.023628588936546305, 0.02391411988476377, 0.02359656311707365, 0.022355277074164143, 0.020961866673625245, 0.018393580144489934, 0.015660552711922182, 0.013874328661167971, 0.01254026736778108, 0.011812131260623127, 0.010800298354986543, 0.00961805971638548, 0.008471507575266851, 0.007656757785702683, 0.006719580941926242, 0.0056999472982024405, 0.005125787188458596, 0.00504686530895439, 0.005697178935649704, 0.006245540782853768, 0.0070976650798796875, 0.007900543705723831, 0.008755370167568399, 0.009807746909975117, 0.011209592216881203, 0.01276960312030194, 0.014467251258771754, 0.015865855510978952, 0.01751794577394112, 0.01978728846519214, 0.022540086452385207, 0.024859037758439572, 0.02589623397823137, 0.02611181133516041, 0.026565850619759173, 0.0272557734372972, 0.02776644526036269, 0.02799937699621002, 0.02818388188652303, 0.02806005928616626, 0.028083982827741123, 0.02781538632605852, 0.027763976455106594, 0.028120518002563644, 0.028688559534023904, 0.029389365084960088, 0.030059907204608147, 0.03052096911154336, 0.031053468449087778, 0.03142000488428638, 0.03173833045042581, 0.031892653890475096, 0.03198060527161537, 0.031944507243272385, 0.03180892531117334, 0.03180195743523648, 0.03175983113429147, 0.03185651864929952, 0.032146459060636644, 0.032526908876218445, 0.033087790299913135, 0.03370146462957083, 0.0342847740780508, 0.0344768243549477, 0.03441738754137779, 0.034008301029805295]",0.019044426362309692,0.023620830278795024,0.010421859916054876,0.015939730592439916,0.0,0.0,0.009314487783551817,0.023620830278795024,0.010421859916054876,0.015939730592439916,2.352,1717635303.0551882,2024-06-06_10-55-03
0.5059,-0.07871999999999998,0.4130698042808585,0.48291579217106423,-0.08944212926094212,0.4272851313023049,0.5059,-0.07871999999999998,0.42131397418484823,0.48291579217106423,-0.08944212926094212,0.4272851313023049,0.017805605247084858,"[0.011315756658919754, 0.012192407496521018, 0.01288995615295488, 0.01359963525141729, 0.014321891165186378, 0.015181047888625853, 0.01592941522152252, 0.01673874496494045, 0.01751440457689525, 0.01835087734908702, 0.019202544572813795, 0.020070622325609303, 0.02095627718778323, 0.02186061264947246, 0.022737260153569413, 0.023681097053535004, 0.024646250751560458, 0.025633386418693636, 0.02659237614956749, 0.027623542314219474, 0.0286250346734827, 0.029647102596467904, 0.03056454213255984, 0.031680305841655834, 0.03263530150735364, 0.033606764937046466, 0.034593095597664145, 0.03536350794006898, 0.035930760474075646, 0.03631257033147624, 0.03661317474198803, 0.03688385713543919, 0.03738127616234113, 0.037934719347479336, 0.03858163380471939, 0.03921882339006296, 0.03999131852533767, 0.04074980907886149, 0.04127472956039594, 0.04151563832077664, 0.04151964454301027, 0.04123464219442919, 0.04096829512038153, 0.04056460486818273, 0.04028281736824196, 0.04000166841569801, 0.03919762289117317, 0.037812479337396496, 0.03622310391275238, 0.03453579653228067, 0.0330206041779641, 0.031565009966306234, 0.03054064037737075, 0.029904305612678588, 0.029394155816597912, 0.028896840658953926, 0.02825322628704274, 0.027685220830545497, 0.02666364029859006, 0.025486033827772144, 0.02414387260068274, 0.023028867611909868, 0.022681878550084772, 0.02299235797660897, 0.02387546679328945, 0.024738332374206702, 0.025547718436096926, 0.026640938816603423, 0.02759836215880636, 0.028240938725365098, 0.028199955208514017, 0.028168175430310402, 0.02767018559717724, 0.027414861073674215, 0.027239233260695786, 0.0274939869379551, 0.027874761581110984, 0.02868161073982207, 0.029514734605865275, 0.030345172291974937, 0.031248268714928727, 0.032298002681611045, 0.033509628354587276, 0.0348066615601669, 0.03569061118903811, 0.03631377821401384, 0.03654105211474412, 0.03646788532881584, 0.03572808397059345, 0.03427781350345514, 0.03309813106562172, 0.031639416134799855, 0.02970329439236902, 0.027599049067936567, 0.02603054913364457, 0.024090316372098155, 0.02220132238001286, 0.02051452966091278, 0.019044426362309692, 0.017805605247084858, 0.01643252777018217, 0.01523003850809785, 0.01424180324883461, 0.013706552220618947, 0.0130880570946912, 0.012988920737072255, 0.013178248200839212, 0.013386796436950147, 0.01359897371732897, 0.01439195864266014, 0.015495810506657983, 0.016686507754200334, 0.01807173050136072, 0.019341411872889052, 0.020370802976522343, 0.0213787239197115, 0.02262888584538598, 0.02401686851684336, 0.025523335513576738, 0.026670410326906566, 0.02758824337325398, 0.02810647098585074, 0.028219175888028712, 0.02804128716256827, 0.027840212128430745, 0.02799079668741686, 0.027988272685847155, 0.02831306909632167, 0.028434723397990712, 0.0285549391753426, 0.02832607944879636, 0.02800347501499142, 0.027460301198426997, 0.02681840364884072, 0.026203190519756815, 0.02552364346313934, 0.024940794741503684, 0.024553643852497812, 0.024009602077058226, 0.023587486328410737, 0.023053226444370627, 0.02237349941244249, 0.021247392964358097, 0.01948489409103017, 0.01759577829009665, 0.015969918059865678, 0.014849832783247986, 0.014164911869984548, 0.013546042864334782, 0.01328357500957488, 0.012905521640083246, 0.012806686101790404, 0.01256569256360443, 0.01270015008783326, 0.013333718053885597, 0.014364706842779438, 0.015230812921928084, 0.016214173123414017, 0.017422309714956504, 0.01848297873673576, 0.019690103784110968, 0.02062988015396428, 0.021304326954883004, 0.021542023987470748, 0.021445001132587415, 0.02128479356968176, 0.021154257299581803, 0.020548768777841446, 0.020419411659703072, 0.020346908766621045, 0.02018386842926173, 0.020060715556614095, 0.019970155121820186, 0.019905412966441507, 0.019860328269953802, 0.019689549628068632, 0.019110038324468673, 0.018401772510693467, 0.01773443768827515, 0.01691379473734185, 0.0163889904882787, 0.015891976533507178, 0.015695148472402557, 0.015634975895130635, 0.01548249397414641, 0.015250362203767827, 0.01446715870868431, 0.013690714184349355, 0.013111437378948002, 0.01280400987898366, 0.012789088065484542, 0.012885508256999974, 0.012645414791893052, 0.012533763320360268, 0.01300792748125149, 0.014045480441271196, 0.015593406388961941, 0.017496649938682926, 0.01947963017829757, 0.021814960986639112, 0.0244888991790445, 0.027455202671237973, 0.030462142682767764, 0.03347516022004274, 0.03632355277573078, 0.03911728575744543, 0.041489125175428104, 0.043617926344794986, 0.04507509866910146, 0.045973158335007626, 0.046666313335408376, 0.047747911364257295, 0.04910015737076979, 0.051170936172887156, 0.05323921785426519, 0.05484930583024696, 0.05598397968583077, 0.056516639752925084, 0.05678375349578094, 0.05655312215346535, 0.05709318659280136, 0.05753330561326649, 0.05822424761198231, 0.05856641837777238, 0.058663546697002605, 0.05829520111627496, 0.058019458378357286, 0.05786276302771312, 0.057678835712609886, 0.05721489013034267, 0.05620972754199197, 0.05488023496470325, 0.05291870088860013, 0.05085359195424363, 0.04836971777146554, 0.045888993393773454, 0.04332790860019442, 0.040721243397433354, 0.03815348906679705, 0.03609755066086763, 0.03431153121207709, 0.03269994312791247, 0.03113246913067769, 0.029533434333839276, 0.02779284963423818, 0.02581340528028532, 0.023636664296078556, 0.021032966406022018, 0.018298152858289164, 0.015471223173718233, 0.012975006021594128, 0.011476514573927241, 0.011190786613452559, 0.012013514795745658, 0.013192708648177051, 0.0146026096239084, 0.016627808096549106, 0.019288816219412905, 0.022115031993867204, 0.024956066779425322, 0.027947127033299147, 0.030317719296220055, 0.03213024736687776, 0.033908117916643665, 0.035613155393420214, 0.03695858371541455, 0.0370883147011733, 0.035844860180821725, 0.03331269225961453, 0.030127822662769057, 0.026675716455458534, 0.02305094507263966, 0.019294584365168215, 0.016588874620184203, 0.013459760460278334, 0.010513659470637583, 0.008184205378854309, 0.005908681970234855, 0.003908372487361734, 0.002250880846271649, 0.001837561814419065, 0.003902446460586522, 0.00649131804032715, 0.008842266053540701, 0.011337576744963709, 0.013847821453172829, 0.016241515374979285, 0.018506880743639053, 0.020753891025054552, 0.022854281545735794, 0.025177910908837288, 0.027764777035113285, 0.0302577363231247, 0.032552204835272186, 0.033962244268502154, 0.03530995724171245, 0.036795414568091225, 0.03840706162943578, 0.039993850675796264, 0.04133645030179679, 0.04211247094820217, 0.04239213751353172, 0.042192499106345205, 0.04200269786908514, 0.041897190162155235, 0.041830932940717325, 0.04166737666619139, 0.04206882264734189, 0.0426127097658282, 0.042895687146734904, 0.04300135533202284, 0.04249799814293581, 0.041897582995049115, 0.04072077112408416, 0.03927976254850985, 0.037331499513228325, 0.035889992777759706, 0.03456359233645024, 0.033243529781910974, 0.03199033675126687, 0.03059935779738079, 0.029272240636492235, 0.027900707354997015, 0.02654938414970694, 0.02543173352052397, 0.024311103096379235, 0.023065212419431085, 0.021685454855791198, 0.02041159885695607, 0.019056064221564174, 0.017656707279948437, 0.01626614648165674, 0.015012383850973622, 0.013603567963072178, 0.012189757837366814, 0.010674529938407772, 0.009407142987148039, 0.008344525906195775, 0.007439054007672372, 0.0072034584519923735, 0.007775010970036668, 0.009047582903156274, 0.010731538882415681, 0.01253460028234948, 0.014333543563369548, 0.016070624592636203, 0.017817726146123574, 0.019557256660804743, 0.02116824086555951, 0.022529303997840977, 0.023628588936546305, 0.02391411988476377, 0.02359656311707365, 0.022355277074164143, 0.020961866673625245, 0.018393580144489934, 0.015660552711922182, 0.013874328661167971, 0.01254026736778108, 0.011812131260623127, 0.010800298354986543, 0.00961805971638548, 0.008471507575266851, 0.007656757785702683, 0.006719580941926242, 0.0056999472982024405, 0.005125787188458596, 0.00504686530895439, 0.005697178935649704, 0.006245540782853768, 0.0070976650798796875, 0.007900543705723831, 0.008755370167568399, 0.009807746909975117, 0.011209592216881203, 0.01276960312030194, 0.014467251258771754, 0.015865855510978952, 0.01751794577394112, 0.01978728846519214, 0.022540086452385207, 0.024859037758439572, 0.02589623397823137, 0.02611181133516041, 0.026565850619759173, 0.0272557734372972, 0.02776644526036269, 0.02799937699621002, 0.02818388188652303, 0.02806005928616626, 0.028083982827741123, 0.02781538632605852, 0.027763976455106594, 0.028120518002563644, 0.028688559534023904, 0.029389365084960088, 0.030059907204608147, 0.03052096911154336, 0.031053468449087778, 0.03142000488428638, 0.03173833045042581, 0.031892653890475096, 0.03198060527161537, 0.031944507243272385, 0.03180892531117334, 0.03180195743523648, 0.03175983113429147, 0.03185651864929952, 0.032146459060636644, 0.032526908876218445, 0.033087790299913135, 0.03370146462957083, 0.0342847740780508, 0.0344768243549477, 0.03441738754137779, 0.034008301029805295]",0.017805605247084858,0.022984207828935788,0.01072212926094214,0.0142153270214464,0.0,0.0,0.00824416990398974,0.022984207828935788,0.01072212926094214,0.0142153270214464,2.376,1717635303.0791838,2024-06-06_10-55-03
0.5059,-0.078,0.4131117366020859,0.48359299159266933,-0.08898628812909264,0.42533177923958787,0.5059,-0.078,0.42028558862651355,0.48359299159266933,-0.08898628812909264,0.42533177923958787,0.01643252777018217,"[0.011315756658919754, 0.012192407496521018, 0.01288995615295488, 0.01359963525141729, 0.014321891165186378, 0.015181047888625853, 0.01592941522152252, 0.01673874496494045, 0.01751440457689525, 0.01835087734908702, 0.019202544572813795, 0.020070622325609303, 0.02095627718778323, 0.02186061264947246, 0.022737260153569413, 0.023681097053535004, 0.024646250751560458, 0.025633386418693636, 0.02659237614956749, 0.027623542314219474, 0.0286250346734827, 0.029647102596467904, 0.03056454213255984, 0.031680305841655834, 0.03263530150735364, 0.033606764937046466, 0.034593095597664145, 0.03536350794006898, 0.035930760474075646, 0.03631257033147624, 0.03661317474198803, 0.03688385713543919, 0.03738127616234113, 0.037934719347479336, 0.03858163380471939, 0.03921882339006296, 0.03999131852533767, 0.04074980907886149, 0.04127472956039594, 0.04151563832077664, 0.04151964454301027, 0.04123464219442919, 0.04096829512038153, 0.04056460486818273, 0.04028281736824196, 0.04000166841569801, 0.03919762289117317, 0.037812479337396496, 0.03622310391275238, 0.03453579653228067, 0.0330206041779641, 0.031565009966306234, 0.03054064037737075, 0.029904305612678588, 0.029394155816597912, 0.028896840658953926, 0.02825322628704274, 0.027685220830545497, 0.02666364029859006, 0.025486033827772144, 0.02414387260068274, 0.023028867611909868, 0.022681878550084772, 0.02299235797660897, 0.02387546679328945, 0.024738332374206702, 0.025547718436096926, 0.026640938816603423, 0.02759836215880636, 0.028240938725365098, 0.028199955208514017, 0.028168175430310402, 0.02767018559717724, 0.027414861073674215, 0.027239233260695786, 0.0274939869379551, 0.027874761581110984, 0.02868161073982207, 0.029514734605865275, 0.030345172291974937, 0.031248268714928727, 0.032298002681611045, 0.033509628354587276, 0.0348066615601669, 0.03569061118903811, 0.03631377821401384, 0.03654105211474412, 0.03646788532881584, 0.03572808397059345, 0.03427781350345514, 0.03309813106562172, 0.031639416134799855, 0.02970329439236902, 0.027599049067936567, 0.02603054913364457, 0.024090316372098155, 0.02220132238001286, 0.02051452966091278, 0.019044426362309692, 0.017805605247084858, 0.01643252777018217, 0.01523003850809785, 0.01424180324883461, 0.013706552220618947, 0.0130880570946912, 0.012988920737072255, 0.013178248200839212, 0.013386796436950147, 0.01359897371732897, 0.01439195864266014, 0.015495810506657983, 0.016686507754200334, 0.01807173050136072, 0.019341411872889052, 0.020370802976522343, 0.0213787239197115, 0.02262888584538598, 0.02401686851684336, 0.025523335513576738, 0.026670410326906566, 0.02758824337325398, 0.02810647098585074, 0.028219175888028712, 0.02804128716256827, 0.027840212128430745, 0.02799079668741686, 0.027988272685847155, 0.02831306909632167, 0.028434723397990712, 0.0285549391753426, 0.02832607944879636, 0.02800347501499142, 0.027460301198426997, 0.02681840364884072, 0.026203190519756815, 0.02552364346313934, 0.024940794741503684, 0.024553643852497812, 0.024009602077058226, 0.023587486328410737, 0.023053226444370627, 0.02237349941244249, 0.021247392964358097, 0.01948489409103017, 0.01759577829009665, 0.015969918059865678, 0.014849832783247986, 0.014164911869984548, 0.013546042864334782, 0.01328357500957488, 0.012905521640083246, 0.012806686101790404, 0.01256569256360443, 0.01270015008783326, 0.013333718053885597, 0.014364706842779438, 0.015230812921928084, 0.016214173123414017, 0.017422309714956504, 0.01848297873673576, 0.019690103784110968, 0.02062988015396428, 0.021304326954883004, 0.021542023987470748, 0.021445001132587415, 0.02128479356968176, 0.021154257299581803, 0.020548768777841446, 0.020419411659703072, 0.020346908766621045, 0.02018386842926173, 0.020060715556614095, 0.019970155121820186, 0.019905412966441507, 0.019860328269953802, 0.019689549628068632, 0.019110038324468673, 0.018401772510693467, 0.01773443768827515, 0.01691379473734185, 0.0163889904882787, 0.015891976533507178, 0.015695148472402557, 0.015634975895130635, 0.01548249397414641, 0.015250362203767827, 0.01446715870868431, 0.013690714184349355, 0.013111437378948002, 0.01280400987898366, 0.012789088065484542, 0.012885508256999974, 0.012645414791893052, 0.012533763320360268, 0.01300792748125149, 0.014045480441271196, 0.015593406388961941, 0.017496649938682926, 0.01947963017829757, 0.021814960986639112, 0.0244888991790445, 0.027455202671237973, 0.030462142682767764, 0.03347516022004274, 0.03632355277573078, 0.03911728575744543, 0.041489125175428104, 0.043617926344794986, 0.04507509866910146, 0.045973158335007626, 0.046666313335408376, 0.047747911364257295, 0.04910015737076979, 0.051170936172887156, 0.05323921785426519, 0.05484930583024696, 0.05598397968583077, 0.056516639752925084, 0.05678375349578094, 0.05655312215346535, 0.05709318659280136, 0.05753330561326649, 0.05822424761198231, 0.05856641837777238, 0.058663546697002605, 0.05829520111627496, 0.058019458378357286, 0.05786276302771312, 0.057678835712609886, 0.05721489013034267, 0.05620972754199197, 0.05488023496470325, 0.05291870088860013, 0.05085359195424363, 0.04836971777146554, 0.045888993393773454, 0.04332790860019442, 0.040721243397433354, 0.03815348906679705, 0.03609755066086763, 0.03431153121207709, 0.03269994312791247, 0.03113246913067769, 0.029533434333839276, 0.02779284963423818, 0.02581340528028532, 0.023636664296078556, 0.021032966406022018, 0.018298152858289164, 0.015471223173718233, 0.012975006021594128, 0.011476514573927241, 0.011190786613452559, 0.012013514795745658, 0.013192708648177051, 0.0146026096239084, 0.016627808096549106, 0.019288816219412905, 0.022115031993867204, 0.024956066779425322, 0.027947127033299147, 0.030317719296220055, 0.03213024736687776, 0.033908117916643665, 0.035613155393420214, 0.03695858371541455, 0.0370883147011733, 0.035844860180821725, 0.03331269225961453, 0.030127822662769057, 0.026675716455458534, 0.02305094507263966, 0.019294584365168215, 0.016588874620184203, 0.013459760460278334, 0.010513659470637583, 0.008184205378854309, 0.005908681970234855, 0.003908372487361734, 0.002250880846271649, 0.001837561814419065, 0.003902446460586522, 0.00649131804032715, 0.008842266053540701, 0.011337576744963709, 0.013847821453172829, 0.016241515374979285, 0.018506880743639053, 0.020753891025054552, 0.022854281545735794, 0.025177910908837288, 0.027764777035113285, 0.0302577363231247, 0.032552204835272186, 0.033962244268502154, 0.03530995724171245, 0.036795414568091225, 0.03840706162943578, 0.039993850675796264, 0.04133645030179679, 0.04211247094820217, 0.04239213751353172, 0.042192499106345205, 0.04200269786908514, 0.041897190162155235, 0.041830932940717325, 0.04166737666619139, 0.04206882264734189, 0.0426127097658282, 0.042895687146734904, 0.04300135533202284, 0.04249799814293581, 0.041897582995049115, 0.04072077112408416, 0.03927976254850985, 0.037331499513228325, 0.035889992777759706, 0.03456359233645024, 0.033243529781910974, 0.03199033675126687, 0.03059935779738079, 0.029272240636492235, 0.027900707354997015, 0.02654938414970694, 0.02543173352052397, 0.024311103096379235, 0.023065212419431085, 0.021685454855791198, 0.02041159885695607, 0.019056064221564174, 0.017656707279948437, 0.01626614648165674, 0.015012383850973622, 0.013603567963072178, 0.012189757837366814, 0.010674529938407772, 0.009407142987148039, 0.008344525906195775, 0.007439054007672372, 0.0072034584519923735, 0.007775010970036668, 0.009047582903156274, 0.010731538882415681, 0.01253460028234948, 0.014333543563369548, 0.016070624592636203, 0.017817726146123574, 0.019557256660804743, 0.02116824086555951, 0.022529303997840977, 0.023628588936546305, 0.02391411988476377, 0.02359656311707365, 0.022355277074164143, 0.020961866673625245, 0.018393580144489934, 0.015660552711922182, 0.013874328661167971, 0.01254026736778108, 0.011812131260623127, 0.010800298354986543, 0.00961805971638548, 0.008471507575266851, 0.007656757785702683, 0.006719580941926242, 0.0056999472982024405, 0.005125787188458596, 0.00504686530895439, 0.005697178935649704, 0.006245540782853768, 0.0070976650798796875, 0.007900543705723831, 0.008755370167568399, 0.009807746909975117, 0.011209592216881203, 0.01276960312030194, 0.014467251258771754, 0.015865855510978952, 0.01751794577394112, 0.01978728846519214, 0.022540086452385207, 0.024859037758439572, 0.02589623397823137, 0.02611181133516041, 0.026565850619759173, 0.0272557734372972, 0.02776644526036269, 0.02799937699621002, 0.02818388188652303, 0.02806005928616626, 0.028083982827741123, 0.02781538632605852, 0.027763976455106594, 0.028120518002563644, 0.028688559534023904, 0.029389365084960088, 0.030059907204608147, 0.03052096911154336, 0.031053468449087778, 0.03142000488428638, 0.03173833045042581, 0.031892653890475096, 0.03198060527161537, 0.031944507243272385, 0.03180892531117334, 0.03180195743523648, 0.03175983113429147, 0.03185651864929952, 0.032146459060636644, 0.032526908876218445, 0.033087790299913135, 0.03370146462957083, 0.0342847740780508, 0.0344768243549477, 0.03441738754137779, 0.034008301029805295]",0.01643252777018217,0.022307008407330686,0.010986288129092636,0.012220042637501982,0.0,0.0,0.007173852024427663,0.022307008407330686,0.010986288129092636,0.012220042637501982,2.4,1717635303.1040192,2024-06-06_10-55-03
0.5059,-0.07727999999999999,0.4132775617703444,0.4842139472089694,-0.0885594497295368,0.4235112359276056,0.5059,-0.07727999999999999,0.4195772646796241,0.4842139472089694,-0.0885594497295368,0.4235112359276056,0.01523003850809785,"[0.011315756658919754, 0.012192407496521018, 0.01288995615295488, 0.01359963525141729, 0.014321891165186378, 0.015181047888625853, 0.01592941522152252, 0.01673874496494045, 0.01751440457689525, 0.01835087734908702, 0.019202544572813795, 0.020070622325609303, 0.02095627718778323, 0.02186061264947246, 0.022737260153569413, 0.023681097053535004, 0.024646250751560458, 0.025633386418693636, 0.02659237614956749, 0.027623542314219474, 0.0286250346734827, 0.029647102596467904, 0.03056454213255984, 0.031680305841655834, 0.03263530150735364, 0.033606764937046466, 0.034593095597664145, 0.03536350794006898, 0.035930760474075646, 0.03631257033147624, 0.03661317474198803, 0.03688385713543919, 0.03738127616234113, 0.037934719347479336, 0.03858163380471939, 0.03921882339006296, 0.03999131852533767, 0.04074980907886149, 0.04127472956039594, 0.04151563832077664, 0.04151964454301027, 0.04123464219442919, 0.04096829512038153, 0.04056460486818273, 0.04028281736824196, 0.04000166841569801, 0.03919762289117317, 0.037812479337396496, 0.03622310391275238, 0.03453579653228067, 0.0330206041779641, 0.031565009966306234, 0.03054064037737075, 0.029904305612678588, 0.029394155816597912, 0.028896840658953926, 0.02825322628704274, 0.027685220830545497, 0.02666364029859006, 0.025486033827772144, 0.02414387260068274, 0.023028867611909868, 0.022681878550084772, 0.02299235797660897, 0.02387546679328945, 0.024738332374206702, 0.025547718436096926, 0.026640938816603423, 0.02759836215880636, 0.028240938725365098, 0.028199955208514017, 0.028168175430310402, 0.02767018559717724, 0.027414861073674215, 0.027239233260695786, 0.0274939869379551, 0.027874761581110984, 0.02868161073982207, 0.029514734605865275, 0.030345172291974937, 0.031248268714928727, 0.032298002681611045, 0.033509628354587276, 0.0348066615601669, 0.03569061118903811, 0.03631377821401384, 0.03654105211474412, 0.03646788532881584, 0.03572808397059345, 0.03427781350345514, 0.03309813106562172, 0.031639416134799855, 0.02970329439236902, 0.027599049067936567, 0.02603054913364457, 0.024090316372098155, 0.02220132238001286, 0.02051452966091278, 0.019044426362309692, 0.017805605247084858, 0.01643252777018217, 0.01523003850809785, 0.01424180324883461, 0.013706552220618947, 0.0130880570946912, 0.012988920737072255, 0.013178248200839212, 0.013386796436950147, 0.01359897371732897, 0.01439195864266014, 0.015495810506657983, 0.016686507754200334, 0.01807173050136072, 0.019341411872889052, 0.020370802976522343, 0.0213787239197115, 0.02262888584538598, 0.02401686851684336, 0.025523335513576738, 0.026670410326906566, 0.02758824337325398, 0.02810647098585074, 0.028219175888028712, 0.02804128716256827, 0.027840212128430745, 0.02799079668741686, 0.027988272685847155, 0.02831306909632167, 0.028434723397990712, 0.0285549391753426, 0.02832607944879636, 0.02800347501499142, 0.027460301198426997, 0.02681840364884072, 0.026203190519756815, 0.02552364346313934, 0.024940794741503684, 0.024553643852497812, 0.024009602077058226, 0.023587486328410737, 0.023053226444370627, 0.02237349941244249, 0.021247392964358097, 0.01948489409103017, 0.01759577829009665, 0.015969918059865678, 0.014849832783247986, 0.014164911869984548, 0.013546042864334782, 0.01328357500957488, 0.012905521640083246, 0.012806686101790404, 0.01256569256360443, 0.01270015008783326, 0.013333718053885597, 0.014364706842779438, 0.015230812921928084, 0.016214173123414017, 0.017422309714956504, 0.01848297873673576, 0.019690103784110968, 0.02062988015396428, 0.021304326954883004, 0.021542023987470748, 0.021445001132587415, 0.02128479356968176, 0.021154257299581803, 0.020548768777841446, 0.020419411659703072, 0.020346908766621045, 0.02018386842926173, 0.020060715556614095, 0.019970155121820186, 0.019905412966441507, 0.019860328269953802, 0.019689549628068632, 0.019110038324468673, 0.018401772510693467, 0.01773443768827515, 0.01691379473734185, 0.0163889904882787, 0.015891976533507178, 0.015695148472402557, 0.015634975895130635, 0.01548249397414641, 0.015250362203767827, 0.01446715870868431, 0.013690714184349355, 0.013111437378948002, 0.01280400987898366, 0.012789088065484542, 0.012885508256999974, 0.012645414791893052, 0.012533763320360268, 0.01300792748125149, 0.014045480441271196, 0.015593406388961941, 0.017496649938682926, 0.01947963017829757, 0.021814960986639112, 0.0244888991790445, 0.027455202671237973, 0.030462142682767764, 0.03347516022004274, 0.03632355277573078, 0.03911728575744543, 0.041489125175428104, 0.043617926344794986, 0.04507509866910146, 0.045973158335007626, 0.046666313335408376, 0.047747911364257295, 0.04910015737076979, 0.051170936172887156, 0.05323921785426519, 0.05484930583024696, 0.05598397968583077, 0.056516639752925084, 0.05678375349578094, 0.05655312215346535, 0.05709318659280136, 0.05753330561326649, 0.05822424761198231, 0.05856641837777238, 0.058663546697002605, 0.05829520111627496, 0.058019458378357286, 0.05786276302771312, 0.057678835712609886, 0.05721489013034267, 0.05620972754199197, 0.05488023496470325, 0.05291870088860013, 0.05085359195424363, 0.04836971777146554, 0.045888993393773454, 0.04332790860019442, 0.040721243397433354, 0.03815348906679705, 0.03609755066086763, 0.03431153121207709, 0.03269994312791247, 0.03113246913067769, 0.029533434333839276, 0.02779284963423818, 0.02581340528028532, 0.023636664296078556, 0.021032966406022018, 0.018298152858289164, 0.015471223173718233, 0.012975006021594128, 0.011476514573927241, 0.011190786613452559, 0.012013514795745658, 0.013192708648177051, 0.0146026096239084, 0.016627808096549106, 0.019288816219412905, 0.022115031993867204, 0.024956066779425322, 0.027947127033299147, 0.030317719296220055, 0.03213024736687776, 0.033908117916643665, 0.035613155393420214, 0.03695858371541455, 0.0370883147011733, 0.035844860180821725, 0.03331269225961453, 0.030127822662769057, 0.026675716455458534, 0.02305094507263966, 0.019294584365168215, 0.016588874620184203, 0.013459760460278334, 0.010513659470637583, 0.008184205378854309, 0.005908681970234855, 0.003908372487361734, 0.002250880846271649, 0.001837561814419065, 0.003902446460586522, 0.00649131804032715, 0.008842266053540701, 0.011337576744963709, 0.013847821453172829, 0.016241515374979285, 0.018506880743639053, 0.020753891025054552, 0.022854281545735794, 0.025177910908837288, 0.027764777035113285, 0.0302577363231247, 0.032552204835272186, 0.033962244268502154, 0.03530995724171245, 0.036795414568091225, 0.03840706162943578, 0.039993850675796264, 0.04133645030179679, 0.04211247094820217, 0.04239213751353172, 0.042192499106345205, 0.04200269786908514, 0.041897190162155235, 0.041830932940717325, 0.04166737666619139, 0.04206882264734189, 0.0426127097658282, 0.042895687146734904, 0.04300135533202284, 0.04249799814293581, 0.041897582995049115, 0.04072077112408416, 0.03927976254850985, 0.037331499513228325, 0.035889992777759706, 0.03456359233645024, 0.033243529781910974, 0.03199033675126687, 0.03059935779738079, 0.029272240636492235, 0.027900707354997015, 0.02654938414970694, 0.02543173352052397, 0.024311103096379235, 0.023065212419431085, 0.021685454855791198, 0.02041159885695607, 0.019056064221564174, 0.017656707279948437, 0.01626614648165674, 0.015012383850973622, 0.013603567963072178, 0.012189757837366814, 0.010674529938407772, 0.009407142987148039, 0.008344525906195775, 0.007439054007672372, 0.0072034584519923735, 0.007775010970036668, 0.009047582903156274, 0.010731538882415681, 0.01253460028234948, 0.014333543563369548, 0.016070624592636203, 0.017817726146123574, 0.019557256660804743, 0.02116824086555951, 0.022529303997840977, 0.023628588936546305, 0.02391411988476377, 0.02359656311707365, 0.022355277074164143, 0.020961866673625245, 0.018393580144489934, 0.015660552711922182, 0.013874328661167971, 0.01254026736778108, 0.011812131260623127, 0.010800298354986543, 0.00961805971638548, 0.008471507575266851, 0.007656757785702683, 0.006719580941926242, 0.0056999472982024405, 0.005125787188458596, 0.00504686530895439, 0.005697178935649704, 0.006245540782853768, 0.0070976650798796875, 0.007900543705723831, 0.008755370167568399, 0.009807746909975117, 0.011209592216881203, 0.01276960312030194, 0.014467251258771754, 0.015865855510978952, 0.01751794577394112, 0.01978728846519214, 0.022540086452385207, 0.024859037758439572, 0.02589623397823137, 0.02611181133516041, 0.026565850619759173, 0.0272557734372972, 0.02776644526036269, 0.02799937699621002, 0.02818388188652303, 0.02806005928616626, 0.028083982827741123, 0.02781538632605852, 0.027763976455106594, 0.028120518002563644, 0.028688559534023904, 0.029389365084960088, 0.030059907204608147, 0.03052096911154336, 0.031053468449087778, 0.03142000488428638, 0.03173833045042581, 0.031892653890475096, 0.03198060527161537, 0.031944507243272385, 0.03180892531117334, 0.03180195743523648, 0.03175983113429147, 0.03185651864929952, 0.032146459060636644, 0.032526908876218445, 0.033087790299913135, 0.03370146462957083, 0.0342847740780508, 0.0344768243549477, 0.03441738754137779, 0.034008301029805295]",0.01523003850809785,0.02168605279103064,0.011279449729536817,0.010233674157261174,0.0,0.0,0.00629970290927967,0.02168605279103064,0.011279449729536817,0.010233674157261174,2.424,1717635303.1270607,2024-06-06_10-55-03
0.5059,-0.07656,0.413565882949783,0.484780343348158,-0.08816239891141973,0.4218250172433275,0.5059,-0.07656,0.41899143674391476,0.484780343348158,-0.08816239891141973,0.4218250172433275,0.01424180324883461,"[0.011315756658919754, 0.012192407496521018, 0.01288995615295488, 0.01359963525141729, 0.014321891165186378, 0.015181047888625853, 0.01592941522152252, 0.01673874496494045, 0.01751440457689525, 0.01835087734908702, 0.019202544572813795, 0.020070622325609303, 0.02095627718778323, 0.02186061264947246, 0.022737260153569413, 0.023681097053535004, 0.024646250751560458, 0.025633386418693636, 0.02659237614956749, 0.027623542314219474, 0.0286250346734827, 0.029647102596467904, 0.03056454213255984, 0.031680305841655834, 0.03263530150735364, 0.033606764937046466, 0.034593095597664145, 0.03536350794006898, 0.035930760474075646, 0.03631257033147624, 0.03661317474198803, 0.03688385713543919, 0.03738127616234113, 0.037934719347479336, 0.03858163380471939, 0.03921882339006296, 0.03999131852533767, 0.04074980907886149, 0.04127472956039594, 0.04151563832077664, 0.04151964454301027, 0.04123464219442919, 0.04096829512038153, 0.04056460486818273, 0.04028281736824196, 0.04000166841569801, 0.03919762289117317, 0.037812479337396496, 0.03622310391275238, 0.03453579653228067, 0.0330206041779641, 0.031565009966306234, 0.03054064037737075, 0.029904305612678588, 0.029394155816597912, 0.028896840658953926, 0.02825322628704274, 0.027685220830545497, 0.02666364029859006, 0.025486033827772144, 0.02414387260068274, 0.023028867611909868, 0.022681878550084772, 0.02299235797660897, 0.02387546679328945, 0.024738332374206702, 0.025547718436096926, 0.026640938816603423, 0.02759836215880636, 0.028240938725365098, 0.028199955208514017, 0.028168175430310402, 0.02767018559717724, 0.027414861073674215, 0.027239233260695786, 0.0274939869379551, 0.027874761581110984, 0.02868161073982207, 0.029514734605865275, 0.030345172291974937, 0.031248268714928727, 0.032298002681611045, 0.033509628354587276, 0.0348066615601669, 0.03569061118903811, 0.03631377821401384, 0.03654105211474412, 0.03646788532881584, 0.03572808397059345, 0.03427781350345514, 0.03309813106562172, 0.031639416134799855, 0.02970329439236902, 0.027599049067936567, 0.02603054913364457, 0.024090316372098155, 0.02220132238001286, 0.02051452966091278, 0.019044426362309692, 0.017805605247084858, 0.01643252777018217, 0.01523003850809785, 0.01424180324883461, 0.013706552220618947, 0.0130880570946912, 0.012988920737072255, 0.013178248200839212, 0.013386796436950147, 0.01359897371732897, 0.01439195864266014, 0.015495810506657983, 0.016686507754200334, 0.01807173050136072, 0.019341411872889052, 0.020370802976522343, 0.0213787239197115, 0.02262888584538598, 0.02401686851684336, 0.025523335513576738, 0.026670410326906566, 0.02758824337325398, 0.02810647098585074, 0.028219175888028712, 0.02804128716256827, 0.027840212128430745, 0.02799079668741686, 0.027988272685847155, 0.02831306909632167, 0.028434723397990712, 0.0285549391753426, 0.02832607944879636, 0.02800347501499142, 0.027460301198426997, 0.02681840364884072, 0.026203190519756815, 0.02552364346313934, 0.024940794741503684, 0.024553643852497812, 0.024009602077058226, 0.023587486328410737, 0.023053226444370627, 0.02237349941244249, 0.021247392964358097, 0.01948489409103017, 0.01759577829009665, 0.015969918059865678, 0.014849832783247986, 0.014164911869984548, 0.013546042864334782, 0.01328357500957488, 0.012905521640083246, 0.012806686101790404, 0.01256569256360443, 0.01270015008783326, 0.013333718053885597, 0.014364706842779438, 0.015230812921928084, 0.016214173123414017, 0.017422309714956504, 0.01848297873673576, 0.019690103784110968, 0.02062988015396428, 0.021304326954883004, 0.021542023987470748, 0.021445001132587415, 0.02128479356968176, 0.021154257299581803, 0.020548768777841446, 0.020419411659703072, 0.020346908766621045, 0.02018386842926173, 0.020060715556614095, 0.019970155121820186, 0.019905412966441507, 0.019860328269953802, 0.019689549628068632, 0.019110038324468673, 0.018401772510693467, 0.01773443768827515, 0.01691379473734185, 0.0163889904882787, 0.015891976533507178, 0.015695148472402557, 0.015634975895130635, 0.01548249397414641, 0.015250362203767827, 0.01446715870868431, 0.013690714184349355, 0.013111437378948002, 0.01280400987898366, 0.012789088065484542, 0.012885508256999974, 0.012645414791893052, 0.012533763320360268, 0.01300792748125149, 0.014045480441271196, 0.015593406388961941, 0.017496649938682926, 0.01947963017829757, 0.021814960986639112, 0.0244888991790445, 0.027455202671237973, 0.030462142682767764, 0.03347516022004274, 0.03632355277573078, 0.03911728575744543, 0.041489125175428104, 0.043617926344794986, 0.04507509866910146, 0.045973158335007626, 0.046666313335408376, 0.047747911364257295, 0.04910015737076979, 0.051170936172887156, 0.05323921785426519, 0.05484930583024696, 0.05598397968583077, 0.056516639752925084, 0.05678375349578094, 0.05655312215346535, 0.05709318659280136, 0.05753330561326649, 0.05822424761198231, 0.05856641837777238, 0.058663546697002605, 0.05829520111627496, 0.058019458378357286, 0.05786276302771312, 0.057678835712609886, 0.05721489013034267, 0.05620972754199197, 0.05488023496470325, 0.05291870088860013, 0.05085359195424363, 0.04836971777146554, 0.045888993393773454, 0.04332790860019442, 0.040721243397433354, 0.03815348906679705, 0.03609755066086763, 0.03431153121207709, 0.03269994312791247, 0.03113246913067769, 0.029533434333839276, 0.02779284963423818, 0.02581340528028532, 0.023636664296078556, 0.021032966406022018, 0.018298152858289164, 0.015471223173718233, 0.012975006021594128, 0.011476514573927241, 0.011190786613452559, 0.012013514795745658, 0.013192708648177051, 0.0146026096239084, 0.016627808096549106, 0.019288816219412905, 0.022115031993867204, 0.024956066779425322, 0.027947127033299147, 0.030317719296220055, 0.03213024736687776, 0.033908117916643665, 0.035613155393420214, 0.03695858371541455, 0.0370883147011733, 0.035844860180821725, 0.03331269225961453, 0.030127822662769057, 0.026675716455458534, 0.02305094507263966, 0.019294584365168215, 0.016588874620184203, 0.013459760460278334, 0.010513659470637583, 0.008184205378854309, 0.005908681970234855, 0.003908372487361734, 0.002250880846271649, 0.001837561814419065, 0.003902446460586522, 0.00649131804032715, 0.008842266053540701, 0.011337576744963709, 0.013847821453172829, 0.016241515374979285, 0.018506880743639053, 0.020753891025054552, 0.022854281545735794, 0.025177910908837288, 0.027764777035113285, 0.0302577363231247, 0.032552204835272186, 0.033962244268502154, 0.03530995724171245, 0.036795414568091225, 0.03840706162943578, 0.039993850675796264, 0.04133645030179679, 0.04211247094820217, 0.04239213751353172, 0.042192499106345205, 0.04200269786908514, 0.041897190162155235, 0.041830932940717325, 0.04166737666619139, 0.04206882264734189, 0.0426127097658282, 0.042895687146734904, 0.04300135533202284, 0.04249799814293581, 0.041897582995049115, 0.04072077112408416, 0.03927976254850985, 0.037331499513228325, 0.035889992777759706, 0.03456359233645024, 0.033243529781910974, 0.03199033675126687, 0.03059935779738079, 0.029272240636492235, 0.027900707354997015, 0.02654938414970694, 0.02543173352052397, 0.024311103096379235, 0.023065212419431085, 0.021685454855791198, 0.02041159885695607, 0.019056064221564174, 0.017656707279948437, 0.01626614648165674, 0.015012383850973622, 0.013603567963072178, 0.012189757837366814, 0.010674529938407772, 0.009407142987148039, 0.008344525906195775, 0.007439054007672372, 0.0072034584519923735, 0.007775010970036668, 0.009047582903156274, 0.010731538882415681, 0.01253460028234948, 0.014333543563369548, 0.016070624592636203, 0.017817726146123574, 0.019557256660804743, 0.02116824086555951, 0.022529303997840977, 0.023628588936546305, 0.02391411988476377, 0.02359656311707365, 0.022355277074164143, 0.020961866673625245, 0.018393580144489934, 0.015660552711922182, 0.013874328661167971, 0.01254026736778108, 0.011812131260623127, 0.010800298354986543, 0.00961805971638548, 0.008471507575266851, 0.007656757785702683, 0.006719580941926242, 0.0056999472982024405, 0.005125787188458596, 0.00504686530895439, 0.005697178935649704, 0.006245540782853768, 0.0070976650798796875, 0.007900543705723831, 0.008755370167568399, 0.009807746909975117, 0.011209592216881203, 0.01276960312030194, 0.014467251258771754, 0.015865855510978952, 0.01751794577394112, 0.01978728846519214, 0.022540086452385207, 0.024859037758439572, 0.02589623397823137, 0.02611181133516041, 0.026565850619759173, 0.0272557734372972, 0.02776644526036269, 0.02799937699621002, 0.02818388188652303, 0.02806005928616626, 0.028083982827741123, 0.02781538632605852, 0.027763976455106594, 0.028120518002563644, 0.028688559534023904, 0.029389365084960088, 0.030059907204608147, 0.03052096911154336, 0.031053468449087778, 0.03142000488428638, 0.03173833045042581, 0.031892653890475096, 0.03198060527161537, 0.031944507243272385, 0.03180892531117334, 0.03180195743523648, 0.03175983113429147, 0.03185651864929952, 0.032146459060636644, 0.032526908876218445, 0.033087790299913135, 0.03370146462957083, 0.0342847740780508, 0.0344768243549477, 0.03441738754137779, 0.034008301029805295]",0.01424180324883461,0.02111965665184201,0.011602398911419731,0.008259134293544468,0.0,0.0,0.005425553794131732,0.02111965665184201,0.011602398911419731,0.008259134293544468,2.448,1717635303.1509585,2024-06-06_10-55-03
0.5059,-0.07583999999999999,0.4139746272211352,0.48520082464518793,-0.0878626886747574,0.420556764473306,0.5059,-0.07583999999999999,0.418526031900119,0.48520082464518793,-0.0878626886747574,0.420556764473306,0.013706552220618947,"[0.011315756658919754, 0.012192407496521018, 0.01288995615295488, 0.01359963525141729, 0.014321891165186378, 0.015181047888625853, 0.01592941522152252, 0.01673874496494045, 0.01751440457689525, 0.01835087734908702, 0.019202544572813795, 0.020070622325609303, 0.02095627718778323, 0.02186061264947246, 0.022737260153569413, 0.023681097053535004, 0.024646250751560458, 0.025633386418693636, 0.02659237614956749, 0.027623542314219474, 0.0286250346734827, 0.029647102596467904, 0.03056454213255984, 0.031680305841655834, 0.03263530150735364, 0.033606764937046466, 0.034593095597664145, 0.03536350794006898, 0.035930760474075646, 0.03631257033147624, 0.03661317474198803, 0.03688385713543919, 0.03738127616234113, 0.037934719347479336, 0.03858163380471939, 0.03921882339006296, 0.03999131852533767, 0.04074980907886149, 0.04127472956039594, 0.04151563832077664, 0.04151964454301027, 0.04123464219442919, 0.04096829512038153, 0.04056460486818273, 0.04028281736824196, 0.04000166841569801, 0.03919762289117317, 0.037812479337396496, 0.03622310391275238, 0.03453579653228067, 0.0330206041779641, 0.031565009966306234, 0.03054064037737075, 0.029904305612678588, 0.029394155816597912, 0.028896840658953926, 0.02825322628704274, 0.027685220830545497, 0.02666364029859006, 0.025486033827772144, 0.02414387260068274, 0.023028867611909868, 0.022681878550084772, 0.02299235797660897, 0.02387546679328945, 0.024738332374206702, 0.025547718436096926, 0.026640938816603423, 0.02759836215880636, 0.028240938725365098, 0.028199955208514017, 0.028168175430310402, 0.02767018559717724, 0.027414861073674215, 0.027239233260695786, 0.0274939869379551, 0.027874761581110984, 0.02868161073982207, 0.029514734605865275, 0.030345172291974937, 0.031248268714928727, 0.032298002681611045, 0.033509628354587276, 0.0348066615601669, 0.03569061118903811, 0.03631377821401384, 0.03654105211474412, 0.03646788532881584, 0.03572808397059345, 0.03427781350345514, 0.03309813106562172, 0.031639416134799855, 0.02970329439236902, 0.027599049067936567, 0.02603054913364457, 0.024090316372098155, 0.02220132238001286, 0.02051452966091278, 0.019044426362309692, 0.017805605247084858, 0.01643252777018217, 0.01523003850809785, 0.01424180324883461, 0.013706552220618947, 0.0130880570946912, 0.012988920737072255, 0.013178248200839212, 0.013386796436950147, 0.01359897371732897, 0.01439195864266014, 0.015495810506657983, 0.016686507754200334, 0.01807173050136072, 0.019341411872889052, 0.020370802976522343, 0.0213787239197115, 0.02262888584538598, 0.02401686851684336, 0.025523335513576738, 0.026670410326906566, 0.02758824337325398, 0.02810647098585074, 0.028219175888028712, 0.02804128716256827, 0.027840212128430745, 0.02799079668741686, 0.027988272685847155, 0.02831306909632167, 0.028434723397990712, 0.0285549391753426, 0.02832607944879636, 0.02800347501499142, 0.027460301198426997, 0.02681840364884072, 0.026203190519756815, 0.02552364346313934, 0.024940794741503684, 0.024553643852497812, 0.024009602077058226, 0.023587486328410737, 0.023053226444370627, 0.02237349941244249, 0.021247392964358097, 0.01948489409103017, 0.01759577829009665, 0.015969918059865678, 0.014849832783247986, 0.014164911869984548, 0.013546042864334782, 0.01328357500957488, 0.012905521640083246, 0.012806686101790404, 0.01256569256360443, 0.01270015008783326, 0.013333718053885597, 0.014364706842779438, 0.015230812921928084, 0.016214173123414017, 0.017422309714956504, 0.01848297873673576, 0.019690103784110968, 0.02062988015396428, 0.021304326954883004, 0.021542023987470748, 0.021445001132587415, 0.02128479356968176, 0.021154257299581803, 0.020548768777841446, 0.020419411659703072, 0.020346908766621045, 0.02018386842926173, 0.020060715556614095, 0.019970155121820186, 0.019905412966441507, 0.019860328269953802, 0.019689549628068632, 0.019110038324468673, 0.018401772510693467, 0.01773443768827515, 0.01691379473734185, 0.0163889904882787, 0.015891976533507178, 0.015695148472402557, 0.015634975895130635, 0.01548249397414641, 0.015250362203767827, 0.01446715870868431, 0.013690714184349355, 0.013111437378948002, 0.01280400987898366, 0.012789088065484542, 0.012885508256999974, 0.012645414791893052, 0.012533763320360268, 0.01300792748125149, 0.014045480441271196, 0.015593406388961941, 0.017496649938682926, 0.01947963017829757, 0.021814960986639112, 0.0244888991790445, 0.027455202671237973, 0.030462142682767764, 0.03347516022004274, 0.03632355277573078, 0.03911728575744543, 0.041489125175428104, 0.043617926344794986, 0.04507509866910146, 0.045973158335007626, 0.046666313335408376, 0.047747911364257295, 0.04910015737076979, 0.051170936172887156, 0.05323921785426519, 0.05484930583024696, 0.05598397968583077, 0.056516639752925084, 0.05678375349578094, 0.05655312215346535, 0.05709318659280136, 0.05753330561326649, 0.05822424761198231, 0.05856641837777238, 0.058663546697002605, 0.05829520111627496, 0.058019458378357286, 0.05786276302771312, 0.057678835712609886, 0.05721489013034267, 0.05620972754199197, 0.05488023496470325, 0.05291870088860013, 0.05085359195424363, 0.04836971777146554, 0.045888993393773454, 0.04332790860019442, 0.040721243397433354, 0.03815348906679705, 0.03609755066086763, 0.03431153121207709, 0.03269994312791247, 0.03113246913067769, 0.029533434333839276, 0.02779284963423818, 0.02581340528028532, 0.023636664296078556, 0.021032966406022018, 0.018298152858289164, 0.015471223173718233, 0.012975006021594128, 0.011476514573927241, 0.011190786613452559, 0.012013514795745658, 0.013192708648177051, 0.0146026096239084, 0.016627808096549106, 0.019288816219412905, 0.022115031993867204, 0.024956066779425322, 0.027947127033299147, 0.030317719296220055, 0.03213024736687776, 0.033908117916643665, 0.035613155393420214, 0.03695858371541455, 0.0370883147011733, 0.035844860180821725, 0.03331269225961453, 0.030127822662769057, 0.026675716455458534, 0.02305094507263966, 0.019294584365168215, 0.016588874620184203, 0.013459760460278334, 0.010513659470637583, 0.008184205378854309, 0.005908681970234855, 0.003908372487361734, 0.002250880846271649, 0.001837561814419065, 0.003902446460586522, 0.00649131804032715, 0.008842266053540701, 0.011337576744963709, 0.013847821453172829, 0.016241515374979285, 0.018506880743639053, 0.020753891025054552, 0.022854281545735794, 0.025177910908837288, 0.027764777035113285, 0.0302577363231247, 0.032552204835272186, 0.033962244268502154, 0.03530995724171245, 0.036795414568091225, 0.03840706162943578, 0.039993850675796264, 0.04133645030179679, 0.04211247094820217, 0.04239213751353172, 0.042192499106345205, 0.04200269786908514, 0.041897190162155235, 0.041830932940717325, 0.04166737666619139, 0.04206882264734189, 0.0426127097658282, 0.042895687146734904, 0.04300135533202284, 0.04249799814293581, 0.041897582995049115, 0.04072077112408416, 0.03927976254850985, 0.037331499513228325, 0.035889992777759706, 0.03456359233645024, 0.033243529781910974, 0.03199033675126687, 0.03059935779738079, 0.029272240636492235, 0.027900707354997015, 0.02654938414970694, 0.02543173352052397, 0.024311103096379235, 0.023065212419431085, 0.021685454855791198, 0.02041159885695607, 0.019056064221564174, 0.017656707279948437, 0.01626614648165674, 0.015012383850973622, 0.013603567963072178, 0.012189757837366814, 0.010674529938407772, 0.009407142987148039, 0.008344525906195775, 0.007439054007672372, 0.0072034584519923735, 0.007775010970036668, 0.009047582903156274, 0.010731538882415681, 0.01253460028234948, 0.014333543563369548, 0.016070624592636203, 0.017817726146123574, 0.019557256660804743, 0.02116824086555951, 0.022529303997840977, 0.023628588936546305, 0.02391411988476377, 0.02359656311707365, 0.022355277074164143, 0.020961866673625245, 0.018393580144489934, 0.015660552711922182, 0.013874328661167971, 0.01254026736778108, 0.011812131260623127, 0.010800298354986543, 0.00961805971638548, 0.008471507575266851, 0.007656757785702683, 0.006719580941926242, 0.0056999472982024405, 0.005125787188458596, 0.00504686530895439, 0.005697178935649704, 0.006245540782853768, 0.0070976650798796875, 0.007900543705723831, 0.008755370167568399, 0.009807746909975117, 0.011209592216881203, 0.01276960312030194, 0.014467251258771754, 0.015865855510978952, 0.01751794577394112, 0.01978728846519214, 0.022540086452385207, 0.024859037758439572, 0.02589623397823137, 0.02611181133516041, 0.026565850619759173, 0.0272557734372972, 0.02776644526036269, 0.02799937699621002, 0.02818388188652303, 0.02806005928616626, 0.028083982827741123, 0.02781538632605852, 0.027763976455106594, 0.028120518002563644, 0.028688559534023904, 0.029389365084960088, 0.030059907204608147, 0.03052096911154336, 0.031053468449087778, 0.03142000488428638, 0.03173833045042581, 0.031892653890475096, 0.03198060527161537, 0.031944507243272385, 0.03180892531117334, 0.03180195743523648, 0.03175983113429147, 0.03185651864929952, 0.032146459060636644, 0.032526908876218445, 0.033087790299913135, 0.03370146462957083, 0.0342847740780508, 0.0344768243549477, 0.03441738754137779, 0.034008301029805295]",0.013706552220618947,0.020699175354812083,0.012022688674757406,0.006582137252170772,0.0,0.0,0.004551404678983795,0.020699175354812083,0.012022688674757406,0.006582137252170772,2.472,1717635303.1757274,2024-06-06_10-55-03
0.5059,-0.07512,0.4145010511143654,0.4857556655763673,-0.08746050832012803,0.41886099296199913,0.5059,-0.07512,0.4181783066782012,0.4857556655763673,-0.08746050832012803,0.41886099296199913,0.0130880570946912,"[0.011315756658919754, 0.012192407496521018, 0.01288995615295488, 0.01359963525141729, 0.014321891165186378, 0.015181047888625853, 0.01592941522152252, 0.01673874496494045, 0.01751440457689525, 0.01835087734908702, 0.019202544572813795, 0.020070622325609303, 0.02095627718778323, 0.02186061264947246, 0.022737260153569413, 0.023681097053535004, 0.024646250751560458, 0.025633386418693636, 0.02659237614956749, 0.027623542314219474, 0.0286250346734827, 0.029647102596467904, 0.03056454213255984, 0.031680305841655834, 0.03263530150735364, 0.033606764937046466, 0.034593095597664145, 0.03536350794006898, 0.035930760474075646, 0.03631257033147624, 0.03661317474198803, 0.03688385713543919, 0.03738127616234113, 0.037934719347479336, 0.03858163380471939, 0.03921882339006296, 0.03999131852533767, 0.04074980907886149, 0.04127472956039594, 0.04151563832077664, 0.04151964454301027, 0.04123464219442919, 0.04096829512038153, 0.04056460486818273, 0.04028281736824196, 0.04000166841569801, 0.03919762289117317, 0.037812479337396496, 0.03622310391275238, 0.03453579653228067, 0.0330206041779641, 0.031565009966306234, 0.03054064037737075, 0.029904305612678588, 0.029394155816597912, 0.028896840658953926, 0.02825322628704274, 0.027685220830545497, 0.02666364029859006, 0.025486033827772144, 0.02414387260068274, 0.023028867611909868, 0.022681878550084772, 0.02299235797660897, 0.02387546679328945, 0.024738332374206702, 0.025547718436096926, 0.026640938816603423, 0.02759836215880636, 0.028240938725365098, 0.028199955208514017, 0.028168175430310402, 0.02767018559717724, 0.027414861073674215, 0.027239233260695786, 0.0274939869379551, 0.027874761581110984, 0.02868161073982207, 0.029514734605865275, 0.030345172291974937, 0.031248268714928727, 0.032298002681611045, 0.033509628354587276, 0.0348066615601669, 0.03569061118903811, 0.03631377821401384, 0.03654105211474412, 0.03646788532881584, 0.03572808397059345, 0.03427781350345514, 0.03309813106562172, 0.031639416134799855, 0.02970329439236902, 0.027599049067936567, 0.02603054913364457, 0.024090316372098155, 0.02220132238001286, 0.02051452966091278, 0.019044426362309692, 0.017805605247084858, 0.01643252777018217, 0.01523003850809785, 0.01424180324883461, 0.013706552220618947, 0.0130880570946912, 0.012988920737072255, 0.013178248200839212, 0.013386796436950147, 0.01359897371732897, 0.01439195864266014, 0.015495810506657983, 0.016686507754200334, 0.01807173050136072, 0.019341411872889052, 0.020370802976522343, 0.0213787239197115, 0.02262888584538598, 0.02401686851684336, 0.025523335513576738, 0.026670410326906566, 0.02758824337325398, 0.02810647098585074, 0.028219175888028712, 0.02804128716256827, 0.027840212128430745, 0.02799079668741686, 0.027988272685847155, 0.02831306909632167, 0.028434723397990712, 0.0285549391753426, 0.02832607944879636, 0.02800347501499142, 0.027460301198426997, 0.02681840364884072, 0.026203190519756815, 0.02552364346313934, 0.024940794741503684, 0.024553643852497812, 0.024009602077058226, 0.023587486328410737, 0.023053226444370627, 0.02237349941244249, 0.021247392964358097, 0.01948489409103017, 0.01759577829009665, 0.015969918059865678, 0.014849832783247986, 0.014164911869984548, 0.013546042864334782, 0.01328357500957488, 0.012905521640083246, 0.012806686101790404, 0.01256569256360443, 0.01270015008783326, 0.013333718053885597, 0.014364706842779438, 0.015230812921928084, 0.016214173123414017, 0.017422309714956504, 0.01848297873673576, 0.019690103784110968, 0.02062988015396428, 0.021304326954883004, 0.021542023987470748, 0.021445001132587415, 0.02128479356968176, 0.021154257299581803, 0.020548768777841446, 0.020419411659703072, 0.020346908766621045, 0.02018386842926173, 0.020060715556614095, 0.019970155121820186, 0.019905412966441507, 0.019860328269953802, 0.019689549628068632, 0.019110038324468673, 0.018401772510693467, 0.01773443768827515, 0.01691379473734185, 0.0163889904882787, 0.015891976533507178, 0.015695148472402557, 0.015634975895130635, 0.01548249397414641, 0.015250362203767827, 0.01446715870868431, 0.013690714184349355, 0.013111437378948002, 0.01280400987898366, 0.012789088065484542, 0.012885508256999974, 0.012645414791893052, 0.012533763320360268, 0.01300792748125149, 0.014045480441271196, 0.015593406388961941, 0.017496649938682926, 0.01947963017829757, 0.021814960986639112, 0.0244888991790445, 0.027455202671237973, 0.030462142682767764, 0.03347516022004274, 0.03632355277573078, 0.03911728575744543, 0.041489125175428104, 0.043617926344794986, 0.04507509866910146, 0.045973158335007626, 0.046666313335408376, 0.047747911364257295, 0.04910015737076979, 0.051170936172887156, 0.05323921785426519, 0.05484930583024696, 0.05598397968583077, 0.056516639752925084, 0.05678375349578094, 0.05655312215346535, 0.05709318659280136, 0.05753330561326649, 0.05822424761198231, 0.05856641837777238, 0.058663546697002605, 0.05829520111627496, 0.058019458378357286, 0.05786276302771312, 0.057678835712609886, 0.05721489013034267, 0.05620972754199197, 0.05488023496470325, 0.05291870088860013, 0.05085359195424363, 0.04836971777146554, 0.045888993393773454, 0.04332790860019442, 0.040721243397433354, 0.03815348906679705, 0.03609755066086763, 0.03431153121207709, 0.03269994312791247, 0.03113246913067769, 0.029533434333839276, 0.02779284963423818, 0.02581340528028532, 0.023636664296078556, 0.021032966406022018, 0.018298152858289164, 0.015471223173718233, 0.012975006021594128, 0.011476514573927241, 0.011190786613452559, 0.012013514795745658, 0.013192708648177051, 0.0146026096239084, 0.016627808096549106, 0.019288816219412905, 0.022115031993867204, 0.024956066779425322, 0.027947127033299147, 0.030317719296220055, 0.03213024736687776, 0.033908117916643665, 0.035613155393420214, 0.03695858371541455, 0.0370883147011733, 0.035844860180821725, 0.03331269225961453, 0.030127822662769057, 0.026675716455458534, 0.02305094507263966, 0.019294584365168215, 0.016588874620184203, 0.013459760460278334, 0.010513659470637583, 0.008184205378854309, 0.005908681970234855, 0.003908372487361734, 0.002250880846271649, 0.001837561814419065, 0.003902446460586522, 0.00649131804032715, 0.008842266053540701, 0.011337576744963709, 0.013847821453172829, 0.016241515374979285, 0.018506880743639053, 0.020753891025054552, 0.022854281545735794, 0.025177910908837288, 0.027764777035113285, 0.0302577363231247, 0.032552204835272186, 0.033962244268502154, 0.03530995724171245, 0.036795414568091225, 0.03840706162943578, 0.039993850675796264, 0.04133645030179679, 0.04211247094820217, 0.04239213751353172, 0.042192499106345205, 0.04200269786908514, 0.041897190162155235, 0.041830932940717325, 0.04166737666619139, 0.04206882264734189, 0.0426127097658282, 0.042895687146734904, 0.04300135533202284, 0.04249799814293581, 0.041897582995049115, 0.04072077112408416, 0.03927976254850985, 0.037331499513228325, 0.035889992777759706, 0.03456359233645024, 0.033243529781910974, 0.03199033675126687, 0.03059935779738079, 0.029272240636492235, 0.027900707354997015, 0.02654938414970694, 0.02543173352052397, 0.024311103096379235, 0.023065212419431085, 0.021685454855791198, 0.02041159885695607, 0.019056064221564174, 0.017656707279948437, 0.01626614648165674, 0.015012383850973622, 0.013603567963072178, 0.012189757837366814, 0.010674529938407772, 0.009407142987148039, 0.008344525906195775, 0.007439054007672372, 0.0072034584519923735, 0.007775010970036668, 0.009047582903156274, 0.010731538882415681, 0.01253460028234948, 0.014333543563369548, 0.016070624592636203, 0.017817726146123574, 0.019557256660804743, 0.02116824086555951, 0.022529303997840977, 0.023628588936546305, 0.02391411988476377, 0.02359656311707365, 0.022355277074164143, 0.020961866673625245, 0.018393580144489934, 0.015660552711922182, 0.013874328661167971, 0.01254026736778108, 0.011812131260623127, 0.010800298354986543, 0.00961805971638548, 0.008471507575266851, 0.007656757785702683, 0.006719580941926242, 0.0056999472982024405, 0.005125787188458596, 0.00504686530895439, 0.005697178935649704, 0.006245540782853768, 0.0070976650798796875, 0.007900543705723831, 0.008755370167568399, 0.009807746909975117, 0.011209592216881203, 0.01276960312030194, 0.014467251258771754, 0.015865855510978952, 0.01751794577394112, 0.01978728846519214, 0.022540086452385207, 0.024859037758439572, 0.02589623397823137, 0.02611181133516041, 0.026565850619759173, 0.0272557734372972, 0.02776644526036269, 0.02799937699621002, 0.02818388188652303, 0.02806005928616626, 0.028083982827741123, 0.02781538632605852, 0.027763976455106594, 0.028120518002563644, 0.028688559534023904, 0.029389365084960088, 0.030059907204608147, 0.03052096911154336, 0.031053468449087778, 0.03142000488428638, 0.03173833045042581, 0.031892653890475096, 0.03198060527161537, 0.031944507243272385, 0.03180892531117334, 0.03180195743523648, 0.03175983113429147, 0.03185651864929952, 0.032146459060636644, 0.032526908876218445, 0.033087790299913135, 0.03370146462957083, 0.0342847740780508, 0.0344768243549477, 0.03441738754137779, 0.034008301029805295]",0.0130880570946912,0.020144334423632726,0.012340508320128021,0.004359941847633719,0.0,0.0,0.0036772555638358018,0.020144334423632726,0.012340508320128021,0.004359941847633719,2.496,1717635303.201679,2024-06-06_10-55-03
0.5059,-0.0744,0.4151417498861632,0.4861674140128144,-0.08715694543105103,0.4175856003691371,0.5059,-0.0744,0.41813698826788764,0.4861674140128144,-0.08715694543105103,0.4175856003691371,0.012988920737072255,"[0.011315756658919754, 0.012192407496521018, 0.01288995615295488, 0.01359963525141729, 0.014321891165186378, 0.015181047888625853, 0.01592941522152252, 0.01673874496494045, 0.01751440457689525, 0.01835087734908702, 0.019202544572813795, 0.020070622325609303, 0.02095627718778323, 0.02186061264947246, 0.022737260153569413, 0.023681097053535004, 0.024646250751560458, 0.025633386418693636, 0.02659237614956749, 0.027623542314219474, 0.0286250346734827, 0.029647102596467904, 0.03056454213255984, 0.031680305841655834, 0.03263530150735364, 0.033606764937046466, 0.034593095597664145, 0.03536350794006898, 0.035930760474075646, 0.03631257033147624, 0.03661317474198803, 0.03688385713543919, 0.03738127616234113, 0.037934719347479336, 0.03858163380471939, 0.03921882339006296, 0.03999131852533767, 0.04074980907886149, 0.04127472956039594, 0.04151563832077664, 0.04151964454301027, 0.04123464219442919, 0.04096829512038153, 0.04056460486818273, 0.04028281736824196, 0.04000166841569801, 0.03919762289117317, 0.037812479337396496, 0.03622310391275238, 0.03453579653228067, 0.0330206041779641, 0.031565009966306234, 0.03054064037737075, 0.029904305612678588, 0.029394155816597912, 0.028896840658953926, 0.02825322628704274, 0.027685220830545497, 0.02666364029859006, 0.025486033827772144, 0.02414387260068274, 0.023028867611909868, 0.022681878550084772, 0.02299235797660897, 0.02387546679328945, 0.024738332374206702, 0.025547718436096926, 0.026640938816603423, 0.02759836215880636, 0.028240938725365098, 0.028199955208514017, 0.028168175430310402, 0.02767018559717724, 0.027414861073674215, 0.027239233260695786, 0.0274939869379551, 0.027874761581110984, 0.02868161073982207, 0.029514734605865275, 0.030345172291974937, 0.031248268714928727, 0.032298002681611045, 0.033509628354587276, 0.0348066615601669, 0.03569061118903811, 0.03631377821401384, 0.03654105211474412, 0.03646788532881584, 0.03572808397059345, 0.03427781350345514, 0.03309813106562172, 0.031639416134799855, 0.02970329439236902, 0.027599049067936567, 0.02603054913364457, 0.024090316372098155, 0.02220132238001286, 0.02051452966091278, 0.019044426362309692, 0.017805605247084858, 0.01643252777018217, 0.01523003850809785, 0.01424180324883461, 0.013706552220618947, 0.0130880570946912, 0.012988920737072255, 0.013178248200839212, 0.013386796436950147, 0.01359897371732897, 0.01439195864266014, 0.015495810506657983, 0.016686507754200334, 0.01807173050136072, 0.019341411872889052, 0.020370802976522343, 0.0213787239197115, 0.02262888584538598, 0.02401686851684336, 0.025523335513576738, 0.026670410326906566, 0.02758824337325398, 0.02810647098585074, 0.028219175888028712, 0.02804128716256827, 0.027840212128430745, 0.02799079668741686, 0.027988272685847155, 0.02831306909632167, 0.028434723397990712, 0.0285549391753426, 0.02832607944879636, 0.02800347501499142, 0.027460301198426997, 0.02681840364884072, 0.026203190519756815, 0.02552364346313934, 0.024940794741503684, 0.024553643852497812, 0.024009602077058226, 0.023587486328410737, 0.023053226444370627, 0.02237349941244249, 0.021247392964358097, 0.01948489409103017, 0.01759577829009665, 0.015969918059865678, 0.014849832783247986, 0.014164911869984548, 0.013546042864334782, 0.01328357500957488, 0.012905521640083246, 0.012806686101790404, 0.01256569256360443, 0.01270015008783326, 0.013333718053885597, 0.014364706842779438, 0.015230812921928084, 0.016214173123414017, 0.017422309714956504, 0.01848297873673576, 0.019690103784110968, 0.02062988015396428, 0.021304326954883004, 0.021542023987470748, 0.021445001132587415, 0.02128479356968176, 0.021154257299581803, 0.020548768777841446, 0.020419411659703072, 0.020346908766621045, 0.02018386842926173, 0.020060715556614095, 0.019970155121820186, 0.019905412966441507, 0.019860328269953802, 0.019689549628068632, 0.019110038324468673, 0.018401772510693467, 0.01773443768827515, 0.01691379473734185, 0.0163889904882787, 0.015891976533507178, 0.015695148472402557, 0.015634975895130635, 0.01548249397414641, 0.015250362203767827, 0.01446715870868431, 0.013690714184349355, 0.013111437378948002, 0.01280400987898366, 0.012789088065484542, 0.012885508256999974, 0.012645414791893052, 0.012533763320360268, 0.01300792748125149, 0.014045480441271196, 0.015593406388961941, 0.017496649938682926, 0.01947963017829757, 0.021814960986639112, 0.0244888991790445, 0.027455202671237973, 0.030462142682767764, 0.03347516022004274, 0.03632355277573078, 0.03911728575744543, 0.041489125175428104, 0.043617926344794986, 0.04507509866910146, 0.045973158335007626, 0.046666313335408376, 0.047747911364257295, 0.04910015737076979, 0.051170936172887156, 0.05323921785426519, 0.05484930583024696, 0.05598397968583077, 0.056516639752925084, 0.05678375349578094, 0.05655312215346535, 0.05709318659280136, 0.05753330561326649, 0.05822424761198231, 0.05856641837777238, 0.058663546697002605, 0.05829520111627496, 0.058019458378357286, 0.05786276302771312, 0.057678835712609886, 0.05721489013034267, 0.05620972754199197, 0.05488023496470325, 0.05291870088860013, 0.05085359195424363, 0.04836971777146554, 0.045888993393773454, 0.04332790860019442, 0.040721243397433354, 0.03815348906679705, 0.03609755066086763, 0.03431153121207709, 0.03269994312791247, 0.03113246913067769, 0.029533434333839276, 0.02779284963423818, 0.02581340528028532, 0.023636664296078556, 0.021032966406022018, 0.018298152858289164, 0.015471223173718233, 0.012975006021594128, 0.011476514573927241, 0.011190786613452559, 0.012013514795745658, 0.013192708648177051, 0.0146026096239084, 0.016627808096549106, 0.019288816219412905, 0.022115031993867204, 0.024956066779425322, 0.027947127033299147, 0.030317719296220055, 0.03213024736687776, 0.033908117916643665, 0.035613155393420214, 0.03695858371541455, 0.0370883147011733, 0.035844860180821725, 0.03331269225961453, 0.030127822662769057, 0.026675716455458534, 0.02305094507263966, 0.019294584365168215, 0.016588874620184203, 0.013459760460278334, 0.010513659470637583, 0.008184205378854309, 0.005908681970234855, 0.003908372487361734, 0.002250880846271649, 0.001837561814419065, 0.003902446460586522, 0.00649131804032715, 0.008842266053540701, 0.011337576744963709, 0.013847821453172829, 0.016241515374979285, 0.018506880743639053, 0.020753891025054552, 0.022854281545735794, 0.025177910908837288, 0.027764777035113285, 0.0302577363231247, 0.032552204835272186, 0.033962244268502154, 0.03530995724171245, 0.036795414568091225, 0.03840706162943578, 0.039993850675796264, 0.04133645030179679, 0.04211247094820217, 0.04239213751353172, 0.042192499106345205, 0.04200269786908514, 0.041897190162155235, 0.041830932940717325, 0.04166737666619139, 0.04206882264734189, 0.0426127097658282, 0.042895687146734904, 0.04300135533202284, 0.04249799814293581, 0.041897582995049115, 0.04072077112408416, 0.03927976254850985, 0.037331499513228325, 0.035889992777759706, 0.03456359233645024, 0.033243529781910974, 0.03199033675126687, 0.03059935779738079, 0.029272240636492235, 0.027900707354997015, 0.02654938414970694, 0.02543173352052397, 0.024311103096379235, 0.023065212419431085, 0.021685454855791198, 0.02041159885695607, 0.019056064221564174, 0.017656707279948437, 0.01626614648165674, 0.015012383850973622, 0.013603567963072178, 0.012189757837366814, 0.010674529938407772, 0.009407142987148039, 0.008344525906195775, 0.007439054007672372, 0.0072034584519923735, 0.007775010970036668, 0.009047582903156274, 0.010731538882415681, 0.01253460028234948, 0.014333543563369548, 0.016070624592636203, 0.017817726146123574, 0.019557256660804743, 0.02116824086555951, 0.022529303997840977, 0.023628588936546305, 0.02391411988476377, 0.02359656311707365, 0.022355277074164143, 0.020961866673625245, 0.018393580144489934, 0.015660552711922182, 0.013874328661167971, 0.01254026736778108, 0.011812131260623127, 0.010800298354986543, 0.00961805971638548, 0.008471507575266851, 0.007656757785702683, 0.006719580941926242, 0.0056999472982024405, 0.005125787188458596, 0.00504686530895439, 0.005697178935649704, 0.006245540782853768, 0.0070976650798796875, 0.007900543705723831, 0.008755370167568399, 0.009807746909975117, 0.011209592216881203, 0.01276960312030194, 0.014467251258771754, 0.015865855510978952, 0.01751794577394112, 0.01978728846519214, 0.022540086452385207, 0.024859037758439572, 0.02589623397823137, 0.02611181133516041, 0.026565850619759173, 0.0272557734372972, 0.02776644526036269, 0.02799937699621002, 0.02818388188652303, 0.02806005928616626, 0.028083982827741123, 0.02781538632605852, 0.027763976455106594, 0.028120518002563644, 0.028688559534023904, 0.029389365084960088, 0.030059907204608147, 0.03052096911154336, 0.031053468449087778, 0.03142000488428638, 0.03173833045042581, 0.031892653890475096, 0.03198060527161537, 0.031944507243272385, 0.03180892531117334, 0.03180195743523648, 0.03175983113429147, 0.03185651864929952, 0.032146459060636644, 0.032526908876218445, 0.033087790299913135, 0.03370146462957083, 0.0342847740780508, 0.0344768243549477, 0.03441738754137779, 0.034008301029805295]",0.012988920737072255,0.019732585987185636,0.012756945431051034,0.0024438504829739083,0.0,0.0,0.002995238381724441,0.019732585987185636,0.012756945431051034,0.0024438504829739083,2.52,1717635303.2230208,2024-06-06_10-55-03
0.5059,-0.07368,0.4158926705196562,0.48657537905765547,-0.08685172810892057,0.4163071633031803,0.5059,-0.07368,0.4182443181058767,0.48657537905765547,-0.08685172810892057,0.4163071633031803,0.013178248200839212,"[0.011315756658919754, 0.012192407496521018, 0.01288995615295488, 0.01359963525141729, 0.014321891165186378, 0.015181047888625853, 0.01592941522152252, 0.01673874496494045, 0.01751440457689525, 0.01835087734908702, 0.019202544572813795, 0.020070622325609303, 0.02095627718778323, 0.02186061264947246, 0.022737260153569413, 0.023681097053535004, 0.024646250751560458, 0.025633386418693636, 0.02659237614956749, 0.027623542314219474, 0.0286250346734827, 0.029647102596467904, 0.03056454213255984, 0.031680305841655834, 0.03263530150735364, 0.033606764937046466, 0.034593095597664145, 0.03536350794006898, 0.035930760474075646, 0.03631257033147624, 0.03661317474198803, 0.03688385713543919, 0.03738127616234113, 0.037934719347479336, 0.03858163380471939, 0.03921882339006296, 0.03999131852533767, 0.04074980907886149, 0.04127472956039594, 0.04151563832077664, 0.04151964454301027, 0.04123464219442919, 0.04096829512038153, 0.04056460486818273, 0.04028281736824196, 0.04000166841569801, 0.03919762289117317, 0.037812479337396496, 0.03622310391275238, 0.03453579653228067, 0.0330206041779641, 0.031565009966306234, 0.03054064037737075, 0.029904305612678588, 0.029394155816597912, 0.028896840658953926, 0.02825322628704274, 0.027685220830545497, 0.02666364029859006, 0.025486033827772144, 0.02414387260068274, 0.023028867611909868, 0.022681878550084772, 0.02299235797660897, 0.02387546679328945, 0.024738332374206702, 0.025547718436096926, 0.026640938816603423, 0.02759836215880636, 0.028240938725365098, 0.028199955208514017, 0.028168175430310402, 0.02767018559717724, 0.027414861073674215, 0.027239233260695786, 0.0274939869379551, 0.027874761581110984, 0.02868161073982207, 0.029514734605865275, 0.030345172291974937, 0.031248268714928727, 0.032298002681611045, 0.033509628354587276, 0.0348066615601669, 0.03569061118903811, 0.03631377821401384, 0.03654105211474412, 0.03646788532881584, 0.03572808397059345, 0.03427781350345514, 0.03309813106562172, 0.031639416134799855, 0.02970329439236902, 0.027599049067936567, 0.02603054913364457, 0.024090316372098155, 0.02220132238001286, 0.02051452966091278, 0.019044426362309692, 0.017805605247084858, 0.01643252777018217, 0.01523003850809785, 0.01424180324883461, 0.013706552220618947, 0.0130880570946912, 0.012988920737072255, 0.013178248200839212, 0.013386796436950147, 0.01359897371732897, 0.01439195864266014, 0.015495810506657983, 0.016686507754200334, 0.01807173050136072, 0.019341411872889052, 0.020370802976522343, 0.0213787239197115, 0.02262888584538598, 0.02401686851684336, 0.025523335513576738, 0.026670410326906566, 0.02758824337325398, 0.02810647098585074, 0.028219175888028712, 0.02804128716256827, 0.027840212128430745, 0.02799079668741686, 0.027988272685847155, 0.02831306909632167, 0.028434723397990712, 0.0285549391753426, 0.02832607944879636, 0.02800347501499142, 0.027460301198426997, 0.02681840364884072, 0.026203190519756815, 0.02552364346313934, 0.024940794741503684, 0.024553643852497812, 0.024009602077058226, 0.023587486328410737, 0.023053226444370627, 0.02237349941244249, 0.021247392964358097, 0.01948489409103017, 0.01759577829009665, 0.015969918059865678, 0.014849832783247986, 0.014164911869984548, 0.013546042864334782, 0.01328357500957488, 0.012905521640083246, 0.012806686101790404, 0.01256569256360443, 0.01270015008783326, 0.013333718053885597, 0.014364706842779438, 0.015230812921928084, 0.016214173123414017, 0.017422309714956504, 0.01848297873673576, 0.019690103784110968, 0.02062988015396428, 0.021304326954883004, 0.021542023987470748, 0.021445001132587415, 0.02128479356968176, 0.021154257299581803, 0.020548768777841446, 0.020419411659703072, 0.020346908766621045, 0.02018386842926173, 0.020060715556614095, 0.019970155121820186, 0.019905412966441507, 0.019860328269953802, 0.019689549628068632, 0.019110038324468673, 0.018401772510693467, 0.01773443768827515, 0.01691379473734185, 0.0163889904882787, 0.015891976533507178, 0.015695148472402557, 0.015634975895130635, 0.01548249397414641, 0.015250362203767827, 0.01446715870868431, 0.013690714184349355, 0.013111437378948002, 0.01280400987898366, 0.012789088065484542, 0.012885508256999974, 0.012645414791893052, 0.012533763320360268, 0.01300792748125149, 0.014045480441271196, 0.015593406388961941, 0.017496649938682926, 0.01947963017829757, 0.021814960986639112, 0.0244888991790445, 0.027455202671237973, 0.030462142682767764, 0.03347516022004274, 0.03632355277573078, 0.03911728575744543, 0.041489125175428104, 0.043617926344794986, 0.04507509866910146, 0.045973158335007626, 0.046666313335408376, 0.047747911364257295, 0.04910015737076979, 0.051170936172887156, 0.05323921785426519, 0.05484930583024696, 0.05598397968583077, 0.056516639752925084, 0.05678375349578094, 0.05655312215346535, 0.05709318659280136, 0.05753330561326649, 0.05822424761198231, 0.05856641837777238, 0.058663546697002605, 0.05829520111627496, 0.058019458378357286, 0.05786276302771312, 0.057678835712609886, 0.05721489013034267, 0.05620972754199197, 0.05488023496470325, 0.05291870088860013, 0.05085359195424363, 0.04836971777146554, 0.045888993393773454, 0.04332790860019442, 0.040721243397433354, 0.03815348906679705, 0.03609755066086763, 0.03431153121207709, 0.03269994312791247, 0.03113246913067769, 0.029533434333839276, 0.02779284963423818, 0.02581340528028532, 0.023636664296078556, 0.021032966406022018, 0.018298152858289164, 0.015471223173718233, 0.012975006021594128, 0.011476514573927241, 0.011190786613452559, 0.012013514795745658, 0.013192708648177051, 0.0146026096239084, 0.016627808096549106, 0.019288816219412905, 0.022115031993867204, 0.024956066779425322, 0.027947127033299147, 0.030317719296220055, 0.03213024736687776, 0.033908117916643665, 0.035613155393420214, 0.03695858371541455, 0.0370883147011733, 0.035844860180821725, 0.03331269225961453, 0.030127822662769057, 0.026675716455458534, 0.02305094507263966, 0.019294584365168215, 0.016588874620184203, 0.013459760460278334, 0.010513659470637583, 0.008184205378854309, 0.005908681970234855, 0.003908372487361734, 0.002250880846271649, 0.001837561814419065, 0.003902446460586522, 0.00649131804032715, 0.008842266053540701, 0.011337576744963709, 0.013847821453172829, 0.016241515374979285, 0.018506880743639053, 0.020753891025054552, 0.022854281545735794, 0.025177910908837288, 0.027764777035113285, 0.0302577363231247, 0.032552204835272186, 0.033962244268502154, 0.03530995724171245, 0.036795414568091225, 0.03840706162943578, 0.039993850675796264, 0.04133645030179679, 0.04211247094820217, 0.04239213751353172, 0.042192499106345205, 0.04200269786908514, 0.041897190162155235, 0.041830932940717325, 0.04166737666619139, 0.04206882264734189, 0.0426127097658282, 0.042895687146734904, 0.04300135533202284, 0.04249799814293581, 0.041897582995049115, 0.04072077112408416, 0.03927976254850985, 0.037331499513228325, 0.035889992777759706, 0.03456359233645024, 0.033243529781910974, 0.03199033675126687, 0.03059935779738079, 0.029272240636492235, 0.027900707354997015, 0.02654938414970694, 0.02543173352052397, 0.024311103096379235, 0.023065212419431085, 0.021685454855791198, 0.02041159885695607, 0.019056064221564174, 0.017656707279948437, 0.01626614648165674, 0.015012383850973622, 0.013603567963072178, 0.012189757837366814, 0.010674529938407772, 0.009407142987148039, 0.008344525906195775, 0.007439054007672372, 0.0072034584519923735, 0.007775010970036668, 0.009047582903156274, 0.010731538882415681, 0.01253460028234948, 0.014333543563369548, 0.016070624592636203, 0.017817726146123574, 0.019557256660804743, 0.02116824086555951, 0.022529303997840977, 0.023628588936546305, 0.02391411988476377, 0.02359656311707365, 0.022355277074164143, 0.020961866673625245, 0.018393580144489934, 0.015660552711922182, 0.013874328661167971, 0.01254026736778108, 0.011812131260623127, 0.010800298354986543, 0.00961805971638548, 0.008471507575266851, 0.007656757785702683, 0.006719580941926242, 0.0056999472982024405, 0.005125787188458596, 0.00504686530895439, 0.005697178935649704, 0.006245540782853768, 0.0070976650798796875, 0.007900543705723831, 0.008755370167568399, 0.009807746909975117, 0.011209592216881203, 0.01276960312030194, 0.014467251258771754, 0.015865855510978952, 0.01751794577394112, 0.01978728846519214, 0.022540086452385207, 0.024859037758439572, 0.02589623397823137, 0.02611181133516041, 0.026565850619759173, 0.0272557734372972, 0.02776644526036269, 0.02799937699621002, 0.02818388188652303, 0.02806005928616626, 0.028083982827741123, 0.02781538632605852, 0.027763976455106594, 0.028120518002563644, 0.028688559534023904, 0.029389365084960088, 0.030059907204608147, 0.03052096911154336, 0.031053468449087778, 0.03142000488428638, 0.03173833045042581, 0.031892653890475096, 0.03198060527161537, 0.031944507243272385, 0.03180892531117334, 0.03180195743523648, 0.03175983113429147, 0.03185651864929952, 0.032146459060636644, 0.032526908876218445, 0.033087790299913135, 0.03370146462957083, 0.0342847740780508, 0.0344768243549477, 0.03441738754137779, 0.034008301029805295]",0.013178248200839212,0.01932462094234455,0.013171728108920575,0.0004144927835240675,0.0,0.0,0.0023516475862204733,0.01932462094234455,0.013171728108920575,0.0004144927835240675,2.544,1717635303.2470362,2024-06-06_10-55-03
0.5059,-0.07296000000000001,0.41674912840270095,0.4869911255161138,-0.08620364819106249,0.4147966680482485,0.5059,-0.07296000000000001,0.41845718519341735,0.4869911255161138,-0.08620364819106249,0.4147966680482485,0.013386796436950147,"[0.011315756658919754, 0.012192407496521018, 0.01288995615295488, 0.01359963525141729, 0.014321891165186378, 0.015181047888625853, 0.01592941522152252, 0.01673874496494045, 0.01751440457689525, 0.01835087734908702, 0.019202544572813795, 0.020070622325609303, 0.02095627718778323, 0.02186061264947246, 0.022737260153569413, 0.023681097053535004, 0.024646250751560458, 0.025633386418693636, 0.02659237614956749, 0.027623542314219474, 0.0286250346734827, 0.029647102596467904, 0.03056454213255984, 0.031680305841655834, 0.03263530150735364, 0.033606764937046466, 0.034593095597664145, 0.03536350794006898, 0.035930760474075646, 0.03631257033147624, 0.03661317474198803, 0.03688385713543919, 0.03738127616234113, 0.037934719347479336, 0.03858163380471939, 0.03921882339006296, 0.03999131852533767, 0.04074980907886149, 0.04127472956039594, 0.04151563832077664, 0.04151964454301027, 0.04123464219442919, 0.04096829512038153, 0.04056460486818273, 0.04028281736824196, 0.04000166841569801, 0.03919762289117317, 0.037812479337396496, 0.03622310391275238, 0.03453579653228067, 0.0330206041779641, 0.031565009966306234, 0.03054064037737075, 0.029904305612678588, 0.029394155816597912, 0.028896840658953926, 0.02825322628704274, 0.027685220830545497, 0.02666364029859006, 0.025486033827772144, 0.02414387260068274, 0.023028867611909868, 0.022681878550084772, 0.02299235797660897, 0.02387546679328945, 0.024738332374206702, 0.025547718436096926, 0.026640938816603423, 0.02759836215880636, 0.028240938725365098, 0.028199955208514017, 0.028168175430310402, 0.02767018559717724, 0.027414861073674215, 0.027239233260695786, 0.0274939869379551, 0.027874761581110984, 0.02868161073982207, 0.029514734605865275, 0.030345172291974937, 0.031248268714928727, 0.032298002681611045, 0.033509628354587276, 0.0348066615601669, 0.03569061118903811, 0.03631377821401384, 0.03654105211474412, 0.03646788532881584, 0.03572808397059345, 0.03427781350345514, 0.03309813106562172, 0.031639416134799855, 0.02970329439236902, 0.027599049067936567, 0.02603054913364457, 0.024090316372098155, 0.02220132238001286, 0.02051452966091278, 0.019044426362309692, 0.017805605247084858, 0.01643252777018217, 0.01523003850809785, 0.01424180324883461, 0.013706552220618947, 0.0130880570946912, 0.012988920737072255, 0.013178248200839212, 0.013386796436950147, 0.01359897371732897, 0.01439195864266014, 0.015495810506657983, 0.016686507754200334, 0.01807173050136072, 0.019341411872889052, 0.020370802976522343, 0.0213787239197115, 0.02262888584538598, 0.02401686851684336, 0.025523335513576738, 0.026670410326906566, 0.02758824337325398, 0.02810647098585074, 0.028219175888028712, 0.02804128716256827, 0.027840212128430745, 0.02799079668741686, 0.027988272685847155, 0.02831306909632167, 0.028434723397990712, 0.0285549391753426, 0.02832607944879636, 0.02800347501499142, 0.027460301198426997, 0.02681840364884072, 0.026203190519756815, 0.02552364346313934, 0.024940794741503684, 0.024553643852497812, 0.024009602077058226, 0.023587486328410737, 0.023053226444370627, 0.02237349941244249, 0.021247392964358097, 0.01948489409103017, 0.01759577829009665, 0.015969918059865678, 0.014849832783247986, 0.014164911869984548, 0.013546042864334782, 0.01328357500957488, 0.012905521640083246, 0.012806686101790404, 0.01256569256360443, 0.01270015008783326, 0.013333718053885597, 0.014364706842779438, 0.015230812921928084, 0.016214173123414017, 0.017422309714956504, 0.01848297873673576, 0.019690103784110968, 0.02062988015396428, 0.021304326954883004, 0.021542023987470748, 0.021445001132587415, 0.02128479356968176, 0.021154257299581803, 0.020548768777841446, 0.020419411659703072, 0.020346908766621045, 0.02018386842926173, 0.020060715556614095, 0.019970155121820186, 0.019905412966441507, 0.019860328269953802, 0.019689549628068632, 0.019110038324468673, 0.018401772510693467, 0.01773443768827515, 0.01691379473734185, 0.0163889904882787, 0.015891976533507178, 0.015695148472402557, 0.015634975895130635, 0.01548249397414641, 0.015250362203767827, 0.01446715870868431, 0.013690714184349355, 0.013111437378948002, 0.01280400987898366, 0.012789088065484542, 0.012885508256999974, 0.012645414791893052, 0.012533763320360268, 0.01300792748125149, 0.014045480441271196, 0.015593406388961941, 0.017496649938682926, 0.01947963017829757, 0.021814960986639112, 0.0244888991790445, 0.027455202671237973, 0.030462142682767764, 0.03347516022004274, 0.03632355277573078, 0.03911728575744543, 0.041489125175428104, 0.043617926344794986, 0.04507509866910146, 0.045973158335007626, 0.046666313335408376, 0.047747911364257295, 0.04910015737076979, 0.051170936172887156, 0.05323921785426519, 0.05484930583024696, 0.05598397968583077, 0.056516639752925084, 0.05678375349578094, 0.05655312215346535, 0.05709318659280136, 0.05753330561326649, 0.05822424761198231, 0.05856641837777238, 0.058663546697002605, 0.05829520111627496, 0.058019458378357286, 0.05786276302771312, 0.057678835712609886, 0.05721489013034267, 0.05620972754199197, 0.05488023496470325, 0.05291870088860013, 0.05085359195424363, 0.04836971777146554, 0.045888993393773454, 0.04332790860019442, 0.040721243397433354, 0.03815348906679705, 0.03609755066086763, 0.03431153121207709, 0.03269994312791247, 0.03113246913067769, 0.029533434333839276, 0.02779284963423818, 0.02581340528028532, 0.023636664296078556, 0.021032966406022018, 0.018298152858289164, 0.015471223173718233, 0.012975006021594128, 0.011476514573927241, 0.011190786613452559, 0.012013514795745658, 0.013192708648177051, 0.0146026096239084, 0.016627808096549106, 0.019288816219412905, 0.022115031993867204, 0.024956066779425322, 0.027947127033299147, 0.030317719296220055, 0.03213024736687776, 0.033908117916643665, 0.035613155393420214, 0.03695858371541455, 0.0370883147011733, 0.035844860180821725, 0.03331269225961453, 0.030127822662769057, 0.026675716455458534, 0.02305094507263966, 0.019294584365168215, 0.016588874620184203, 0.013459760460278334, 0.010513659470637583, 0.008184205378854309, 0.005908681970234855, 0.003908372487361734, 0.002250880846271649, 0.001837561814419065, 0.003902446460586522, 0.00649131804032715, 0.008842266053540701, 0.011337576744963709, 0.013847821453172829, 0.016241515374979285, 0.018506880743639053, 0.020753891025054552, 0.022854281545735794, 0.025177910908837288, 0.027764777035113285, 0.0302577363231247, 0.032552204835272186, 0.033962244268502154, 0.03530995724171245, 0.036795414568091225, 0.03840706162943578, 0.039993850675796264, 0.04133645030179679, 0.04211247094820217, 0.04239213751353172, 0.042192499106345205, 0.04200269786908514, 0.041897190162155235, 0.041830932940717325, 0.04166737666619139, 0.04206882264734189, 0.0426127097658282, 0.042895687146734904, 0.04300135533202284, 0.04249799814293581, 0.041897582995049115, 0.04072077112408416, 0.03927976254850985, 0.037331499513228325, 0.035889992777759706, 0.03456359233645024, 0.033243529781910974, 0.03199033675126687, 0.03059935779738079, 0.029272240636492235, 0.027900707354997015, 0.02654938414970694, 0.02543173352052397, 0.024311103096379235, 0.023065212419431085, 0.021685454855791198, 0.02041159885695607, 0.019056064221564174, 0.017656707279948437, 0.01626614648165674, 0.015012383850973622, 0.013603567963072178, 0.012189757837366814, 0.010674529938407772, 0.009407142987148039, 0.008344525906195775, 0.007439054007672372, 0.0072034584519923735, 0.007775010970036668, 0.009047582903156274, 0.010731538882415681, 0.01253460028234948, 0.014333543563369548, 0.016070624592636203, 0.017817726146123574, 0.019557256660804743, 0.02116824086555951, 0.022529303997840977, 0.023628588936546305, 0.02391411988476377, 0.02359656311707365, 0.022355277074164143, 0.020961866673625245, 0.018393580144489934, 0.015660552711922182, 0.013874328661167971, 0.01254026736778108, 0.011812131260623127, 0.010800298354986543, 0.00961805971638548, 0.008471507575266851, 0.007656757785702683, 0.006719580941926242, 0.0056999472982024405, 0.005125787188458596, 0.00504686530895439, 0.005697178935649704, 0.006245540782853768, 0.0070976650798796875, 0.007900543705723831, 0.008755370167568399, 0.009807746909975117, 0.011209592216881203, 0.01276960312030194, 0.014467251258771754, 0.015865855510978952, 0.01751794577394112, 0.01978728846519214, 0.022540086452385207, 0.024859037758439572, 0.02589623397823137, 0.02611181133516041, 0.026565850619759173, 0.0272557734372972, 0.02776644526036269, 0.02799937699621002, 0.02818388188652303, 0.02806005928616626, 0.028083982827741123, 0.02781538632605852, 0.027763976455106594, 0.028120518002563644, 0.028688559534023904, 0.029389365084960088, 0.030059907204608147, 0.03052096911154336, 0.031053468449087778, 0.03142000488428638, 0.03173833045042581, 0.031892653890475096, 0.03198060527161537, 0.031944507243272385, 0.03180892531117334, 0.03180195743523648, 0.03175983113429147, 0.03185651864929952, 0.032146459060636644, 0.032526908876218445, 0.033087790299913135, 0.03370146462957083, 0.0342847740780508, 0.0344768243549477, 0.03441738754137779, 0.034008301029805295]",0.013386796436950147,0.01890887448388623,0.013243648191062482,0.0019524603544524566,0.0,0.0,0.0017080567907163946,0.01890887448388623,0.013243648191062482,0.0019524603544524566,2.5679999999999996,1717635303.2710352,2024-06-06_10-55-03
0.5059,-0.07224,0.4177058276202248,0.48721475239685774,-0.08532585256617181,0.41400548320638725,0.5059,-0.07224,0.4187702936154371,0.48721475239685774,-0.08532585256617181,0.41400548320638725,0.01359897371732897,"[0.011315756658919754, 0.012192407496521018, 0.01288995615295488, 0.01359963525141729, 0.014321891165186378, 0.015181047888625853, 0.01592941522152252, 0.01673874496494045, 0.01751440457689525, 0.01835087734908702, 0.019202544572813795, 0.020070622325609303, 0.02095627718778323, 0.02186061264947246, 0.022737260153569413, 0.023681097053535004, 0.024646250751560458, 0.025633386418693636, 0.02659237614956749, 0.027623542314219474, 0.0286250346734827, 0.029647102596467904, 0.03056454213255984, 0.031680305841655834, 0.03263530150735364, 0.033606764937046466, 0.034593095597664145, 0.03536350794006898, 0.035930760474075646, 0.03631257033147624, 0.03661317474198803, 0.03688385713543919, 0.03738127616234113, 0.037934719347479336, 0.03858163380471939, 0.03921882339006296, 0.03999131852533767, 0.04074980907886149, 0.04127472956039594, 0.04151563832077664, 0.04151964454301027, 0.04123464219442919, 0.04096829512038153, 0.04056460486818273, 0.04028281736824196, 0.04000166841569801, 0.03919762289117317, 0.037812479337396496, 0.03622310391275238, 0.03453579653228067, 0.0330206041779641, 0.031565009966306234, 0.03054064037737075, 0.029904305612678588, 0.029394155816597912, 0.028896840658953926, 0.02825322628704274, 0.027685220830545497, 0.02666364029859006, 0.025486033827772144, 0.02414387260068274, 0.023028867611909868, 0.022681878550084772, 0.02299235797660897, 0.02387546679328945, 0.024738332374206702, 0.025547718436096926, 0.026640938816603423, 0.02759836215880636, 0.028240938725365098, 0.028199955208514017, 0.028168175430310402, 0.02767018559717724, 0.027414861073674215, 0.027239233260695786, 0.0274939869379551, 0.027874761581110984, 0.02868161073982207, 0.029514734605865275, 0.030345172291974937, 0.031248268714928727, 0.032298002681611045, 0.033509628354587276, 0.0348066615601669, 0.03569061118903811, 0.03631377821401384, 0.03654105211474412, 0.03646788532881584, 0.03572808397059345, 0.03427781350345514, 0.03309813106562172, 0.031639416134799855, 0.02970329439236902, 0.027599049067936567, 0.02603054913364457, 0.024090316372098155, 0.02220132238001286, 0.02051452966091278, 0.019044426362309692, 0.017805605247084858, 0.01643252777018217, 0.01523003850809785, 0.01424180324883461, 0.013706552220618947, 0.0130880570946912, 0.012988920737072255, 0.013178248200839212, 0.013386796436950147, 0.01359897371732897, 0.01439195864266014, 0.015495810506657983, 0.016686507754200334, 0.01807173050136072, 0.019341411872889052, 0.020370802976522343, 0.0213787239197115, 0.02262888584538598, 0.02401686851684336, 0.025523335513576738, 0.026670410326906566, 0.02758824337325398, 0.02810647098585074, 0.028219175888028712, 0.02804128716256827, 0.027840212128430745, 0.02799079668741686, 0.027988272685847155, 0.02831306909632167, 0.028434723397990712, 0.0285549391753426, 0.02832607944879636, 0.02800347501499142, 0.027460301198426997, 0.02681840364884072, 0.026203190519756815, 0.02552364346313934, 0.024940794741503684, 0.024553643852497812, 0.024009602077058226, 0.023587486328410737, 0.023053226444370627, 0.02237349941244249, 0.021247392964358097, 0.01948489409103017, 0.01759577829009665, 0.015969918059865678, 0.014849832783247986, 0.014164911869984548, 0.013546042864334782, 0.01328357500957488, 0.012905521640083246, 0.012806686101790404, 0.01256569256360443, 0.01270015008783326, 0.013333718053885597, 0.014364706842779438, 0.015230812921928084, 0.016214173123414017, 0.017422309714956504, 0.01848297873673576, 0.019690103784110968, 0.02062988015396428, 0.021304326954883004, 0.021542023987470748, 0.021445001132587415, 0.02128479356968176, 0.021154257299581803, 0.020548768777841446, 0.020419411659703072, 0.020346908766621045, 0.02018386842926173, 0.020060715556614095, 0.019970155121820186, 0.019905412966441507, 0.019860328269953802, 0.019689549628068632, 0.019110038324468673, 0.018401772510693467, 0.01773443768827515, 0.01691379473734185, 0.0163889904882787, 0.015891976533507178, 0.015695148472402557, 0.015634975895130635, 0.01548249397414641, 0.015250362203767827, 0.01446715870868431, 0.013690714184349355, 0.013111437378948002, 0.01280400987898366, 0.012789088065484542, 0.012885508256999974, 0.012645414791893052, 0.012533763320360268, 0.01300792748125149, 0.014045480441271196, 0.015593406388961941, 0.017496649938682926, 0.01947963017829757, 0.021814960986639112, 0.0244888991790445, 0.027455202671237973, 0.030462142682767764, 0.03347516022004274, 0.03632355277573078, 0.03911728575744543, 0.041489125175428104, 0.043617926344794986, 0.04507509866910146, 0.045973158335007626, 0.046666313335408376, 0.047747911364257295, 0.04910015737076979, 0.051170936172887156, 0.05323921785426519, 0.05484930583024696, 0.05598397968583077, 0.056516639752925084, 0.05678375349578094, 0.05655312215346535, 0.05709318659280136, 0.05753330561326649, 0.05822424761198231, 0.05856641837777238, 0.058663546697002605, 0.05829520111627496, 0.058019458378357286, 0.05786276302771312, 0.057678835712609886, 0.05721489013034267, 0.05620972754199197, 0.05488023496470325, 0.05291870088860013, 0.05085359195424363, 0.04836971777146554, 0.045888993393773454, 0.04332790860019442, 0.040721243397433354, 0.03815348906679705, 0.03609755066086763, 0.03431153121207709, 0.03269994312791247, 0.03113246913067769, 0.029533434333839276, 0.02779284963423818, 0.02581340528028532, 0.023636664296078556, 0.021032966406022018, 0.018298152858289164, 0.015471223173718233, 0.012975006021594128, 0.011476514573927241, 0.011190786613452559, 0.012013514795745658, 0.013192708648177051, 0.0146026096239084, 0.016627808096549106, 0.019288816219412905, 0.022115031993867204, 0.024956066779425322, 0.027947127033299147, 0.030317719296220055, 0.03213024736687776, 0.033908117916643665, 0.035613155393420214, 0.03695858371541455, 0.0370883147011733, 0.035844860180821725, 0.03331269225961453, 0.030127822662769057, 0.026675716455458534, 0.02305094507263966, 0.019294584365168215, 0.016588874620184203, 0.013459760460278334, 0.010513659470637583, 0.008184205378854309, 0.005908681970234855, 0.003908372487361734, 0.002250880846271649, 0.001837561814419065, 0.003902446460586522, 0.00649131804032715, 0.008842266053540701, 0.011337576744963709, 0.013847821453172829, 0.016241515374979285, 0.018506880743639053, 0.020753891025054552, 0.022854281545735794, 0.025177910908837288, 0.027764777035113285, 0.0302577363231247, 0.032552204835272186, 0.033962244268502154, 0.03530995724171245, 0.036795414568091225, 0.03840706162943578, 0.039993850675796264, 0.04133645030179679, 0.04211247094820217, 0.04239213751353172, 0.042192499106345205, 0.04200269786908514, 0.041897190162155235, 0.041830932940717325, 0.04166737666619139, 0.04206882264734189, 0.0426127097658282, 0.042895687146734904, 0.04300135533202284, 0.04249799814293581, 0.041897582995049115, 0.04072077112408416, 0.03927976254850985, 0.037331499513228325, 0.035889992777759706, 0.03456359233645024, 0.033243529781910974, 0.03199033675126687, 0.03059935779738079, 0.029272240636492235, 0.027900707354997015, 0.02654938414970694, 0.02543173352052397, 0.024311103096379235, 0.023065212419431085, 0.021685454855791198, 0.02041159885695607, 0.019056064221564174, 0.017656707279948437, 0.01626614648165674, 0.015012383850973622, 0.013603567963072178, 0.012189757837366814, 0.010674529938407772, 0.009407142987148039, 0.008344525906195775, 0.007439054007672372, 0.0072034584519923735, 0.007775010970036668, 0.009047582903156274, 0.010731538882415681, 0.01253460028234948, 0.014333543563369548, 0.016070624592636203, 0.017817726146123574, 0.019557256660804743, 0.02116824086555951, 0.022529303997840977, 0.023628588936546305, 0.02391411988476377, 0.02359656311707365, 0.022355277074164143, 0.020961866673625245, 0.018393580144489934, 0.015660552711922182, 0.013874328661167971, 0.01254026736778108, 0.011812131260623127, 0.010800298354986543, 0.00961805971638548, 0.008471507575266851, 0.007656757785702683, 0.006719580941926242, 0.0056999472982024405, 0.005125787188458596, 0.00504686530895439, 0.005697178935649704, 0.006245540782853768, 0.0070976650798796875, 0.007900543705723831, 0.008755370167568399, 0.009807746909975117, 0.011209592216881203, 0.01276960312030194, 0.014467251258771754, 0.015865855510978952, 0.01751794577394112, 0.01978728846519214, 0.022540086452385207, 0.024859037758439572, 0.02589623397823137, 0.02611181133516041, 0.026565850619759173, 0.0272557734372972, 0.02776644526036269, 0.02799937699621002, 0.02818388188652303, 0.02806005928616626, 0.028083982827741123, 0.02781538632605852, 0.027763976455106594, 0.028120518002563644, 0.028688559534023904, 0.029389365084960088, 0.030059907204608147, 0.03052096911154336, 0.031053468449087778, 0.03142000488428638, 0.03173833045042581, 0.031892653890475096, 0.03198060527161537, 0.031944507243272385, 0.03180892531117334, 0.03180195743523648, 0.03175983113429147, 0.03185651864929952, 0.032146459060636644, 0.032526908876218445, 0.033087790299913135, 0.03370146462957083, 0.0342847740780508, 0.0344768243549477, 0.03441738754137779, 0.034008301029805295]",0.01359897371732897,0.018685247603142274,0.013085852566171813,0.003700344413837542,0.0,0.0,0.0010644659952123159,0.018685247603142274,0.013085852566171813,0.003700344413837542,2.5919999999999996,1717635303.2956579,2024-06-06_10-55-03
0.5059,-0.07152,0.4187568847754626,0.48751562466881304,-0.0845903185886291,0.41273233121824554,0.5059,-0.07152,0.4193214972349189,0.48751562466881304,-0.0845903185886291,0.41273233121824554,0.01439195864266014,"[0.011315756658919754, 0.012192407496521018, 0.01288995615295488, 0.01359963525141729, 0.014321891165186378, 0.015181047888625853, 0.01592941522152252, 0.01673874496494045, 0.01751440457689525, 0.01835087734908702, 0.019202544572813795, 0.020070622325609303, 0.02095627718778323, 0.02186061264947246, 0.022737260153569413, 0.023681097053535004, 0.024646250751560458, 0.025633386418693636, 0.02659237614956749, 0.027623542314219474, 0.0286250346734827, 0.029647102596467904, 0.03056454213255984, 0.031680305841655834, 0.03263530150735364, 0.033606764937046466, 0.034593095597664145, 0.03536350794006898, 0.035930760474075646, 0.03631257033147624, 0.03661317474198803, 0.03688385713543919, 0.03738127616234113, 0.037934719347479336, 0.03858163380471939, 0.03921882339006296, 0.03999131852533767, 0.04074980907886149, 0.04127472956039594, 0.04151563832077664, 0.04151964454301027, 0.04123464219442919, 0.04096829512038153, 0.04056460486818273, 0.04028281736824196, 0.04000166841569801, 0.03919762289117317, 0.037812479337396496, 0.03622310391275238, 0.03453579653228067, 0.0330206041779641, 0.031565009966306234, 0.03054064037737075, 0.029904305612678588, 0.029394155816597912, 0.028896840658953926, 0.02825322628704274, 0.027685220830545497, 0.02666364029859006, 0.025486033827772144, 0.02414387260068274, 0.023028867611909868, 0.022681878550084772, 0.02299235797660897, 0.02387546679328945, 0.024738332374206702, 0.025547718436096926, 0.026640938816603423, 0.02759836215880636, 0.028240938725365098, 0.028199955208514017, 0.028168175430310402, 0.02767018559717724, 0.027414861073674215, 0.027239233260695786, 0.0274939869379551, 0.027874761581110984, 0.02868161073982207, 0.029514734605865275, 0.030345172291974937, 0.031248268714928727, 0.032298002681611045, 0.033509628354587276, 0.0348066615601669, 0.03569061118903811, 0.03631377821401384, 0.03654105211474412, 0.03646788532881584, 0.03572808397059345, 0.03427781350345514, 0.03309813106562172, 0.031639416134799855, 0.02970329439236902, 0.027599049067936567, 0.02603054913364457, 0.024090316372098155, 0.02220132238001286, 0.02051452966091278, 0.019044426362309692, 0.017805605247084858, 0.01643252777018217, 0.01523003850809785, 0.01424180324883461, 0.013706552220618947, 0.0130880570946912, 0.012988920737072255, 0.013178248200839212, 0.013386796436950147, 0.01359897371732897, 0.01439195864266014, 0.015495810506657983, 0.016686507754200334, 0.01807173050136072, 0.019341411872889052, 0.020370802976522343, 0.0213787239197115, 0.02262888584538598, 0.02401686851684336, 0.025523335513576738, 0.026670410326906566, 0.02758824337325398, 0.02810647098585074, 0.028219175888028712, 0.02804128716256827, 0.027840212128430745, 0.02799079668741686, 0.027988272685847155, 0.02831306909632167, 0.028434723397990712, 0.0285549391753426, 0.02832607944879636, 0.02800347501499142, 0.027460301198426997, 0.02681840364884072, 0.026203190519756815, 0.02552364346313934, 0.024940794741503684, 0.024553643852497812, 0.024009602077058226, 0.023587486328410737, 0.023053226444370627, 0.02237349941244249, 0.021247392964358097, 0.01948489409103017, 0.01759577829009665, 0.015969918059865678, 0.014849832783247986, 0.014164911869984548, 0.013546042864334782, 0.01328357500957488, 0.012905521640083246, 0.012806686101790404, 0.01256569256360443, 0.01270015008783326, 0.013333718053885597, 0.014364706842779438, 0.015230812921928084, 0.016214173123414017, 0.017422309714956504, 0.01848297873673576, 0.019690103784110968, 0.02062988015396428, 0.021304326954883004, 0.021542023987470748, 0.021445001132587415, 0.02128479356968176, 0.021154257299581803, 0.020548768777841446, 0.020419411659703072, 0.020346908766621045, 0.02018386842926173, 0.020060715556614095, 0.019970155121820186, 0.019905412966441507, 0.019860328269953802, 0.019689549628068632, 0.019110038324468673, 0.018401772510693467, 0.01773443768827515, 0.01691379473734185, 0.0163889904882787, 0.015891976533507178, 0.015695148472402557, 0.015634975895130635, 0.01548249397414641, 0.015250362203767827, 0.01446715870868431, 0.013690714184349355, 0.013111437378948002, 0.01280400987898366, 0.012789088065484542, 0.012885508256999974, 0.012645414791893052, 0.012533763320360268, 0.01300792748125149, 0.014045480441271196, 0.015593406388961941, 0.017496649938682926, 0.01947963017829757, 0.021814960986639112, 0.0244888991790445, 0.027455202671237973, 0.030462142682767764, 0.03347516022004274, 0.03632355277573078, 0.03911728575744543, 0.041489125175428104, 0.043617926344794986, 0.04507509866910146, 0.045973158335007626, 0.046666313335408376, 0.047747911364257295, 0.04910015737076979, 0.051170936172887156, 0.05323921785426519, 0.05484930583024696, 0.05598397968583077, 0.056516639752925084, 0.05678375349578094, 0.05655312215346535, 0.05709318659280136, 0.05753330561326649, 0.05822424761198231, 0.05856641837777238, 0.058663546697002605, 0.05829520111627496, 0.058019458378357286, 0.05786276302771312, 0.057678835712609886, 0.05721489013034267, 0.05620972754199197, 0.05488023496470325, 0.05291870088860013, 0.05085359195424363, 0.04836971777146554, 0.045888993393773454, 0.04332790860019442, 0.040721243397433354, 0.03815348906679705, 0.03609755066086763, 0.03431153121207709, 0.03269994312791247, 0.03113246913067769, 0.029533434333839276, 0.02779284963423818, 0.02581340528028532, 0.023636664296078556, 0.021032966406022018, 0.018298152858289164, 0.015471223173718233, 0.012975006021594128, 0.011476514573927241, 0.011190786613452559, 0.012013514795745658, 0.013192708648177051, 0.0146026096239084, 0.016627808096549106, 0.019288816219412905, 0.022115031993867204, 0.024956066779425322, 0.027947127033299147, 0.030317719296220055, 0.03213024736687776, 0.033908117916643665, 0.035613155393420214, 0.03695858371541455, 0.0370883147011733, 0.035844860180821725, 0.03331269225961453, 0.030127822662769057, 0.026675716455458534, 0.02305094507263966, 0.019294584365168215, 0.016588874620184203, 0.013459760460278334, 0.010513659470637583, 0.008184205378854309, 0.005908681970234855, 0.003908372487361734, 0.002250880846271649, 0.001837561814419065, 0.003902446460586522, 0.00649131804032715, 0.008842266053540701, 0.011337576744963709, 0.013847821453172829, 0.016241515374979285, 0.018506880743639053, 0.020753891025054552, 0.022854281545735794, 0.025177910908837288, 0.027764777035113285, 0.0302577363231247, 0.032552204835272186, 0.033962244268502154, 0.03530995724171245, 0.036795414568091225, 0.03840706162943578, 0.039993850675796264, 0.04133645030179679, 0.04211247094820217, 0.04239213751353172, 0.042192499106345205, 0.04200269786908514, 0.041897190162155235, 0.041830932940717325, 0.04166737666619139, 0.04206882264734189, 0.0426127097658282, 0.042895687146734904, 0.04300135533202284, 0.04249799814293581, 0.041897582995049115, 0.04072077112408416, 0.03927976254850985, 0.037331499513228325, 0.035889992777759706, 0.03456359233645024, 0.033243529781910974, 0.03199033675126687, 0.03059935779738079, 0.029272240636492235, 0.027900707354997015, 0.02654938414970694, 0.02543173352052397, 0.024311103096379235, 0.023065212419431085, 0.021685454855791198, 0.02041159885695607, 0.019056064221564174, 0.017656707279948437, 0.01626614648165674, 0.015012383850973622, 0.013603567963072178, 0.012189757837366814, 0.010674529938407772, 0.009407142987148039, 0.008344525906195775, 0.007439054007672372, 0.0072034584519923735, 0.007775010970036668, 0.009047582903156274, 0.010731538882415681, 0.01253460028234948, 0.014333543563369548, 0.016070624592636203, 0.017817726146123574, 0.019557256660804743, 0.02116824086555951, 0.022529303997840977, 0.023628588936546305, 0.02391411988476377, 0.02359656311707365, 0.022355277074164143, 0.020961866673625245, 0.018393580144489934, 0.015660552711922182, 0.013874328661167971, 0.01254026736778108, 0.011812131260623127, 0.010800298354986543, 0.00961805971638548, 0.008471507575266851, 0.007656757785702683, 0.006719580941926242, 0.0056999472982024405, 0.005125787188458596, 0.00504686530895439, 0.005697178935649704, 0.006245540782853768, 0.0070976650798796875, 0.007900543705723831, 0.008755370167568399, 0.009807746909975117, 0.011209592216881203, 0.01276960312030194, 0.014467251258771754, 0.015865855510978952, 0.01751794577394112, 0.01978728846519214, 0.022540086452385207, 0.024859037758439572, 0.02589623397823137, 0.02611181133516041, 0.026565850619759173, 0.0272557734372972, 0.02776644526036269, 0.02799937699621002, 0.02818388188652303, 0.02806005928616626, 0.028083982827741123, 0.02781538632605852, 0.027763976455106594, 0.028120518002563644, 0.028688559534023904, 0.029389365084960088, 0.030059907204608147, 0.03052096911154336, 0.031053468449087778, 0.03142000488428638, 0.03173833045042581, 0.031892653890475096, 0.03198060527161537, 0.031944507243272385, 0.03180892531117334, 0.03180195743523648, 0.03175983113429147, 0.03185651864929952, 0.032146459060636644, 0.032526908876218445, 0.033087790299913135, 0.03370146462957083, 0.0342847740780508, 0.0344768243549477, 0.03441738754137779, 0.034008301029805295]",0.01439195864266014,0.018384375331186975,0.013070318588629101,0.006024553557217038,0.0,0.0,0.0005646124594563262,0.018384375331186975,0.013070318588629101,0.006024553557217038,2.616,1717635303.3189383,2024-06-06_10-55-03
0.5059,-0.07079999999999999,0.4198958562346644,0.4877682731444474,-0.08388823452627445,0.411600179032441,0.5059,-0.07079999999999999,0.4200324837882386,0.4877682731444474,-0.08388823452627445,0.411600179032441,0.015495810506657983,"[0.011315756658919754, 0.012192407496521018, 0.01288995615295488, 0.01359963525141729, 0.014321891165186378, 0.015181047888625853, 0.01592941522152252, 0.01673874496494045, 0.01751440457689525, 0.01835087734908702, 0.019202544572813795, 0.020070622325609303, 0.02095627718778323, 0.02186061264947246, 0.022737260153569413, 0.023681097053535004, 0.024646250751560458, 0.025633386418693636, 0.02659237614956749, 0.027623542314219474, 0.0286250346734827, 0.029647102596467904, 0.03056454213255984, 0.031680305841655834, 0.03263530150735364, 0.033606764937046466, 0.034593095597664145, 0.03536350794006898, 0.035930760474075646, 0.03631257033147624, 0.03661317474198803, 0.03688385713543919, 0.03738127616234113, 0.037934719347479336, 0.03858163380471939, 0.03921882339006296, 0.03999131852533767, 0.04074980907886149, 0.04127472956039594, 0.04151563832077664, 0.04151964454301027, 0.04123464219442919, 0.04096829512038153, 0.04056460486818273, 0.04028281736824196, 0.04000166841569801, 0.03919762289117317, 0.037812479337396496, 0.03622310391275238, 0.03453579653228067, 0.0330206041779641, 0.031565009966306234, 0.03054064037737075, 0.029904305612678588, 0.029394155816597912, 0.028896840658953926, 0.02825322628704274, 0.027685220830545497, 0.02666364029859006, 0.025486033827772144, 0.02414387260068274, 0.023028867611909868, 0.022681878550084772, 0.02299235797660897, 0.02387546679328945, 0.024738332374206702, 0.025547718436096926, 0.026640938816603423, 0.02759836215880636, 0.028240938725365098, 0.028199955208514017, 0.028168175430310402, 0.02767018559717724, 0.027414861073674215, 0.027239233260695786, 0.0274939869379551, 0.027874761581110984, 0.02868161073982207, 0.029514734605865275, 0.030345172291974937, 0.031248268714928727, 0.032298002681611045, 0.033509628354587276, 0.0348066615601669, 0.03569061118903811, 0.03631377821401384, 0.03654105211474412, 0.03646788532881584, 0.03572808397059345, 0.03427781350345514, 0.03309813106562172, 0.031639416134799855, 0.02970329439236902, 0.027599049067936567, 0.02603054913364457, 0.024090316372098155, 0.02220132238001286, 0.02051452966091278, 0.019044426362309692, 0.017805605247084858, 0.01643252777018217, 0.01523003850809785, 0.01424180324883461, 0.013706552220618947, 0.0130880570946912, 0.012988920737072255, 0.013178248200839212, 0.013386796436950147, 0.01359897371732897, 0.01439195864266014, 0.015495810506657983, 0.016686507754200334, 0.01807173050136072, 0.019341411872889052, 0.020370802976522343, 0.0213787239197115, 0.02262888584538598, 0.02401686851684336, 0.025523335513576738, 0.026670410326906566, 0.02758824337325398, 0.02810647098585074, 0.028219175888028712, 0.02804128716256827, 0.027840212128430745, 0.02799079668741686, 0.027988272685847155, 0.02831306909632167, 0.028434723397990712, 0.0285549391753426, 0.02832607944879636, 0.02800347501499142, 0.027460301198426997, 0.02681840364884072, 0.026203190519756815, 0.02552364346313934, 0.024940794741503684, 0.024553643852497812, 0.024009602077058226, 0.023587486328410737, 0.023053226444370627, 0.02237349941244249, 0.021247392964358097, 0.01948489409103017, 0.01759577829009665, 0.015969918059865678, 0.014849832783247986, 0.014164911869984548, 0.013546042864334782, 0.01328357500957488, 0.012905521640083246, 0.012806686101790404, 0.01256569256360443, 0.01270015008783326, 0.013333718053885597, 0.014364706842779438, 0.015230812921928084, 0.016214173123414017, 0.017422309714956504, 0.01848297873673576, 0.019690103784110968, 0.02062988015396428, 0.021304326954883004, 0.021542023987470748, 0.021445001132587415, 0.02128479356968176, 0.021154257299581803, 0.020548768777841446, 0.020419411659703072, 0.020346908766621045, 0.02018386842926173, 0.020060715556614095, 0.019970155121820186, 0.019905412966441507, 0.019860328269953802, 0.019689549628068632, 0.019110038324468673, 0.018401772510693467, 0.01773443768827515, 0.01691379473734185, 0.0163889904882787, 0.015891976533507178, 0.015695148472402557, 0.015634975895130635, 0.01548249397414641, 0.015250362203767827, 0.01446715870868431, 0.013690714184349355, 0.013111437378948002, 0.01280400987898366, 0.012789088065484542, 0.012885508256999974, 0.012645414791893052, 0.012533763320360268, 0.01300792748125149, 0.014045480441271196, 0.015593406388961941, 0.017496649938682926, 0.01947963017829757, 0.021814960986639112, 0.0244888991790445, 0.027455202671237973, 0.030462142682767764, 0.03347516022004274, 0.03632355277573078, 0.03911728575744543, 0.041489125175428104, 0.043617926344794986, 0.04507509866910146, 0.045973158335007626, 0.046666313335408376, 0.047747911364257295, 0.04910015737076979, 0.051170936172887156, 0.05323921785426519, 0.05484930583024696, 0.05598397968583077, 0.056516639752925084, 0.05678375349578094, 0.05655312215346535, 0.05709318659280136, 0.05753330561326649, 0.05822424761198231, 0.05856641837777238, 0.058663546697002605, 0.05829520111627496, 0.058019458378357286, 0.05786276302771312, 0.057678835712609886, 0.05721489013034267, 0.05620972754199197, 0.05488023496470325, 0.05291870088860013, 0.05085359195424363, 0.04836971777146554, 0.045888993393773454, 0.04332790860019442, 0.040721243397433354, 0.03815348906679705, 0.03609755066086763, 0.03431153121207709, 0.03269994312791247, 0.03113246913067769, 0.029533434333839276, 0.02779284963423818, 0.02581340528028532, 0.023636664296078556, 0.021032966406022018, 0.018298152858289164, 0.015471223173718233, 0.012975006021594128, 0.011476514573927241, 0.011190786613452559, 0.012013514795745658, 0.013192708648177051, 0.0146026096239084, 0.016627808096549106, 0.019288816219412905, 0.022115031993867204, 0.024956066779425322, 0.027947127033299147, 0.030317719296220055, 0.03213024736687776, 0.033908117916643665, 0.035613155393420214, 0.03695858371541455, 0.0370883147011733, 0.035844860180821725, 0.03331269225961453, 0.030127822662769057, 0.026675716455458534, 0.02305094507263966, 0.019294584365168215, 0.016588874620184203, 0.013459760460278334, 0.010513659470637583, 0.008184205378854309, 0.005908681970234855, 0.003908372487361734, 0.002250880846271649, 0.001837561814419065, 0.003902446460586522, 0.00649131804032715, 0.008842266053540701, 0.011337576744963709, 0.013847821453172829, 0.016241515374979285, 0.018506880743639053, 0.020753891025054552, 0.022854281545735794, 0.025177910908837288, 0.027764777035113285, 0.0302577363231247, 0.032552204835272186, 0.033962244268502154, 0.03530995724171245, 0.036795414568091225, 0.03840706162943578, 0.039993850675796264, 0.04133645030179679, 0.04211247094820217, 0.04239213751353172, 0.042192499106345205, 0.04200269786908514, 0.041897190162155235, 0.041830932940717325, 0.04166737666619139, 0.04206882264734189, 0.0426127097658282, 0.042895687146734904, 0.04300135533202284, 0.04249799814293581, 0.041897582995049115, 0.04072077112408416, 0.03927976254850985, 0.037331499513228325, 0.035889992777759706, 0.03456359233645024, 0.033243529781910974, 0.03199033675126687, 0.03059935779738079, 0.029272240636492235, 0.027900707354997015, 0.02654938414970694, 0.02543173352052397, 0.024311103096379235, 0.023065212419431085, 0.021685454855791198, 0.02041159885695607, 0.019056064221564174, 0.017656707279948437, 0.01626614648165674, 0.015012383850973622, 0.013603567963072178, 0.012189757837366814, 0.010674529938407772, 0.009407142987148039, 0.008344525906195775, 0.007439054007672372, 0.0072034584519923735, 0.007775010970036668, 0.009047582903156274, 0.010731538882415681, 0.01253460028234948, 0.014333543563369548, 0.016070624592636203, 0.017817726146123574, 0.019557256660804743, 0.02116824086555951, 0.022529303997840977, 0.023628588936546305, 0.02391411988476377, 0.02359656311707365, 0.022355277074164143, 0.020961866673625245, 0.018393580144489934, 0.015660552711922182, 0.013874328661167971, 0.01254026736778108, 0.011812131260623127, 0.010800298354986543, 0.00961805971638548, 0.008471507575266851, 0.007656757785702683, 0.006719580941926242, 0.0056999472982024405, 0.005125787188458596, 0.00504686530895439, 0.005697178935649704, 0.006245540782853768, 0.0070976650798796875, 0.007900543705723831, 0.008755370167568399, 0.009807746909975117, 0.011209592216881203, 0.01276960312030194, 0.014467251258771754, 0.015865855510978952, 0.01751794577394112, 0.01978728846519214, 0.022540086452385207, 0.024859037758439572, 0.02589623397823137, 0.02611181133516041, 0.026565850619759173, 0.0272557734372972, 0.02776644526036269, 0.02799937699621002, 0.02818388188652303, 0.02806005928616626, 0.028083982827741123, 0.02781538632605852, 0.027763976455106594, 0.028120518002563644, 0.028688559534023904, 0.029389365084960088, 0.030059907204608147, 0.03052096911154336, 0.031053468449087778, 0.03142000488428638, 0.03173833045042581, 0.031892653890475096, 0.03198060527161537, 0.031944507243272385, 0.03180892531117334, 0.03180195743523648, 0.03175983113429147, 0.03185651864929952, 0.032146459060636644, 0.032526908876218445, 0.033087790299913135, 0.03370146462957083, 0.0342847740780508, 0.0344768243549477, 0.03441738754137779, 0.034008301029805295]",0.015495810506657983,0.018131726855552643,0.013088234526274459,0.008295677202223406,0.0,0.0,0.00013662755357418677,0.018131726855552643,0.013088234526274459,0.008295677202223406,2.64,1717635303.3429198,2024-06-06_10-55-03
0.5059,-0.07007999999999999,0.4211157686700686,0.48819790690573406,-0.08296445734709522,0.41051245315548207,0.5059,-0.07007999999999999,0.4208244113177607,0.48819790690573406,-0.08296445734709522,0.41051245315548207,0.016686507754200334,"[0.011315756658919754, 0.012192407496521018, 0.01288995615295488, 0.01359963525141729, 0.014321891165186378, 0.015181047888625853, 0.01592941522152252, 0.01673874496494045, 0.01751440457689525, 0.01835087734908702, 0.019202544572813795, 0.020070622325609303, 0.02095627718778323, 0.02186061264947246, 0.022737260153569413, 0.023681097053535004, 0.024646250751560458, 0.025633386418693636, 0.02659237614956749, 0.027623542314219474, 0.0286250346734827, 0.029647102596467904, 0.03056454213255984, 0.031680305841655834, 0.03263530150735364, 0.033606764937046466, 0.034593095597664145, 0.03536350794006898, 0.035930760474075646, 0.03631257033147624, 0.03661317474198803, 0.03688385713543919, 0.03738127616234113, 0.037934719347479336, 0.03858163380471939, 0.03921882339006296, 0.03999131852533767, 0.04074980907886149, 0.04127472956039594, 0.04151563832077664, 0.04151964454301027, 0.04123464219442919, 0.04096829512038153, 0.04056460486818273, 0.04028281736824196, 0.04000166841569801, 0.03919762289117317, 0.037812479337396496, 0.03622310391275238, 0.03453579653228067, 0.0330206041779641, 0.031565009966306234, 0.03054064037737075, 0.029904305612678588, 0.029394155816597912, 0.028896840658953926, 0.02825322628704274, 0.027685220830545497, 0.02666364029859006, 0.025486033827772144, 0.02414387260068274, 0.023028867611909868, 0.022681878550084772, 0.02299235797660897, 0.02387546679328945, 0.024738332374206702, 0.025547718436096926, 0.026640938816603423, 0.02759836215880636, 0.028240938725365098, 0.028199955208514017, 0.028168175430310402, 0.02767018559717724, 0.027414861073674215, 0.027239233260695786, 0.0274939869379551, 0.027874761581110984, 0.02868161073982207, 0.029514734605865275, 0.030345172291974937, 0.031248268714928727, 0.032298002681611045, 0.033509628354587276, 0.0348066615601669, 0.03569061118903811, 0.03631377821401384, 0.03654105211474412, 0.03646788532881584, 0.03572808397059345, 0.03427781350345514, 0.03309813106562172, 0.031639416134799855, 0.02970329439236902, 0.027599049067936567, 0.02603054913364457, 0.024090316372098155, 0.02220132238001286, 0.02051452966091278, 0.019044426362309692, 0.017805605247084858, 0.01643252777018217, 0.01523003850809785, 0.01424180324883461, 0.013706552220618947, 0.0130880570946912, 0.012988920737072255, 0.013178248200839212, 0.013386796436950147, 0.01359897371732897, 0.01439195864266014, 0.015495810506657983, 0.016686507754200334, 0.01807173050136072, 0.019341411872889052, 0.020370802976522343, 0.0213787239197115, 0.02262888584538598, 0.02401686851684336, 0.025523335513576738, 0.026670410326906566, 0.02758824337325398, 0.02810647098585074, 0.028219175888028712, 0.02804128716256827, 0.027840212128430745, 0.02799079668741686, 0.027988272685847155, 0.02831306909632167, 0.028434723397990712, 0.0285549391753426, 0.02832607944879636, 0.02800347501499142, 0.027460301198426997, 0.02681840364884072, 0.026203190519756815, 0.02552364346313934, 0.024940794741503684, 0.024553643852497812, 0.024009602077058226, 0.023587486328410737, 0.023053226444370627, 0.02237349941244249, 0.021247392964358097, 0.01948489409103017, 0.01759577829009665, 0.015969918059865678, 0.014849832783247986, 0.014164911869984548, 0.013546042864334782, 0.01328357500957488, 0.012905521640083246, 0.012806686101790404, 0.01256569256360443, 0.01270015008783326, 0.013333718053885597, 0.014364706842779438, 0.015230812921928084, 0.016214173123414017, 0.017422309714956504, 0.01848297873673576, 0.019690103784110968, 0.02062988015396428, 0.021304326954883004, 0.021542023987470748, 0.021445001132587415, 0.02128479356968176, 0.021154257299581803, 0.020548768777841446, 0.020419411659703072, 0.020346908766621045, 0.02018386842926173, 0.020060715556614095, 0.019970155121820186, 0.019905412966441507, 0.019860328269953802, 0.019689549628068632, 0.019110038324468673, 0.018401772510693467, 0.01773443768827515, 0.01691379473734185, 0.0163889904882787, 0.015891976533507178, 0.015695148472402557, 0.015634975895130635, 0.01548249397414641, 0.015250362203767827, 0.01446715870868431, 0.013690714184349355, 0.013111437378948002, 0.01280400987898366, 0.012789088065484542, 0.012885508256999974, 0.012645414791893052, 0.012533763320360268, 0.01300792748125149, 0.014045480441271196, 0.015593406388961941, 0.017496649938682926, 0.01947963017829757, 0.021814960986639112, 0.0244888991790445, 0.027455202671237973, 0.030462142682767764, 0.03347516022004274, 0.03632355277573078, 0.03911728575744543, 0.041489125175428104, 0.043617926344794986, 0.04507509866910146, 0.045973158335007626, 0.046666313335408376, 0.047747911364257295, 0.04910015737076979, 0.051170936172887156, 0.05323921785426519, 0.05484930583024696, 0.05598397968583077, 0.056516639752925084, 0.05678375349578094, 0.05655312215346535, 0.05709318659280136, 0.05753330561326649, 0.05822424761198231, 0.05856641837777238, 0.058663546697002605, 0.05829520111627496, 0.058019458378357286, 0.05786276302771312, 0.057678835712609886, 0.05721489013034267, 0.05620972754199197, 0.05488023496470325, 0.05291870088860013, 0.05085359195424363, 0.04836971777146554, 0.045888993393773454, 0.04332790860019442, 0.040721243397433354, 0.03815348906679705, 0.03609755066086763, 0.03431153121207709, 0.03269994312791247, 0.03113246913067769, 0.029533434333839276, 0.02779284963423818, 0.02581340528028532, 0.023636664296078556, 0.021032966406022018, 0.018298152858289164, 0.015471223173718233, 0.012975006021594128, 0.011476514573927241, 0.011190786613452559, 0.012013514795745658, 0.013192708648177051, 0.0146026096239084, 0.016627808096549106, 0.019288816219412905, 0.022115031993867204, 0.024956066779425322, 0.027947127033299147, 0.030317719296220055, 0.03213024736687776, 0.033908117916643665, 0.035613155393420214, 0.03695858371541455, 0.0370883147011733, 0.035844860180821725, 0.03331269225961453, 0.030127822662769057, 0.026675716455458534, 0.02305094507263966, 0.019294584365168215, 0.016588874620184203, 0.013459760460278334, 0.010513659470637583, 0.008184205378854309, 0.005908681970234855, 0.003908372487361734, 0.002250880846271649, 0.001837561814419065, 0.003902446460586522, 0.00649131804032715, 0.008842266053540701, 0.011337576744963709, 0.013847821453172829, 0.016241515374979285, 0.018506880743639053, 0.020753891025054552, 0.022854281545735794, 0.025177910908837288, 0.027764777035113285, 0.0302577363231247, 0.032552204835272186, 0.033962244268502154, 0.03530995724171245, 0.036795414568091225, 0.03840706162943578, 0.039993850675796264, 0.04133645030179679, 0.04211247094820217, 0.04239213751353172, 0.042192499106345205, 0.04200269786908514, 0.041897190162155235, 0.041830932940717325, 0.04166737666619139, 0.04206882264734189, 0.0426127097658282, 0.042895687146734904, 0.04300135533202284, 0.04249799814293581, 0.041897582995049115, 0.04072077112408416, 0.03927976254850985, 0.037331499513228325, 0.035889992777759706, 0.03456359233645024, 0.033243529781910974, 0.03199033675126687, 0.03059935779738079, 0.029272240636492235, 0.027900707354997015, 0.02654938414970694, 0.02543173352052397, 0.024311103096379235, 0.023065212419431085, 0.021685454855791198, 0.02041159885695607, 0.019056064221564174, 0.017656707279948437, 0.01626614648165674, 0.015012383850973622, 0.013603567963072178, 0.012189757837366814, 0.010674529938407772, 0.009407142987148039, 0.008344525906195775, 0.007439054007672372, 0.0072034584519923735, 0.007775010970036668, 0.009047582903156274, 0.010731538882415681, 0.01253460028234948, 0.014333543563369548, 0.016070624592636203, 0.017817726146123574, 0.019557256660804743, 0.02116824086555951, 0.022529303997840977, 0.023628588936546305, 0.02391411988476377, 0.02359656311707365, 0.022355277074164143, 0.020961866673625245, 0.018393580144489934, 0.015660552711922182, 0.013874328661167971, 0.01254026736778108, 0.011812131260623127, 0.010800298354986543, 0.00961805971638548, 0.008471507575266851, 0.007656757785702683, 0.006719580941926242, 0.0056999472982024405, 0.005125787188458596, 0.00504686530895439, 0.005697178935649704, 0.006245540782853768, 0.0070976650798796875, 0.007900543705723831, 0.008755370167568399, 0.009807746909975117, 0.011209592216881203, 0.01276960312030194, 0.014467251258771754, 0.015865855510978952, 0.01751794577394112, 0.01978728846519214, 0.022540086452385207, 0.024859037758439572, 0.02589623397823137, 0.02611181133516041, 0.026565850619759173, 0.0272557734372972, 0.02776644526036269, 0.02799937699621002, 0.02818388188652303, 0.02806005928616626, 0.028083982827741123, 0.02781538632605852, 0.027763976455106594, 0.028120518002563644, 0.028688559534023904, 0.029389365084960088, 0.030059907204608147, 0.03052096911154336, 0.031053468449087778, 0.03142000488428638, 0.03173833045042581, 0.031892653890475096, 0.03198060527161537, 0.031944507243272385, 0.03180892531117334, 0.03180195743523648, 0.03175983113429147, 0.03185651864929952, 0.032146459060636644, 0.032526908876218445, 0.033087790299913135, 0.03370146462957083, 0.0342847740780508, 0.0344768243549477, 0.03441738754137779, 0.034008301029805295]",0.016686507754200334,0.017702093094265958,0.01288445734709523,0.010603315514586542,0.0,0.0,0.00029135735230789717,0.017702093094265958,0.01288445734709523,0.010603315514586542,2.664,1717635303.3671618,2024-06-06_10-55-03
0.5059,-0.06936,0.42240915275675395,0.4885804743925685,-0.08207405519978783,0.409566246399914,0.5059,-0.06936,0.42168981049856397,0.4885804743925685,-0.08207405519978783,0.409566246399914,0.01807173050136072,"[0.011315756658919754, 0.012192407496521018, 0.01288995615295488, 0.01359963525141729, 0.014321891165186378, 0.015181047888625853, 0.01592941522152252, 0.01673874496494045, 0.01751440457689525, 0.01835087734908702, 0.019202544572813795, 0.020070622325609303, 0.02095627718778323, 0.02186061264947246, 0.022737260153569413, 0.023681097053535004, 0.024646250751560458, 0.025633386418693636, 0.02659237614956749, 0.027623542314219474, 0.0286250346734827, 0.029647102596467904, 0.03056454213255984, 0.031680305841655834, 0.03263530150735364, 0.033606764937046466, 0.034593095597664145, 0.03536350794006898, 0.035930760474075646, 0.03631257033147624, 0.03661317474198803, 0.03688385713543919, 0.03738127616234113, 0.037934719347479336, 0.03858163380471939, 0.03921882339006296, 0.03999131852533767, 0.04074980907886149, 0.04127472956039594, 0.04151563832077664, 0.04151964454301027, 0.04123464219442919, 0.04096829512038153, 0.04056460486818273, 0.04028281736824196, 0.04000166841569801, 0.03919762289117317, 0.037812479337396496, 0.03622310391275238, 0.03453579653228067, 0.0330206041779641, 0.031565009966306234, 0.03054064037737075, 0.029904305612678588, 0.029394155816597912, 0.028896840658953926, 0.02825322628704274, 0.027685220830545497, 0.02666364029859006, 0.025486033827772144, 0.02414387260068274, 0.023028867611909868, 0.022681878550084772, 0.02299235797660897, 0.02387546679328945, 0.024738332374206702, 0.025547718436096926, 0.026640938816603423, 0.02759836215880636, 0.028240938725365098, 0.028199955208514017, 0.028168175430310402, 0.02767018559717724, 0.027414861073674215, 0.027239233260695786, 0.0274939869379551, 0.027874761581110984, 0.02868161073982207, 0.029514734605865275, 0.030345172291974937, 0.031248268714928727, 0.032298002681611045, 0.033509628354587276, 0.0348066615601669, 0.03569061118903811, 0.03631377821401384, 0.03654105211474412, 0.03646788532881584, 0.03572808397059345, 0.03427781350345514, 0.03309813106562172, 0.031639416134799855, 0.02970329439236902, 0.027599049067936567, 0.02603054913364457, 0.024090316372098155, 0.02220132238001286, 0.02051452966091278, 0.019044426362309692, 0.017805605247084858, 0.01643252777018217, 0.01523003850809785, 0.01424180324883461, 0.013706552220618947, 0.0130880570946912, 0.012988920737072255, 0.013178248200839212, 0.013386796436950147, 0.01359897371732897, 0.01439195864266014, 0.015495810506657983, 0.016686507754200334, 0.01807173050136072, 0.019341411872889052, 0.020370802976522343, 0.0213787239197115, 0.02262888584538598, 0.02401686851684336, 0.025523335513576738, 0.026670410326906566, 0.02758824337325398, 0.02810647098585074, 0.028219175888028712, 0.02804128716256827, 0.027840212128430745, 0.02799079668741686, 0.027988272685847155, 0.02831306909632167, 0.028434723397990712, 0.0285549391753426, 0.02832607944879636, 0.02800347501499142, 0.027460301198426997, 0.02681840364884072, 0.026203190519756815, 0.02552364346313934, 0.024940794741503684, 0.024553643852497812, 0.024009602077058226, 0.023587486328410737, 0.023053226444370627, 0.02237349941244249, 0.021247392964358097, 0.01948489409103017, 0.01759577829009665, 0.015969918059865678, 0.014849832783247986, 0.014164911869984548, 0.013546042864334782, 0.01328357500957488, 0.012905521640083246, 0.012806686101790404, 0.01256569256360443, 0.01270015008783326, 0.013333718053885597, 0.014364706842779438, 0.015230812921928084, 0.016214173123414017, 0.017422309714956504, 0.01848297873673576, 0.019690103784110968, 0.02062988015396428, 0.021304326954883004, 0.021542023987470748, 0.021445001132587415, 0.02128479356968176, 0.021154257299581803, 0.020548768777841446, 0.020419411659703072, 0.020346908766621045, 0.02018386842926173, 0.020060715556614095, 0.019970155121820186, 0.019905412966441507, 0.019860328269953802, 0.019689549628068632, 0.019110038324468673, 0.018401772510693467, 0.01773443768827515, 0.01691379473734185, 0.0163889904882787, 0.015891976533507178, 0.015695148472402557, 0.015634975895130635, 0.01548249397414641, 0.015250362203767827, 0.01446715870868431, 0.013690714184349355, 0.013111437378948002, 0.01280400987898366, 0.012789088065484542, 0.012885508256999974, 0.012645414791893052, 0.012533763320360268, 0.01300792748125149, 0.014045480441271196, 0.015593406388961941, 0.017496649938682926, 0.01947963017829757, 0.021814960986639112, 0.0244888991790445, 0.027455202671237973, 0.030462142682767764, 0.03347516022004274, 0.03632355277573078, 0.03911728575744543, 0.041489125175428104, 0.043617926344794986, 0.04507509866910146, 0.045973158335007626, 0.046666313335408376, 0.047747911364257295, 0.04910015737076979, 0.051170936172887156, 0.05323921785426519, 0.05484930583024696, 0.05598397968583077, 0.056516639752925084, 0.05678375349578094, 0.05655312215346535, 0.05709318659280136, 0.05753330561326649, 0.05822424761198231, 0.05856641837777238, 0.058663546697002605, 0.05829520111627496, 0.058019458378357286, 0.05786276302771312, 0.057678835712609886, 0.05721489013034267, 0.05620972754199197, 0.05488023496470325, 0.05291870088860013, 0.05085359195424363, 0.04836971777146554, 0.045888993393773454, 0.04332790860019442, 0.040721243397433354, 0.03815348906679705, 0.03609755066086763, 0.03431153121207709, 0.03269994312791247, 0.03113246913067769, 0.029533434333839276, 0.02779284963423818, 0.02581340528028532, 0.023636664296078556, 0.021032966406022018, 0.018298152858289164, 0.015471223173718233, 0.012975006021594128, 0.011476514573927241, 0.011190786613452559, 0.012013514795745658, 0.013192708648177051, 0.0146026096239084, 0.016627808096549106, 0.019288816219412905, 0.022115031993867204, 0.024956066779425322, 0.027947127033299147, 0.030317719296220055, 0.03213024736687776, 0.033908117916643665, 0.035613155393420214, 0.03695858371541455, 0.0370883147011733, 0.035844860180821725, 0.03331269225961453, 0.030127822662769057, 0.026675716455458534, 0.02305094507263966, 0.019294584365168215, 0.016588874620184203, 0.013459760460278334, 0.010513659470637583, 0.008184205378854309, 0.005908681970234855, 0.003908372487361734, 0.002250880846271649, 0.001837561814419065, 0.003902446460586522, 0.00649131804032715, 0.008842266053540701, 0.011337576744963709, 0.013847821453172829, 0.016241515374979285, 0.018506880743639053, 0.020753891025054552, 0.022854281545735794, 0.025177910908837288, 0.027764777035113285, 0.0302577363231247, 0.032552204835272186, 0.033962244268502154, 0.03530995724171245, 0.036795414568091225, 0.03840706162943578, 0.039993850675796264, 0.04133645030179679, 0.04211247094820217, 0.04239213751353172, 0.042192499106345205, 0.04200269786908514, 0.041897190162155235, 0.041830932940717325, 0.04166737666619139, 0.04206882264734189, 0.0426127097658282, 0.042895687146734904, 0.04300135533202284, 0.04249799814293581, 0.041897582995049115, 0.04072077112408416, 0.03927976254850985, 0.037331499513228325, 0.035889992777759706, 0.03456359233645024, 0.033243529781910974, 0.03199033675126687, 0.03059935779738079, 0.029272240636492235, 0.027900707354997015, 0.02654938414970694, 0.02543173352052397, 0.024311103096379235, 0.023065212419431085, 0.021685454855791198, 0.02041159885695607, 0.019056064221564174, 0.017656707279948437, 0.01626614648165674, 0.015012383850973622, 0.013603567963072178, 0.012189757837366814, 0.010674529938407772, 0.009407142987148039, 0.008344525906195775, 0.007439054007672372, 0.0072034584519923735, 0.007775010970036668, 0.009047582903156274, 0.010731538882415681, 0.01253460028234948, 0.014333543563369548, 0.016070624592636203, 0.017817726146123574, 0.019557256660804743, 0.02116824086555951, 0.022529303997840977, 0.023628588936546305, 0.02391411988476377, 0.02359656311707365, 0.022355277074164143, 0.020961866673625245, 0.018393580144489934, 0.015660552711922182, 0.013874328661167971, 0.01254026736778108, 0.011812131260623127, 0.010800298354986543, 0.00961805971638548, 0.008471507575266851, 0.007656757785702683, 0.006719580941926242, 0.0056999472982024405, 0.005125787188458596, 0.00504686530895439, 0.005697178935649704, 0.006245540782853768, 0.0070976650798796875, 0.007900543705723831, 0.008755370167568399, 0.009807746909975117, 0.011209592216881203, 0.01276960312030194, 0.014467251258771754, 0.015865855510978952, 0.01751794577394112, 0.01978728846519214, 0.022540086452385207, 0.024859037758439572, 0.02589623397823137, 0.02611181133516041, 0.026565850619759173, 0.0272557734372972, 0.02776644526036269, 0.02799937699621002, 0.02818388188652303, 0.02806005928616626, 0.028083982827741123, 0.02781538632605852, 0.027763976455106594, 0.028120518002563644, 0.028688559534023904, 0.029389365084960088, 0.030059907204608147, 0.03052096911154336, 0.031053468449087778, 0.03142000488428638, 0.03173833045042581, 0.031892653890475096, 0.03198060527161537, 0.031944507243272385, 0.03180892531117334, 0.03180195743523648, 0.03175983113429147, 0.03185651864929952, 0.032146459060636644, 0.032526908876218445, 0.033087790299913135, 0.03370146462957083, 0.0342847740780508, 0.0344768243549477, 0.03441738754137779, 0.034008301029805295]",0.01807173050136072,0.017319525607431496,0.012714055199787827,0.012842906356839934,0.0,0.0,0.0007193422581899811,0.017319525607431496,0.012714055199787827,0.012842906356839934,2.6879999999999997,1717635303.394971,2024-06-06_10-55-03
0.5059,-0.06863999999999999,0.4237680798605036,0.4887063639367938,-0.0809218580253631,0.4088266550060408,0.5059,-0.06863999999999999,0.42270208880478716,0.4887063639367938,-0.0809218580253631,0.4088266550060408,0.019341411872889052,"[0.011315756658919754, 0.012192407496521018, 0.01288995615295488, 0.01359963525141729, 0.014321891165186378, 0.015181047888625853, 0.01592941522152252, 0.01673874496494045, 0.01751440457689525, 0.01835087734908702, 0.019202544572813795, 0.020070622325609303, 0.02095627718778323, 0.02186061264947246, 0.022737260153569413, 0.023681097053535004, 0.024646250751560458, 0.025633386418693636, 0.02659237614956749, 0.027623542314219474, 0.0286250346734827, 0.029647102596467904, 0.03056454213255984, 0.031680305841655834, 0.03263530150735364, 0.033606764937046466, 0.034593095597664145, 0.03536350794006898, 0.035930760474075646, 0.03631257033147624, 0.03661317474198803, 0.03688385713543919, 0.03738127616234113, 0.037934719347479336, 0.03858163380471939, 0.03921882339006296, 0.03999131852533767, 0.04074980907886149, 0.04127472956039594, 0.04151563832077664, 0.04151964454301027, 0.04123464219442919, 0.04096829512038153, 0.04056460486818273, 0.04028281736824196, 0.04000166841569801, 0.03919762289117317, 0.037812479337396496, 0.03622310391275238, 0.03453579653228067, 0.0330206041779641, 0.031565009966306234, 0.03054064037737075, 0.029904305612678588, 0.029394155816597912, 0.028896840658953926, 0.02825322628704274, 0.027685220830545497, 0.02666364029859006, 0.025486033827772144, 0.02414387260068274, 0.023028867611909868, 0.022681878550084772, 0.02299235797660897, 0.02387546679328945, 0.024738332374206702, 0.025547718436096926, 0.026640938816603423, 0.02759836215880636, 0.028240938725365098, 0.028199955208514017, 0.028168175430310402, 0.02767018559717724, 0.027414861073674215, 0.027239233260695786, 0.0274939869379551, 0.027874761581110984, 0.02868161073982207, 0.029514734605865275, 0.030345172291974937, 0.031248268714928727, 0.032298002681611045, 0.033509628354587276, 0.0348066615601669, 0.03569061118903811, 0.03631377821401384, 0.03654105211474412, 0.03646788532881584, 0.03572808397059345, 0.03427781350345514, 0.03309813106562172, 0.031639416134799855, 0.02970329439236902, 0.027599049067936567, 0.02603054913364457, 0.024090316372098155, 0.02220132238001286, 0.02051452966091278, 0.019044426362309692, 0.017805605247084858, 0.01643252777018217, 0.01523003850809785, 0.01424180324883461, 0.013706552220618947, 0.0130880570946912, 0.012988920737072255, 0.013178248200839212, 0.013386796436950147, 0.01359897371732897, 0.01439195864266014, 0.015495810506657983, 0.016686507754200334, 0.01807173050136072, 0.019341411872889052, 0.020370802976522343, 0.0213787239197115, 0.02262888584538598, 0.02401686851684336, 0.025523335513576738, 0.026670410326906566, 0.02758824337325398, 0.02810647098585074, 0.028219175888028712, 0.02804128716256827, 0.027840212128430745, 0.02799079668741686, 0.027988272685847155, 0.02831306909632167, 0.028434723397990712, 0.0285549391753426, 0.02832607944879636, 0.02800347501499142, 0.027460301198426997, 0.02681840364884072, 0.026203190519756815, 0.02552364346313934, 0.024940794741503684, 0.024553643852497812, 0.024009602077058226, 0.023587486328410737, 0.023053226444370627, 0.02237349941244249, 0.021247392964358097, 0.01948489409103017, 0.01759577829009665, 0.015969918059865678, 0.014849832783247986, 0.014164911869984548, 0.013546042864334782, 0.01328357500957488, 0.012905521640083246, 0.012806686101790404, 0.01256569256360443, 0.01270015008783326, 0.013333718053885597, 0.014364706842779438, 0.015230812921928084, 0.016214173123414017, 0.017422309714956504, 0.01848297873673576, 0.019690103784110968, 0.02062988015396428, 0.021304326954883004, 0.021542023987470748, 0.021445001132587415, 0.02128479356968176, 0.021154257299581803, 0.020548768777841446, 0.020419411659703072, 0.020346908766621045, 0.02018386842926173, 0.020060715556614095, 0.019970155121820186, 0.019905412966441507, 0.019860328269953802, 0.019689549628068632, 0.019110038324468673, 0.018401772510693467, 0.01773443768827515, 0.01691379473734185, 0.0163889904882787, 0.015891976533507178, 0.015695148472402557, 0.015634975895130635, 0.01548249397414641, 0.015250362203767827, 0.01446715870868431, 0.013690714184349355, 0.013111437378948002, 0.01280400987898366, 0.012789088065484542, 0.012885508256999974, 0.012645414791893052, 0.012533763320360268, 0.01300792748125149, 0.014045480441271196, 0.015593406388961941, 0.017496649938682926, 0.01947963017829757, 0.021814960986639112, 0.0244888991790445, 0.027455202671237973, 0.030462142682767764, 0.03347516022004274, 0.03632355277573078, 0.03911728575744543, 0.041489125175428104, 0.043617926344794986, 0.04507509866910146, 0.045973158335007626, 0.046666313335408376, 0.047747911364257295, 0.04910015737076979, 0.051170936172887156, 0.05323921785426519, 0.05484930583024696, 0.05598397968583077, 0.056516639752925084, 0.05678375349578094, 0.05655312215346535, 0.05709318659280136, 0.05753330561326649, 0.05822424761198231, 0.05856641837777238, 0.058663546697002605, 0.05829520111627496, 0.058019458378357286, 0.05786276302771312, 0.057678835712609886, 0.05721489013034267, 0.05620972754199197, 0.05488023496470325, 0.05291870088860013, 0.05085359195424363, 0.04836971777146554, 0.045888993393773454, 0.04332790860019442, 0.040721243397433354, 0.03815348906679705, 0.03609755066086763, 0.03431153121207709, 0.03269994312791247, 0.03113246913067769, 0.029533434333839276, 0.02779284963423818, 0.02581340528028532, 0.023636664296078556, 0.021032966406022018, 0.018298152858289164, 0.015471223173718233, 0.012975006021594128, 0.011476514573927241, 0.011190786613452559, 0.012013514795745658, 0.013192708648177051, 0.0146026096239084, 0.016627808096549106, 0.019288816219412905, 0.022115031993867204, 0.024956066779425322, 0.027947127033299147, 0.030317719296220055, 0.03213024736687776, 0.033908117916643665, 0.035613155393420214, 0.03695858371541455, 0.0370883147011733, 0.035844860180821725, 0.03331269225961453, 0.030127822662769057, 0.026675716455458534, 0.02305094507263966, 0.019294584365168215, 0.016588874620184203, 0.013459760460278334, 0.010513659470637583, 0.008184205378854309, 0.005908681970234855, 0.003908372487361734, 0.002250880846271649, 0.001837561814419065, 0.003902446460586522, 0.00649131804032715, 0.008842266053540701, 0.011337576744963709, 0.013847821453172829, 0.016241515374979285, 0.018506880743639053, 0.020753891025054552, 0.022854281545735794, 0.025177910908837288, 0.027764777035113285, 0.0302577363231247, 0.032552204835272186, 0.033962244268502154, 0.03530995724171245, 0.036795414568091225, 0.03840706162943578, 0.039993850675796264, 0.04133645030179679, 0.04211247094820217, 0.04239213751353172, 0.042192499106345205, 0.04200269786908514, 0.041897190162155235, 0.041830932940717325, 0.04166737666619139, 0.04206882264734189, 0.0426127097658282, 0.042895687146734904, 0.04300135533202284, 0.04249799814293581, 0.041897582995049115, 0.04072077112408416, 0.03927976254850985, 0.037331499513228325, 0.035889992777759706, 0.03456359233645024, 0.033243529781910974, 0.03199033675126687, 0.03059935779738079, 0.029272240636492235, 0.027900707354997015, 0.02654938414970694, 0.02543173352052397, 0.024311103096379235, 0.023065212419431085, 0.021685454855791198, 0.02041159885695607, 0.019056064221564174, 0.017656707279948437, 0.01626614648165674, 0.015012383850973622, 0.013603567963072178, 0.012189757837366814, 0.010674529938407772, 0.009407142987148039, 0.008344525906195775, 0.007439054007672372, 0.0072034584519923735, 0.007775010970036668, 0.009047582903156274, 0.010731538882415681, 0.01253460028234948, 0.014333543563369548, 0.016070624592636203, 0.017817726146123574, 0.019557256660804743, 0.02116824086555951, 0.022529303997840977, 0.023628588936546305, 0.02391411988476377, 0.02359656311707365, 0.022355277074164143, 0.020961866673625245, 0.018393580144489934, 0.015660552711922182, 0.013874328661167971, 0.01254026736778108, 0.011812131260623127, 0.010800298354986543, 0.00961805971638548, 0.008471507575266851, 0.007656757785702683, 0.006719580941926242, 0.0056999472982024405, 0.005125787188458596, 0.00504686530895439, 0.005697178935649704, 0.006245540782853768, 0.0070976650798796875, 0.007900543705723831, 0.008755370167568399, 0.009807746909975117, 0.011209592216881203, 0.01276960312030194, 0.014467251258771754, 0.015865855510978952, 0.01751794577394112, 0.01978728846519214, 0.022540086452385207, 0.024859037758439572, 0.02589623397823137, 0.02611181133516041, 0.026565850619759173, 0.0272557734372972, 0.02776644526036269, 0.02799937699621002, 0.02818388188652303, 0.02806005928616626, 0.028083982827741123, 0.02781538632605852, 0.027763976455106594, 0.028120518002563644, 0.028688559534023904, 0.029389365084960088, 0.030059907204608147, 0.03052096911154336, 0.031053468449087778, 0.03142000488428638, 0.03173833045042581, 0.031892653890475096, 0.03198060527161537, 0.031944507243272385, 0.03180892531117334, 0.03180195743523648, 0.03175983113429147, 0.03185651864929952, 0.032146459060636644, 0.032526908876218445, 0.033087790299913135, 0.03370146462957083, 0.0342847740780508, 0.0344768243549477, 0.03441738754137779, 0.034008301029805295]",0.019341411872889052,0.01719363606320623,0.012281858025363107,0.01494142485446276,0.0,0.0,0.0010659910557164198,0.01719363606320623,0.012281858025363107,0.01494142485446276,2.7119999999999997,1717635303.4148977,2024-06-06_10-55-03
0.5059,-0.06792,0.425184201536156,0.4887734488580162,-0.07944140381807849,0.4083845923749565,0.5059,-0.06792,0.42385289779126895,0.4887734488580162,-0.07944140381807849,0.4083845923749565,0.020370802976522343,"[0.011315756658919754, 0.012192407496521018, 0.01288995615295488, 0.01359963525141729, 0.014321891165186378, 0.015181047888625853, 0.01592941522152252, 0.01673874496494045, 0.01751440457689525, 0.01835087734908702, 0.019202544572813795, 0.020070622325609303, 0.02095627718778323, 0.02186061264947246, 0.022737260153569413, 0.023681097053535004, 0.024646250751560458, 0.025633386418693636, 0.02659237614956749, 0.027623542314219474, 0.0286250346734827, 0.029647102596467904, 0.03056454213255984, 0.031680305841655834, 0.03263530150735364, 0.033606764937046466, 0.034593095597664145, 0.03536350794006898, 0.035930760474075646, 0.03631257033147624, 0.03661317474198803, 0.03688385713543919, 0.03738127616234113, 0.037934719347479336, 0.03858163380471939, 0.03921882339006296, 0.03999131852533767, 0.04074980907886149, 0.04127472956039594, 0.04151563832077664, 0.04151964454301027, 0.04123464219442919, 0.04096829512038153, 0.04056460486818273, 0.04028281736824196, 0.04000166841569801, 0.03919762289117317, 0.037812479337396496, 0.03622310391275238, 0.03453579653228067, 0.0330206041779641, 0.031565009966306234, 0.03054064037737075, 0.029904305612678588, 0.029394155816597912, 0.028896840658953926, 0.02825322628704274, 0.027685220830545497, 0.02666364029859006, 0.025486033827772144, 0.02414387260068274, 0.023028867611909868, 0.022681878550084772, 0.02299235797660897, 0.02387546679328945, 0.024738332374206702, 0.025547718436096926, 0.026640938816603423, 0.02759836215880636, 0.028240938725365098, 0.028199955208514017, 0.028168175430310402, 0.02767018559717724, 0.027414861073674215, 0.027239233260695786, 0.0274939869379551, 0.027874761581110984, 0.02868161073982207, 0.029514734605865275, 0.030345172291974937, 0.031248268714928727, 0.032298002681611045, 0.033509628354587276, 0.0348066615601669, 0.03569061118903811, 0.03631377821401384, 0.03654105211474412, 0.03646788532881584, 0.03572808397059345, 0.03427781350345514, 0.03309813106562172, 0.031639416134799855, 0.02970329439236902, 0.027599049067936567, 0.02603054913364457, 0.024090316372098155, 0.02220132238001286, 0.02051452966091278, 0.019044426362309692, 0.017805605247084858, 0.01643252777018217, 0.01523003850809785, 0.01424180324883461, 0.013706552220618947, 0.0130880570946912, 0.012988920737072255, 0.013178248200839212, 0.013386796436950147, 0.01359897371732897, 0.01439195864266014, 0.015495810506657983, 0.016686507754200334, 0.01807173050136072, 0.019341411872889052, 0.020370802976522343, 0.0213787239197115, 0.02262888584538598, 0.02401686851684336, 0.025523335513576738, 0.026670410326906566, 0.02758824337325398, 0.02810647098585074, 0.028219175888028712, 0.02804128716256827, 0.027840212128430745, 0.02799079668741686, 0.027988272685847155, 0.02831306909632167, 0.028434723397990712, 0.0285549391753426, 0.02832607944879636, 0.02800347501499142, 0.027460301198426997, 0.02681840364884072, 0.026203190519756815, 0.02552364346313934, 0.024940794741503684, 0.024553643852497812, 0.024009602077058226, 0.023587486328410737, 0.023053226444370627, 0.02237349941244249, 0.021247392964358097, 0.01948489409103017, 0.01759577829009665, 0.015969918059865678, 0.014849832783247986, 0.014164911869984548, 0.013546042864334782, 0.01328357500957488, 0.012905521640083246, 0.012806686101790404, 0.01256569256360443, 0.01270015008783326, 0.013333718053885597, 0.014364706842779438, 0.015230812921928084, 0.016214173123414017, 0.017422309714956504, 0.01848297873673576, 0.019690103784110968, 0.02062988015396428, 0.021304326954883004, 0.021542023987470748, 0.021445001132587415, 0.02128479356968176, 0.021154257299581803, 0.020548768777841446, 0.020419411659703072, 0.020346908766621045, 0.02018386842926173, 0.020060715556614095, 0.019970155121820186, 0.019905412966441507, 0.019860328269953802, 0.019689549628068632, 0.019110038324468673, 0.018401772510693467, 0.01773443768827515, 0.01691379473734185, 0.0163889904882787, 0.015891976533507178, 0.015695148472402557, 0.015634975895130635, 0.01548249397414641, 0.015250362203767827, 0.01446715870868431, 0.013690714184349355, 0.013111437378948002, 0.01280400987898366, 0.012789088065484542, 0.012885508256999974, 0.012645414791893052, 0.012533763320360268, 0.01300792748125149, 0.014045480441271196, 0.015593406388961941, 0.017496649938682926, 0.01947963017829757, 0.021814960986639112, 0.0244888991790445, 0.027455202671237973, 0.030462142682767764, 0.03347516022004274, 0.03632355277573078, 0.03911728575744543, 0.041489125175428104, 0.043617926344794986, 0.04507509866910146, 0.045973158335007626, 0.046666313335408376, 0.047747911364257295, 0.04910015737076979, 0.051170936172887156, 0.05323921785426519, 0.05484930583024696, 0.05598397968583077, 0.056516639752925084, 0.05678375349578094, 0.05655312215346535, 0.05709318659280136, 0.05753330561326649, 0.05822424761198231, 0.05856641837777238, 0.058663546697002605, 0.05829520111627496, 0.058019458378357286, 0.05786276302771312, 0.057678835712609886, 0.05721489013034267, 0.05620972754199197, 0.05488023496470325, 0.05291870088860013, 0.05085359195424363, 0.04836971777146554, 0.045888993393773454, 0.04332790860019442, 0.040721243397433354, 0.03815348906679705, 0.03609755066086763, 0.03431153121207709, 0.03269994312791247, 0.03113246913067769, 0.029533434333839276, 0.02779284963423818, 0.02581340528028532, 0.023636664296078556, 0.021032966406022018, 0.018298152858289164, 0.015471223173718233, 0.012975006021594128, 0.011476514573927241, 0.011190786613452559, 0.012013514795745658, 0.013192708648177051, 0.0146026096239084, 0.016627808096549106, 0.019288816219412905, 0.022115031993867204, 0.024956066779425322, 0.027947127033299147, 0.030317719296220055, 0.03213024736687776, 0.033908117916643665, 0.035613155393420214, 0.03695858371541455, 0.0370883147011733, 0.035844860180821725, 0.03331269225961453, 0.030127822662769057, 0.026675716455458534, 0.02305094507263966, 0.019294584365168215, 0.016588874620184203, 0.013459760460278334, 0.010513659470637583, 0.008184205378854309, 0.005908681970234855, 0.003908372487361734, 0.002250880846271649, 0.001837561814419065, 0.003902446460586522, 0.00649131804032715, 0.008842266053540701, 0.011337576744963709, 0.013847821453172829, 0.016241515374979285, 0.018506880743639053, 0.020753891025054552, 0.022854281545735794, 0.025177910908837288, 0.027764777035113285, 0.0302577363231247, 0.032552204835272186, 0.033962244268502154, 0.03530995724171245, 0.036795414568091225, 0.03840706162943578, 0.039993850675796264, 0.04133645030179679, 0.04211247094820217, 0.04239213751353172, 0.042192499106345205, 0.04200269786908514, 0.041897190162155235, 0.041830932940717325, 0.04166737666619139, 0.04206882264734189, 0.0426127097658282, 0.042895687146734904, 0.04300135533202284, 0.04249799814293581, 0.041897582995049115, 0.04072077112408416, 0.03927976254850985, 0.037331499513228325, 0.035889992777759706, 0.03456359233645024, 0.033243529781910974, 0.03199033675126687, 0.03059935779738079, 0.029272240636492235, 0.027900707354997015, 0.02654938414970694, 0.02543173352052397, 0.024311103096379235, 0.023065212419431085, 0.021685454855791198, 0.02041159885695607, 0.019056064221564174, 0.017656707279948437, 0.01626614648165674, 0.015012383850973622, 0.013603567963072178, 0.012189757837366814, 0.010674529938407772, 0.009407142987148039, 0.008344525906195775, 0.007439054007672372, 0.0072034584519923735, 0.007775010970036668, 0.009047582903156274, 0.010731538882415681, 0.01253460028234948, 0.014333543563369548, 0.016070624592636203, 0.017817726146123574, 0.019557256660804743, 0.02116824086555951, 0.022529303997840977, 0.023628588936546305, 0.02391411988476377, 0.02359656311707365, 0.022355277074164143, 0.020961866673625245, 0.018393580144489934, 0.015660552711922182, 0.013874328661167971, 0.01254026736778108, 0.011812131260623127, 0.010800298354986543, 0.00961805971638548, 0.008471507575266851, 0.007656757785702683, 0.006719580941926242, 0.0056999472982024405, 0.005125787188458596, 0.00504686530895439, 0.005697178935649704, 0.006245540782853768, 0.0070976650798796875, 0.007900543705723831, 0.008755370167568399, 0.009807746909975117, 0.011209592216881203, 0.01276960312030194, 0.014467251258771754, 0.015865855510978952, 0.01751794577394112, 0.01978728846519214, 0.022540086452385207, 0.024859037758439572, 0.02589623397823137, 0.02611181133516041, 0.026565850619759173, 0.0272557734372972, 0.02776644526036269, 0.02799937699621002, 0.02818388188652303, 0.02806005928616626, 0.028083982827741123, 0.02781538632605852, 0.027763976455106594, 0.028120518002563644, 0.028688559534023904, 0.029389365084960088, 0.030059907204608147, 0.03052096911154336, 0.031053468449087778, 0.03142000488428638, 0.03173833045042581, 0.031892653890475096, 0.03198060527161537, 0.031944507243272385, 0.03180892531117334, 0.03180195743523648, 0.03175983113429147, 0.03185651864929952, 0.032146459060636644, 0.032526908876218445, 0.033087790299913135, 0.03370146462957083, 0.0342847740780508, 0.0344768243549477, 0.03441738754137779, 0.034008301029805295]",0.020370802976522343,0.017126551141983803,0.011521403818078493,0.01679960916119949,0.0,0.0,0.0013313037448870468,0.017126551141983803,0.011521403818078493,0.01679960916119949,2.736,1717635303.4390364,2024-06-06_10-55-03
0.5059,-0.0672,0.4266487916391742,0.4886220245339983,-0.07766870851851497,0.4080086205458173,0.5059,-0.0672,0.42505217520511646,0.4886220245339983,-0.07766870851851497,0.4080086205458173,0.0213787239197115,"[0.011315756658919754, 0.012192407496521018, 0.01288995615295488, 0.01359963525141729, 0.014321891165186378, 0.015181047888625853, 0.01592941522152252, 0.01673874496494045, 0.01751440457689525, 0.01835087734908702, 0.019202544572813795, 0.020070622325609303, 0.02095627718778323, 0.02186061264947246, 0.022737260153569413, 0.023681097053535004, 0.024646250751560458, 0.025633386418693636, 0.02659237614956749, 0.027623542314219474, 0.0286250346734827, 0.029647102596467904, 0.03056454213255984, 0.031680305841655834, 0.03263530150735364, 0.033606764937046466, 0.034593095597664145, 0.03536350794006898, 0.035930760474075646, 0.03631257033147624, 0.03661317474198803, 0.03688385713543919, 0.03738127616234113, 0.037934719347479336, 0.03858163380471939, 0.03921882339006296, 0.03999131852533767, 0.04074980907886149, 0.04127472956039594, 0.04151563832077664, 0.04151964454301027, 0.04123464219442919, 0.04096829512038153, 0.04056460486818273, 0.04028281736824196, 0.04000166841569801, 0.03919762289117317, 0.037812479337396496, 0.03622310391275238, 0.03453579653228067, 0.0330206041779641, 0.031565009966306234, 0.03054064037737075, 0.029904305612678588, 0.029394155816597912, 0.028896840658953926, 0.02825322628704274, 0.027685220830545497, 0.02666364029859006, 0.025486033827772144, 0.02414387260068274, 0.023028867611909868, 0.022681878550084772, 0.02299235797660897, 0.02387546679328945, 0.024738332374206702, 0.025547718436096926, 0.026640938816603423, 0.02759836215880636, 0.028240938725365098, 0.028199955208514017, 0.028168175430310402, 0.02767018559717724, 0.027414861073674215, 0.027239233260695786, 0.0274939869379551, 0.027874761581110984, 0.02868161073982207, 0.029514734605865275, 0.030345172291974937, 0.031248268714928727, 0.032298002681611045, 0.033509628354587276, 0.0348066615601669, 0.03569061118903811, 0.03631377821401384, 0.03654105211474412, 0.03646788532881584, 0.03572808397059345, 0.03427781350345514, 0.03309813106562172, 0.031639416134799855, 0.02970329439236902, 0.027599049067936567, 0.02603054913364457, 0.024090316372098155, 0.02220132238001286, 0.02051452966091278, 0.019044426362309692, 0.017805605247084858, 0.01643252777018217, 0.01523003850809785, 0.01424180324883461, 0.013706552220618947, 0.0130880570946912, 0.012988920737072255, 0.013178248200839212, 0.013386796436950147, 0.01359897371732897, 0.01439195864266014, 0.015495810506657983, 0.016686507754200334, 0.01807173050136072, 0.019341411872889052, 0.020370802976522343, 0.0213787239197115, 0.02262888584538598, 0.02401686851684336, 0.025523335513576738, 0.026670410326906566, 0.02758824337325398, 0.02810647098585074, 0.028219175888028712, 0.02804128716256827, 0.027840212128430745, 0.02799079668741686, 0.027988272685847155, 0.02831306909632167, 0.028434723397990712, 0.0285549391753426, 0.02832607944879636, 0.02800347501499142, 0.027460301198426997, 0.02681840364884072, 0.026203190519756815, 0.02552364346313934, 0.024940794741503684, 0.024553643852497812, 0.024009602077058226, 0.023587486328410737, 0.023053226444370627, 0.02237349941244249, 0.021247392964358097, 0.01948489409103017, 0.01759577829009665, 0.015969918059865678, 0.014849832783247986, 0.014164911869984548, 0.013546042864334782, 0.01328357500957488, 0.012905521640083246, 0.012806686101790404, 0.01256569256360443, 0.01270015008783326, 0.013333718053885597, 0.014364706842779438, 0.015230812921928084, 0.016214173123414017, 0.017422309714956504, 0.01848297873673576, 0.019690103784110968, 0.02062988015396428, 0.021304326954883004, 0.021542023987470748, 0.021445001132587415, 0.02128479356968176, 0.021154257299581803, 0.020548768777841446, 0.020419411659703072, 0.020346908766621045, 0.02018386842926173, 0.020060715556614095, 0.019970155121820186, 0.019905412966441507, 0.019860328269953802, 0.019689549628068632, 0.019110038324468673, 0.018401772510693467, 0.01773443768827515, 0.01691379473734185, 0.0163889904882787, 0.015891976533507178, 0.015695148472402557, 0.015634975895130635, 0.01548249397414641, 0.015250362203767827, 0.01446715870868431, 0.013690714184349355, 0.013111437378948002, 0.01280400987898366, 0.012789088065484542, 0.012885508256999974, 0.012645414791893052, 0.012533763320360268, 0.01300792748125149, 0.014045480441271196, 0.015593406388961941, 0.017496649938682926, 0.01947963017829757, 0.021814960986639112, 0.0244888991790445, 0.027455202671237973, 0.030462142682767764, 0.03347516022004274, 0.03632355277573078, 0.03911728575744543, 0.041489125175428104, 0.043617926344794986, 0.04507509866910146, 0.045973158335007626, 0.046666313335408376, 0.047747911364257295, 0.04910015737076979, 0.051170936172887156, 0.05323921785426519, 0.05484930583024696, 0.05598397968583077, 0.056516639752925084, 0.05678375349578094, 0.05655312215346535, 0.05709318659280136, 0.05753330561326649, 0.05822424761198231, 0.05856641837777238, 0.058663546697002605, 0.05829520111627496, 0.058019458378357286, 0.05786276302771312, 0.057678835712609886, 0.05721489013034267, 0.05620972754199197, 0.05488023496470325, 0.05291870088860013, 0.05085359195424363, 0.04836971777146554, 0.045888993393773454, 0.04332790860019442, 0.040721243397433354, 0.03815348906679705, 0.03609755066086763, 0.03431153121207709, 0.03269994312791247, 0.03113246913067769, 0.029533434333839276, 0.02779284963423818, 0.02581340528028532, 0.023636664296078556, 0.021032966406022018, 0.018298152858289164, 0.015471223173718233, 0.012975006021594128, 0.011476514573927241, 0.011190786613452559, 0.012013514795745658, 0.013192708648177051, 0.0146026096239084, 0.016627808096549106, 0.019288816219412905, 0.022115031993867204, 0.024956066779425322, 0.027947127033299147, 0.030317719296220055, 0.03213024736687776, 0.033908117916643665, 0.035613155393420214, 0.03695858371541455, 0.0370883147011733, 0.035844860180821725, 0.03331269225961453, 0.030127822662769057, 0.026675716455458534, 0.02305094507263966, 0.019294584365168215, 0.016588874620184203, 0.013459760460278334, 0.010513659470637583, 0.008184205378854309, 0.005908681970234855, 0.003908372487361734, 0.002250880846271649, 0.001837561814419065, 0.003902446460586522, 0.00649131804032715, 0.008842266053540701, 0.011337576744963709, 0.013847821453172829, 0.016241515374979285, 0.018506880743639053, 0.020753891025054552, 0.022854281545735794, 0.025177910908837288, 0.027764777035113285, 0.0302577363231247, 0.032552204835272186, 0.033962244268502154, 0.03530995724171245, 0.036795414568091225, 0.03840706162943578, 0.039993850675796264, 0.04133645030179679, 0.04211247094820217, 0.04239213751353172, 0.042192499106345205, 0.04200269786908514, 0.041897190162155235, 0.041830932940717325, 0.04166737666619139, 0.04206882264734189, 0.0426127097658282, 0.042895687146734904, 0.04300135533202284, 0.04249799814293581, 0.041897582995049115, 0.04072077112408416, 0.03927976254850985, 0.037331499513228325, 0.035889992777759706, 0.03456359233645024, 0.033243529781910974, 0.03199033675126687, 0.03059935779738079, 0.029272240636492235, 0.027900707354997015, 0.02654938414970694, 0.02543173352052397, 0.024311103096379235, 0.023065212419431085, 0.021685454855791198, 0.02041159885695607, 0.019056064221564174, 0.017656707279948437, 0.01626614648165674, 0.015012383850973622, 0.013603567963072178, 0.012189757837366814, 0.010674529938407772, 0.009407142987148039, 0.008344525906195775, 0.007439054007672372, 0.0072034584519923735, 0.007775010970036668, 0.009047582903156274, 0.010731538882415681, 0.01253460028234948, 0.014333543563369548, 0.016070624592636203, 0.017817726146123574, 0.019557256660804743, 0.02116824086555951, 0.022529303997840977, 0.023628588936546305, 0.02391411988476377, 0.02359656311707365, 0.022355277074164143, 0.020961866673625245, 0.018393580144489934, 0.015660552711922182, 0.013874328661167971, 0.01254026736778108, 0.011812131260623127, 0.010800298354986543, 0.00961805971638548, 0.008471507575266851, 0.007656757785702683, 0.006719580941926242, 0.0056999472982024405, 0.005125787188458596, 0.00504686530895439, 0.005697178935649704, 0.006245540782853768, 0.0070976650798796875, 0.007900543705723831, 0.008755370167568399, 0.009807746909975117, 0.011209592216881203, 0.01276960312030194, 0.014467251258771754, 0.015865855510978952, 0.01751794577394112, 0.01978728846519214, 0.022540086452385207, 0.024859037758439572, 0.02589623397823137, 0.02611181133516041, 0.026565850619759173, 0.0272557734372972, 0.02776644526036269, 0.02799937699621002, 0.02818388188652303, 0.02806005928616626, 0.028083982827741123, 0.02781538632605852, 0.027763976455106594, 0.028120518002563644, 0.028688559534023904, 0.029389365084960088, 0.030059907204608147, 0.03052096911154336, 0.031053468449087778, 0.03142000488428638, 0.03173833045042581, 0.031892653890475096, 0.03198060527161537, 0.031944507243272385, 0.03180892531117334, 0.03180195743523648, 0.03175983113429147, 0.03185651864929952, 0.032146459060636644, 0.032526908876218445, 0.033087790299913135, 0.03370146462957083, 0.0342847740780508, 0.0344768243549477, 0.03441738754137779, 0.034008301029805295]",0.0213787239197115,0.017277975466001738,0.010468708518514974,0.01864017109335686,0.0,0.0,0.0015966164340577294,0.017277975466001738,0.010468708518514974,0.01864017109335686,2.7600000000000002,1717635303.463122,2024-06-06_10-55-03
0.5059,-0.06648,0.428152790837433,0.4885047306725179,-0.07620386411125642,0.4077196574176824,0.5059,-0.06648,0.4262908617142046,0.4885047306725179,-0.07620386411125642,0.4077196574176824,0.02262888584538598,"[0.011315756658919754, 0.012192407496521018, 0.01288995615295488, 0.01359963525141729, 0.014321891165186378, 0.015181047888625853, 0.01592941522152252, 0.01673874496494045, 0.01751440457689525, 0.01835087734908702, 0.019202544572813795, 0.020070622325609303, 0.02095627718778323, 0.02186061264947246, 0.022737260153569413, 0.023681097053535004, 0.024646250751560458, 0.025633386418693636, 0.02659237614956749, 0.027623542314219474, 0.0286250346734827, 0.029647102596467904, 0.03056454213255984, 0.031680305841655834, 0.03263530150735364, 0.033606764937046466, 0.034593095597664145, 0.03536350794006898, 0.035930760474075646, 0.03631257033147624, 0.03661317474198803, 0.03688385713543919, 0.03738127616234113, 0.037934719347479336, 0.03858163380471939, 0.03921882339006296, 0.03999131852533767, 0.04074980907886149, 0.04127472956039594, 0.04151563832077664, 0.04151964454301027, 0.04123464219442919, 0.04096829512038153, 0.04056460486818273, 0.04028281736824196, 0.04000166841569801, 0.03919762289117317, 0.037812479337396496, 0.03622310391275238, 0.03453579653228067, 0.0330206041779641, 0.031565009966306234, 0.03054064037737075, 0.029904305612678588, 0.029394155816597912, 0.028896840658953926, 0.02825322628704274, 0.027685220830545497, 0.02666364029859006, 0.025486033827772144, 0.02414387260068274, 0.023028867611909868, 0.022681878550084772, 0.02299235797660897, 0.02387546679328945, 0.024738332374206702, 0.025547718436096926, 0.026640938816603423, 0.02759836215880636, 0.028240938725365098, 0.028199955208514017, 0.028168175430310402, 0.02767018559717724, 0.027414861073674215, 0.027239233260695786, 0.0274939869379551, 0.027874761581110984, 0.02868161073982207, 0.029514734605865275, 0.030345172291974937, 0.031248268714928727, 0.032298002681611045, 0.033509628354587276, 0.0348066615601669, 0.03569061118903811, 0.03631377821401384, 0.03654105211474412, 0.03646788532881584, 0.03572808397059345, 0.03427781350345514, 0.03309813106562172, 0.031639416134799855, 0.02970329439236902, 0.027599049067936567, 0.02603054913364457, 0.024090316372098155, 0.02220132238001286, 0.02051452966091278, 0.019044426362309692, 0.017805605247084858, 0.01643252777018217, 0.01523003850809785, 0.01424180324883461, 0.013706552220618947, 0.0130880570946912, 0.012988920737072255, 0.013178248200839212, 0.013386796436950147, 0.01359897371732897, 0.01439195864266014, 0.015495810506657983, 0.016686507754200334, 0.01807173050136072, 0.019341411872889052, 0.020370802976522343, 0.0213787239197115, 0.02262888584538598, 0.02401686851684336, 0.025523335513576738, 0.026670410326906566, 0.02758824337325398, 0.02810647098585074, 0.028219175888028712, 0.02804128716256827, 0.027840212128430745, 0.02799079668741686, 0.027988272685847155, 0.02831306909632167, 0.028434723397990712, 0.0285549391753426, 0.02832607944879636, 0.02800347501499142, 0.027460301198426997, 0.02681840364884072, 0.026203190519756815, 0.02552364346313934, 0.024940794741503684, 0.024553643852497812, 0.024009602077058226, 0.023587486328410737, 0.023053226444370627, 0.02237349941244249, 0.021247392964358097, 0.01948489409103017, 0.01759577829009665, 0.015969918059865678, 0.014849832783247986, 0.014164911869984548, 0.013546042864334782, 0.01328357500957488, 0.012905521640083246, 0.012806686101790404, 0.01256569256360443, 0.01270015008783326, 0.013333718053885597, 0.014364706842779438, 0.015230812921928084, 0.016214173123414017, 0.017422309714956504, 0.01848297873673576, 0.019690103784110968, 0.02062988015396428, 0.021304326954883004, 0.021542023987470748, 0.021445001132587415, 0.02128479356968176, 0.021154257299581803, 0.020548768777841446, 0.020419411659703072, 0.020346908766621045, 0.02018386842926173, 0.020060715556614095, 0.019970155121820186, 0.019905412966441507, 0.019860328269953802, 0.019689549628068632, 0.019110038324468673, 0.018401772510693467, 0.01773443768827515, 0.01691379473734185, 0.0163889904882787, 0.015891976533507178, 0.015695148472402557, 0.015634975895130635, 0.01548249397414641, 0.015250362203767827, 0.01446715870868431, 0.013690714184349355, 0.013111437378948002, 0.01280400987898366, 0.012789088065484542, 0.012885508256999974, 0.012645414791893052, 0.012533763320360268, 0.01300792748125149, 0.014045480441271196, 0.015593406388961941, 0.017496649938682926, 0.01947963017829757, 0.021814960986639112, 0.0244888991790445, 0.027455202671237973, 0.030462142682767764, 0.03347516022004274, 0.03632355277573078, 0.03911728575744543, 0.041489125175428104, 0.043617926344794986, 0.04507509866910146, 0.045973158335007626, 0.046666313335408376, 0.047747911364257295, 0.04910015737076979, 0.051170936172887156, 0.05323921785426519, 0.05484930583024696, 0.05598397968583077, 0.056516639752925084, 0.05678375349578094, 0.05655312215346535, 0.05709318659280136, 0.05753330561326649, 0.05822424761198231, 0.05856641837777238, 0.058663546697002605, 0.05829520111627496, 0.058019458378357286, 0.05786276302771312, 0.057678835712609886, 0.05721489013034267, 0.05620972754199197, 0.05488023496470325, 0.05291870088860013, 0.05085359195424363, 0.04836971777146554, 0.045888993393773454, 0.04332790860019442, 0.040721243397433354, 0.03815348906679705, 0.03609755066086763, 0.03431153121207709, 0.03269994312791247, 0.03113246913067769, 0.029533434333839276, 0.02779284963423818, 0.02581340528028532, 0.023636664296078556, 0.021032966406022018, 0.018298152858289164, 0.015471223173718233, 0.012975006021594128, 0.011476514573927241, 0.011190786613452559, 0.012013514795745658, 0.013192708648177051, 0.0146026096239084, 0.016627808096549106, 0.019288816219412905, 0.022115031993867204, 0.024956066779425322, 0.027947127033299147, 0.030317719296220055, 0.03213024736687776, 0.033908117916643665, 0.035613155393420214, 0.03695858371541455, 0.0370883147011733, 0.035844860180821725, 0.03331269225961453, 0.030127822662769057, 0.026675716455458534, 0.02305094507263966, 0.019294584365168215, 0.016588874620184203, 0.013459760460278334, 0.010513659470637583, 0.008184205378854309, 0.005908681970234855, 0.003908372487361734, 0.002250880846271649, 0.001837561814419065, 0.003902446460586522, 0.00649131804032715, 0.008842266053540701, 0.011337576744963709, 0.013847821453172829, 0.016241515374979285, 0.018506880743639053, 0.020753891025054552, 0.022854281545735794, 0.025177910908837288, 0.027764777035113285, 0.0302577363231247, 0.032552204835272186, 0.033962244268502154, 0.03530995724171245, 0.036795414568091225, 0.03840706162943578, 0.039993850675796264, 0.04133645030179679, 0.04211247094820217, 0.04239213751353172, 0.042192499106345205, 0.04200269786908514, 0.041897190162155235, 0.041830932940717325, 0.04166737666619139, 0.04206882264734189, 0.0426127097658282, 0.042895687146734904, 0.04300135533202284, 0.04249799814293581, 0.041897582995049115, 0.04072077112408416, 0.03927976254850985, 0.037331499513228325, 0.035889992777759706, 0.03456359233645024, 0.033243529781910974, 0.03199033675126687, 0.03059935779738079, 0.029272240636492235, 0.027900707354997015, 0.02654938414970694, 0.02543173352052397, 0.024311103096379235, 0.023065212419431085, 0.021685454855791198, 0.02041159885695607, 0.019056064221564174, 0.017656707279948437, 0.01626614648165674, 0.015012383850973622, 0.013603567963072178, 0.012189757837366814, 0.010674529938407772, 0.009407142987148039, 0.008344525906195775, 0.007439054007672372, 0.0072034584519923735, 0.007775010970036668, 0.009047582903156274, 0.010731538882415681, 0.01253460028234948, 0.014333543563369548, 0.016070624592636203, 0.017817726146123574, 0.019557256660804743, 0.02116824086555951, 0.022529303997840977, 0.023628588936546305, 0.02391411988476377, 0.02359656311707365, 0.022355277074164143, 0.020961866673625245, 0.018393580144489934, 0.015660552711922182, 0.013874328661167971, 0.01254026736778108, 0.011812131260623127, 0.010800298354986543, 0.00961805971638548, 0.008471507575266851, 0.007656757785702683, 0.006719580941926242, 0.0056999472982024405, 0.005125787188458596, 0.00504686530895439, 0.005697178935649704, 0.006245540782853768, 0.0070976650798796875, 0.007900543705723831, 0.008755370167568399, 0.009807746909975117, 0.011209592216881203, 0.01276960312030194, 0.014467251258771754, 0.015865855510978952, 0.01751794577394112, 0.01978728846519214, 0.022540086452385207, 0.024859037758439572, 0.02589623397823137, 0.02611181133516041, 0.026565850619759173, 0.0272557734372972, 0.02776644526036269, 0.02799937699621002, 0.02818388188652303, 0.02806005928616626, 0.028083982827741123, 0.02781538632605852, 0.027763976455106594, 0.028120518002563644, 0.028688559534023904, 0.029389365084960088, 0.030059907204608147, 0.03052096911154336, 0.031053468449087778, 0.03142000488428638, 0.03173833045042581, 0.031892653890475096, 0.03198060527161537, 0.031944507243272385, 0.03180892531117334, 0.03180195743523648, 0.03175983113429147, 0.03185651864929952, 0.032146459060636644, 0.032526908876218445, 0.033087790299913135, 0.03370146462957083, 0.0342847740780508, 0.0344768243549477, 0.03441738754137779, 0.034008301029805295]",0.02262888584538598,0.017395269327482143,0.00972386411125642,0.020433133419750615,0.0,0.0,0.0018619291232284119,0.017395269327482143,0.00972386411125642,0.020433133419750615,2.784,1717635303.4872675,2024-06-06_10-55-03
0.5059,-0.06576,0.4296868532956127,0.48840358184994775,-0.07489328492827489,0.4074744000368146,0.5059,-0.06576,0.42759046330730444,0.48840358184994775,-0.07489328492827489,0.4074744000368146,0.02401686851684336,"[0.011315756658919754, 0.012192407496521018, 0.01288995615295488, 0.01359963525141729, 0.014321891165186378, 0.015181047888625853, 0.01592941522152252, 0.01673874496494045, 0.01751440457689525, 0.01835087734908702, 0.019202544572813795, 0.020070622325609303, 0.02095627718778323, 0.02186061264947246, 0.022737260153569413, 0.023681097053535004, 0.024646250751560458, 0.025633386418693636, 0.02659237614956749, 0.027623542314219474, 0.0286250346734827, 0.029647102596467904, 0.03056454213255984, 0.031680305841655834, 0.03263530150735364, 0.033606764937046466, 0.034593095597664145, 0.03536350794006898, 0.035930760474075646, 0.03631257033147624, 0.03661317474198803, 0.03688385713543919, 0.03738127616234113, 0.037934719347479336, 0.03858163380471939, 0.03921882339006296, 0.03999131852533767, 0.04074980907886149, 0.04127472956039594, 0.04151563832077664, 0.04151964454301027, 0.04123464219442919, 0.04096829512038153, 0.04056460486818273, 0.04028281736824196, 0.04000166841569801, 0.03919762289117317, 0.037812479337396496, 0.03622310391275238, 0.03453579653228067, 0.0330206041779641, 0.031565009966306234, 0.03054064037737075, 0.029904305612678588, 0.029394155816597912, 0.028896840658953926, 0.02825322628704274, 0.027685220830545497, 0.02666364029859006, 0.025486033827772144, 0.02414387260068274, 0.023028867611909868, 0.022681878550084772, 0.02299235797660897, 0.02387546679328945, 0.024738332374206702, 0.025547718436096926, 0.026640938816603423, 0.02759836215880636, 0.028240938725365098, 0.028199955208514017, 0.028168175430310402, 0.02767018559717724, 0.027414861073674215, 0.027239233260695786, 0.0274939869379551, 0.027874761581110984, 0.02868161073982207, 0.029514734605865275, 0.030345172291974937, 0.031248268714928727, 0.032298002681611045, 0.033509628354587276, 0.0348066615601669, 0.03569061118903811, 0.03631377821401384, 0.03654105211474412, 0.03646788532881584, 0.03572808397059345, 0.03427781350345514, 0.03309813106562172, 0.031639416134799855, 0.02970329439236902, 0.027599049067936567, 0.02603054913364457, 0.024090316372098155, 0.02220132238001286, 0.02051452966091278, 0.019044426362309692, 0.017805605247084858, 0.01643252777018217, 0.01523003850809785, 0.01424180324883461, 0.013706552220618947, 0.0130880570946912, 0.012988920737072255, 0.013178248200839212, 0.013386796436950147, 0.01359897371732897, 0.01439195864266014, 0.015495810506657983, 0.016686507754200334, 0.01807173050136072, 0.019341411872889052, 0.020370802976522343, 0.0213787239197115, 0.02262888584538598, 0.02401686851684336, 0.025523335513576738, 0.026670410326906566, 0.02758824337325398, 0.02810647098585074, 0.028219175888028712, 0.02804128716256827, 0.027840212128430745, 0.02799079668741686, 0.027988272685847155, 0.02831306909632167, 0.028434723397990712, 0.0285549391753426, 0.02832607944879636, 0.02800347501499142, 0.027460301198426997, 0.02681840364884072, 0.026203190519756815, 0.02552364346313934, 0.024940794741503684, 0.024553643852497812, 0.024009602077058226, 0.023587486328410737, 0.023053226444370627, 0.02237349941244249, 0.021247392964358097, 0.01948489409103017, 0.01759577829009665, 0.015969918059865678, 0.014849832783247986, 0.014164911869984548, 0.013546042864334782, 0.01328357500957488, 0.012905521640083246, 0.012806686101790404, 0.01256569256360443, 0.01270015008783326, 0.013333718053885597, 0.014364706842779438, 0.015230812921928084, 0.016214173123414017, 0.017422309714956504, 0.01848297873673576, 0.019690103784110968, 0.02062988015396428, 0.021304326954883004, 0.021542023987470748, 0.021445001132587415, 0.02128479356968176, 0.021154257299581803, 0.020548768777841446, 0.020419411659703072, 0.020346908766621045, 0.02018386842926173, 0.020060715556614095, 0.019970155121820186, 0.019905412966441507, 0.019860328269953802, 0.019689549628068632, 0.019110038324468673, 0.018401772510693467, 0.01773443768827515, 0.01691379473734185, 0.0163889904882787, 0.015891976533507178, 0.015695148472402557, 0.015634975895130635, 0.01548249397414641, 0.015250362203767827, 0.01446715870868431, 0.013690714184349355, 0.013111437378948002, 0.01280400987898366, 0.012789088065484542, 0.012885508256999974, 0.012645414791893052, 0.012533763320360268, 0.01300792748125149, 0.014045480441271196, 0.015593406388961941, 0.017496649938682926, 0.01947963017829757, 0.021814960986639112, 0.0244888991790445, 0.027455202671237973, 0.030462142682767764, 0.03347516022004274, 0.03632355277573078, 0.03911728575744543, 0.041489125175428104, 0.043617926344794986, 0.04507509866910146, 0.045973158335007626, 0.046666313335408376, 0.047747911364257295, 0.04910015737076979, 0.051170936172887156, 0.05323921785426519, 0.05484930583024696, 0.05598397968583077, 0.056516639752925084, 0.05678375349578094, 0.05655312215346535, 0.05709318659280136, 0.05753330561326649, 0.05822424761198231, 0.05856641837777238, 0.058663546697002605, 0.05829520111627496, 0.058019458378357286, 0.05786276302771312, 0.057678835712609886, 0.05721489013034267, 0.05620972754199197, 0.05488023496470325, 0.05291870088860013, 0.05085359195424363, 0.04836971777146554, 0.045888993393773454, 0.04332790860019442, 0.040721243397433354, 0.03815348906679705, 0.03609755066086763, 0.03431153121207709, 0.03269994312791247, 0.03113246913067769, 0.029533434333839276, 0.02779284963423818, 0.02581340528028532, 0.023636664296078556, 0.021032966406022018, 0.018298152858289164, 0.015471223173718233, 0.012975006021594128, 0.011476514573927241, 0.011190786613452559, 0.012013514795745658, 0.013192708648177051, 0.0146026096239084, 0.016627808096549106, 0.019288816219412905, 0.022115031993867204, 0.024956066779425322, 0.027947127033299147, 0.030317719296220055, 0.03213024736687776, 0.033908117916643665, 0.035613155393420214, 0.03695858371541455, 0.0370883147011733, 0.035844860180821725, 0.03331269225961453, 0.030127822662769057, 0.026675716455458534, 0.02305094507263966, 0.019294584365168215, 0.016588874620184203, 0.013459760460278334, 0.010513659470637583, 0.008184205378854309, 0.005908681970234855, 0.003908372487361734, 0.002250880846271649, 0.001837561814419065, 0.003902446460586522, 0.00649131804032715, 0.008842266053540701, 0.011337576744963709, 0.013847821453172829, 0.016241515374979285, 0.018506880743639053, 0.020753891025054552, 0.022854281545735794, 0.025177910908837288, 0.027764777035113285, 0.0302577363231247, 0.032552204835272186, 0.033962244268502154, 0.03530995724171245, 0.036795414568091225, 0.03840706162943578, 0.039993850675796264, 0.04133645030179679, 0.04211247094820217, 0.04239213751353172, 0.042192499106345205, 0.04200269786908514, 0.041897190162155235, 0.041830932940717325, 0.04166737666619139, 0.04206882264734189, 0.0426127097658282, 0.042895687146734904, 0.04300135533202284, 0.04249799814293581, 0.041897582995049115, 0.04072077112408416, 0.03927976254850985, 0.037331499513228325, 0.035889992777759706, 0.03456359233645024, 0.033243529781910974, 0.03199033675126687, 0.03059935779738079, 0.029272240636492235, 0.027900707354997015, 0.02654938414970694, 0.02543173352052397, 0.024311103096379235, 0.023065212419431085, 0.021685454855791198, 0.02041159885695607, 0.019056064221564174, 0.017656707279948437, 0.01626614648165674, 0.015012383850973622, 0.013603567963072178, 0.012189757837366814, 0.010674529938407772, 0.009407142987148039, 0.008344525906195775, 0.007439054007672372, 0.0072034584519923735, 0.007775010970036668, 0.009047582903156274, 0.010731538882415681, 0.01253460028234948, 0.014333543563369548, 0.016070624592636203, 0.017817726146123574, 0.019557256660804743, 0.02116824086555951, 0.022529303997840977, 0.023628588936546305, 0.02391411988476377, 0.02359656311707365, 0.022355277074164143, 0.020961866673625245, 0.018393580144489934, 0.015660552711922182, 0.013874328661167971, 0.01254026736778108, 0.011812131260623127, 0.010800298354986543, 0.00961805971638548, 0.008471507575266851, 0.007656757785702683, 0.006719580941926242, 0.0056999472982024405, 0.005125787188458596, 0.00504686530895439, 0.005697178935649704, 0.006245540782853768, 0.0070976650798796875, 0.007900543705723831, 0.008755370167568399, 0.009807746909975117, 0.011209592216881203, 0.01276960312030194, 0.014467251258771754, 0.015865855510978952, 0.01751794577394112, 0.01978728846519214, 0.022540086452385207, 0.024859037758439572, 0.02589623397823137, 0.02611181133516041, 0.026565850619759173, 0.0272557734372972, 0.02776644526036269, 0.02799937699621002, 0.02818388188652303, 0.02806005928616626, 0.028083982827741123, 0.02781538632605852, 0.027763976455106594, 0.028120518002563644, 0.028688559534023904, 0.029389365084960088, 0.030059907204608147, 0.03052096911154336, 0.031053468449087778, 0.03142000488428638, 0.03173833045042581, 0.031892653890475096, 0.03198060527161537, 0.031944507243272385, 0.03180892531117334, 0.03180195743523648, 0.03175983113429147, 0.03185651864929952, 0.032146459060636644, 0.032526908876218445, 0.033087790299913135, 0.03370146462957083, 0.0342847740780508, 0.0344768243549477, 0.03441738754137779, 0.034008301029805295]",0.02401686851684336,0.017496418150052262,0.009133284928274893,0.02221245325879806,0.0,0.0,0.002096389988308245,0.017496418150052262,0.009133284928274893,0.02221245325879806,2.808,1717635303.511034,2024-06-06_10-55-03
0.5059,-0.06504,0.4312413952911523,0.4882545388491364,-0.07416908656579121,0.40740653774568125,0.5059,-0.06504,0.42897224808594603,0.4882545388491364,-0.07416908656579121,0.40740653774568125,0.025523335513576738,"[0.011315756658919754, 0.012192407496521018, 0.01288995615295488, 0.01359963525141729, 0.014321891165186378, 0.015181047888625853, 0.01592941522152252, 0.01673874496494045, 0.01751440457689525, 0.01835087734908702, 0.019202544572813795, 0.020070622325609303, 0.02095627718778323, 0.02186061264947246, 0.022737260153569413, 0.023681097053535004, 0.024646250751560458, 0.025633386418693636, 0.02659237614956749, 0.027623542314219474, 0.0286250346734827, 0.029647102596467904, 0.03056454213255984, 0.031680305841655834, 0.03263530150735364, 0.033606764937046466, 0.034593095597664145, 0.03536350794006898, 0.035930760474075646, 0.03631257033147624, 0.03661317474198803, 0.03688385713543919, 0.03738127616234113, 0.037934719347479336, 0.03858163380471939, 0.03921882339006296, 0.03999131852533767, 0.04074980907886149, 0.04127472956039594, 0.04151563832077664, 0.04151964454301027, 0.04123464219442919, 0.04096829512038153, 0.04056460486818273, 0.04028281736824196, 0.04000166841569801, 0.03919762289117317, 0.037812479337396496, 0.03622310391275238, 0.03453579653228067, 0.0330206041779641, 0.031565009966306234, 0.03054064037737075, 0.029904305612678588, 0.029394155816597912, 0.028896840658953926, 0.02825322628704274, 0.027685220830545497, 0.02666364029859006, 0.025486033827772144, 0.02414387260068274, 0.023028867611909868, 0.022681878550084772, 0.02299235797660897, 0.02387546679328945, 0.024738332374206702, 0.025547718436096926, 0.026640938816603423, 0.02759836215880636, 0.028240938725365098, 0.028199955208514017, 0.028168175430310402, 0.02767018559717724, 0.027414861073674215, 0.027239233260695786, 0.0274939869379551, 0.027874761581110984, 0.02868161073982207, 0.029514734605865275, 0.030345172291974937, 0.031248268714928727, 0.032298002681611045, 0.033509628354587276, 0.0348066615601669, 0.03569061118903811, 0.03631377821401384, 0.03654105211474412, 0.03646788532881584, 0.03572808397059345, 0.03427781350345514, 0.03309813106562172, 0.031639416134799855, 0.02970329439236902, 0.027599049067936567, 0.02603054913364457, 0.024090316372098155, 0.02220132238001286, 0.02051452966091278, 0.019044426362309692, 0.017805605247084858, 0.01643252777018217, 0.01523003850809785, 0.01424180324883461, 0.013706552220618947, 0.0130880570946912, 0.012988920737072255, 0.013178248200839212, 0.013386796436950147, 0.01359897371732897, 0.01439195864266014, 0.015495810506657983, 0.016686507754200334, 0.01807173050136072, 0.019341411872889052, 0.020370802976522343, 0.0213787239197115, 0.02262888584538598, 0.02401686851684336, 0.025523335513576738, 0.026670410326906566, 0.02758824337325398, 0.02810647098585074, 0.028219175888028712, 0.02804128716256827, 0.027840212128430745, 0.02799079668741686, 0.027988272685847155, 0.02831306909632167, 0.028434723397990712, 0.0285549391753426, 0.02832607944879636, 0.02800347501499142, 0.027460301198426997, 0.02681840364884072, 0.026203190519756815, 0.02552364346313934, 0.024940794741503684, 0.024553643852497812, 0.024009602077058226, 0.023587486328410737, 0.023053226444370627, 0.02237349941244249, 0.021247392964358097, 0.01948489409103017, 0.01759577829009665, 0.015969918059865678, 0.014849832783247986, 0.014164911869984548, 0.013546042864334782, 0.01328357500957488, 0.012905521640083246, 0.012806686101790404, 0.01256569256360443, 0.01270015008783326, 0.013333718053885597, 0.014364706842779438, 0.015230812921928084, 0.016214173123414017, 0.017422309714956504, 0.01848297873673576, 0.019690103784110968, 0.02062988015396428, 0.021304326954883004, 0.021542023987470748, 0.021445001132587415, 0.02128479356968176, 0.021154257299581803, 0.020548768777841446, 0.020419411659703072, 0.020346908766621045, 0.02018386842926173, 0.020060715556614095, 0.019970155121820186, 0.019905412966441507, 0.019860328269953802, 0.019689549628068632, 0.019110038324468673, 0.018401772510693467, 0.01773443768827515, 0.01691379473734185, 0.0163889904882787, 0.015891976533507178, 0.015695148472402557, 0.015634975895130635, 0.01548249397414641, 0.015250362203767827, 0.01446715870868431, 0.013690714184349355, 0.013111437378948002, 0.01280400987898366, 0.012789088065484542, 0.012885508256999974, 0.012645414791893052, 0.012533763320360268, 0.01300792748125149, 0.014045480441271196, 0.015593406388961941, 0.017496649938682926, 0.01947963017829757, 0.021814960986639112, 0.0244888991790445, 0.027455202671237973, 0.030462142682767764, 0.03347516022004274, 0.03632355277573078, 0.03911728575744543, 0.041489125175428104, 0.043617926344794986, 0.04507509866910146, 0.045973158335007626, 0.046666313335408376, 0.047747911364257295, 0.04910015737076979, 0.051170936172887156, 0.05323921785426519, 0.05484930583024696, 0.05598397968583077, 0.056516639752925084, 0.05678375349578094, 0.05655312215346535, 0.05709318659280136, 0.05753330561326649, 0.05822424761198231, 0.05856641837777238, 0.058663546697002605, 0.05829520111627496, 0.058019458378357286, 0.05786276302771312, 0.057678835712609886, 0.05721489013034267, 0.05620972754199197, 0.05488023496470325, 0.05291870088860013, 0.05085359195424363, 0.04836971777146554, 0.045888993393773454, 0.04332790860019442, 0.040721243397433354, 0.03815348906679705, 0.03609755066086763, 0.03431153121207709, 0.03269994312791247, 0.03113246913067769, 0.029533434333839276, 0.02779284963423818, 0.02581340528028532, 0.023636664296078556, 0.021032966406022018, 0.018298152858289164, 0.015471223173718233, 0.012975006021594128, 0.011476514573927241, 0.011190786613452559, 0.012013514795745658, 0.013192708648177051, 0.0146026096239084, 0.016627808096549106, 0.019288816219412905, 0.022115031993867204, 0.024956066779425322, 0.027947127033299147, 0.030317719296220055, 0.03213024736687776, 0.033908117916643665, 0.035613155393420214, 0.03695858371541455, 0.0370883147011733, 0.035844860180821725, 0.03331269225961453, 0.030127822662769057, 0.026675716455458534, 0.02305094507263966, 0.019294584365168215, 0.016588874620184203, 0.013459760460278334, 0.010513659470637583, 0.008184205378854309, 0.005908681970234855, 0.003908372487361734, 0.002250880846271649, 0.001837561814419065, 0.003902446460586522, 0.00649131804032715, 0.008842266053540701, 0.011337576744963709, 0.013847821453172829, 0.016241515374979285, 0.018506880743639053, 0.020753891025054552, 0.022854281545735794, 0.025177910908837288, 0.027764777035113285, 0.0302577363231247, 0.032552204835272186, 0.033962244268502154, 0.03530995724171245, 0.036795414568091225, 0.03840706162943578, 0.039993850675796264, 0.04133645030179679, 0.04211247094820217, 0.04239213751353172, 0.042192499106345205, 0.04200269786908514, 0.041897190162155235, 0.041830932940717325, 0.04166737666619139, 0.04206882264734189, 0.0426127097658282, 0.042895687146734904, 0.04300135533202284, 0.04249799814293581, 0.041897582995049115, 0.04072077112408416, 0.03927976254850985, 0.037331499513228325, 0.035889992777759706, 0.03456359233645024, 0.033243529781910974, 0.03199033675126687, 0.03059935779738079, 0.029272240636492235, 0.027900707354997015, 0.02654938414970694, 0.02543173352052397, 0.024311103096379235, 0.023065212419431085, 0.021685454855791198, 0.02041159885695607, 0.019056064221564174, 0.017656707279948437, 0.01626614648165674, 0.015012383850973622, 0.013603567963072178, 0.012189757837366814, 0.010674529938407772, 0.009407142987148039, 0.008344525906195775, 0.007439054007672372, 0.0072034584519923735, 0.007775010970036668, 0.009047582903156274, 0.010731538882415681, 0.01253460028234948, 0.014333543563369548, 0.016070624592636203, 0.017817726146123574, 0.019557256660804743, 0.02116824086555951, 0.022529303997840977, 0.023628588936546305, 0.02391411988476377, 0.02359656311707365, 0.022355277074164143, 0.020961866673625245, 0.018393580144489934, 0.015660552711922182, 0.013874328661167971, 0.01254026736778108, 0.011812131260623127, 0.010800298354986543, 0.00961805971638548, 0.008471507575266851, 0.007656757785702683, 0.006719580941926242, 0.0056999472982024405, 0.005125787188458596, 0.00504686530895439, 0.005697178935649704, 0.006245540782853768, 0.0070976650798796875, 0.007900543705723831, 0.008755370167568399, 0.009807746909975117, 0.011209592216881203, 0.01276960312030194, 0.014467251258771754, 0.015865855510978952, 0.01751794577394112, 0.01978728846519214, 0.022540086452385207, 0.024859037758439572, 0.02589623397823137, 0.02611181133516041, 0.026565850619759173, 0.0272557734372972, 0.02776644526036269, 0.02799937699621002, 0.02818388188652303, 0.02806005928616626, 0.028083982827741123, 0.02781538632605852, 0.027763976455106594, 0.028120518002563644, 0.028688559534023904, 0.029389365084960088, 0.030059907204608147, 0.03052096911154336, 0.031053468449087778, 0.03142000488428638, 0.03173833045042581, 0.031892653890475096, 0.03198060527161537, 0.031944507243272385, 0.03180892531117334, 0.03180195743523648, 0.03175983113429147, 0.03185651864929952, 0.032146459060636644, 0.032526908876218445, 0.033087790299913135, 0.03370146462957083, 0.0342847740780508, 0.0344768243549477, 0.03441738754137779, 0.034008301029805295]",0.025523335513576738,0.01764546115086363,0.009129086565791214,0.023834857545471044,0.0,0.0,0.0022691472052062678,0.01764546115086363,0.009129086565791214,0.023834857545471044,2.832,1717635303.5354471,2024-06-06_10-55-03
0.5059,-0.06431999999999999,0.4328066455085794,0.4879583064185928,-0.07339992569370059,0.40772944996357396,0.5059,-0.06431999999999999,0.430364741086475,0.4879583064185928,-0.07339992569370059,0.40772944996357396,0.026670410326906566,"[0.011315756658919754, 0.012192407496521018, 0.01288995615295488, 0.01359963525141729, 0.014321891165186378, 0.015181047888625853, 0.01592941522152252, 0.01673874496494045, 0.01751440457689525, 0.01835087734908702, 0.019202544572813795, 0.020070622325609303, 0.02095627718778323, 0.02186061264947246, 0.022737260153569413, 0.023681097053535004, 0.024646250751560458, 0.025633386418693636, 0.02659237614956749, 0.027623542314219474, 0.0286250346734827, 0.029647102596467904, 0.03056454213255984, 0.031680305841655834, 0.03263530150735364, 0.033606764937046466, 0.034593095597664145, 0.03536350794006898, 0.035930760474075646, 0.03631257033147624, 0.03661317474198803, 0.03688385713543919, 0.03738127616234113, 0.037934719347479336, 0.03858163380471939, 0.03921882339006296, 0.03999131852533767, 0.04074980907886149, 0.04127472956039594, 0.04151563832077664, 0.04151964454301027, 0.04123464219442919, 0.04096829512038153, 0.04056460486818273, 0.04028281736824196, 0.04000166841569801, 0.03919762289117317, 0.037812479337396496, 0.03622310391275238, 0.03453579653228067, 0.0330206041779641, 0.031565009966306234, 0.03054064037737075, 0.029904305612678588, 0.029394155816597912, 0.028896840658953926, 0.02825322628704274, 0.027685220830545497, 0.02666364029859006, 0.025486033827772144, 0.02414387260068274, 0.023028867611909868, 0.022681878550084772, 0.02299235797660897, 0.02387546679328945, 0.024738332374206702, 0.025547718436096926, 0.026640938816603423, 0.02759836215880636, 0.028240938725365098, 0.028199955208514017, 0.028168175430310402, 0.02767018559717724, 0.027414861073674215, 0.027239233260695786, 0.0274939869379551, 0.027874761581110984, 0.02868161073982207, 0.029514734605865275, 0.030345172291974937, 0.031248268714928727, 0.032298002681611045, 0.033509628354587276, 0.0348066615601669, 0.03569061118903811, 0.03631377821401384, 0.03654105211474412, 0.03646788532881584, 0.03572808397059345, 0.03427781350345514, 0.03309813106562172, 0.031639416134799855, 0.02970329439236902, 0.027599049067936567, 0.02603054913364457, 0.024090316372098155, 0.02220132238001286, 0.02051452966091278, 0.019044426362309692, 0.017805605247084858, 0.01643252777018217, 0.01523003850809785, 0.01424180324883461, 0.013706552220618947, 0.0130880570946912, 0.012988920737072255, 0.013178248200839212, 0.013386796436950147, 0.01359897371732897, 0.01439195864266014, 0.015495810506657983, 0.016686507754200334, 0.01807173050136072, 0.019341411872889052, 0.020370802976522343, 0.0213787239197115, 0.02262888584538598, 0.02401686851684336, 0.025523335513576738, 0.026670410326906566, 0.02758824337325398, 0.02810647098585074, 0.028219175888028712, 0.02804128716256827, 0.027840212128430745, 0.02799079668741686, 0.027988272685847155, 0.02831306909632167, 0.028434723397990712, 0.0285549391753426, 0.02832607944879636, 0.02800347501499142, 0.027460301198426997, 0.02681840364884072, 0.026203190519756815, 0.02552364346313934, 0.024940794741503684, 0.024553643852497812, 0.024009602077058226, 0.023587486328410737, 0.023053226444370627, 0.02237349941244249, 0.021247392964358097, 0.01948489409103017, 0.01759577829009665, 0.015969918059865678, 0.014849832783247986, 0.014164911869984548, 0.013546042864334782, 0.01328357500957488, 0.012905521640083246, 0.012806686101790404, 0.01256569256360443, 0.01270015008783326, 0.013333718053885597, 0.014364706842779438, 0.015230812921928084, 0.016214173123414017, 0.017422309714956504, 0.01848297873673576, 0.019690103784110968, 0.02062988015396428, 0.021304326954883004, 0.021542023987470748, 0.021445001132587415, 0.02128479356968176, 0.021154257299581803, 0.020548768777841446, 0.020419411659703072, 0.020346908766621045, 0.02018386842926173, 0.020060715556614095, 0.019970155121820186, 0.019905412966441507, 0.019860328269953802, 0.019689549628068632, 0.019110038324468673, 0.018401772510693467, 0.01773443768827515, 0.01691379473734185, 0.0163889904882787, 0.015891976533507178, 0.015695148472402557, 0.015634975895130635, 0.01548249397414641, 0.015250362203767827, 0.01446715870868431, 0.013690714184349355, 0.013111437378948002, 0.01280400987898366, 0.012789088065484542, 0.012885508256999974, 0.012645414791893052, 0.012533763320360268, 0.01300792748125149, 0.014045480441271196, 0.015593406388961941, 0.017496649938682926, 0.01947963017829757, 0.021814960986639112, 0.0244888991790445, 0.027455202671237973, 0.030462142682767764, 0.03347516022004274, 0.03632355277573078, 0.03911728575744543, 0.041489125175428104, 0.043617926344794986, 0.04507509866910146, 0.045973158335007626, 0.046666313335408376, 0.047747911364257295, 0.04910015737076979, 0.051170936172887156, 0.05323921785426519, 0.05484930583024696, 0.05598397968583077, 0.056516639752925084, 0.05678375349578094, 0.05655312215346535, 0.05709318659280136, 0.05753330561326649, 0.05822424761198231, 0.05856641837777238, 0.058663546697002605, 0.05829520111627496, 0.058019458378357286, 0.05786276302771312, 0.057678835712609886, 0.05721489013034267, 0.05620972754199197, 0.05488023496470325, 0.05291870088860013, 0.05085359195424363, 0.04836971777146554, 0.045888993393773454, 0.04332790860019442, 0.040721243397433354, 0.03815348906679705, 0.03609755066086763, 0.03431153121207709, 0.03269994312791247, 0.03113246913067769, 0.029533434333839276, 0.02779284963423818, 0.02581340528028532, 0.023636664296078556, 0.021032966406022018, 0.018298152858289164, 0.015471223173718233, 0.012975006021594128, 0.011476514573927241, 0.011190786613452559, 0.012013514795745658, 0.013192708648177051, 0.0146026096239084, 0.016627808096549106, 0.019288816219412905, 0.022115031993867204, 0.024956066779425322, 0.027947127033299147, 0.030317719296220055, 0.03213024736687776, 0.033908117916643665, 0.035613155393420214, 0.03695858371541455, 0.0370883147011733, 0.035844860180821725, 0.03331269225961453, 0.030127822662769057, 0.026675716455458534, 0.02305094507263966, 0.019294584365168215, 0.016588874620184203, 0.013459760460278334, 0.010513659470637583, 0.008184205378854309, 0.005908681970234855, 0.003908372487361734, 0.002250880846271649, 0.001837561814419065, 0.003902446460586522, 0.00649131804032715, 0.008842266053540701, 0.011337576744963709, 0.013847821453172829, 0.016241515374979285, 0.018506880743639053, 0.020753891025054552, 0.022854281545735794, 0.025177910908837288, 0.027764777035113285, 0.0302577363231247, 0.032552204835272186, 0.033962244268502154, 0.03530995724171245, 0.036795414568091225, 0.03840706162943578, 0.039993850675796264, 0.04133645030179679, 0.04211247094820217, 0.04239213751353172, 0.042192499106345205, 0.04200269786908514, 0.041897190162155235, 0.041830932940717325, 0.04166737666619139, 0.04206882264734189, 0.0426127097658282, 0.042895687146734904, 0.04300135533202284, 0.04249799814293581, 0.041897582995049115, 0.04072077112408416, 0.03927976254850985, 0.037331499513228325, 0.035889992777759706, 0.03456359233645024, 0.033243529781910974, 0.03199033675126687, 0.03059935779738079, 0.029272240636492235, 0.027900707354997015, 0.02654938414970694, 0.02543173352052397, 0.024311103096379235, 0.023065212419431085, 0.021685454855791198, 0.02041159885695607, 0.019056064221564174, 0.017656707279948437, 0.01626614648165674, 0.015012383850973622, 0.013603567963072178, 0.012189757837366814, 0.010674529938407772, 0.009407142987148039, 0.008344525906195775, 0.007439054007672372, 0.0072034584519923735, 0.007775010970036668, 0.009047582903156274, 0.010731538882415681, 0.01253460028234948, 0.014333543563369548, 0.016070624592636203, 0.017817726146123574, 0.019557256660804743, 0.02116824086555951, 0.022529303997840977, 0.023628588936546305, 0.02391411988476377, 0.02359656311707365, 0.022355277074164143, 0.020961866673625245, 0.018393580144489934, 0.015660552711922182, 0.013874328661167971, 0.01254026736778108, 0.011812131260623127, 0.010800298354986543, 0.00961805971638548, 0.008471507575266851, 0.007656757785702683, 0.006719580941926242, 0.0056999472982024405, 0.005125787188458596, 0.00504686530895439, 0.005697178935649704, 0.006245540782853768, 0.0070976650798796875, 0.007900543705723831, 0.008755370167568399, 0.009807746909975117, 0.011209592216881203, 0.01276960312030194, 0.014467251258771754, 0.015865855510978952, 0.01751794577394112, 0.01978728846519214, 0.022540086452385207, 0.024859037758439572, 0.02589623397823137, 0.02611181133516041, 0.026565850619759173, 0.0272557734372972, 0.02776644526036269, 0.02799937699621002, 0.02818388188652303, 0.02806005928616626, 0.028083982827741123, 0.02781538632605852, 0.027763976455106594, 0.028120518002563644, 0.028688559534023904, 0.029389365084960088, 0.030059907204608147, 0.03052096911154336, 0.031053468449087778, 0.03142000488428638, 0.03173833045042581, 0.031892653890475096, 0.03198060527161537, 0.031944507243272385, 0.03180892531117334, 0.03180195743523648, 0.03175983113429147, 0.03185651864929952, 0.032146459060636644, 0.032526908876218445, 0.033087790299913135, 0.03370146462957083, 0.0342847740780508, 0.0344768243549477, 0.03441738754137779, 0.034008301029805295]",0.026670410326906566,0.017941693581407236,0.0090799256937006,0.025077195545005426,0.0,0.0,0.0024419044221044017,0.017941693581407236,0.0090799256937006,0.025077195545005426,2.8560000000000003,1717635303.5593233,2024-06-06_10-55-03
0.5059,-0.0636,0.4343726967482202,0.48759951290787973,-0.07285356986950187,0.40838264832402255,0.5059,-0.0636,0.4317580351092178,0.48759951290787973,-0.07285356986950187,0.40838264832402255,0.02758824337325398,"[0.011315756658919754, 0.012192407496521018, 0.01288995615295488, 0.01359963525141729, 0.014321891165186378, 0.015181047888625853, 0.01592941522152252, 0.01673874496494045, 0.01751440457689525, 0.01835087734908702, 0.019202544572813795, 0.020070622325609303, 0.02095627718778323, 0.02186061264947246, 0.022737260153569413, 0.023681097053535004, 0.024646250751560458, 0.025633386418693636, 0.02659237614956749, 0.027623542314219474, 0.0286250346734827, 0.029647102596467904, 0.03056454213255984, 0.031680305841655834, 0.03263530150735364, 0.033606764937046466, 0.034593095597664145, 0.03536350794006898, 0.035930760474075646, 0.03631257033147624, 0.03661317474198803, 0.03688385713543919, 0.03738127616234113, 0.037934719347479336, 0.03858163380471939, 0.03921882339006296, 0.03999131852533767, 0.04074980907886149, 0.04127472956039594, 0.04151563832077664, 0.04151964454301027, 0.04123464219442919, 0.04096829512038153, 0.04056460486818273, 0.04028281736824196, 0.04000166841569801, 0.03919762289117317, 0.037812479337396496, 0.03622310391275238, 0.03453579653228067, 0.0330206041779641, 0.031565009966306234, 0.03054064037737075, 0.029904305612678588, 0.029394155816597912, 0.028896840658953926, 0.02825322628704274, 0.027685220830545497, 0.02666364029859006, 0.025486033827772144, 0.02414387260068274, 0.023028867611909868, 0.022681878550084772, 0.02299235797660897, 0.02387546679328945, 0.024738332374206702, 0.025547718436096926, 0.026640938816603423, 0.02759836215880636, 0.028240938725365098, 0.028199955208514017, 0.028168175430310402, 0.02767018559717724, 0.027414861073674215, 0.027239233260695786, 0.0274939869379551, 0.027874761581110984, 0.02868161073982207, 0.029514734605865275, 0.030345172291974937, 0.031248268714928727, 0.032298002681611045, 0.033509628354587276, 0.0348066615601669, 0.03569061118903811, 0.03631377821401384, 0.03654105211474412, 0.03646788532881584, 0.03572808397059345, 0.03427781350345514, 0.03309813106562172, 0.031639416134799855, 0.02970329439236902, 0.027599049067936567, 0.02603054913364457, 0.024090316372098155, 0.02220132238001286, 0.02051452966091278, 0.019044426362309692, 0.017805605247084858, 0.01643252777018217, 0.01523003850809785, 0.01424180324883461, 0.013706552220618947, 0.0130880570946912, 0.012988920737072255, 0.013178248200839212, 0.013386796436950147, 0.01359897371732897, 0.01439195864266014, 0.015495810506657983, 0.016686507754200334, 0.01807173050136072, 0.019341411872889052, 0.020370802976522343, 0.0213787239197115, 0.02262888584538598, 0.02401686851684336, 0.025523335513576738, 0.026670410326906566, 0.02758824337325398, 0.02810647098585074, 0.028219175888028712, 0.02804128716256827, 0.027840212128430745, 0.02799079668741686, 0.027988272685847155, 0.02831306909632167, 0.028434723397990712, 0.0285549391753426, 0.02832607944879636, 0.02800347501499142, 0.027460301198426997, 0.02681840364884072, 0.026203190519756815, 0.02552364346313934, 0.024940794741503684, 0.024553643852497812, 0.024009602077058226, 0.023587486328410737, 0.023053226444370627, 0.02237349941244249, 0.021247392964358097, 0.01948489409103017, 0.01759577829009665, 0.015969918059865678, 0.014849832783247986, 0.014164911869984548, 0.013546042864334782, 0.01328357500957488, 0.012905521640083246, 0.012806686101790404, 0.01256569256360443, 0.01270015008783326, 0.013333718053885597, 0.014364706842779438, 0.015230812921928084, 0.016214173123414017, 0.017422309714956504, 0.01848297873673576, 0.019690103784110968, 0.02062988015396428, 0.021304326954883004, 0.021542023987470748, 0.021445001132587415, 0.02128479356968176, 0.021154257299581803, 0.020548768777841446, 0.020419411659703072, 0.020346908766621045, 0.02018386842926173, 0.020060715556614095, 0.019970155121820186, 0.019905412966441507, 0.019860328269953802, 0.019689549628068632, 0.019110038324468673, 0.018401772510693467, 0.01773443768827515, 0.01691379473734185, 0.0163889904882787, 0.015891976533507178, 0.015695148472402557, 0.015634975895130635, 0.01548249397414641, 0.015250362203767827, 0.01446715870868431, 0.013690714184349355, 0.013111437378948002, 0.01280400987898366, 0.012789088065484542, 0.012885508256999974, 0.012645414791893052, 0.012533763320360268, 0.01300792748125149, 0.014045480441271196, 0.015593406388961941, 0.017496649938682926, 0.01947963017829757, 0.021814960986639112, 0.0244888991790445, 0.027455202671237973, 0.030462142682767764, 0.03347516022004274, 0.03632355277573078, 0.03911728575744543, 0.041489125175428104, 0.043617926344794986, 0.04507509866910146, 0.045973158335007626, 0.046666313335408376, 0.047747911364257295, 0.04910015737076979, 0.051170936172887156, 0.05323921785426519, 0.05484930583024696, 0.05598397968583077, 0.056516639752925084, 0.05678375349578094, 0.05655312215346535, 0.05709318659280136, 0.05753330561326649, 0.05822424761198231, 0.05856641837777238, 0.058663546697002605, 0.05829520111627496, 0.058019458378357286, 0.05786276302771312, 0.057678835712609886, 0.05721489013034267, 0.05620972754199197, 0.05488023496470325, 0.05291870088860013, 0.05085359195424363, 0.04836971777146554, 0.045888993393773454, 0.04332790860019442, 0.040721243397433354, 0.03815348906679705, 0.03609755066086763, 0.03431153121207709, 0.03269994312791247, 0.03113246913067769, 0.029533434333839276, 0.02779284963423818, 0.02581340528028532, 0.023636664296078556, 0.021032966406022018, 0.018298152858289164, 0.015471223173718233, 0.012975006021594128, 0.011476514573927241, 0.011190786613452559, 0.012013514795745658, 0.013192708648177051, 0.0146026096239084, 0.016627808096549106, 0.019288816219412905, 0.022115031993867204, 0.024956066779425322, 0.027947127033299147, 0.030317719296220055, 0.03213024736687776, 0.033908117916643665, 0.035613155393420214, 0.03695858371541455, 0.0370883147011733, 0.035844860180821725, 0.03331269225961453, 0.030127822662769057, 0.026675716455458534, 0.02305094507263966, 0.019294584365168215, 0.016588874620184203, 0.013459760460278334, 0.010513659470637583, 0.008184205378854309, 0.005908681970234855, 0.003908372487361734, 0.002250880846271649, 0.001837561814419065, 0.003902446460586522, 0.00649131804032715, 0.008842266053540701, 0.011337576744963709, 0.013847821453172829, 0.016241515374979285, 0.018506880743639053, 0.020753891025054552, 0.022854281545735794, 0.025177910908837288, 0.027764777035113285, 0.0302577363231247, 0.032552204835272186, 0.033962244268502154, 0.03530995724171245, 0.036795414568091225, 0.03840706162943578, 0.039993850675796264, 0.04133645030179679, 0.04211247094820217, 0.04239213751353172, 0.042192499106345205, 0.04200269786908514, 0.041897190162155235, 0.041830932940717325, 0.04166737666619139, 0.04206882264734189, 0.0426127097658282, 0.042895687146734904, 0.04300135533202284, 0.04249799814293581, 0.041897582995049115, 0.04072077112408416, 0.03927976254850985, 0.037331499513228325, 0.035889992777759706, 0.03456359233645024, 0.033243529781910974, 0.03199033675126687, 0.03059935779738079, 0.029272240636492235, 0.027900707354997015, 0.02654938414970694, 0.02543173352052397, 0.024311103096379235, 0.023065212419431085, 0.021685454855791198, 0.02041159885695607, 0.019056064221564174, 0.017656707279948437, 0.01626614648165674, 0.015012383850973622, 0.013603567963072178, 0.012189757837366814, 0.010674529938407772, 0.009407142987148039, 0.008344525906195775, 0.007439054007672372, 0.0072034584519923735, 0.007775010970036668, 0.009047582903156274, 0.010731538882415681, 0.01253460028234948, 0.014333543563369548, 0.016070624592636203, 0.017817726146123574, 0.019557256660804743, 0.02116824086555951, 0.022529303997840977, 0.023628588936546305, 0.02391411988476377, 0.02359656311707365, 0.022355277074164143, 0.020961866673625245, 0.018393580144489934, 0.015660552711922182, 0.013874328661167971, 0.01254026736778108, 0.011812131260623127, 0.010800298354986543, 0.00961805971638548, 0.008471507575266851, 0.007656757785702683, 0.006719580941926242, 0.0056999472982024405, 0.005125787188458596, 0.00504686530895439, 0.005697178935649704, 0.006245540782853768, 0.0070976650798796875, 0.007900543705723831, 0.008755370167568399, 0.009807746909975117, 0.011209592216881203, 0.01276960312030194, 0.014467251258771754, 0.015865855510978952, 0.01751794577394112, 0.01978728846519214, 0.022540086452385207, 0.024859037758439572, 0.02589623397823137, 0.02611181133516041, 0.026565850619759173, 0.0272557734372972, 0.02776644526036269, 0.02799937699621002, 0.02818388188652303, 0.02806005928616626, 0.028083982827741123, 0.02781538632605852, 0.027763976455106594, 0.028120518002563644, 0.028688559534023904, 0.029389365084960088, 0.030059907204608147, 0.03052096911154336, 0.031053468449087778, 0.03142000488428638, 0.03173833045042581, 0.031892653890475096, 0.03198060527161537, 0.031944507243272385, 0.03180892531117334, 0.03180195743523648, 0.03175983113429147, 0.03185651864929952, 0.032146459060636644, 0.032526908876218445, 0.033087790299913135, 0.03370146462957083, 0.0342847740780508, 0.0344768243549477, 0.03441738754137779, 0.034008301029805295]",0.02758824337325398,0.018300487092120288,0.009253569869501863,0.025990048424197665,0.0,0.0,0.0026146616390024247,0.018300487092120288,0.009253569869501863,0.025990048424197665,2.88,1717635303.5831497,2024-06-06_10-55-03
0.5059,-0.06288,0.4359295587759211,0.4870692686228141,-0.07211021081028914,0.4093819238591137,0.5059,-0.06288,0.43314539581193817,0.4870692686228141,-0.07211021081028914,0.4093819238591137,0.02810647098585074,"[0.011315756658919754, 0.012192407496521018, 0.01288995615295488, 0.01359963525141729, 0.014321891165186378, 0.015181047888625853, 0.01592941522152252, 0.01673874496494045, 0.01751440457689525, 0.01835087734908702, 0.019202544572813795, 0.020070622325609303, 0.02095627718778323, 0.02186061264947246, 0.022737260153569413, 0.023681097053535004, 0.024646250751560458, 0.025633386418693636, 0.02659237614956749, 0.027623542314219474, 0.0286250346734827, 0.029647102596467904, 0.03056454213255984, 0.031680305841655834, 0.03263530150735364, 0.033606764937046466, 0.034593095597664145, 0.03536350794006898, 0.035930760474075646, 0.03631257033147624, 0.03661317474198803, 0.03688385713543919, 0.03738127616234113, 0.037934719347479336, 0.03858163380471939, 0.03921882339006296, 0.03999131852533767, 0.04074980907886149, 0.04127472956039594, 0.04151563832077664, 0.04151964454301027, 0.04123464219442919, 0.04096829512038153, 0.04056460486818273, 0.04028281736824196, 0.04000166841569801, 0.03919762289117317, 0.037812479337396496, 0.03622310391275238, 0.03453579653228067, 0.0330206041779641, 0.031565009966306234, 0.03054064037737075, 0.029904305612678588, 0.029394155816597912, 0.028896840658953926, 0.02825322628704274, 0.027685220830545497, 0.02666364029859006, 0.025486033827772144, 0.02414387260068274, 0.023028867611909868, 0.022681878550084772, 0.02299235797660897, 0.02387546679328945, 0.024738332374206702, 0.025547718436096926, 0.026640938816603423, 0.02759836215880636, 0.028240938725365098, 0.028199955208514017, 0.028168175430310402, 0.02767018559717724, 0.027414861073674215, 0.027239233260695786, 0.0274939869379551, 0.027874761581110984, 0.02868161073982207, 0.029514734605865275, 0.030345172291974937, 0.031248268714928727, 0.032298002681611045, 0.033509628354587276, 0.0348066615601669, 0.03569061118903811, 0.03631377821401384, 0.03654105211474412, 0.03646788532881584, 0.03572808397059345, 0.03427781350345514, 0.03309813106562172, 0.031639416134799855, 0.02970329439236902, 0.027599049067936567, 0.02603054913364457, 0.024090316372098155, 0.02220132238001286, 0.02051452966091278, 0.019044426362309692, 0.017805605247084858, 0.01643252777018217, 0.01523003850809785, 0.01424180324883461, 0.013706552220618947, 0.0130880570946912, 0.012988920737072255, 0.013178248200839212, 0.013386796436950147, 0.01359897371732897, 0.01439195864266014, 0.015495810506657983, 0.016686507754200334, 0.01807173050136072, 0.019341411872889052, 0.020370802976522343, 0.0213787239197115, 0.02262888584538598, 0.02401686851684336, 0.025523335513576738, 0.026670410326906566, 0.02758824337325398, 0.02810647098585074, 0.028219175888028712, 0.02804128716256827, 0.027840212128430745, 0.02799079668741686, 0.027988272685847155, 0.02831306909632167, 0.028434723397990712, 0.0285549391753426, 0.02832607944879636, 0.02800347501499142, 0.027460301198426997, 0.02681840364884072, 0.026203190519756815, 0.02552364346313934, 0.024940794741503684, 0.024553643852497812, 0.024009602077058226, 0.023587486328410737, 0.023053226444370627, 0.02237349941244249, 0.021247392964358097, 0.01948489409103017, 0.01759577829009665, 0.015969918059865678, 0.014849832783247986, 0.014164911869984548, 0.013546042864334782, 0.01328357500957488, 0.012905521640083246, 0.012806686101790404, 0.01256569256360443, 0.01270015008783326, 0.013333718053885597, 0.014364706842779438, 0.015230812921928084, 0.016214173123414017, 0.017422309714956504, 0.01848297873673576, 0.019690103784110968, 0.02062988015396428, 0.021304326954883004, 0.021542023987470748, 0.021445001132587415, 0.02128479356968176, 0.021154257299581803, 0.020548768777841446, 0.020419411659703072, 0.020346908766621045, 0.02018386842926173, 0.020060715556614095, 0.019970155121820186, 0.019905412966441507, 0.019860328269953802, 0.019689549628068632, 0.019110038324468673, 0.018401772510693467, 0.01773443768827515, 0.01691379473734185, 0.0163889904882787, 0.015891976533507178, 0.015695148472402557, 0.015634975895130635, 0.01548249397414641, 0.015250362203767827, 0.01446715870868431, 0.013690714184349355, 0.013111437378948002, 0.01280400987898366, 0.012789088065484542, 0.012885508256999974, 0.012645414791893052, 0.012533763320360268, 0.01300792748125149, 0.014045480441271196, 0.015593406388961941, 0.017496649938682926, 0.01947963017829757, 0.021814960986639112, 0.0244888991790445, 0.027455202671237973, 0.030462142682767764, 0.03347516022004274, 0.03632355277573078, 0.03911728575744543, 0.041489125175428104, 0.043617926344794986, 0.04507509866910146, 0.045973158335007626, 0.046666313335408376, 0.047747911364257295, 0.04910015737076979, 0.051170936172887156, 0.05323921785426519, 0.05484930583024696, 0.05598397968583077, 0.056516639752925084, 0.05678375349578094, 0.05655312215346535, 0.05709318659280136, 0.05753330561326649, 0.05822424761198231, 0.05856641837777238, 0.058663546697002605, 0.05829520111627496, 0.058019458378357286, 0.05786276302771312, 0.057678835712609886, 0.05721489013034267, 0.05620972754199197, 0.05488023496470325, 0.05291870088860013, 0.05085359195424363, 0.04836971777146554, 0.045888993393773454, 0.04332790860019442, 0.040721243397433354, 0.03815348906679705, 0.03609755066086763, 0.03431153121207709, 0.03269994312791247, 0.03113246913067769, 0.029533434333839276, 0.02779284963423818, 0.02581340528028532, 0.023636664296078556, 0.021032966406022018, 0.018298152858289164, 0.015471223173718233, 0.012975006021594128, 0.011476514573927241, 0.011190786613452559, 0.012013514795745658, 0.013192708648177051, 0.0146026096239084, 0.016627808096549106, 0.019288816219412905, 0.022115031993867204, 0.024956066779425322, 0.027947127033299147, 0.030317719296220055, 0.03213024736687776, 0.033908117916643665, 0.035613155393420214, 0.03695858371541455, 0.0370883147011733, 0.035844860180821725, 0.03331269225961453, 0.030127822662769057, 0.026675716455458534, 0.02305094507263966, 0.019294584365168215, 0.016588874620184203, 0.013459760460278334, 0.010513659470637583, 0.008184205378854309, 0.005908681970234855, 0.003908372487361734, 0.002250880846271649, 0.001837561814419065, 0.003902446460586522, 0.00649131804032715, 0.008842266053540701, 0.011337576744963709, 0.013847821453172829, 0.016241515374979285, 0.018506880743639053, 0.020753891025054552, 0.022854281545735794, 0.025177910908837288, 0.027764777035113285, 0.0302577363231247, 0.032552204835272186, 0.033962244268502154, 0.03530995724171245, 0.036795414568091225, 0.03840706162943578, 0.039993850675796264, 0.04133645030179679, 0.04211247094820217, 0.04239213751353172, 0.042192499106345205, 0.04200269786908514, 0.041897190162155235, 0.041830932940717325, 0.04166737666619139, 0.04206882264734189, 0.0426127097658282, 0.042895687146734904, 0.04300135533202284, 0.04249799814293581, 0.041897582995049115, 0.04072077112408416, 0.03927976254850985, 0.037331499513228325, 0.035889992777759706, 0.03456359233645024, 0.033243529781910974, 0.03199033675126687, 0.03059935779738079, 0.029272240636492235, 0.027900707354997015, 0.02654938414970694, 0.02543173352052397, 0.024311103096379235, 0.023065212419431085, 0.021685454855791198, 0.02041159885695607, 0.019056064221564174, 0.017656707279948437, 0.01626614648165674, 0.015012383850973622, 0.013603567963072178, 0.012189757837366814, 0.010674529938407772, 0.009407142987148039, 0.008344525906195775, 0.007439054007672372, 0.0072034584519923735, 0.007775010970036668, 0.009047582903156274, 0.010731538882415681, 0.01253460028234948, 0.014333543563369548, 0.016070624592636203, 0.017817726146123574, 0.019557256660804743, 0.02116824086555951, 0.022529303997840977, 0.023628588936546305, 0.02391411988476377, 0.02359656311707365, 0.022355277074164143, 0.020961866673625245, 0.018393580144489934, 0.015660552711922182, 0.013874328661167971, 0.01254026736778108, 0.011812131260623127, 0.010800298354986543, 0.00961805971638548, 0.008471507575266851, 0.007656757785702683, 0.006719580941926242, 0.0056999472982024405, 0.005125787188458596, 0.00504686530895439, 0.005697178935649704, 0.006245540782853768, 0.0070976650798796875, 0.007900543705723831, 0.008755370167568399, 0.009807746909975117, 0.011209592216881203, 0.01276960312030194, 0.014467251258771754, 0.015865855510978952, 0.01751794577394112, 0.01978728846519214, 0.022540086452385207, 0.024859037758439572, 0.02589623397823137, 0.02611181133516041, 0.026565850619759173, 0.0272557734372972, 0.02776644526036269, 0.02799937699621002, 0.02818388188652303, 0.02806005928616626, 0.028083982827741123, 0.02781538632605852, 0.027763976455106594, 0.028120518002563644, 0.028688559534023904, 0.029389365084960088, 0.030059907204608147, 0.03052096911154336, 0.031053468449087778, 0.03142000488428638, 0.03173833045042581, 0.031892653890475096, 0.03198060527161537, 0.031944507243272385, 0.03180892531117334, 0.03180195743523648, 0.03175983113429147, 0.03185651864929952, 0.032146459060636644, 0.032526908876218445, 0.033087790299913135, 0.03370146462957083, 0.0342847740780508, 0.0344768243549477, 0.03441738754137779, 0.034008301029805295]",0.02810647098585074,0.01883073137718594,0.00923021081028913,0.026547634916807394,0.0,0.0,0.002784162963982928,0.01883073137718594,0.00923021081028913,0.026547634916807394,2.904,1717635303.6069415,2024-06-06_10-55-03
0.5059,-0.06215999999999999,0.43746721203248695,0.4863641658930107,-0.07117008240648608,0.4107251047328026,0.5059,-0.06215999999999999,0.434529827203112,0.4863641658930107,-0.07117008240648608,0.4107251047328026,0.028219175888028712,"[0.011315756658919754, 0.012192407496521018, 0.01288995615295488, 0.01359963525141729, 0.014321891165186378, 0.015181047888625853, 0.01592941522152252, 0.01673874496494045, 0.01751440457689525, 0.01835087734908702, 0.019202544572813795, 0.020070622325609303, 0.02095627718778323, 0.02186061264947246, 0.022737260153569413, 0.023681097053535004, 0.024646250751560458, 0.025633386418693636, 0.02659237614956749, 0.027623542314219474, 0.0286250346734827, 0.029647102596467904, 0.03056454213255984, 0.031680305841655834, 0.03263530150735364, 0.033606764937046466, 0.034593095597664145, 0.03536350794006898, 0.035930760474075646, 0.03631257033147624, 0.03661317474198803, 0.03688385713543919, 0.03738127616234113, 0.037934719347479336, 0.03858163380471939, 0.03921882339006296, 0.03999131852533767, 0.04074980907886149, 0.04127472956039594, 0.04151563832077664, 0.04151964454301027, 0.04123464219442919, 0.04096829512038153, 0.04056460486818273, 0.04028281736824196, 0.04000166841569801, 0.03919762289117317, 0.037812479337396496, 0.03622310391275238, 0.03453579653228067, 0.0330206041779641, 0.031565009966306234, 0.03054064037737075, 0.029904305612678588, 0.029394155816597912, 0.028896840658953926, 0.02825322628704274, 0.027685220830545497, 0.02666364029859006, 0.025486033827772144, 0.02414387260068274, 0.023028867611909868, 0.022681878550084772, 0.02299235797660897, 0.02387546679328945, 0.024738332374206702, 0.025547718436096926, 0.026640938816603423, 0.02759836215880636, 0.028240938725365098, 0.028199955208514017, 0.028168175430310402, 0.02767018559717724, 0.027414861073674215, 0.027239233260695786, 0.0274939869379551, 0.027874761581110984, 0.02868161073982207, 0.029514734605865275, 0.030345172291974937, 0.031248268714928727, 0.032298002681611045, 0.033509628354587276, 0.0348066615601669, 0.03569061118903811, 0.03631377821401384, 0.03654105211474412, 0.03646788532881584, 0.03572808397059345, 0.03427781350345514, 0.03309813106562172, 0.031639416134799855, 0.02970329439236902, 0.027599049067936567, 0.02603054913364457, 0.024090316372098155, 0.02220132238001286, 0.02051452966091278, 0.019044426362309692, 0.017805605247084858, 0.01643252777018217, 0.01523003850809785, 0.01424180324883461, 0.013706552220618947, 0.0130880570946912, 0.012988920737072255, 0.013178248200839212, 0.013386796436950147, 0.01359897371732897, 0.01439195864266014, 0.015495810506657983, 0.016686507754200334, 0.01807173050136072, 0.019341411872889052, 0.020370802976522343, 0.0213787239197115, 0.02262888584538598, 0.02401686851684336, 0.025523335513576738, 0.026670410326906566, 0.02758824337325398, 0.02810647098585074, 0.028219175888028712, 0.02804128716256827, 0.027840212128430745, 0.02799079668741686, 0.027988272685847155, 0.02831306909632167, 0.028434723397990712, 0.0285549391753426, 0.02832607944879636, 0.02800347501499142, 0.027460301198426997, 0.02681840364884072, 0.026203190519756815, 0.02552364346313934, 0.024940794741503684, 0.024553643852497812, 0.024009602077058226, 0.023587486328410737, 0.023053226444370627, 0.02237349941244249, 0.021247392964358097, 0.01948489409103017, 0.01759577829009665, 0.015969918059865678, 0.014849832783247986, 0.014164911869984548, 0.013546042864334782, 0.01328357500957488, 0.012905521640083246, 0.012806686101790404, 0.01256569256360443, 0.01270015008783326, 0.013333718053885597, 0.014364706842779438, 0.015230812921928084, 0.016214173123414017, 0.017422309714956504, 0.01848297873673576, 0.019690103784110968, 0.02062988015396428, 0.021304326954883004, 0.021542023987470748, 0.021445001132587415, 0.02128479356968176, 0.021154257299581803, 0.020548768777841446, 0.020419411659703072, 0.020346908766621045, 0.02018386842926173, 0.020060715556614095, 0.019970155121820186, 0.019905412966441507, 0.019860328269953802, 0.019689549628068632, 0.019110038324468673, 0.018401772510693467, 0.01773443768827515, 0.01691379473734185, 0.0163889904882787, 0.015891976533507178, 0.015695148472402557, 0.015634975895130635, 0.01548249397414641, 0.015250362203767827, 0.01446715870868431, 0.013690714184349355, 0.013111437378948002, 0.01280400987898366, 0.012789088065484542, 0.012885508256999974, 0.012645414791893052, 0.012533763320360268, 0.01300792748125149, 0.014045480441271196, 0.015593406388961941, 0.017496649938682926, 0.01947963017829757, 0.021814960986639112, 0.0244888991790445, 0.027455202671237973, 0.030462142682767764, 0.03347516022004274, 0.03632355277573078, 0.03911728575744543, 0.041489125175428104, 0.043617926344794986, 0.04507509866910146, 0.045973158335007626, 0.046666313335408376, 0.047747911364257295, 0.04910015737076979, 0.051170936172887156, 0.05323921785426519, 0.05484930583024696, 0.05598397968583077, 0.056516639752925084, 0.05678375349578094, 0.05655312215346535, 0.05709318659280136, 0.05753330561326649, 0.05822424761198231, 0.05856641837777238, 0.058663546697002605, 0.05829520111627496, 0.058019458378357286, 0.05786276302771312, 0.057678835712609886, 0.05721489013034267, 0.05620972754199197, 0.05488023496470325, 0.05291870088860013, 0.05085359195424363, 0.04836971777146554, 0.045888993393773454, 0.04332790860019442, 0.040721243397433354, 0.03815348906679705, 0.03609755066086763, 0.03431153121207709, 0.03269994312791247, 0.03113246913067769, 0.029533434333839276, 0.02779284963423818, 0.02581340528028532, 0.023636664296078556, 0.021032966406022018, 0.018298152858289164, 0.015471223173718233, 0.012975006021594128, 0.011476514573927241, 0.011190786613452559, 0.012013514795745658, 0.013192708648177051, 0.0146026096239084, 0.016627808096549106, 0.019288816219412905, 0.022115031993867204, 0.024956066779425322, 0.027947127033299147, 0.030317719296220055, 0.03213024736687776, 0.033908117916643665, 0.035613155393420214, 0.03695858371541455, 0.0370883147011733, 0.035844860180821725, 0.03331269225961453, 0.030127822662769057, 0.026675716455458534, 0.02305094507263966, 0.019294584365168215, 0.016588874620184203, 0.013459760460278334, 0.010513659470637583, 0.008184205378854309, 0.005908681970234855, 0.003908372487361734, 0.002250880846271649, 0.001837561814419065, 0.003902446460586522, 0.00649131804032715, 0.008842266053540701, 0.011337576744963709, 0.013847821453172829, 0.016241515374979285, 0.018506880743639053, 0.020753891025054552, 0.022854281545735794, 0.025177910908837288, 0.027764777035113285, 0.0302577363231247, 0.032552204835272186, 0.033962244268502154, 0.03530995724171245, 0.036795414568091225, 0.03840706162943578, 0.039993850675796264, 0.04133645030179679, 0.04211247094820217, 0.04239213751353172, 0.042192499106345205, 0.04200269786908514, 0.041897190162155235, 0.041830932940717325, 0.04166737666619139, 0.04206882264734189, 0.0426127097658282, 0.042895687146734904, 0.04300135533202284, 0.04249799814293581, 0.041897582995049115, 0.04072077112408416, 0.03927976254850985, 0.037331499513228325, 0.035889992777759706, 0.03456359233645024, 0.033243529781910974, 0.03199033675126687, 0.03059935779738079, 0.029272240636492235, 0.027900707354997015, 0.02654938414970694, 0.02543173352052397, 0.024311103096379235, 0.023065212419431085, 0.021685454855791198, 0.02041159885695607, 0.019056064221564174, 0.017656707279948437, 0.01626614648165674, 0.015012383850973622, 0.013603567963072178, 0.012189757837366814, 0.010674529938407772, 0.009407142987148039, 0.008344525906195775, 0.007439054007672372, 0.0072034584519923735, 0.007775010970036668, 0.009047582903156274, 0.010731538882415681, 0.01253460028234948, 0.014333543563369548, 0.016070624592636203, 0.017817726146123574, 0.019557256660804743, 0.02116824086555951, 0.022529303997840977, 0.023628588936546305, 0.02391411988476377, 0.02359656311707365, 0.022355277074164143, 0.020961866673625245, 0.018393580144489934, 0.015660552711922182, 0.013874328661167971, 0.01254026736778108, 0.011812131260623127, 0.010800298354986543, 0.00961805971638548, 0.008471507575266851, 0.007656757785702683, 0.006719580941926242, 0.0056999472982024405, 0.005125787188458596, 0.00504686530895439, 0.005697178935649704, 0.006245540782853768, 0.0070976650798796875, 0.007900543705723831, 0.008755370167568399, 0.009807746909975117, 0.011209592216881203, 0.01276960312030194, 0.014467251258771754, 0.015865855510978952, 0.01751794577394112, 0.01978728846519214, 0.022540086452385207, 0.024859037758439572, 0.02589623397823137, 0.02611181133516041, 0.026565850619759173, 0.0272557734372972, 0.02776644526036269, 0.02799937699621002, 0.02818388188652303, 0.02806005928616626, 0.028083982827741123, 0.02781538632605852, 0.027763976455106594, 0.028120518002563644, 0.028688559534023904, 0.029389365084960088, 0.030059907204608147, 0.03052096911154336, 0.031053468449087778, 0.03142000488428638, 0.03173833045042581, 0.031892653890475096, 0.03198060527161537, 0.031944507243272385, 0.03180892531117334, 0.03180195743523648, 0.03175983113429147, 0.03185651864929952, 0.032146459060636644, 0.032526908876218445, 0.033087790299913135, 0.03370146462957083, 0.0342847740780508, 0.0344768243549477, 0.03441738754137779, 0.034008301029805295]",0.028219175888028712,0.019535834106989336,0.009010082406486083,0.026742107299684348,0.0,0.0,0.002937384829374945,0.019535834106989336,0.009010082406486083,0.026742107299684348,2.928,1717635303.6310527,2024-06-06_10-55-03
0.5059,-0.061439999999999995,0.43897566191516674,0.4854995901590582,-0.06984844541400562,0.41222473984781915,0.5059,-0.061439999999999995,0.4358850552203997,0.4854995901590582,-0.06984844541400562,0.41222473984781915,0.02804128716256827,"[0.011315756658919754, 0.012192407496521018, 0.01288995615295488, 0.01359963525141729, 0.014321891165186378, 0.015181047888625853, 0.01592941522152252, 0.01673874496494045, 0.01751440457689525, 0.01835087734908702, 0.019202544572813795, 0.020070622325609303, 0.02095627718778323, 0.02186061264947246, 0.022737260153569413, 0.023681097053535004, 0.024646250751560458, 0.025633386418693636, 0.02659237614956749, 0.027623542314219474, 0.0286250346734827, 0.029647102596467904, 0.03056454213255984, 0.031680305841655834, 0.03263530150735364, 0.033606764937046466, 0.034593095597664145, 0.03536350794006898, 0.035930760474075646, 0.03631257033147624, 0.03661317474198803, 0.03688385713543919, 0.03738127616234113, 0.037934719347479336, 0.03858163380471939, 0.03921882339006296, 0.03999131852533767, 0.04074980907886149, 0.04127472956039594, 0.04151563832077664, 0.04151964454301027, 0.04123464219442919, 0.04096829512038153, 0.04056460486818273, 0.04028281736824196, 0.04000166841569801, 0.03919762289117317, 0.037812479337396496, 0.03622310391275238, 0.03453579653228067, 0.0330206041779641, 0.031565009966306234, 0.03054064037737075, 0.029904305612678588, 0.029394155816597912, 0.028896840658953926, 0.02825322628704274, 0.027685220830545497, 0.02666364029859006, 0.025486033827772144, 0.02414387260068274, 0.023028867611909868, 0.022681878550084772, 0.02299235797660897, 0.02387546679328945, 0.024738332374206702, 0.025547718436096926, 0.026640938816603423, 0.02759836215880636, 0.028240938725365098, 0.028199955208514017, 0.028168175430310402, 0.02767018559717724, 0.027414861073674215, 0.027239233260695786, 0.0274939869379551, 0.027874761581110984, 0.02868161073982207, 0.029514734605865275, 0.030345172291974937, 0.031248268714928727, 0.032298002681611045, 0.033509628354587276, 0.0348066615601669, 0.03569061118903811, 0.03631377821401384, 0.03654105211474412, 0.03646788532881584, 0.03572808397059345, 0.03427781350345514, 0.03309813106562172, 0.031639416134799855, 0.02970329439236902, 0.027599049067936567, 0.02603054913364457, 0.024090316372098155, 0.02220132238001286, 0.02051452966091278, 0.019044426362309692, 0.017805605247084858, 0.01643252777018217, 0.01523003850809785, 0.01424180324883461, 0.013706552220618947, 0.0130880570946912, 0.012988920737072255, 0.013178248200839212, 0.013386796436950147, 0.01359897371732897, 0.01439195864266014, 0.015495810506657983, 0.016686507754200334, 0.01807173050136072, 0.019341411872889052, 0.020370802976522343, 0.0213787239197115, 0.02262888584538598, 0.02401686851684336, 0.025523335513576738, 0.026670410326906566, 0.02758824337325398, 0.02810647098585074, 0.028219175888028712, 0.02804128716256827, 0.027840212128430745, 0.02799079668741686, 0.027988272685847155, 0.02831306909632167, 0.028434723397990712, 0.0285549391753426, 0.02832607944879636, 0.02800347501499142, 0.027460301198426997, 0.02681840364884072, 0.026203190519756815, 0.02552364346313934, 0.024940794741503684, 0.024553643852497812, 0.024009602077058226, 0.023587486328410737, 0.023053226444370627, 0.02237349941244249, 0.021247392964358097, 0.01948489409103017, 0.01759577829009665, 0.015969918059865678, 0.014849832783247986, 0.014164911869984548, 0.013546042864334782, 0.01328357500957488, 0.012905521640083246, 0.012806686101790404, 0.01256569256360443, 0.01270015008783326, 0.013333718053885597, 0.014364706842779438, 0.015230812921928084, 0.016214173123414017, 0.017422309714956504, 0.01848297873673576, 0.019690103784110968, 0.02062988015396428, 0.021304326954883004, 0.021542023987470748, 0.021445001132587415, 0.02128479356968176, 0.021154257299581803, 0.020548768777841446, 0.020419411659703072, 0.020346908766621045, 0.02018386842926173, 0.020060715556614095, 0.019970155121820186, 0.019905412966441507, 0.019860328269953802, 0.019689549628068632, 0.019110038324468673, 0.018401772510693467, 0.01773443768827515, 0.01691379473734185, 0.0163889904882787, 0.015891976533507178, 0.015695148472402557, 0.015634975895130635, 0.01548249397414641, 0.015250362203767827, 0.01446715870868431, 0.013690714184349355, 0.013111437378948002, 0.01280400987898366, 0.012789088065484542, 0.012885508256999974, 0.012645414791893052, 0.012533763320360268, 0.01300792748125149, 0.014045480441271196, 0.015593406388961941, 0.017496649938682926, 0.01947963017829757, 0.021814960986639112, 0.0244888991790445, 0.027455202671237973, 0.030462142682767764, 0.03347516022004274, 0.03632355277573078, 0.03911728575744543, 0.041489125175428104, 0.043617926344794986, 0.04507509866910146, 0.045973158335007626, 0.046666313335408376, 0.047747911364257295, 0.04910015737076979, 0.051170936172887156, 0.05323921785426519, 0.05484930583024696, 0.05598397968583077, 0.056516639752925084, 0.05678375349578094, 0.05655312215346535, 0.05709318659280136, 0.05753330561326649, 0.05822424761198231, 0.05856641837777238, 0.058663546697002605, 0.05829520111627496, 0.058019458378357286, 0.05786276302771312, 0.057678835712609886, 0.05721489013034267, 0.05620972754199197, 0.05488023496470325, 0.05291870088860013, 0.05085359195424363, 0.04836971777146554, 0.045888993393773454, 0.04332790860019442, 0.040721243397433354, 0.03815348906679705, 0.03609755066086763, 0.03431153121207709, 0.03269994312791247, 0.03113246913067769, 0.029533434333839276, 0.02779284963423818, 0.02581340528028532, 0.023636664296078556, 0.021032966406022018, 0.018298152858289164, 0.015471223173718233, 0.012975006021594128, 0.011476514573927241, 0.011190786613452559, 0.012013514795745658, 0.013192708648177051, 0.0146026096239084, 0.016627808096549106, 0.019288816219412905, 0.022115031993867204, 0.024956066779425322, 0.027947127033299147, 0.030317719296220055, 0.03213024736687776, 0.033908117916643665, 0.035613155393420214, 0.03695858371541455, 0.0370883147011733, 0.035844860180821725, 0.03331269225961453, 0.030127822662769057, 0.026675716455458534, 0.02305094507263966, 0.019294584365168215, 0.016588874620184203, 0.013459760460278334, 0.010513659470637583, 0.008184205378854309, 0.005908681970234855, 0.003908372487361734, 0.002250880846271649, 0.001837561814419065, 0.003902446460586522, 0.00649131804032715, 0.008842266053540701, 0.011337576744963709, 0.013847821453172829, 0.016241515374979285, 0.018506880743639053, 0.020753891025054552, 0.022854281545735794, 0.025177910908837288, 0.027764777035113285, 0.0302577363231247, 0.032552204835272186, 0.033962244268502154, 0.03530995724171245, 0.036795414568091225, 0.03840706162943578, 0.039993850675796264, 0.04133645030179679, 0.04211247094820217, 0.04239213751353172, 0.042192499106345205, 0.04200269786908514, 0.041897190162155235, 0.041830932940717325, 0.04166737666619139, 0.04206882264734189, 0.0426127097658282, 0.042895687146734904, 0.04300135533202284, 0.04249799814293581, 0.041897582995049115, 0.04072077112408416, 0.03927976254850985, 0.037331499513228325, 0.035889992777759706, 0.03456359233645024, 0.033243529781910974, 0.03199033675126687, 0.03059935779738079, 0.029272240636492235, 0.027900707354997015, 0.02654938414970694, 0.02543173352052397, 0.024311103096379235, 0.023065212419431085, 0.021685454855791198, 0.02041159885695607, 0.019056064221564174, 0.017656707279948437, 0.01626614648165674, 0.015012383850973622, 0.013603567963072178, 0.012189757837366814, 0.010674529938407772, 0.009407142987148039, 0.008344525906195775, 0.007439054007672372, 0.0072034584519923735, 0.007775010970036668, 0.009047582903156274, 0.010731538882415681, 0.01253460028234948, 0.014333543563369548, 0.016070624592636203, 0.017817726146123574, 0.019557256660804743, 0.02116824086555951, 0.022529303997840977, 0.023628588936546305, 0.02391411988476377, 0.02359656311707365, 0.022355277074164143, 0.020961866673625245, 0.018393580144489934, 0.015660552711922182, 0.013874328661167971, 0.01254026736778108, 0.011812131260623127, 0.010800298354986543, 0.00961805971638548, 0.008471507575266851, 0.007656757785702683, 0.006719580941926242, 0.0056999472982024405, 0.005125787188458596, 0.00504686530895439, 0.005697178935649704, 0.006245540782853768, 0.0070976650798796875, 0.007900543705723831, 0.008755370167568399, 0.009807746909975117, 0.011209592216881203, 0.01276960312030194, 0.014467251258771754, 0.015865855510978952, 0.01751794577394112, 0.01978728846519214, 0.022540086452385207, 0.024859037758439572, 0.02589623397823137, 0.02611181133516041, 0.026565850619759173, 0.0272557734372972, 0.02776644526036269, 0.02799937699621002, 0.02818388188652303, 0.02806005928616626, 0.028083982827741123, 0.02781538632605852, 0.027763976455106594, 0.028120518002563644, 0.028688559534023904, 0.029389365084960088, 0.030059907204608147, 0.03052096911154336, 0.031053468449087778, 0.03142000488428638, 0.03173833045042581, 0.031892653890475096, 0.03198060527161537, 0.031944507243272385, 0.03180892531117334, 0.03180195743523648, 0.03175983113429147, 0.03185651864929952, 0.032146459060636644, 0.032526908876218445, 0.033087790299913135, 0.03370146462957083, 0.0342847740780508, 0.0344768243549477, 0.03441738754137779, 0.034008301029805295]",0.02804128716256827,0.020400409840941824,0.008408445414005622,0.026750922067347582,0.0,0.0,0.0030906066947670174,0.020400409840941824,0.008408445414005622,0.026750922067347582,2.952,1717635303.6547468,2024-06-06_10-55-03
0.5059,-0.06072000000000001,0.44044499333867865,0.48457940074528916,-0.0682291721129183,0.4136366038768965,0.5059,-0.06072000000000001,0.4372011647785196,0.48457940074528916,-0.0682291721129183,0.4136366038768965,0.027840212128430745,"[0.011315756658919754, 0.012192407496521018, 0.01288995615295488, 0.01359963525141729, 0.014321891165186378, 0.015181047888625853, 0.01592941522152252, 0.01673874496494045, 0.01751440457689525, 0.01835087734908702, 0.019202544572813795, 0.020070622325609303, 0.02095627718778323, 0.02186061264947246, 0.022737260153569413, 0.023681097053535004, 0.024646250751560458, 0.025633386418693636, 0.02659237614956749, 0.027623542314219474, 0.0286250346734827, 0.029647102596467904, 0.03056454213255984, 0.031680305841655834, 0.03263530150735364, 0.033606764937046466, 0.034593095597664145, 0.03536350794006898, 0.035930760474075646, 0.03631257033147624, 0.03661317474198803, 0.03688385713543919, 0.03738127616234113, 0.037934719347479336, 0.03858163380471939, 0.03921882339006296, 0.03999131852533767, 0.04074980907886149, 0.04127472956039594, 0.04151563832077664, 0.04151964454301027, 0.04123464219442919, 0.04096829512038153, 0.04056460486818273, 0.04028281736824196, 0.04000166841569801, 0.03919762289117317, 0.037812479337396496, 0.03622310391275238, 0.03453579653228067, 0.0330206041779641, 0.031565009966306234, 0.03054064037737075, 0.029904305612678588, 0.029394155816597912, 0.028896840658953926, 0.02825322628704274, 0.027685220830545497, 0.02666364029859006, 0.025486033827772144, 0.02414387260068274, 0.023028867611909868, 0.022681878550084772, 0.02299235797660897, 0.02387546679328945, 0.024738332374206702, 0.025547718436096926, 0.026640938816603423, 0.02759836215880636, 0.028240938725365098, 0.028199955208514017, 0.028168175430310402, 0.02767018559717724, 0.027414861073674215, 0.027239233260695786, 0.0274939869379551, 0.027874761581110984, 0.02868161073982207, 0.029514734605865275, 0.030345172291974937, 0.031248268714928727, 0.032298002681611045, 0.033509628354587276, 0.0348066615601669, 0.03569061118903811, 0.03631377821401384, 0.03654105211474412, 0.03646788532881584, 0.03572808397059345, 0.03427781350345514, 0.03309813106562172, 0.031639416134799855, 0.02970329439236902, 0.027599049067936567, 0.02603054913364457, 0.024090316372098155, 0.02220132238001286, 0.02051452966091278, 0.019044426362309692, 0.017805605247084858, 0.01643252777018217, 0.01523003850809785, 0.01424180324883461, 0.013706552220618947, 0.0130880570946912, 0.012988920737072255, 0.013178248200839212, 0.013386796436950147, 0.01359897371732897, 0.01439195864266014, 0.015495810506657983, 0.016686507754200334, 0.01807173050136072, 0.019341411872889052, 0.020370802976522343, 0.0213787239197115, 0.02262888584538598, 0.02401686851684336, 0.025523335513576738, 0.026670410326906566, 0.02758824337325398, 0.02810647098585074, 0.028219175888028712, 0.02804128716256827, 0.027840212128430745, 0.02799079668741686, 0.027988272685847155, 0.02831306909632167, 0.028434723397990712, 0.0285549391753426, 0.02832607944879636, 0.02800347501499142, 0.027460301198426997, 0.02681840364884072, 0.026203190519756815, 0.02552364346313934, 0.024940794741503684, 0.024553643852497812, 0.024009602077058226, 0.023587486328410737, 0.023053226444370627, 0.02237349941244249, 0.021247392964358097, 0.01948489409103017, 0.01759577829009665, 0.015969918059865678, 0.014849832783247986, 0.014164911869984548, 0.013546042864334782, 0.01328357500957488, 0.012905521640083246, 0.012806686101790404, 0.01256569256360443, 0.01270015008783326, 0.013333718053885597, 0.014364706842779438, 0.015230812921928084, 0.016214173123414017, 0.017422309714956504, 0.01848297873673576, 0.019690103784110968, 0.02062988015396428, 0.021304326954883004, 0.021542023987470748, 0.021445001132587415, 0.02128479356968176, 0.021154257299581803, 0.020548768777841446, 0.020419411659703072, 0.020346908766621045, 0.02018386842926173, 0.020060715556614095, 0.019970155121820186, 0.019905412966441507, 0.019860328269953802, 0.019689549628068632, 0.019110038324468673, 0.018401772510693467, 0.01773443768827515, 0.01691379473734185, 0.0163889904882787, 0.015891976533507178, 0.015695148472402557, 0.015634975895130635, 0.01548249397414641, 0.015250362203767827, 0.01446715870868431, 0.013690714184349355, 0.013111437378948002, 0.01280400987898366, 0.012789088065484542, 0.012885508256999974, 0.012645414791893052, 0.012533763320360268, 0.01300792748125149, 0.014045480441271196, 0.015593406388961941, 0.017496649938682926, 0.01947963017829757, 0.021814960986639112, 0.0244888991790445, 0.027455202671237973, 0.030462142682767764, 0.03347516022004274, 0.03632355277573078, 0.03911728575744543, 0.041489125175428104, 0.043617926344794986, 0.04507509866910146, 0.045973158335007626, 0.046666313335408376, 0.047747911364257295, 0.04910015737076979, 0.051170936172887156, 0.05323921785426519, 0.05484930583024696, 0.05598397968583077, 0.056516639752925084, 0.05678375349578094, 0.05655312215346535, 0.05709318659280136, 0.05753330561326649, 0.05822424761198231, 0.05856641837777238, 0.058663546697002605, 0.05829520111627496, 0.058019458378357286, 0.05786276302771312, 0.057678835712609886, 0.05721489013034267, 0.05620972754199197, 0.05488023496470325, 0.05291870088860013, 0.05085359195424363, 0.04836971777146554, 0.045888993393773454, 0.04332790860019442, 0.040721243397433354, 0.03815348906679705, 0.03609755066086763, 0.03431153121207709, 0.03269994312791247, 0.03113246913067769, 0.029533434333839276, 0.02779284963423818, 0.02581340528028532, 0.023636664296078556, 0.021032966406022018, 0.018298152858289164, 0.015471223173718233, 0.012975006021594128, 0.011476514573927241, 0.011190786613452559, 0.012013514795745658, 0.013192708648177051, 0.0146026096239084, 0.016627808096549106, 0.019288816219412905, 0.022115031993867204, 0.024956066779425322, 0.027947127033299147, 0.030317719296220055, 0.03213024736687776, 0.033908117916643665, 0.035613155393420214, 0.03695858371541455, 0.0370883147011733, 0.035844860180821725, 0.03331269225961453, 0.030127822662769057, 0.026675716455458534, 0.02305094507263966, 0.019294584365168215, 0.016588874620184203, 0.013459760460278334, 0.010513659470637583, 0.008184205378854309, 0.005908681970234855, 0.003908372487361734, 0.002250880846271649, 0.001837561814419065, 0.003902446460586522, 0.00649131804032715, 0.008842266053540701, 0.011337576744963709, 0.013847821453172829, 0.016241515374979285, 0.018506880743639053, 0.020753891025054552, 0.022854281545735794, 0.025177910908837288, 0.027764777035113285, 0.0302577363231247, 0.032552204835272186, 0.033962244268502154, 0.03530995724171245, 0.036795414568091225, 0.03840706162943578, 0.039993850675796264, 0.04133645030179679, 0.04211247094820217, 0.04239213751353172, 0.042192499106345205, 0.04200269786908514, 0.041897190162155235, 0.041830932940717325, 0.04166737666619139, 0.04206882264734189, 0.0426127097658282, 0.042895687146734904, 0.04300135533202284, 0.04249799814293581, 0.041897582995049115, 0.04072077112408416, 0.03927976254850985, 0.037331499513228325, 0.035889992777759706, 0.03456359233645024, 0.033243529781910974, 0.03199033675126687, 0.03059935779738079, 0.029272240636492235, 0.027900707354997015, 0.02654938414970694, 0.02543173352052397, 0.024311103096379235, 0.023065212419431085, 0.021685454855791198, 0.02041159885695607, 0.019056064221564174, 0.017656707279948437, 0.01626614648165674, 0.015012383850973622, 0.013603567963072178, 0.012189757837366814, 0.010674529938407772, 0.009407142987148039, 0.008344525906195775, 0.007439054007672372, 0.0072034584519923735, 0.007775010970036668, 0.009047582903156274, 0.010731538882415681, 0.01253460028234948, 0.014333543563369548, 0.016070624592636203, 0.017817726146123574, 0.019557256660804743, 0.02116824086555951, 0.022529303997840977, 0.023628588936546305, 0.02391411988476377, 0.02359656311707365, 0.022355277074164143, 0.020961866673625245, 0.018393580144489934, 0.015660552711922182, 0.013874328661167971, 0.01254026736778108, 0.011812131260623127, 0.010800298354986543, 0.00961805971638548, 0.008471507575266851, 0.007656757785702683, 0.006719580941926242, 0.0056999472982024405, 0.005125787188458596, 0.00504686530895439, 0.005697178935649704, 0.006245540782853768, 0.0070976650798796875, 0.007900543705723831, 0.008755370167568399, 0.009807746909975117, 0.011209592216881203, 0.01276960312030194, 0.014467251258771754, 0.015865855510978952, 0.01751794577394112, 0.01978728846519214, 0.022540086452385207, 0.024859037758439572, 0.02589623397823137, 0.02611181133516041, 0.026565850619759173, 0.0272557734372972, 0.02776644526036269, 0.02799937699621002, 0.02818388188652303, 0.02806005928616626, 0.028083982827741123, 0.02781538632605852, 0.027763976455106594, 0.028120518002563644, 0.028688559534023904, 0.029389365084960088, 0.030059907204608147, 0.03052096911154336, 0.031053468449087778, 0.03142000488428638, 0.03173833045042581, 0.031892653890475096, 0.03198060527161537, 0.031944507243272385, 0.03180892531117334, 0.03180195743523648, 0.03175983113429147, 0.03185651864929952, 0.032146459060636644, 0.032526908876218445, 0.033087790299913135, 0.03370146462957083, 0.0342847740780508, 0.0344768243549477, 0.03441738754137779, 0.034008301029805295]",0.027840212128430745,0.02132059925471086,0.007509172112918294,0.026808389461782156,0.0,0.0,0.0032438285601590344,0.02132059925471086,0.007509172112918294,0.026808389461782156,2.976,1717635303.6804676,2024-06-06_10-55-03
0.5059,-0.06,0.44186542528005357,0.4837178678585269,-0.06693864296764775,0.41474827327318126,0.5059,-0.06,0.43846837485450246,0.4837178678585269,-0.06693864296764775,0.41474827327318126,0.02799079668741686,"[0.011315756658919754, 0.012192407496521018, 0.01288995615295488, 0.01359963525141729, 0.014321891165186378, 0.015181047888625853, 0.01592941522152252, 0.01673874496494045, 0.01751440457689525, 0.01835087734908702, 0.019202544572813795, 0.020070622325609303, 0.02095627718778323, 0.02186061264947246, 0.022737260153569413, 0.023681097053535004, 0.024646250751560458, 0.025633386418693636, 0.02659237614956749, 0.027623542314219474, 0.0286250346734827, 0.029647102596467904, 0.03056454213255984, 0.031680305841655834, 0.03263530150735364, 0.033606764937046466, 0.034593095597664145, 0.03536350794006898, 0.035930760474075646, 0.03631257033147624, 0.03661317474198803, 0.03688385713543919, 0.03738127616234113, 0.037934719347479336, 0.03858163380471939, 0.03921882339006296, 0.03999131852533767, 0.04074980907886149, 0.04127472956039594, 0.04151563832077664, 0.04151964454301027, 0.04123464219442919, 0.04096829512038153, 0.04056460486818273, 0.04028281736824196, 0.04000166841569801, 0.03919762289117317, 0.037812479337396496, 0.03622310391275238, 0.03453579653228067, 0.0330206041779641, 0.031565009966306234, 0.03054064037737075, 0.029904305612678588, 0.029394155816597912, 0.028896840658953926, 0.02825322628704274, 0.027685220830545497, 0.02666364029859006, 0.025486033827772144, 0.02414387260068274, 0.023028867611909868, 0.022681878550084772, 0.02299235797660897, 0.02387546679328945, 0.024738332374206702, 0.025547718436096926, 0.026640938816603423, 0.02759836215880636, 0.028240938725365098, 0.028199955208514017, 0.028168175430310402, 0.02767018559717724, 0.027414861073674215, 0.027239233260695786, 0.0274939869379551, 0.027874761581110984, 0.02868161073982207, 0.029514734605865275, 0.030345172291974937, 0.031248268714928727, 0.032298002681611045, 0.033509628354587276, 0.0348066615601669, 0.03569061118903811, 0.03631377821401384, 0.03654105211474412, 0.03646788532881584, 0.03572808397059345, 0.03427781350345514, 0.03309813106562172, 0.031639416134799855, 0.02970329439236902, 0.027599049067936567, 0.02603054913364457, 0.024090316372098155, 0.02220132238001286, 0.02051452966091278, 0.019044426362309692, 0.017805605247084858, 0.01643252777018217, 0.01523003850809785, 0.01424180324883461, 0.013706552220618947, 0.0130880570946912, 0.012988920737072255, 0.013178248200839212, 0.013386796436950147, 0.01359897371732897, 0.01439195864266014, 0.015495810506657983, 0.016686507754200334, 0.01807173050136072, 0.019341411872889052, 0.020370802976522343, 0.0213787239197115, 0.02262888584538598, 0.02401686851684336, 0.025523335513576738, 0.026670410326906566, 0.02758824337325398, 0.02810647098585074, 0.028219175888028712, 0.02804128716256827, 0.027840212128430745, 0.02799079668741686, 0.027988272685847155, 0.02831306909632167, 0.028434723397990712, 0.0285549391753426, 0.02832607944879636, 0.02800347501499142, 0.027460301198426997, 0.02681840364884072, 0.026203190519756815, 0.02552364346313934, 0.024940794741503684, 0.024553643852497812, 0.024009602077058226, 0.023587486328410737, 0.023053226444370627, 0.02237349941244249, 0.021247392964358097, 0.01948489409103017, 0.01759577829009665, 0.015969918059865678, 0.014849832783247986, 0.014164911869984548, 0.013546042864334782, 0.01328357500957488, 0.012905521640083246, 0.012806686101790404, 0.01256569256360443, 0.01270015008783326, 0.013333718053885597, 0.014364706842779438, 0.015230812921928084, 0.016214173123414017, 0.017422309714956504, 0.01848297873673576, 0.019690103784110968, 0.02062988015396428, 0.021304326954883004, 0.021542023987470748, 0.021445001132587415, 0.02128479356968176, 0.021154257299581803, 0.020548768777841446, 0.020419411659703072, 0.020346908766621045, 0.02018386842926173, 0.020060715556614095, 0.019970155121820186, 0.019905412966441507, 0.019860328269953802, 0.019689549628068632, 0.019110038324468673, 0.018401772510693467, 0.01773443768827515, 0.01691379473734185, 0.0163889904882787, 0.015891976533507178, 0.015695148472402557, 0.015634975895130635, 0.01548249397414641, 0.015250362203767827, 0.01446715870868431, 0.013690714184349355, 0.013111437378948002, 0.01280400987898366, 0.012789088065484542, 0.012885508256999974, 0.012645414791893052, 0.012533763320360268, 0.01300792748125149, 0.014045480441271196, 0.015593406388961941, 0.017496649938682926, 0.01947963017829757, 0.021814960986639112, 0.0244888991790445, 0.027455202671237973, 0.030462142682767764, 0.03347516022004274, 0.03632355277573078, 0.03911728575744543, 0.041489125175428104, 0.043617926344794986, 0.04507509866910146, 0.045973158335007626, 0.046666313335408376, 0.047747911364257295, 0.04910015737076979, 0.051170936172887156, 0.05323921785426519, 0.05484930583024696, 0.05598397968583077, 0.056516639752925084, 0.05678375349578094, 0.05655312215346535, 0.05709318659280136, 0.05753330561326649, 0.05822424761198231, 0.05856641837777238, 0.058663546697002605, 0.05829520111627496, 0.058019458378357286, 0.05786276302771312, 0.057678835712609886, 0.05721489013034267, 0.05620972754199197, 0.05488023496470325, 0.05291870088860013, 0.05085359195424363, 0.04836971777146554, 0.045888993393773454, 0.04332790860019442, 0.040721243397433354, 0.03815348906679705, 0.03609755066086763, 0.03431153121207709, 0.03269994312791247, 0.03113246913067769, 0.029533434333839276, 0.02779284963423818, 0.02581340528028532, 0.023636664296078556, 0.021032966406022018, 0.018298152858289164, 0.015471223173718233, 0.012975006021594128, 0.011476514573927241, 0.011190786613452559, 0.012013514795745658, 0.013192708648177051, 0.0146026096239084, 0.016627808096549106, 0.019288816219412905, 0.022115031993867204, 0.024956066779425322, 0.027947127033299147, 0.030317719296220055, 0.03213024736687776, 0.033908117916643665, 0.035613155393420214, 0.03695858371541455, 0.0370883147011733, 0.035844860180821725, 0.03331269225961453, 0.030127822662769057, 0.026675716455458534, 0.02305094507263966, 0.019294584365168215, 0.016588874620184203, 0.013459760460278334, 0.010513659470637583, 0.008184205378854309, 0.005908681970234855, 0.003908372487361734, 0.002250880846271649, 0.001837561814419065, 0.003902446460586522, 0.00649131804032715, 0.008842266053540701, 0.011337576744963709, 0.013847821453172829, 0.016241515374979285, 0.018506880743639053, 0.020753891025054552, 0.022854281545735794, 0.025177910908837288, 0.027764777035113285, 0.0302577363231247, 0.032552204835272186, 0.033962244268502154, 0.03530995724171245, 0.036795414568091225, 0.03840706162943578, 0.039993850675796264, 0.04133645030179679, 0.04211247094820217, 0.04239213751353172, 0.042192499106345205, 0.04200269786908514, 0.041897190162155235, 0.041830932940717325, 0.04166737666619139, 0.04206882264734189, 0.0426127097658282, 0.042895687146734904, 0.04300135533202284, 0.04249799814293581, 0.041897582995049115, 0.04072077112408416, 0.03927976254850985, 0.037331499513228325, 0.035889992777759706, 0.03456359233645024, 0.033243529781910974, 0.03199033675126687, 0.03059935779738079, 0.029272240636492235, 0.027900707354997015, 0.02654938414970694, 0.02543173352052397, 0.024311103096379235, 0.023065212419431085, 0.021685454855791198, 0.02041159885695607, 0.019056064221564174, 0.017656707279948437, 0.01626614648165674, 0.015012383850973622, 0.013603567963072178, 0.012189757837366814, 0.010674529938407772, 0.009407142987148039, 0.008344525906195775, 0.007439054007672372, 0.0072034584519923735, 0.007775010970036668, 0.009047582903156274, 0.010731538882415681, 0.01253460028234948, 0.014333543563369548, 0.016070624592636203, 0.017817726146123574, 0.019557256660804743, 0.02116824086555951, 0.022529303997840977, 0.023628588936546305, 0.02391411988476377, 0.02359656311707365, 0.022355277074164143, 0.020961866673625245, 0.018393580144489934, 0.015660552711922182, 0.013874328661167971, 0.01254026736778108, 0.011812131260623127, 0.010800298354986543, 0.00961805971638548, 0.008471507575266851, 0.007656757785702683, 0.006719580941926242, 0.0056999472982024405, 0.005125787188458596, 0.00504686530895439, 0.005697178935649704, 0.006245540782853768, 0.0070976650798796875, 0.007900543705723831, 0.008755370167568399, 0.009807746909975117, 0.011209592216881203, 0.01276960312030194, 0.014467251258771754, 0.015865855510978952, 0.01751794577394112, 0.01978728846519214, 0.022540086452385207, 0.024859037758439572, 0.02589623397823137, 0.02611181133516041, 0.026565850619759173, 0.0272557734372972, 0.02776644526036269, 0.02799937699621002, 0.02818388188652303, 0.02806005928616626, 0.028083982827741123, 0.02781538632605852, 0.027763976455106594, 0.028120518002563644, 0.028688559534023904, 0.029389365084960088, 0.030059907204608147, 0.03052096911154336, 0.031053468449087778, 0.03142000488428638, 0.03173833045042581, 0.031892653890475096, 0.03198060527161537, 0.031944507243272385, 0.03180892531117334, 0.03180195743523648, 0.03175983113429147, 0.03185651864929952, 0.032146459060636644, 0.032526908876218445, 0.033087790299913135, 0.03370146462957083, 0.0342847740780508, 0.0344768243549477, 0.03441738754137779, 0.034008301029805295]",0.02799079668741686,0.022182132141473132,0.0069386429676477485,0.027117152006872314,0.0,0.0,0.003397050425551107,0.022182132141473132,0.0069386429676477485,0.027117152006872314,3.0,1717635303.7031722,2024-06-06_10-55-03
0.5059,-0.05928,0.4432273650099634,0.48291343758714556,-0.0655574288072322,0.4159521510693273,0.5059,-0.05928,0.43964222558737986,0.48291343758714556,-0.0655574288072322,0.4159521510693273,0.027988272685847155,"[0.011315756658919754, 0.012192407496521018, 0.01288995615295488, 0.01359963525141729, 0.014321891165186378, 0.015181047888625853, 0.01592941522152252, 0.01673874496494045, 0.01751440457689525, 0.01835087734908702, 0.019202544572813795, 0.020070622325609303, 0.02095627718778323, 0.02186061264947246, 0.022737260153569413, 0.023681097053535004, 0.024646250751560458, 0.025633386418693636, 0.02659237614956749, 0.027623542314219474, 0.0286250346734827, 0.029647102596467904, 0.03056454213255984, 0.031680305841655834, 0.03263530150735364, 0.033606764937046466, 0.034593095597664145, 0.03536350794006898, 0.035930760474075646, 0.03631257033147624, 0.03661317474198803, 0.03688385713543919, 0.03738127616234113, 0.037934719347479336, 0.03858163380471939, 0.03921882339006296, 0.03999131852533767, 0.04074980907886149, 0.04127472956039594, 0.04151563832077664, 0.04151964454301027, 0.04123464219442919, 0.04096829512038153, 0.04056460486818273, 0.04028281736824196, 0.04000166841569801, 0.03919762289117317, 0.037812479337396496, 0.03622310391275238, 0.03453579653228067, 0.0330206041779641, 0.031565009966306234, 0.03054064037737075, 0.029904305612678588, 0.029394155816597912, 0.028896840658953926, 0.02825322628704274, 0.027685220830545497, 0.02666364029859006, 0.025486033827772144, 0.02414387260068274, 0.023028867611909868, 0.022681878550084772, 0.02299235797660897, 0.02387546679328945, 0.024738332374206702, 0.025547718436096926, 0.026640938816603423, 0.02759836215880636, 0.028240938725365098, 0.028199955208514017, 0.028168175430310402, 0.02767018559717724, 0.027414861073674215, 0.027239233260695786, 0.0274939869379551, 0.027874761581110984, 0.02868161073982207, 0.029514734605865275, 0.030345172291974937, 0.031248268714928727, 0.032298002681611045, 0.033509628354587276, 0.0348066615601669, 0.03569061118903811, 0.03631377821401384, 0.03654105211474412, 0.03646788532881584, 0.03572808397059345, 0.03427781350345514, 0.03309813106562172, 0.031639416134799855, 0.02970329439236902, 0.027599049067936567, 0.02603054913364457, 0.024090316372098155, 0.02220132238001286, 0.02051452966091278, 0.019044426362309692, 0.017805605247084858, 0.01643252777018217, 0.01523003850809785, 0.01424180324883461, 0.013706552220618947, 0.0130880570946912, 0.012988920737072255, 0.013178248200839212, 0.013386796436950147, 0.01359897371732897, 0.01439195864266014, 0.015495810506657983, 0.016686507754200334, 0.01807173050136072, 0.019341411872889052, 0.020370802976522343, 0.0213787239197115, 0.02262888584538598, 0.02401686851684336, 0.025523335513576738, 0.026670410326906566, 0.02758824337325398, 0.02810647098585074, 0.028219175888028712, 0.02804128716256827, 0.027840212128430745, 0.02799079668741686, 0.027988272685847155, 0.02831306909632167, 0.028434723397990712, 0.0285549391753426, 0.02832607944879636, 0.02800347501499142, 0.027460301198426997, 0.02681840364884072, 0.026203190519756815, 0.02552364346313934, 0.024940794741503684, 0.024553643852497812, 0.024009602077058226, 0.023587486328410737, 0.023053226444370627, 0.02237349941244249, 0.021247392964358097, 0.01948489409103017, 0.01759577829009665, 0.015969918059865678, 0.014849832783247986, 0.014164911869984548, 0.013546042864334782, 0.01328357500957488, 0.012905521640083246, 0.012806686101790404, 0.01256569256360443, 0.01270015008783326, 0.013333718053885597, 0.014364706842779438, 0.015230812921928084, 0.016214173123414017, 0.017422309714956504, 0.01848297873673576, 0.019690103784110968, 0.02062988015396428, 0.021304326954883004, 0.021542023987470748, 0.021445001132587415, 0.02128479356968176, 0.021154257299581803, 0.020548768777841446, 0.020419411659703072, 0.020346908766621045, 0.02018386842926173, 0.020060715556614095, 0.019970155121820186, 0.019905412966441507, 0.019860328269953802, 0.019689549628068632, 0.019110038324468673, 0.018401772510693467, 0.01773443768827515, 0.01691379473734185, 0.0163889904882787, 0.015891976533507178, 0.015695148472402557, 0.015634975895130635, 0.01548249397414641, 0.015250362203767827, 0.01446715870868431, 0.013690714184349355, 0.013111437378948002, 0.01280400987898366, 0.012789088065484542, 0.012885508256999974, 0.012645414791893052, 0.012533763320360268, 0.01300792748125149, 0.014045480441271196, 0.015593406388961941, 0.017496649938682926, 0.01947963017829757, 0.021814960986639112, 0.0244888991790445, 0.027455202671237973, 0.030462142682767764, 0.03347516022004274, 0.03632355277573078, 0.03911728575744543, 0.041489125175428104, 0.043617926344794986, 0.04507509866910146, 0.045973158335007626, 0.046666313335408376, 0.047747911364257295, 0.04910015737076979, 0.051170936172887156, 0.05323921785426519, 0.05484930583024696, 0.05598397968583077, 0.056516639752925084, 0.05678375349578094, 0.05655312215346535, 0.05709318659280136, 0.05753330561326649, 0.05822424761198231, 0.05856641837777238, 0.058663546697002605, 0.05829520111627496, 0.058019458378357286, 0.05786276302771312, 0.057678835712609886, 0.05721489013034267, 0.05620972754199197, 0.05488023496470325, 0.05291870088860013, 0.05085359195424363, 0.04836971777146554, 0.045888993393773454, 0.04332790860019442, 0.040721243397433354, 0.03815348906679705, 0.03609755066086763, 0.03431153121207709, 0.03269994312791247, 0.03113246913067769, 0.029533434333839276, 0.02779284963423818, 0.02581340528028532, 0.023636664296078556, 0.021032966406022018, 0.018298152858289164, 0.015471223173718233, 0.012975006021594128, 0.011476514573927241, 0.011190786613452559, 0.012013514795745658, 0.013192708648177051, 0.0146026096239084, 0.016627808096549106, 0.019288816219412905, 0.022115031993867204, 0.024956066779425322, 0.027947127033299147, 0.030317719296220055, 0.03213024736687776, 0.033908117916643665, 0.035613155393420214, 0.03695858371541455, 0.0370883147011733, 0.035844860180821725, 0.03331269225961453, 0.030127822662769057, 0.026675716455458534, 0.02305094507263966, 0.019294584365168215, 0.016588874620184203, 0.013459760460278334, 0.010513659470637583, 0.008184205378854309, 0.005908681970234855, 0.003908372487361734, 0.002250880846271649, 0.001837561814419065, 0.003902446460586522, 0.00649131804032715, 0.008842266053540701, 0.011337576744963709, 0.013847821453172829, 0.016241515374979285, 0.018506880743639053, 0.020753891025054552, 0.022854281545735794, 0.025177910908837288, 0.027764777035113285, 0.0302577363231247, 0.032552204835272186, 0.033962244268502154, 0.03530995724171245, 0.036795414568091225, 0.03840706162943578, 0.039993850675796264, 0.04133645030179679, 0.04211247094820217, 0.04239213751353172, 0.042192499106345205, 0.04200269786908514, 0.041897190162155235, 0.041830932940717325, 0.04166737666619139, 0.04206882264734189, 0.0426127097658282, 0.042895687146734904, 0.04300135533202284, 0.04249799814293581, 0.041897582995049115, 0.04072077112408416, 0.03927976254850985, 0.037331499513228325, 0.035889992777759706, 0.03456359233645024, 0.033243529781910974, 0.03199033675126687, 0.03059935779738079, 0.029272240636492235, 0.027900707354997015, 0.02654938414970694, 0.02543173352052397, 0.024311103096379235, 0.023065212419431085, 0.021685454855791198, 0.02041159885695607, 0.019056064221564174, 0.017656707279948437, 0.01626614648165674, 0.015012383850973622, 0.013603567963072178, 0.012189757837366814, 0.010674529938407772, 0.009407142987148039, 0.008344525906195775, 0.007439054007672372, 0.0072034584519923735, 0.007775010970036668, 0.009047582903156274, 0.010731538882415681, 0.01253460028234948, 0.014333543563369548, 0.016070624592636203, 0.017817726146123574, 0.019557256660804743, 0.02116824086555951, 0.022529303997840977, 0.023628588936546305, 0.02391411988476377, 0.02359656311707365, 0.022355277074164143, 0.020961866673625245, 0.018393580144489934, 0.015660552711922182, 0.013874328661167971, 0.01254026736778108, 0.011812131260623127, 0.010800298354986543, 0.00961805971638548, 0.008471507575266851, 0.007656757785702683, 0.006719580941926242, 0.0056999472982024405, 0.005125787188458596, 0.00504686530895439, 0.005697178935649704, 0.006245540782853768, 0.0070976650798796875, 0.007900543705723831, 0.008755370167568399, 0.009807746909975117, 0.011209592216881203, 0.01276960312030194, 0.014467251258771754, 0.015865855510978952, 0.01751794577394112, 0.01978728846519214, 0.022540086452385207, 0.024859037758439572, 0.02589623397823137, 0.02611181133516041, 0.026565850619759173, 0.0272557734372972, 0.02776644526036269, 0.02799937699621002, 0.02818388188652303, 0.02806005928616626, 0.028083982827741123, 0.02781538632605852, 0.027763976455106594, 0.028120518002563644, 0.028688559534023904, 0.029389365084960088, 0.030059907204608147, 0.03052096911154336, 0.031053468449087778, 0.03142000488428638, 0.03173833045042581, 0.031892653890475096, 0.03198060527161537, 0.031944507243272385, 0.03180892531117334, 0.03180195743523648, 0.03175983113429147, 0.03185651864929952, 0.032146459060636644, 0.032526908876218445, 0.033087790299913135, 0.03370146462957083, 0.0342847740780508, 0.0344768243549477, 0.03441738754137779, 0.034008301029805295]",0.027988272685847155,0.02298656241285446,0.006277428807232199,0.02727521394063609,0.0,0.0,0.0035851394225835387,0.02298656241285446,0.006277428807232199,0.02727521394063609,3.024,1717635303.7269602,2024-06-06_10-55-03
0.5059,-0.05855999999999999,0.44452146171324275,0.482280757021722,-0.06437503292776323,0.4168119818606343,0.5059,-0.05855999999999999,0.4407482332936268,0.482280757021722,-0.06437503292776323,0.4168119818606343,0.02831306909632167,"[0.011315756658919754, 0.012192407496521018, 0.01288995615295488, 0.01359963525141729, 0.014321891165186378, 0.015181047888625853, 0.01592941522152252, 0.01673874496494045, 0.01751440457689525, 0.01835087734908702, 0.019202544572813795, 0.020070622325609303, 0.02095627718778323, 0.02186061264947246, 0.022737260153569413, 0.023681097053535004, 0.024646250751560458, 0.025633386418693636, 0.02659237614956749, 0.027623542314219474, 0.0286250346734827, 0.029647102596467904, 0.03056454213255984, 0.031680305841655834, 0.03263530150735364, 0.033606764937046466, 0.034593095597664145, 0.03536350794006898, 0.035930760474075646, 0.03631257033147624, 0.03661317474198803, 0.03688385713543919, 0.03738127616234113, 0.037934719347479336, 0.03858163380471939, 0.03921882339006296, 0.03999131852533767, 0.04074980907886149, 0.04127472956039594, 0.04151563832077664, 0.04151964454301027, 0.04123464219442919, 0.04096829512038153, 0.04056460486818273, 0.04028281736824196, 0.04000166841569801, 0.03919762289117317, 0.037812479337396496, 0.03622310391275238, 0.03453579653228067, 0.0330206041779641, 0.031565009966306234, 0.03054064037737075, 0.029904305612678588, 0.029394155816597912, 0.028896840658953926, 0.02825322628704274, 0.027685220830545497, 0.02666364029859006, 0.025486033827772144, 0.02414387260068274, 0.023028867611909868, 0.022681878550084772, 0.02299235797660897, 0.02387546679328945, 0.024738332374206702, 0.025547718436096926, 0.026640938816603423, 0.02759836215880636, 0.028240938725365098, 0.028199955208514017, 0.028168175430310402, 0.02767018559717724, 0.027414861073674215, 0.027239233260695786, 0.0274939869379551, 0.027874761581110984, 0.02868161073982207, 0.029514734605865275, 0.030345172291974937, 0.031248268714928727, 0.032298002681611045, 0.033509628354587276, 0.0348066615601669, 0.03569061118903811, 0.03631377821401384, 0.03654105211474412, 0.03646788532881584, 0.03572808397059345, 0.03427781350345514, 0.03309813106562172, 0.031639416134799855, 0.02970329439236902, 0.027599049067936567, 0.02603054913364457, 0.024090316372098155, 0.02220132238001286, 0.02051452966091278, 0.019044426362309692, 0.017805605247084858, 0.01643252777018217, 0.01523003850809785, 0.01424180324883461, 0.013706552220618947, 0.0130880570946912, 0.012988920737072255, 0.013178248200839212, 0.013386796436950147, 0.01359897371732897, 0.01439195864266014, 0.015495810506657983, 0.016686507754200334, 0.01807173050136072, 0.019341411872889052, 0.020370802976522343, 0.0213787239197115, 0.02262888584538598, 0.02401686851684336, 0.025523335513576738, 0.026670410326906566, 0.02758824337325398, 0.02810647098585074, 0.028219175888028712, 0.02804128716256827, 0.027840212128430745, 0.02799079668741686, 0.027988272685847155, 0.02831306909632167, 0.028434723397990712, 0.0285549391753426, 0.02832607944879636, 0.02800347501499142, 0.027460301198426997, 0.02681840364884072, 0.026203190519756815, 0.02552364346313934, 0.024940794741503684, 0.024553643852497812, 0.024009602077058226, 0.023587486328410737, 0.023053226444370627, 0.02237349941244249, 0.021247392964358097, 0.01948489409103017, 0.01759577829009665, 0.015969918059865678, 0.014849832783247986, 0.014164911869984548, 0.013546042864334782, 0.01328357500957488, 0.012905521640083246, 0.012806686101790404, 0.01256569256360443, 0.01270015008783326, 0.013333718053885597, 0.014364706842779438, 0.015230812921928084, 0.016214173123414017, 0.017422309714956504, 0.01848297873673576, 0.019690103784110968, 0.02062988015396428, 0.021304326954883004, 0.021542023987470748, 0.021445001132587415, 0.02128479356968176, 0.021154257299581803, 0.020548768777841446, 0.020419411659703072, 0.020346908766621045, 0.02018386842926173, 0.020060715556614095, 0.019970155121820186, 0.019905412966441507, 0.019860328269953802, 0.019689549628068632, 0.019110038324468673, 0.018401772510693467, 0.01773443768827515, 0.01691379473734185, 0.0163889904882787, 0.015891976533507178, 0.015695148472402557, 0.015634975895130635, 0.01548249397414641, 0.015250362203767827, 0.01446715870868431, 0.013690714184349355, 0.013111437378948002, 0.01280400987898366, 0.012789088065484542, 0.012885508256999974, 0.012645414791893052, 0.012533763320360268, 0.01300792748125149, 0.014045480441271196, 0.015593406388961941, 0.017496649938682926, 0.01947963017829757, 0.021814960986639112, 0.0244888991790445, 0.027455202671237973, 0.030462142682767764, 0.03347516022004274, 0.03632355277573078, 0.03911728575744543, 0.041489125175428104, 0.043617926344794986, 0.04507509866910146, 0.045973158335007626, 0.046666313335408376, 0.047747911364257295, 0.04910015737076979, 0.051170936172887156, 0.05323921785426519, 0.05484930583024696, 0.05598397968583077, 0.056516639752925084, 0.05678375349578094, 0.05655312215346535, 0.05709318659280136, 0.05753330561326649, 0.05822424761198231, 0.05856641837777238, 0.058663546697002605, 0.05829520111627496, 0.058019458378357286, 0.05786276302771312, 0.057678835712609886, 0.05721489013034267, 0.05620972754199197, 0.05488023496470325, 0.05291870088860013, 0.05085359195424363, 0.04836971777146554, 0.045888993393773454, 0.04332790860019442, 0.040721243397433354, 0.03815348906679705, 0.03609755066086763, 0.03431153121207709, 0.03269994312791247, 0.03113246913067769, 0.029533434333839276, 0.02779284963423818, 0.02581340528028532, 0.023636664296078556, 0.021032966406022018, 0.018298152858289164, 0.015471223173718233, 0.012975006021594128, 0.011476514573927241, 0.011190786613452559, 0.012013514795745658, 0.013192708648177051, 0.0146026096239084, 0.016627808096549106, 0.019288816219412905, 0.022115031993867204, 0.024956066779425322, 0.027947127033299147, 0.030317719296220055, 0.03213024736687776, 0.033908117916643665, 0.035613155393420214, 0.03695858371541455, 0.0370883147011733, 0.035844860180821725, 0.03331269225961453, 0.030127822662769057, 0.026675716455458534, 0.02305094507263966, 0.019294584365168215, 0.016588874620184203, 0.013459760460278334, 0.010513659470637583, 0.008184205378854309, 0.005908681970234855, 0.003908372487361734, 0.002250880846271649, 0.001837561814419065, 0.003902446460586522, 0.00649131804032715, 0.008842266053540701, 0.011337576744963709, 0.013847821453172829, 0.016241515374979285, 0.018506880743639053, 0.020753891025054552, 0.022854281545735794, 0.025177910908837288, 0.027764777035113285, 0.0302577363231247, 0.032552204835272186, 0.033962244268502154, 0.03530995724171245, 0.036795414568091225, 0.03840706162943578, 0.039993850675796264, 0.04133645030179679, 0.04211247094820217, 0.04239213751353172, 0.042192499106345205, 0.04200269786908514, 0.041897190162155235, 0.041830932940717325, 0.04166737666619139, 0.04206882264734189, 0.0426127097658282, 0.042895687146734904, 0.04300135533202284, 0.04249799814293581, 0.041897582995049115, 0.04072077112408416, 0.03927976254850985, 0.037331499513228325, 0.035889992777759706, 0.03456359233645024, 0.033243529781910974, 0.03199033675126687, 0.03059935779738079, 0.029272240636492235, 0.027900707354997015, 0.02654938414970694, 0.02543173352052397, 0.024311103096379235, 0.023065212419431085, 0.021685454855791198, 0.02041159885695607, 0.019056064221564174, 0.017656707279948437, 0.01626614648165674, 0.015012383850973622, 0.013603567963072178, 0.012189757837366814, 0.010674529938407772, 0.009407142987148039, 0.008344525906195775, 0.007439054007672372, 0.0072034584519923735, 0.007775010970036668, 0.009047582903156274, 0.010731538882415681, 0.01253460028234948, 0.014333543563369548, 0.016070624592636203, 0.017817726146123574, 0.019557256660804743, 0.02116824086555951, 0.022529303997840977, 0.023628588936546305, 0.02391411988476377, 0.02359656311707365, 0.022355277074164143, 0.020961866673625245, 0.018393580144489934, 0.015660552711922182, 0.013874328661167971, 0.01254026736778108, 0.011812131260623127, 0.010800298354986543, 0.00961805971638548, 0.008471507575266851, 0.007656757785702683, 0.006719580941926242, 0.0056999472982024405, 0.005125787188458596, 0.00504686530895439, 0.005697178935649704, 0.006245540782853768, 0.0070976650798796875, 0.007900543705723831, 0.008755370167568399, 0.009807746909975117, 0.011209592216881203, 0.01276960312030194, 0.014467251258771754, 0.015865855510978952, 0.01751794577394112, 0.01978728846519214, 0.022540086452385207, 0.024859037758439572, 0.02589623397823137, 0.02611181133516041, 0.026565850619759173, 0.0272557734372972, 0.02776644526036269, 0.02799937699621002, 0.02818388188652303, 0.02806005928616626, 0.028083982827741123, 0.02781538632605852, 0.027763976455106594, 0.028120518002563644, 0.028688559534023904, 0.029389365084960088, 0.030059907204608147, 0.03052096911154336, 0.031053468449087778, 0.03142000488428638, 0.03173833045042581, 0.031892653890475096, 0.03198060527161537, 0.031944507243272385, 0.03180892531117334, 0.03180195743523648, 0.03175983113429147, 0.03185651864929952, 0.032146459060636644, 0.032526908876218445, 0.033087790299913135, 0.03370146462957083, 0.0342847740780508, 0.0344768243549477, 0.03441738754137779, 0.034008301029805295]",0.02831306909632167,0.023619242978278,0.005815032927763239,0.027709479852608465,0.0,0.0,0.0037732284196159704,0.023619242978278,0.005815032927763239,0.027709479852608465,3.048,1717635303.7509396,2024-06-06_10-55-03
0.5059,-0.05784,0.44573865920298716,0.481468356324472,-0.06320869006503241,0.4178153595823144,0.5059,-0.05784,0.44177734178633876,0.481468356324472,-0.06320869006503241,0.4178153595823144,0.028434723397990712,"[0.011315756658919754, 0.012192407496521018, 0.01288995615295488, 0.01359963525141729, 0.014321891165186378, 0.015181047888625853, 0.01592941522152252, 0.01673874496494045, 0.01751440457689525, 0.01835087734908702, 0.019202544572813795, 0.020070622325609303, 0.02095627718778323, 0.02186061264947246, 0.022737260153569413, 0.023681097053535004, 0.024646250751560458, 0.025633386418693636, 0.02659237614956749, 0.027623542314219474, 0.0286250346734827, 0.029647102596467904, 0.03056454213255984, 0.031680305841655834, 0.03263530150735364, 0.033606764937046466, 0.034593095597664145, 0.03536350794006898, 0.035930760474075646, 0.03631257033147624, 0.03661317474198803, 0.03688385713543919, 0.03738127616234113, 0.037934719347479336, 0.03858163380471939, 0.03921882339006296, 0.03999131852533767, 0.04074980907886149, 0.04127472956039594, 0.04151563832077664, 0.04151964454301027, 0.04123464219442919, 0.04096829512038153, 0.04056460486818273, 0.04028281736824196, 0.04000166841569801, 0.03919762289117317, 0.037812479337396496, 0.03622310391275238, 0.03453579653228067, 0.0330206041779641, 0.031565009966306234, 0.03054064037737075, 0.029904305612678588, 0.029394155816597912, 0.028896840658953926, 0.02825322628704274, 0.027685220830545497, 0.02666364029859006, 0.025486033827772144, 0.02414387260068274, 0.023028867611909868, 0.022681878550084772, 0.02299235797660897, 0.02387546679328945, 0.024738332374206702, 0.025547718436096926, 0.026640938816603423, 0.02759836215880636, 0.028240938725365098, 0.028199955208514017, 0.028168175430310402, 0.02767018559717724, 0.027414861073674215, 0.027239233260695786, 0.0274939869379551, 0.027874761581110984, 0.02868161073982207, 0.029514734605865275, 0.030345172291974937, 0.031248268714928727, 0.032298002681611045, 0.033509628354587276, 0.0348066615601669, 0.03569061118903811, 0.03631377821401384, 0.03654105211474412, 0.03646788532881584, 0.03572808397059345, 0.03427781350345514, 0.03309813106562172, 0.031639416134799855, 0.02970329439236902, 0.027599049067936567, 0.02603054913364457, 0.024090316372098155, 0.02220132238001286, 0.02051452966091278, 0.019044426362309692, 0.017805605247084858, 0.01643252777018217, 0.01523003850809785, 0.01424180324883461, 0.013706552220618947, 0.0130880570946912, 0.012988920737072255, 0.013178248200839212, 0.013386796436950147, 0.01359897371732897, 0.01439195864266014, 0.015495810506657983, 0.016686507754200334, 0.01807173050136072, 0.019341411872889052, 0.020370802976522343, 0.0213787239197115, 0.02262888584538598, 0.02401686851684336, 0.025523335513576738, 0.026670410326906566, 0.02758824337325398, 0.02810647098585074, 0.028219175888028712, 0.02804128716256827, 0.027840212128430745, 0.02799079668741686, 0.027988272685847155, 0.02831306909632167, 0.028434723397990712, 0.0285549391753426, 0.02832607944879636, 0.02800347501499142, 0.027460301198426997, 0.02681840364884072, 0.026203190519756815, 0.02552364346313934, 0.024940794741503684, 0.024553643852497812, 0.024009602077058226, 0.023587486328410737, 0.023053226444370627, 0.02237349941244249, 0.021247392964358097, 0.01948489409103017, 0.01759577829009665, 0.015969918059865678, 0.014849832783247986, 0.014164911869984548, 0.013546042864334782, 0.01328357500957488, 0.012905521640083246, 0.012806686101790404, 0.01256569256360443, 0.01270015008783326, 0.013333718053885597, 0.014364706842779438, 0.015230812921928084, 0.016214173123414017, 0.017422309714956504, 0.01848297873673576, 0.019690103784110968, 0.02062988015396428, 0.021304326954883004, 0.021542023987470748, 0.021445001132587415, 0.02128479356968176, 0.021154257299581803, 0.020548768777841446, 0.020419411659703072, 0.020346908766621045, 0.02018386842926173, 0.020060715556614095, 0.019970155121820186, 0.019905412966441507, 0.019860328269953802, 0.019689549628068632, 0.019110038324468673, 0.018401772510693467, 0.01773443768827515, 0.01691379473734185, 0.0163889904882787, 0.015891976533507178, 0.015695148472402557, 0.015634975895130635, 0.01548249397414641, 0.015250362203767827, 0.01446715870868431, 0.013690714184349355, 0.013111437378948002, 0.01280400987898366, 0.012789088065484542, 0.012885508256999974, 0.012645414791893052, 0.012533763320360268, 0.01300792748125149, 0.014045480441271196, 0.015593406388961941, 0.017496649938682926, 0.01947963017829757, 0.021814960986639112, 0.0244888991790445, 0.027455202671237973, 0.030462142682767764, 0.03347516022004274, 0.03632355277573078, 0.03911728575744543, 0.041489125175428104, 0.043617926344794986, 0.04507509866910146, 0.045973158335007626, 0.046666313335408376, 0.047747911364257295, 0.04910015737076979, 0.051170936172887156, 0.05323921785426519, 0.05484930583024696, 0.05598397968583077, 0.056516639752925084, 0.05678375349578094, 0.05655312215346535, 0.05709318659280136, 0.05753330561326649, 0.05822424761198231, 0.05856641837777238, 0.058663546697002605, 0.05829520111627496, 0.058019458378357286, 0.05786276302771312, 0.057678835712609886, 0.05721489013034267, 0.05620972754199197, 0.05488023496470325, 0.05291870088860013, 0.05085359195424363, 0.04836971777146554, 0.045888993393773454, 0.04332790860019442, 0.040721243397433354, 0.03815348906679705, 0.03609755066086763, 0.03431153121207709, 0.03269994312791247, 0.03113246913067769, 0.029533434333839276, 0.02779284963423818, 0.02581340528028532, 0.023636664296078556, 0.021032966406022018, 0.018298152858289164, 0.015471223173718233, 0.012975006021594128, 0.011476514573927241, 0.011190786613452559, 0.012013514795745658, 0.013192708648177051, 0.0146026096239084, 0.016627808096549106, 0.019288816219412905, 0.022115031993867204, 0.024956066779425322, 0.027947127033299147, 0.030317719296220055, 0.03213024736687776, 0.033908117916643665, 0.035613155393420214, 0.03695858371541455, 0.0370883147011733, 0.035844860180821725, 0.03331269225961453, 0.030127822662769057, 0.026675716455458534, 0.02305094507263966, 0.019294584365168215, 0.016588874620184203, 0.013459760460278334, 0.010513659470637583, 0.008184205378854309, 0.005908681970234855, 0.003908372487361734, 0.002250880846271649, 0.001837561814419065, 0.003902446460586522, 0.00649131804032715, 0.008842266053540701, 0.011337576744963709, 0.013847821453172829, 0.016241515374979285, 0.018506880743639053, 0.020753891025054552, 0.022854281545735794, 0.025177910908837288, 0.027764777035113285, 0.0302577363231247, 0.032552204835272186, 0.033962244268502154, 0.03530995724171245, 0.036795414568091225, 0.03840706162943578, 0.039993850675796264, 0.04133645030179679, 0.04211247094820217, 0.04239213751353172, 0.042192499106345205, 0.04200269786908514, 0.041897190162155235, 0.041830932940717325, 0.04166737666619139, 0.04206882264734189, 0.0426127097658282, 0.042895687146734904, 0.04300135533202284, 0.04249799814293581, 0.041897582995049115, 0.04072077112408416, 0.03927976254850985, 0.037331499513228325, 0.035889992777759706, 0.03456359233645024, 0.033243529781910974, 0.03199033675126687, 0.03059935779738079, 0.029272240636492235, 0.027900707354997015, 0.02654938414970694, 0.02543173352052397, 0.024311103096379235, 0.023065212419431085, 0.021685454855791198, 0.02041159885695607, 0.019056064221564174, 0.017656707279948437, 0.01626614648165674, 0.015012383850973622, 0.013603567963072178, 0.012189757837366814, 0.010674529938407772, 0.009407142987148039, 0.008344525906195775, 0.007439054007672372, 0.0072034584519923735, 0.007775010970036668, 0.009047582903156274, 0.010731538882415681, 0.01253460028234948, 0.014333543563369548, 0.016070624592636203, 0.017817726146123574, 0.019557256660804743, 0.02116824086555951, 0.022529303997840977, 0.023628588936546305, 0.02391411988476377, 0.02359656311707365, 0.022355277074164143, 0.020961866673625245, 0.018393580144489934, 0.015660552711922182, 0.013874328661167971, 0.01254026736778108, 0.011812131260623127, 0.010800298354986543, 0.00961805971638548, 0.008471507575266851, 0.007656757785702683, 0.006719580941926242, 0.0056999472982024405, 0.005125787188458596, 0.00504686530895439, 0.005697178935649704, 0.006245540782853768, 0.0070976650798796875, 0.007900543705723831, 0.008755370167568399, 0.009807746909975117, 0.011209592216881203, 0.01276960312030194, 0.014467251258771754, 0.015865855510978952, 0.01751794577394112, 0.01978728846519214, 0.022540086452385207, 0.024859037758439572, 0.02589623397823137, 0.02611181133516041, 0.026565850619759173, 0.0272557734372972, 0.02776644526036269, 0.02799937699621002, 0.02818388188652303, 0.02806005928616626, 0.028083982827741123, 0.02781538632605852, 0.027763976455106594, 0.028120518002563644, 0.028688559534023904, 0.029389365084960088, 0.030059907204608147, 0.03052096911154336, 0.031053468449087778, 0.03142000488428638, 0.03173833045042581, 0.031892653890475096, 0.03198060527161537, 0.031944507243272385, 0.03180892531117334, 0.03180195743523648, 0.03175983113429147, 0.03185651864929952, 0.032146459060636644, 0.032526908876218445, 0.033087790299913135, 0.03370146462957083, 0.0342847740780508, 0.0344768243549477, 0.03441738754137779, 0.034008301029805295]",0.028434723397990712,0.024431643675528025,0.005368690065032405,0.027923299620672748,0.0,0.0,0.003961317416648402,0.024431643675528025,0.005368690065032405,0.027923299620672748,3.0719999999999996,1717635303.7774575,2024-06-06_10-55-03
0.5059,-0.057120000000000004,0.4468702474359357,0.4806630865317586,-0.06258293164608275,0.4188427443516839,0.5059,-0.057120000000000004,0.4427208410222549,0.4806630865317586,-0.06258293164608275,0.4188427443516839,0.0285549391753426,"[0.011315756658919754, 0.012192407496521018, 0.01288995615295488, 0.01359963525141729, 0.014321891165186378, 0.015181047888625853, 0.01592941522152252, 0.01673874496494045, 0.01751440457689525, 0.01835087734908702, 0.019202544572813795, 0.020070622325609303, 0.02095627718778323, 0.02186061264947246, 0.022737260153569413, 0.023681097053535004, 0.024646250751560458, 0.025633386418693636, 0.02659237614956749, 0.027623542314219474, 0.0286250346734827, 0.029647102596467904, 0.03056454213255984, 0.031680305841655834, 0.03263530150735364, 0.033606764937046466, 0.034593095597664145, 0.03536350794006898, 0.035930760474075646, 0.03631257033147624, 0.03661317474198803, 0.03688385713543919, 0.03738127616234113, 0.037934719347479336, 0.03858163380471939, 0.03921882339006296, 0.03999131852533767, 0.04074980907886149, 0.04127472956039594, 0.04151563832077664, 0.04151964454301027, 0.04123464219442919, 0.04096829512038153, 0.04056460486818273, 0.04028281736824196, 0.04000166841569801, 0.03919762289117317, 0.037812479337396496, 0.03622310391275238, 0.03453579653228067, 0.0330206041779641, 0.031565009966306234, 0.03054064037737075, 0.029904305612678588, 0.029394155816597912, 0.028896840658953926, 0.02825322628704274, 0.027685220830545497, 0.02666364029859006, 0.025486033827772144, 0.02414387260068274, 0.023028867611909868, 0.022681878550084772, 0.02299235797660897, 0.02387546679328945, 0.024738332374206702, 0.025547718436096926, 0.026640938816603423, 0.02759836215880636, 0.028240938725365098, 0.028199955208514017, 0.028168175430310402, 0.02767018559717724, 0.027414861073674215, 0.027239233260695786, 0.0274939869379551, 0.027874761581110984, 0.02868161073982207, 0.029514734605865275, 0.030345172291974937, 0.031248268714928727, 0.032298002681611045, 0.033509628354587276, 0.0348066615601669, 0.03569061118903811, 0.03631377821401384, 0.03654105211474412, 0.03646788532881584, 0.03572808397059345, 0.03427781350345514, 0.03309813106562172, 0.031639416134799855, 0.02970329439236902, 0.027599049067936567, 0.02603054913364457, 0.024090316372098155, 0.02220132238001286, 0.02051452966091278, 0.019044426362309692, 0.017805605247084858, 0.01643252777018217, 0.01523003850809785, 0.01424180324883461, 0.013706552220618947, 0.0130880570946912, 0.012988920737072255, 0.013178248200839212, 0.013386796436950147, 0.01359897371732897, 0.01439195864266014, 0.015495810506657983, 0.016686507754200334, 0.01807173050136072, 0.019341411872889052, 0.020370802976522343, 0.0213787239197115, 0.02262888584538598, 0.02401686851684336, 0.025523335513576738, 0.026670410326906566, 0.02758824337325398, 0.02810647098585074, 0.028219175888028712, 0.02804128716256827, 0.027840212128430745, 0.02799079668741686, 0.027988272685847155, 0.02831306909632167, 0.028434723397990712, 0.0285549391753426, 0.02832607944879636, 0.02800347501499142, 0.027460301198426997, 0.02681840364884072, 0.026203190519756815, 0.02552364346313934, 0.024940794741503684, 0.024553643852497812, 0.024009602077058226, 0.023587486328410737, 0.023053226444370627, 0.02237349941244249, 0.021247392964358097, 0.01948489409103017, 0.01759577829009665, 0.015969918059865678, 0.014849832783247986, 0.014164911869984548, 0.013546042864334782, 0.01328357500957488, 0.012905521640083246, 0.012806686101790404, 0.01256569256360443, 0.01270015008783326, 0.013333718053885597, 0.014364706842779438, 0.015230812921928084, 0.016214173123414017, 0.017422309714956504, 0.01848297873673576, 0.019690103784110968, 0.02062988015396428, 0.021304326954883004, 0.021542023987470748, 0.021445001132587415, 0.02128479356968176, 0.021154257299581803, 0.020548768777841446, 0.020419411659703072, 0.020346908766621045, 0.02018386842926173, 0.020060715556614095, 0.019970155121820186, 0.019905412966441507, 0.019860328269953802, 0.019689549628068632, 0.019110038324468673, 0.018401772510693467, 0.01773443768827515, 0.01691379473734185, 0.0163889904882787, 0.015891976533507178, 0.015695148472402557, 0.015634975895130635, 0.01548249397414641, 0.015250362203767827, 0.01446715870868431, 0.013690714184349355, 0.013111437378948002, 0.01280400987898366, 0.012789088065484542, 0.012885508256999974, 0.012645414791893052, 0.012533763320360268, 0.01300792748125149, 0.014045480441271196, 0.015593406388961941, 0.017496649938682926, 0.01947963017829757, 0.021814960986639112, 0.0244888991790445, 0.027455202671237973, 0.030462142682767764, 0.03347516022004274, 0.03632355277573078, 0.03911728575744543, 0.041489125175428104, 0.043617926344794986, 0.04507509866910146, 0.045973158335007626, 0.046666313335408376, 0.047747911364257295, 0.04910015737076979, 0.051170936172887156, 0.05323921785426519, 0.05484930583024696, 0.05598397968583077, 0.056516639752925084, 0.05678375349578094, 0.05655312215346535, 0.05709318659280136, 0.05753330561326649, 0.05822424761198231, 0.05856641837777238, 0.058663546697002605, 0.05829520111627496, 0.058019458378357286, 0.05786276302771312, 0.057678835712609886, 0.05721489013034267, 0.05620972754199197, 0.05488023496470325, 0.05291870088860013, 0.05085359195424363, 0.04836971777146554, 0.045888993393773454, 0.04332790860019442, 0.040721243397433354, 0.03815348906679705, 0.03609755066086763, 0.03431153121207709, 0.03269994312791247, 0.03113246913067769, 0.029533434333839276, 0.02779284963423818, 0.02581340528028532, 0.023636664296078556, 0.021032966406022018, 0.018298152858289164, 0.015471223173718233, 0.012975006021594128, 0.011476514573927241, 0.011190786613452559, 0.012013514795745658, 0.013192708648177051, 0.0146026096239084, 0.016627808096549106, 0.019288816219412905, 0.022115031993867204, 0.024956066779425322, 0.027947127033299147, 0.030317719296220055, 0.03213024736687776, 0.033908117916643665, 0.035613155393420214, 0.03695858371541455, 0.0370883147011733, 0.035844860180821725, 0.03331269225961453, 0.030127822662769057, 0.026675716455458534, 0.02305094507263966, 0.019294584365168215, 0.016588874620184203, 0.013459760460278334, 0.010513659470637583, 0.008184205378854309, 0.005908681970234855, 0.003908372487361734, 0.002250880846271649, 0.001837561814419065, 0.003902446460586522, 0.00649131804032715, 0.008842266053540701, 0.011337576744963709, 0.013847821453172829, 0.016241515374979285, 0.018506880743639053, 0.020753891025054552, 0.022854281545735794, 0.025177910908837288, 0.027764777035113285, 0.0302577363231247, 0.032552204835272186, 0.033962244268502154, 0.03530995724171245, 0.036795414568091225, 0.03840706162943578, 0.039993850675796264, 0.04133645030179679, 0.04211247094820217, 0.04239213751353172, 0.042192499106345205, 0.04200269786908514, 0.041897190162155235, 0.041830932940717325, 0.04166737666619139, 0.04206882264734189, 0.0426127097658282, 0.042895687146734904, 0.04300135533202284, 0.04249799814293581, 0.041897582995049115, 0.04072077112408416, 0.03927976254850985, 0.037331499513228325, 0.035889992777759706, 0.03456359233645024, 0.033243529781910974, 0.03199033675126687, 0.03059935779738079, 0.029272240636492235, 0.027900707354997015, 0.02654938414970694, 0.02543173352052397, 0.024311103096379235, 0.023065212419431085, 0.021685454855791198, 0.02041159885695607, 0.019056064221564174, 0.017656707279948437, 0.01626614648165674, 0.015012383850973622, 0.013603567963072178, 0.012189757837366814, 0.010674529938407772, 0.009407142987148039, 0.008344525906195775, 0.007439054007672372, 0.0072034584519923735, 0.007775010970036668, 0.009047582903156274, 0.010731538882415681, 0.01253460028234948, 0.014333543563369548, 0.016070624592636203, 0.017817726146123574, 0.019557256660804743, 0.02116824086555951, 0.022529303997840977, 0.023628588936546305, 0.02391411988476377, 0.02359656311707365, 0.022355277074164143, 0.020961866673625245, 0.018393580144489934, 0.015660552711922182, 0.013874328661167971, 0.01254026736778108, 0.011812131260623127, 0.010800298354986543, 0.00961805971638548, 0.008471507575266851, 0.007656757785702683, 0.006719580941926242, 0.0056999472982024405, 0.005125787188458596, 0.00504686530895439, 0.005697178935649704, 0.006245540782853768, 0.0070976650798796875, 0.007900543705723831, 0.008755370167568399, 0.009807746909975117, 0.011209592216881203, 0.01276960312030194, 0.014467251258771754, 0.015865855510978952, 0.01751794577394112, 0.01978728846519214, 0.022540086452385207, 0.024859037758439572, 0.02589623397823137, 0.02611181133516041, 0.026565850619759173, 0.0272557734372972, 0.02776644526036269, 0.02799937699621002, 0.02818388188652303, 0.02806005928616626, 0.028083982827741123, 0.02781538632605852, 0.027763976455106594, 0.028120518002563644, 0.028688559534023904, 0.029389365084960088, 0.030059907204608147, 0.03052096911154336, 0.031053468449087778, 0.03142000488428638, 0.03173833045042581, 0.031892653890475096, 0.03198060527161537, 0.031944507243272385, 0.03180892531117334, 0.03180195743523648, 0.03175983113429147, 0.03185651864929952, 0.032146459060636644, 0.032526908876218445, 0.033087790299913135, 0.03370146462957083, 0.0342847740780508, 0.0344768243549477, 0.03441738754137779, 0.034008301029805295]",0.0285549391753426,0.025236913468241418,0.005462931646082747,0.02802750308425178,0.0,0.0,0.0041494064136807784,0.025236913468241418,0.005462931646082747,0.02802750308425178,3.096,1717635303.7989252,2024-06-06_10-55-03
0.5059,-0.05639999999999999,0.44790791254179285,0.4797662322165027,-0.06202478168840041,0.4201459131920097,0.5059,-0.05639999999999999,0.44352432552669013,0.4797662322165027,-0.06202478168840041,0.4201459131920097,0.02832607944879636,"[0.011315756658919754, 0.012192407496521018, 0.01288995615295488, 0.01359963525141729, 0.014321891165186378, 0.015181047888625853, 0.01592941522152252, 0.01673874496494045, 0.01751440457689525, 0.01835087734908702, 0.019202544572813795, 0.020070622325609303, 0.02095627718778323, 0.02186061264947246, 0.022737260153569413, 0.023681097053535004, 0.024646250751560458, 0.025633386418693636, 0.02659237614956749, 0.027623542314219474, 0.0286250346734827, 0.029647102596467904, 0.03056454213255984, 0.031680305841655834, 0.03263530150735364, 0.033606764937046466, 0.034593095597664145, 0.03536350794006898, 0.035930760474075646, 0.03631257033147624, 0.03661317474198803, 0.03688385713543919, 0.03738127616234113, 0.037934719347479336, 0.03858163380471939, 0.03921882339006296, 0.03999131852533767, 0.04074980907886149, 0.04127472956039594, 0.04151563832077664, 0.04151964454301027, 0.04123464219442919, 0.04096829512038153, 0.04056460486818273, 0.04028281736824196, 0.04000166841569801, 0.03919762289117317, 0.037812479337396496, 0.03622310391275238, 0.03453579653228067, 0.0330206041779641, 0.031565009966306234, 0.03054064037737075, 0.029904305612678588, 0.029394155816597912, 0.028896840658953926, 0.02825322628704274, 0.027685220830545497, 0.02666364029859006, 0.025486033827772144, 0.02414387260068274, 0.023028867611909868, 0.022681878550084772, 0.02299235797660897, 0.02387546679328945, 0.024738332374206702, 0.025547718436096926, 0.026640938816603423, 0.02759836215880636, 0.028240938725365098, 0.028199955208514017, 0.028168175430310402, 0.02767018559717724, 0.027414861073674215, 0.027239233260695786, 0.0274939869379551, 0.027874761581110984, 0.02868161073982207, 0.029514734605865275, 0.030345172291974937, 0.031248268714928727, 0.032298002681611045, 0.033509628354587276, 0.0348066615601669, 0.03569061118903811, 0.03631377821401384, 0.03654105211474412, 0.03646788532881584, 0.03572808397059345, 0.03427781350345514, 0.03309813106562172, 0.031639416134799855, 0.02970329439236902, 0.027599049067936567, 0.02603054913364457, 0.024090316372098155, 0.02220132238001286, 0.02051452966091278, 0.019044426362309692, 0.017805605247084858, 0.01643252777018217, 0.01523003850809785, 0.01424180324883461, 0.013706552220618947, 0.0130880570946912, 0.012988920737072255, 0.013178248200839212, 0.013386796436950147, 0.01359897371732897, 0.01439195864266014, 0.015495810506657983, 0.016686507754200334, 0.01807173050136072, 0.019341411872889052, 0.020370802976522343, 0.0213787239197115, 0.02262888584538598, 0.02401686851684336, 0.025523335513576738, 0.026670410326906566, 0.02758824337325398, 0.02810647098585074, 0.028219175888028712, 0.02804128716256827, 0.027840212128430745, 0.02799079668741686, 0.027988272685847155, 0.02831306909632167, 0.028434723397990712, 0.0285549391753426, 0.02832607944879636, 0.02800347501499142, 0.027460301198426997, 0.02681840364884072, 0.026203190519756815, 0.02552364346313934, 0.024940794741503684, 0.024553643852497812, 0.024009602077058226, 0.023587486328410737, 0.023053226444370627, 0.02237349941244249, 0.021247392964358097, 0.01948489409103017, 0.01759577829009665, 0.015969918059865678, 0.014849832783247986, 0.014164911869984548, 0.013546042864334782, 0.01328357500957488, 0.012905521640083246, 0.012806686101790404, 0.01256569256360443, 0.01270015008783326, 0.013333718053885597, 0.014364706842779438, 0.015230812921928084, 0.016214173123414017, 0.017422309714956504, 0.01848297873673576, 0.019690103784110968, 0.02062988015396428, 0.021304326954883004, 0.021542023987470748, 0.021445001132587415, 0.02128479356968176, 0.021154257299581803, 0.020548768777841446, 0.020419411659703072, 0.020346908766621045, 0.02018386842926173, 0.020060715556614095, 0.019970155121820186, 0.019905412966441507, 0.019860328269953802, 0.019689549628068632, 0.019110038324468673, 0.018401772510693467, 0.01773443768827515, 0.01691379473734185, 0.0163889904882787, 0.015891976533507178, 0.015695148472402557, 0.015634975895130635, 0.01548249397414641, 0.015250362203767827, 0.01446715870868431, 0.013690714184349355, 0.013111437378948002, 0.01280400987898366, 0.012789088065484542, 0.012885508256999974, 0.012645414791893052, 0.012533763320360268, 0.01300792748125149, 0.014045480441271196, 0.015593406388961941, 0.017496649938682926, 0.01947963017829757, 0.021814960986639112, 0.0244888991790445, 0.027455202671237973, 0.030462142682767764, 0.03347516022004274, 0.03632355277573078, 0.03911728575744543, 0.041489125175428104, 0.043617926344794986, 0.04507509866910146, 0.045973158335007626, 0.046666313335408376, 0.047747911364257295, 0.04910015737076979, 0.051170936172887156, 0.05323921785426519, 0.05484930583024696, 0.05598397968583077, 0.056516639752925084, 0.05678375349578094, 0.05655312215346535, 0.05709318659280136, 0.05753330561326649, 0.05822424761198231, 0.05856641837777238, 0.058663546697002605, 0.05829520111627496, 0.058019458378357286, 0.05786276302771312, 0.057678835712609886, 0.05721489013034267, 0.05620972754199197, 0.05488023496470325, 0.05291870088860013, 0.05085359195424363, 0.04836971777146554, 0.045888993393773454, 0.04332790860019442, 0.040721243397433354, 0.03815348906679705, 0.03609755066086763, 0.03431153121207709, 0.03269994312791247, 0.03113246913067769, 0.029533434333839276, 0.02779284963423818, 0.02581340528028532, 0.023636664296078556, 0.021032966406022018, 0.018298152858289164, 0.015471223173718233, 0.012975006021594128, 0.011476514573927241, 0.011190786613452559, 0.012013514795745658, 0.013192708648177051, 0.0146026096239084, 0.016627808096549106, 0.019288816219412905, 0.022115031993867204, 0.024956066779425322, 0.027947127033299147, 0.030317719296220055, 0.03213024736687776, 0.033908117916643665, 0.035613155393420214, 0.03695858371541455, 0.0370883147011733, 0.035844860180821725, 0.03331269225961453, 0.030127822662769057, 0.026675716455458534, 0.02305094507263966, 0.019294584365168215, 0.016588874620184203, 0.013459760460278334, 0.010513659470637583, 0.008184205378854309, 0.005908681970234855, 0.003908372487361734, 0.002250880846271649, 0.001837561814419065, 0.003902446460586522, 0.00649131804032715, 0.008842266053540701, 0.011337576744963709, 0.013847821453172829, 0.016241515374979285, 0.018506880743639053, 0.020753891025054552, 0.022854281545735794, 0.025177910908837288, 0.027764777035113285, 0.0302577363231247, 0.032552204835272186, 0.033962244268502154, 0.03530995724171245, 0.036795414568091225, 0.03840706162943578, 0.039993850675796264, 0.04133645030179679, 0.04211247094820217, 0.04239213751353172, 0.042192499106345205, 0.04200269786908514, 0.041897190162155235, 0.041830932940717325, 0.04166737666619139, 0.04206882264734189, 0.0426127097658282, 0.042895687146734904, 0.04300135533202284, 0.04249799814293581, 0.041897582995049115, 0.04072077112408416, 0.03927976254850985, 0.037331499513228325, 0.035889992777759706, 0.03456359233645024, 0.033243529781910974, 0.03199033675126687, 0.03059935779738079, 0.029272240636492235, 0.027900707354997015, 0.02654938414970694, 0.02543173352052397, 0.024311103096379235, 0.023065212419431085, 0.021685454855791198, 0.02041159885695607, 0.019056064221564174, 0.017656707279948437, 0.01626614648165674, 0.015012383850973622, 0.013603567963072178, 0.012189757837366814, 0.010674529938407772, 0.009407142987148039, 0.008344525906195775, 0.007439054007672372, 0.0072034584519923735, 0.007775010970036668, 0.009047582903156274, 0.010731538882415681, 0.01253460028234948, 0.014333543563369548, 0.016070624592636203, 0.017817726146123574, 0.019557256660804743, 0.02116824086555951, 0.022529303997840977, 0.023628588936546305, 0.02391411988476377, 0.02359656311707365, 0.022355277074164143, 0.020961866673625245, 0.018393580144489934, 0.015660552711922182, 0.013874328661167971, 0.01254026736778108, 0.011812131260623127, 0.010800298354986543, 0.00961805971638548, 0.008471507575266851, 0.007656757785702683, 0.006719580941926242, 0.0056999472982024405, 0.005125787188458596, 0.00504686530895439, 0.005697178935649704, 0.006245540782853768, 0.0070976650798796875, 0.007900543705723831, 0.008755370167568399, 0.009807746909975117, 0.011209592216881203, 0.01276960312030194, 0.014467251258771754, 0.015865855510978952, 0.01751794577394112, 0.01978728846519214, 0.022540086452385207, 0.024859037758439572, 0.02589623397823137, 0.02611181133516041, 0.026565850619759173, 0.0272557734372972, 0.02776644526036269, 0.02799937699621002, 0.02818388188652303, 0.02806005928616626, 0.028083982827741123, 0.02781538632605852, 0.027763976455106594, 0.028120518002563644, 0.028688559534023904, 0.029389365084960088, 0.030059907204608147, 0.03052096911154336, 0.031053468449087778, 0.03142000488428638, 0.03173833045042581, 0.031892653890475096, 0.03198060527161537, 0.031944507243272385, 0.03180892531117334, 0.03180195743523648, 0.03175983113429147, 0.03185651864929952, 0.032146459060636644, 0.032526908876218445, 0.033087790299913135, 0.03370146462957083, 0.0342847740780508, 0.0344768243549477, 0.03441738754137779, 0.034008301029805295]",0.02832607944879636,0.026133767783497297,0.005624781688400415,0.02776199934978313,0.0,0.0,0.004383587015102719,0.026133767783497297,0.005624781688400415,0.02776199934978313,3.12,1717635303.822994,2024-06-06_10-55-03
0.5059,-0.05567999999999999,0.4488437850857062,0.47902106504405895,-0.061634167878960304,0.4214806255864012,0.5059,-0.05567999999999999,0.44421679914830364,0.47902106504405895,-0.061634167878960304,0.4214806255864012,0.02800347501499142,"[0.011315756658919754, 0.012192407496521018, 0.01288995615295488, 0.01359963525141729, 0.014321891165186378, 0.015181047888625853, 0.01592941522152252, 0.01673874496494045, 0.01751440457689525, 0.01835087734908702, 0.019202544572813795, 0.020070622325609303, 0.02095627718778323, 0.02186061264947246, 0.022737260153569413, 0.023681097053535004, 0.024646250751560458, 0.025633386418693636, 0.02659237614956749, 0.027623542314219474, 0.0286250346734827, 0.029647102596467904, 0.03056454213255984, 0.031680305841655834, 0.03263530150735364, 0.033606764937046466, 0.034593095597664145, 0.03536350794006898, 0.035930760474075646, 0.03631257033147624, 0.03661317474198803, 0.03688385713543919, 0.03738127616234113, 0.037934719347479336, 0.03858163380471939, 0.03921882339006296, 0.03999131852533767, 0.04074980907886149, 0.04127472956039594, 0.04151563832077664, 0.04151964454301027, 0.04123464219442919, 0.04096829512038153, 0.04056460486818273, 0.04028281736824196, 0.04000166841569801, 0.03919762289117317, 0.037812479337396496, 0.03622310391275238, 0.03453579653228067, 0.0330206041779641, 0.031565009966306234, 0.03054064037737075, 0.029904305612678588, 0.029394155816597912, 0.028896840658953926, 0.02825322628704274, 0.027685220830545497, 0.02666364029859006, 0.025486033827772144, 0.02414387260068274, 0.023028867611909868, 0.022681878550084772, 0.02299235797660897, 0.02387546679328945, 0.024738332374206702, 0.025547718436096926, 0.026640938816603423, 0.02759836215880636, 0.028240938725365098, 0.028199955208514017, 0.028168175430310402, 0.02767018559717724, 0.027414861073674215, 0.027239233260695786, 0.0274939869379551, 0.027874761581110984, 0.02868161073982207, 0.029514734605865275, 0.030345172291974937, 0.031248268714928727, 0.032298002681611045, 0.033509628354587276, 0.0348066615601669, 0.03569061118903811, 0.03631377821401384, 0.03654105211474412, 0.03646788532881584, 0.03572808397059345, 0.03427781350345514, 0.03309813106562172, 0.031639416134799855, 0.02970329439236902, 0.027599049067936567, 0.02603054913364457, 0.024090316372098155, 0.02220132238001286, 0.02051452966091278, 0.019044426362309692, 0.017805605247084858, 0.01643252777018217, 0.01523003850809785, 0.01424180324883461, 0.013706552220618947, 0.0130880570946912, 0.012988920737072255, 0.013178248200839212, 0.013386796436950147, 0.01359897371732897, 0.01439195864266014, 0.015495810506657983, 0.016686507754200334, 0.01807173050136072, 0.019341411872889052, 0.020370802976522343, 0.0213787239197115, 0.02262888584538598, 0.02401686851684336, 0.025523335513576738, 0.026670410326906566, 0.02758824337325398, 0.02810647098585074, 0.028219175888028712, 0.02804128716256827, 0.027840212128430745, 0.02799079668741686, 0.027988272685847155, 0.02831306909632167, 0.028434723397990712, 0.0285549391753426, 0.02832607944879636, 0.02800347501499142, 0.027460301198426997, 0.02681840364884072, 0.026203190519756815, 0.02552364346313934, 0.024940794741503684, 0.024553643852497812, 0.024009602077058226, 0.023587486328410737, 0.023053226444370627, 0.02237349941244249, 0.021247392964358097, 0.01948489409103017, 0.01759577829009665, 0.015969918059865678, 0.014849832783247986, 0.014164911869984548, 0.013546042864334782, 0.01328357500957488, 0.012905521640083246, 0.012806686101790404, 0.01256569256360443, 0.01270015008783326, 0.013333718053885597, 0.014364706842779438, 0.015230812921928084, 0.016214173123414017, 0.017422309714956504, 0.01848297873673576, 0.019690103784110968, 0.02062988015396428, 0.021304326954883004, 0.021542023987470748, 0.021445001132587415, 0.02128479356968176, 0.021154257299581803, 0.020548768777841446, 0.020419411659703072, 0.020346908766621045, 0.02018386842926173, 0.020060715556614095, 0.019970155121820186, 0.019905412966441507, 0.019860328269953802, 0.019689549628068632, 0.019110038324468673, 0.018401772510693467, 0.01773443768827515, 0.01691379473734185, 0.0163889904882787, 0.015891976533507178, 0.015695148472402557, 0.015634975895130635, 0.01548249397414641, 0.015250362203767827, 0.01446715870868431, 0.013690714184349355, 0.013111437378948002, 0.01280400987898366, 0.012789088065484542, 0.012885508256999974, 0.012645414791893052, 0.012533763320360268, 0.01300792748125149, 0.014045480441271196, 0.015593406388961941, 0.017496649938682926, 0.01947963017829757, 0.021814960986639112, 0.0244888991790445, 0.027455202671237973, 0.030462142682767764, 0.03347516022004274, 0.03632355277573078, 0.03911728575744543, 0.041489125175428104, 0.043617926344794986, 0.04507509866910146, 0.045973158335007626, 0.046666313335408376, 0.047747911364257295, 0.04910015737076979, 0.051170936172887156, 0.05323921785426519, 0.05484930583024696, 0.05598397968583077, 0.056516639752925084, 0.05678375349578094, 0.05655312215346535, 0.05709318659280136, 0.05753330561326649, 0.05822424761198231, 0.05856641837777238, 0.058663546697002605, 0.05829520111627496, 0.058019458378357286, 0.05786276302771312, 0.057678835712609886, 0.05721489013034267, 0.05620972754199197, 0.05488023496470325, 0.05291870088860013, 0.05085359195424363, 0.04836971777146554, 0.045888993393773454, 0.04332790860019442, 0.040721243397433354, 0.03815348906679705, 0.03609755066086763, 0.03431153121207709, 0.03269994312791247, 0.03113246913067769, 0.029533434333839276, 0.02779284963423818, 0.02581340528028532, 0.023636664296078556, 0.021032966406022018, 0.018298152858289164, 0.015471223173718233, 0.012975006021594128, 0.011476514573927241, 0.011190786613452559, 0.012013514795745658, 0.013192708648177051, 0.0146026096239084, 0.016627808096549106, 0.019288816219412905, 0.022115031993867204, 0.024956066779425322, 0.027947127033299147, 0.030317719296220055, 0.03213024736687776, 0.033908117916643665, 0.035613155393420214, 0.03695858371541455, 0.0370883147011733, 0.035844860180821725, 0.03331269225961453, 0.030127822662769057, 0.026675716455458534, 0.02305094507263966, 0.019294584365168215, 0.016588874620184203, 0.013459760460278334, 0.010513659470637583, 0.008184205378854309, 0.005908681970234855, 0.003908372487361734, 0.002250880846271649, 0.001837561814419065, 0.003902446460586522, 0.00649131804032715, 0.008842266053540701, 0.011337576744963709, 0.013847821453172829, 0.016241515374979285, 0.018506880743639053, 0.020753891025054552, 0.022854281545735794, 0.025177910908837288, 0.027764777035113285, 0.0302577363231247, 0.032552204835272186, 0.033962244268502154, 0.03530995724171245, 0.036795414568091225, 0.03840706162943578, 0.039993850675796264, 0.04133645030179679, 0.04211247094820217, 0.04239213751353172, 0.042192499106345205, 0.04200269786908514, 0.041897190162155235, 0.041830932940717325, 0.04166737666619139, 0.04206882264734189, 0.0426127097658282, 0.042895687146734904, 0.04300135533202284, 0.04249799814293581, 0.041897582995049115, 0.04072077112408416, 0.03927976254850985, 0.037331499513228325, 0.035889992777759706, 0.03456359233645024, 0.033243529781910974, 0.03199033675126687, 0.03059935779738079, 0.029272240636492235, 0.027900707354997015, 0.02654938414970694, 0.02543173352052397, 0.024311103096379235, 0.023065212419431085, 0.021685454855791198, 0.02041159885695607, 0.019056064221564174, 0.017656707279948437, 0.01626614648165674, 0.015012383850973622, 0.013603567963072178, 0.012189757837366814, 0.010674529938407772, 0.009407142987148039, 0.008344525906195775, 0.007439054007672372, 0.0072034584519923735, 0.007775010970036668, 0.009047582903156274, 0.010731538882415681, 0.01253460028234948, 0.014333543563369548, 0.016070624592636203, 0.017817726146123574, 0.019557256660804743, 0.02116824086555951, 0.022529303997840977, 0.023628588936546305, 0.02391411988476377, 0.02359656311707365, 0.022355277074164143, 0.020961866673625245, 0.018393580144489934, 0.015660552711922182, 0.013874328661167971, 0.01254026736778108, 0.011812131260623127, 0.010800298354986543, 0.00961805971638548, 0.008471507575266851, 0.007656757785702683, 0.006719580941926242, 0.0056999472982024405, 0.005125787188458596, 0.00504686530895439, 0.005697178935649704, 0.006245540782853768, 0.0070976650798796875, 0.007900543705723831, 0.008755370167568399, 0.009807746909975117, 0.011209592216881203, 0.01276960312030194, 0.014467251258771754, 0.015865855510978952, 0.01751794577394112, 0.01978728846519214, 0.022540086452385207, 0.024859037758439572, 0.02589623397823137, 0.02611181133516041, 0.026565850619759173, 0.0272557734372972, 0.02776644526036269, 0.02799937699621002, 0.02818388188652303, 0.02806005928616626, 0.028083982827741123, 0.02781538632605852, 0.027763976455106594, 0.028120518002563644, 0.028688559534023904, 0.029389365084960088, 0.030059907204608147, 0.03052096911154336, 0.031053468449087778, 0.03142000488428638, 0.03173833045042581, 0.031892653890475096, 0.03198060527161537, 0.031944507243272385, 0.03180892531117334, 0.03180195743523648, 0.03175983113429147, 0.03185651864929952, 0.032146459060636644, 0.032526908876218445, 0.033087790299913135, 0.03370146462957083, 0.0342847740780508, 0.0344768243549477, 0.03441738754137779, 0.034008301029805295]",0.02800347501499142,0.02687893495594107,0.005954167878960311,0.027363159499305012,0.0,0.0,0.004626985937402572,0.02687893495594107,0.005954167878960311,0.027363159499305012,3.144,1717635303.8471897,2024-06-06_10-55-03
0.5059,-0.054959999999999995,0.44967048629124984,0.4783823545562649,-0.06144337019150306,0.42298652007802995,0.5059,-0.054959999999999995,0.4448001014315475,0.4783823545562649,-0.06144337019150306,0.42298652007802995,0.027460301198426997,"[0.011315756658919754, 0.012192407496521018, 0.01288995615295488, 0.01359963525141729, 0.014321891165186378, 0.015181047888625853, 0.01592941522152252, 0.01673874496494045, 0.01751440457689525, 0.01835087734908702, 0.019202544572813795, 0.020070622325609303, 0.02095627718778323, 0.02186061264947246, 0.022737260153569413, 0.023681097053535004, 0.024646250751560458, 0.025633386418693636, 0.02659237614956749, 0.027623542314219474, 0.0286250346734827, 0.029647102596467904, 0.03056454213255984, 0.031680305841655834, 0.03263530150735364, 0.033606764937046466, 0.034593095597664145, 0.03536350794006898, 0.035930760474075646, 0.03631257033147624, 0.03661317474198803, 0.03688385713543919, 0.03738127616234113, 0.037934719347479336, 0.03858163380471939, 0.03921882339006296, 0.03999131852533767, 0.04074980907886149, 0.04127472956039594, 0.04151563832077664, 0.04151964454301027, 0.04123464219442919, 0.04096829512038153, 0.04056460486818273, 0.04028281736824196, 0.04000166841569801, 0.03919762289117317, 0.037812479337396496, 0.03622310391275238, 0.03453579653228067, 0.0330206041779641, 0.031565009966306234, 0.03054064037737075, 0.029904305612678588, 0.029394155816597912, 0.028896840658953926, 0.02825322628704274, 0.027685220830545497, 0.02666364029859006, 0.025486033827772144, 0.02414387260068274, 0.023028867611909868, 0.022681878550084772, 0.02299235797660897, 0.02387546679328945, 0.024738332374206702, 0.025547718436096926, 0.026640938816603423, 0.02759836215880636, 0.028240938725365098, 0.028199955208514017, 0.028168175430310402, 0.02767018559717724, 0.027414861073674215, 0.027239233260695786, 0.0274939869379551, 0.027874761581110984, 0.02868161073982207, 0.029514734605865275, 0.030345172291974937, 0.031248268714928727, 0.032298002681611045, 0.033509628354587276, 0.0348066615601669, 0.03569061118903811, 0.03631377821401384, 0.03654105211474412, 0.03646788532881584, 0.03572808397059345, 0.03427781350345514, 0.03309813106562172, 0.031639416134799855, 0.02970329439236902, 0.027599049067936567, 0.02603054913364457, 0.024090316372098155, 0.02220132238001286, 0.02051452966091278, 0.019044426362309692, 0.017805605247084858, 0.01643252777018217, 0.01523003850809785, 0.01424180324883461, 0.013706552220618947, 0.0130880570946912, 0.012988920737072255, 0.013178248200839212, 0.013386796436950147, 0.01359897371732897, 0.01439195864266014, 0.015495810506657983, 0.016686507754200334, 0.01807173050136072, 0.019341411872889052, 0.020370802976522343, 0.0213787239197115, 0.02262888584538598, 0.02401686851684336, 0.025523335513576738, 0.026670410326906566, 0.02758824337325398, 0.02810647098585074, 0.028219175888028712, 0.02804128716256827, 0.027840212128430745, 0.02799079668741686, 0.027988272685847155, 0.02831306909632167, 0.028434723397990712, 0.0285549391753426, 0.02832607944879636, 0.02800347501499142, 0.027460301198426997, 0.02681840364884072, 0.026203190519756815, 0.02552364346313934, 0.024940794741503684, 0.024553643852497812, 0.024009602077058226, 0.023587486328410737, 0.023053226444370627, 0.02237349941244249, 0.021247392964358097, 0.01948489409103017, 0.01759577829009665, 0.015969918059865678, 0.014849832783247986, 0.014164911869984548, 0.013546042864334782, 0.01328357500957488, 0.012905521640083246, 0.012806686101790404, 0.01256569256360443, 0.01270015008783326, 0.013333718053885597, 0.014364706842779438, 0.015230812921928084, 0.016214173123414017, 0.017422309714956504, 0.01848297873673576, 0.019690103784110968, 0.02062988015396428, 0.021304326954883004, 0.021542023987470748, 0.021445001132587415, 0.02128479356968176, 0.021154257299581803, 0.020548768777841446, 0.020419411659703072, 0.020346908766621045, 0.02018386842926173, 0.020060715556614095, 0.019970155121820186, 0.019905412966441507, 0.019860328269953802, 0.019689549628068632, 0.019110038324468673, 0.018401772510693467, 0.01773443768827515, 0.01691379473734185, 0.0163889904882787, 0.015891976533507178, 0.015695148472402557, 0.015634975895130635, 0.01548249397414641, 0.015250362203767827, 0.01446715870868431, 0.013690714184349355, 0.013111437378948002, 0.01280400987898366, 0.012789088065484542, 0.012885508256999974, 0.012645414791893052, 0.012533763320360268, 0.01300792748125149, 0.014045480441271196, 0.015593406388961941, 0.017496649938682926, 0.01947963017829757, 0.021814960986639112, 0.0244888991790445, 0.027455202671237973, 0.030462142682767764, 0.03347516022004274, 0.03632355277573078, 0.03911728575744543, 0.041489125175428104, 0.043617926344794986, 0.04507509866910146, 0.045973158335007626, 0.046666313335408376, 0.047747911364257295, 0.04910015737076979, 0.051170936172887156, 0.05323921785426519, 0.05484930583024696, 0.05598397968583077, 0.056516639752925084, 0.05678375349578094, 0.05655312215346535, 0.05709318659280136, 0.05753330561326649, 0.05822424761198231, 0.05856641837777238, 0.058663546697002605, 0.05829520111627496, 0.058019458378357286, 0.05786276302771312, 0.057678835712609886, 0.05721489013034267, 0.05620972754199197, 0.05488023496470325, 0.05291870088860013, 0.05085359195424363, 0.04836971777146554, 0.045888993393773454, 0.04332790860019442, 0.040721243397433354, 0.03815348906679705, 0.03609755066086763, 0.03431153121207709, 0.03269994312791247, 0.03113246913067769, 0.029533434333839276, 0.02779284963423818, 0.02581340528028532, 0.023636664296078556, 0.021032966406022018, 0.018298152858289164, 0.015471223173718233, 0.012975006021594128, 0.011476514573927241, 0.011190786613452559, 0.012013514795745658, 0.013192708648177051, 0.0146026096239084, 0.016627808096549106, 0.019288816219412905, 0.022115031993867204, 0.024956066779425322, 0.027947127033299147, 0.030317719296220055, 0.03213024736687776, 0.033908117916643665, 0.035613155393420214, 0.03695858371541455, 0.0370883147011733, 0.035844860180821725, 0.03331269225961453, 0.030127822662769057, 0.026675716455458534, 0.02305094507263966, 0.019294584365168215, 0.016588874620184203, 0.013459760460278334, 0.010513659470637583, 0.008184205378854309, 0.005908681970234855, 0.003908372487361734, 0.002250880846271649, 0.001837561814419065, 0.003902446460586522, 0.00649131804032715, 0.008842266053540701, 0.011337576744963709, 0.013847821453172829, 0.016241515374979285, 0.018506880743639053, 0.020753891025054552, 0.022854281545735794, 0.025177910908837288, 0.027764777035113285, 0.0302577363231247, 0.032552204835272186, 0.033962244268502154, 0.03530995724171245, 0.036795414568091225, 0.03840706162943578, 0.039993850675796264, 0.04133645030179679, 0.04211247094820217, 0.04239213751353172, 0.042192499106345205, 0.04200269786908514, 0.041897190162155235, 0.041830932940717325, 0.04166737666619139, 0.04206882264734189, 0.0426127097658282, 0.042895687146734904, 0.04300135533202284, 0.04249799814293581, 0.041897582995049115, 0.04072077112408416, 0.03927976254850985, 0.037331499513228325, 0.035889992777759706, 0.03456359233645024, 0.033243529781910974, 0.03199033675126687, 0.03059935779738079, 0.029272240636492235, 0.027900707354997015, 0.02654938414970694, 0.02543173352052397, 0.024311103096379235, 0.023065212419431085, 0.021685454855791198, 0.02041159885695607, 0.019056064221564174, 0.017656707279948437, 0.01626614648165674, 0.015012383850973622, 0.013603567963072178, 0.012189757837366814, 0.010674529938407772, 0.009407142987148039, 0.008344525906195775, 0.007439054007672372, 0.0072034584519923735, 0.007775010970036668, 0.009047582903156274, 0.010731538882415681, 0.01253460028234948, 0.014333543563369548, 0.016070624592636203, 0.017817726146123574, 0.019557256660804743, 0.02116824086555951, 0.022529303997840977, 0.023628588936546305, 0.02391411988476377, 0.02359656311707365, 0.022355277074164143, 0.020961866673625245, 0.018393580144489934, 0.015660552711922182, 0.013874328661167971, 0.01254026736778108, 0.011812131260623127, 0.010800298354986543, 0.00961805971638548, 0.008471507575266851, 0.007656757785702683, 0.006719580941926242, 0.0056999472982024405, 0.005125787188458596, 0.00504686530895439, 0.005697178935649704, 0.006245540782853768, 0.0070976650798796875, 0.007900543705723831, 0.008755370167568399, 0.009807746909975117, 0.011209592216881203, 0.01276960312030194, 0.014467251258771754, 0.015865855510978952, 0.01751794577394112, 0.01978728846519214, 0.022540086452385207, 0.024859037758439572, 0.02589623397823137, 0.02611181133516041, 0.026565850619759173, 0.0272557734372972, 0.02776644526036269, 0.02799937699621002, 0.02818388188652303, 0.02806005928616626, 0.028083982827741123, 0.02781538632605852, 0.027763976455106594, 0.028120518002563644, 0.028688559534023904, 0.029389365084960088, 0.030059907204608147, 0.03052096911154336, 0.031053468449087778, 0.03142000488428638, 0.03173833045042581, 0.031892653890475096, 0.03198060527161537, 0.031944507243272385, 0.03180892531117334, 0.03180195743523648, 0.03175983113429147, 0.03185651864929952, 0.032146459060636644, 0.032526908876218445, 0.033087790299913135, 0.03370146462957083, 0.0342847740780508, 0.0344768243549477, 0.03441738754137779, 0.034008301029805295]",0.027460301198426997,0.02751764544373514,0.006483370191503066,0.02668396621321989,0.0,0.0,0.004870384859702315,0.02751764544373514,0.006483370191503066,0.02668396621321989,3.168,1717635303.8712277,2024-06-06_10-55-03
0.5059,-0.05424,0.4503811719609406,0.4776325411814351,-0.06137767758327889,0.4245300533586574,0.5059,-0.05424,0.4452673881789384,0.4776325411814351,-0.06137767758327889,0.4245300533586574,0.02681840364884072,"[0.011315756658919754, 0.012192407496521018, 0.01288995615295488, 0.01359963525141729, 0.014321891165186378, 0.015181047888625853, 0.01592941522152252, 0.01673874496494045, 0.01751440457689525, 0.01835087734908702, 0.019202544572813795, 0.020070622325609303, 0.02095627718778323, 0.02186061264947246, 0.022737260153569413, 0.023681097053535004, 0.024646250751560458, 0.025633386418693636, 0.02659237614956749, 0.027623542314219474, 0.0286250346734827, 0.029647102596467904, 0.03056454213255984, 0.031680305841655834, 0.03263530150735364, 0.033606764937046466, 0.034593095597664145, 0.03536350794006898, 0.035930760474075646, 0.03631257033147624, 0.03661317474198803, 0.03688385713543919, 0.03738127616234113, 0.037934719347479336, 0.03858163380471939, 0.03921882339006296, 0.03999131852533767, 0.04074980907886149, 0.04127472956039594, 0.04151563832077664, 0.04151964454301027, 0.04123464219442919, 0.04096829512038153, 0.04056460486818273, 0.04028281736824196, 0.04000166841569801, 0.03919762289117317, 0.037812479337396496, 0.03622310391275238, 0.03453579653228067, 0.0330206041779641, 0.031565009966306234, 0.03054064037737075, 0.029904305612678588, 0.029394155816597912, 0.028896840658953926, 0.02825322628704274, 0.027685220830545497, 0.02666364029859006, 0.025486033827772144, 0.02414387260068274, 0.023028867611909868, 0.022681878550084772, 0.02299235797660897, 0.02387546679328945, 0.024738332374206702, 0.025547718436096926, 0.026640938816603423, 0.02759836215880636, 0.028240938725365098, 0.028199955208514017, 0.028168175430310402, 0.02767018559717724, 0.027414861073674215, 0.027239233260695786, 0.0274939869379551, 0.027874761581110984, 0.02868161073982207, 0.029514734605865275, 0.030345172291974937, 0.031248268714928727, 0.032298002681611045, 0.033509628354587276, 0.0348066615601669, 0.03569061118903811, 0.03631377821401384, 0.03654105211474412, 0.03646788532881584, 0.03572808397059345, 0.03427781350345514, 0.03309813106562172, 0.031639416134799855, 0.02970329439236902, 0.027599049067936567, 0.02603054913364457, 0.024090316372098155, 0.02220132238001286, 0.02051452966091278, 0.019044426362309692, 0.017805605247084858, 0.01643252777018217, 0.01523003850809785, 0.01424180324883461, 0.013706552220618947, 0.0130880570946912, 0.012988920737072255, 0.013178248200839212, 0.013386796436950147, 0.01359897371732897, 0.01439195864266014, 0.015495810506657983, 0.016686507754200334, 0.01807173050136072, 0.019341411872889052, 0.020370802976522343, 0.0213787239197115, 0.02262888584538598, 0.02401686851684336, 0.025523335513576738, 0.026670410326906566, 0.02758824337325398, 0.02810647098585074, 0.028219175888028712, 0.02804128716256827, 0.027840212128430745, 0.02799079668741686, 0.027988272685847155, 0.02831306909632167, 0.028434723397990712, 0.0285549391753426, 0.02832607944879636, 0.02800347501499142, 0.027460301198426997, 0.02681840364884072, 0.026203190519756815, 0.02552364346313934, 0.024940794741503684, 0.024553643852497812, 0.024009602077058226, 0.023587486328410737, 0.023053226444370627, 0.02237349941244249, 0.021247392964358097, 0.01948489409103017, 0.01759577829009665, 0.015969918059865678, 0.014849832783247986, 0.014164911869984548, 0.013546042864334782, 0.01328357500957488, 0.012905521640083246, 0.012806686101790404, 0.01256569256360443, 0.01270015008783326, 0.013333718053885597, 0.014364706842779438, 0.015230812921928084, 0.016214173123414017, 0.017422309714956504, 0.01848297873673576, 0.019690103784110968, 0.02062988015396428, 0.021304326954883004, 0.021542023987470748, 0.021445001132587415, 0.02128479356968176, 0.021154257299581803, 0.020548768777841446, 0.020419411659703072, 0.020346908766621045, 0.02018386842926173, 0.020060715556614095, 0.019970155121820186, 0.019905412966441507, 0.019860328269953802, 0.019689549628068632, 0.019110038324468673, 0.018401772510693467, 0.01773443768827515, 0.01691379473734185, 0.0163889904882787, 0.015891976533507178, 0.015695148472402557, 0.015634975895130635, 0.01548249397414641, 0.015250362203767827, 0.01446715870868431, 0.013690714184349355, 0.013111437378948002, 0.01280400987898366, 0.012789088065484542, 0.012885508256999974, 0.012645414791893052, 0.012533763320360268, 0.01300792748125149, 0.014045480441271196, 0.015593406388961941, 0.017496649938682926, 0.01947963017829757, 0.021814960986639112, 0.0244888991790445, 0.027455202671237973, 0.030462142682767764, 0.03347516022004274, 0.03632355277573078, 0.03911728575744543, 0.041489125175428104, 0.043617926344794986, 0.04507509866910146, 0.045973158335007626, 0.046666313335408376, 0.047747911364257295, 0.04910015737076979, 0.051170936172887156, 0.05323921785426519, 0.05484930583024696, 0.05598397968583077, 0.056516639752925084, 0.05678375349578094, 0.05655312215346535, 0.05709318659280136, 0.05753330561326649, 0.05822424761198231, 0.05856641837777238, 0.058663546697002605, 0.05829520111627496, 0.058019458378357286, 0.05786276302771312, 0.057678835712609886, 0.05721489013034267, 0.05620972754199197, 0.05488023496470325, 0.05291870088860013, 0.05085359195424363, 0.04836971777146554, 0.045888993393773454, 0.04332790860019442, 0.040721243397433354, 0.03815348906679705, 0.03609755066086763, 0.03431153121207709, 0.03269994312791247, 0.03113246913067769, 0.029533434333839276, 0.02779284963423818, 0.02581340528028532, 0.023636664296078556, 0.021032966406022018, 0.018298152858289164, 0.015471223173718233, 0.012975006021594128, 0.011476514573927241, 0.011190786613452559, 0.012013514795745658, 0.013192708648177051, 0.0146026096239084, 0.016627808096549106, 0.019288816219412905, 0.022115031993867204, 0.024956066779425322, 0.027947127033299147, 0.030317719296220055, 0.03213024736687776, 0.033908117916643665, 0.035613155393420214, 0.03695858371541455, 0.0370883147011733, 0.035844860180821725, 0.03331269225961453, 0.030127822662769057, 0.026675716455458534, 0.02305094507263966, 0.019294584365168215, 0.016588874620184203, 0.013459760460278334, 0.010513659470637583, 0.008184205378854309, 0.005908681970234855, 0.003908372487361734, 0.002250880846271649, 0.001837561814419065, 0.003902446460586522, 0.00649131804032715, 0.008842266053540701, 0.011337576744963709, 0.013847821453172829, 0.016241515374979285, 0.018506880743639053, 0.020753891025054552, 0.022854281545735794, 0.025177910908837288, 0.027764777035113285, 0.0302577363231247, 0.032552204835272186, 0.033962244268502154, 0.03530995724171245, 0.036795414568091225, 0.03840706162943578, 0.039993850675796264, 0.04133645030179679, 0.04211247094820217, 0.04239213751353172, 0.042192499106345205, 0.04200269786908514, 0.041897190162155235, 0.041830932940717325, 0.04166737666619139, 0.04206882264734189, 0.0426127097658282, 0.042895687146734904, 0.04300135533202284, 0.04249799814293581, 0.041897582995049115, 0.04072077112408416, 0.03927976254850985, 0.037331499513228325, 0.035889992777759706, 0.03456359233645024, 0.033243529781910974, 0.03199033675126687, 0.03059935779738079, 0.029272240636492235, 0.027900707354997015, 0.02654938414970694, 0.02543173352052397, 0.024311103096379235, 0.023065212419431085, 0.021685454855791198, 0.02041159885695607, 0.019056064221564174, 0.017656707279948437, 0.01626614648165674, 0.015012383850973622, 0.013603567963072178, 0.012189757837366814, 0.010674529938407772, 0.009407142987148039, 0.008344525906195775, 0.007439054007672372, 0.0072034584519923735, 0.007775010970036668, 0.009047582903156274, 0.010731538882415681, 0.01253460028234948, 0.014333543563369548, 0.016070624592636203, 0.017817726146123574, 0.019557256660804743, 0.02116824086555951, 0.022529303997840977, 0.023628588936546305, 0.02391411988476377, 0.02359656311707365, 0.022355277074164143, 0.020961866673625245, 0.018393580144489934, 0.015660552711922182, 0.013874328661167971, 0.01254026736778108, 0.011812131260623127, 0.010800298354986543, 0.00961805971638548, 0.008471507575266851, 0.007656757785702683, 0.006719580941926242, 0.0056999472982024405, 0.005125787188458596, 0.00504686530895439, 0.005697178935649704, 0.006245540782853768, 0.0070976650798796875, 0.007900543705723831, 0.008755370167568399, 0.009807746909975117, 0.011209592216881203, 0.01276960312030194, 0.014467251258771754, 0.015865855510978952, 0.01751794577394112, 0.01978728846519214, 0.022540086452385207, 0.024859037758439572, 0.02589623397823137, 0.02611181133516041, 0.026565850619759173, 0.0272557734372972, 0.02776644526036269, 0.02799937699621002, 0.02818388188652303, 0.02806005928616626, 0.028083982827741123, 0.02781538632605852, 0.027763976455106594, 0.028120518002563644, 0.028688559534023904, 0.029389365084960088, 0.030059907204608147, 0.03052096911154336, 0.031053468449087778, 0.03142000488428638, 0.03173833045042581, 0.031892653890475096, 0.03198060527161537, 0.031944507243272385, 0.03180892531117334, 0.03180195743523648, 0.03175983113429147, 0.03185651864929952, 0.032146459060636644, 0.032526908876218445, 0.033087790299913135, 0.03370146462957083, 0.0342847740780508, 0.0344768243549477, 0.03441738754137779, 0.034008301029805295]",0.02681840364884072,0.028267458818564906,0.0071376775832788925,0.025851118602283174,0.0,0.0,0.005113783782002168,0.028267458818564906,0.0071376775832788925,0.025851118602283174,3.1919999999999997,1717635303.8949578,2024-06-06_10-55-03
0.5059,-0.053519999999999984,0.4509695738424786,0.47668699036907725,-0.06138301776762359,0.4259739713292222,0.5059,-0.053519999999999984,0.44558089095971687,0.47668699036907725,-0.06138301776762359,0.4259739713292222,0.026203190519756815,"[0.011315756658919754, 0.012192407496521018, 0.01288995615295488, 0.01359963525141729, 0.014321891165186378, 0.015181047888625853, 0.01592941522152252, 0.01673874496494045, 0.01751440457689525, 0.01835087734908702, 0.019202544572813795, 0.020070622325609303, 0.02095627718778323, 0.02186061264947246, 0.022737260153569413, 0.023681097053535004, 0.024646250751560458, 0.025633386418693636, 0.02659237614956749, 0.027623542314219474, 0.0286250346734827, 0.029647102596467904, 0.03056454213255984, 0.031680305841655834, 0.03263530150735364, 0.033606764937046466, 0.034593095597664145, 0.03536350794006898, 0.035930760474075646, 0.03631257033147624, 0.03661317474198803, 0.03688385713543919, 0.03738127616234113, 0.037934719347479336, 0.03858163380471939, 0.03921882339006296, 0.03999131852533767, 0.04074980907886149, 0.04127472956039594, 0.04151563832077664, 0.04151964454301027, 0.04123464219442919, 0.04096829512038153, 0.04056460486818273, 0.04028281736824196, 0.04000166841569801, 0.03919762289117317, 0.037812479337396496, 0.03622310391275238, 0.03453579653228067, 0.0330206041779641, 0.031565009966306234, 0.03054064037737075, 0.029904305612678588, 0.029394155816597912, 0.028896840658953926, 0.02825322628704274, 0.027685220830545497, 0.02666364029859006, 0.025486033827772144, 0.02414387260068274, 0.023028867611909868, 0.022681878550084772, 0.02299235797660897, 0.02387546679328945, 0.024738332374206702, 0.025547718436096926, 0.026640938816603423, 0.02759836215880636, 0.028240938725365098, 0.028199955208514017, 0.028168175430310402, 0.02767018559717724, 0.027414861073674215, 0.027239233260695786, 0.0274939869379551, 0.027874761581110984, 0.02868161073982207, 0.029514734605865275, 0.030345172291974937, 0.031248268714928727, 0.032298002681611045, 0.033509628354587276, 0.0348066615601669, 0.03569061118903811, 0.03631377821401384, 0.03654105211474412, 0.03646788532881584, 0.03572808397059345, 0.03427781350345514, 0.03309813106562172, 0.031639416134799855, 0.02970329439236902, 0.027599049067936567, 0.02603054913364457, 0.024090316372098155, 0.02220132238001286, 0.02051452966091278, 0.019044426362309692, 0.017805605247084858, 0.01643252777018217, 0.01523003850809785, 0.01424180324883461, 0.013706552220618947, 0.0130880570946912, 0.012988920737072255, 0.013178248200839212, 0.013386796436950147, 0.01359897371732897, 0.01439195864266014, 0.015495810506657983, 0.016686507754200334, 0.01807173050136072, 0.019341411872889052, 0.020370802976522343, 0.0213787239197115, 0.02262888584538598, 0.02401686851684336, 0.025523335513576738, 0.026670410326906566, 0.02758824337325398, 0.02810647098585074, 0.028219175888028712, 0.02804128716256827, 0.027840212128430745, 0.02799079668741686, 0.027988272685847155, 0.02831306909632167, 0.028434723397990712, 0.0285549391753426, 0.02832607944879636, 0.02800347501499142, 0.027460301198426997, 0.02681840364884072, 0.026203190519756815, 0.02552364346313934, 0.024940794741503684, 0.024553643852497812, 0.024009602077058226, 0.023587486328410737, 0.023053226444370627, 0.02237349941244249, 0.021247392964358097, 0.01948489409103017, 0.01759577829009665, 0.015969918059865678, 0.014849832783247986, 0.014164911869984548, 0.013546042864334782, 0.01328357500957488, 0.012905521640083246, 0.012806686101790404, 0.01256569256360443, 0.01270015008783326, 0.013333718053885597, 0.014364706842779438, 0.015230812921928084, 0.016214173123414017, 0.017422309714956504, 0.01848297873673576, 0.019690103784110968, 0.02062988015396428, 0.021304326954883004, 0.021542023987470748, 0.021445001132587415, 0.02128479356968176, 0.021154257299581803, 0.020548768777841446, 0.020419411659703072, 0.020346908766621045, 0.02018386842926173, 0.020060715556614095, 0.019970155121820186, 0.019905412966441507, 0.019860328269953802, 0.019689549628068632, 0.019110038324468673, 0.018401772510693467, 0.01773443768827515, 0.01691379473734185, 0.0163889904882787, 0.015891976533507178, 0.015695148472402557, 0.015634975895130635, 0.01548249397414641, 0.015250362203767827, 0.01446715870868431, 0.013690714184349355, 0.013111437378948002, 0.01280400987898366, 0.012789088065484542, 0.012885508256999974, 0.012645414791893052, 0.012533763320360268, 0.01300792748125149, 0.014045480441271196, 0.015593406388961941, 0.017496649938682926, 0.01947963017829757, 0.021814960986639112, 0.0244888991790445, 0.027455202671237973, 0.030462142682767764, 0.03347516022004274, 0.03632355277573078, 0.03911728575744543, 0.041489125175428104, 0.043617926344794986, 0.04507509866910146, 0.045973158335007626, 0.046666313335408376, 0.047747911364257295, 0.04910015737076979, 0.051170936172887156, 0.05323921785426519, 0.05484930583024696, 0.05598397968583077, 0.056516639752925084, 0.05678375349578094, 0.05655312215346535, 0.05709318659280136, 0.05753330561326649, 0.05822424761198231, 0.05856641837777238, 0.058663546697002605, 0.05829520111627496, 0.058019458378357286, 0.05786276302771312, 0.057678835712609886, 0.05721489013034267, 0.05620972754199197, 0.05488023496470325, 0.05291870088860013, 0.05085359195424363, 0.04836971777146554, 0.045888993393773454, 0.04332790860019442, 0.040721243397433354, 0.03815348906679705, 0.03609755066086763, 0.03431153121207709, 0.03269994312791247, 0.03113246913067769, 0.029533434333839276, 0.02779284963423818, 0.02581340528028532, 0.023636664296078556, 0.021032966406022018, 0.018298152858289164, 0.015471223173718233, 0.012975006021594128, 0.011476514573927241, 0.011190786613452559, 0.012013514795745658, 0.013192708648177051, 0.0146026096239084, 0.016627808096549106, 0.019288816219412905, 0.022115031993867204, 0.024956066779425322, 0.027947127033299147, 0.030317719296220055, 0.03213024736687776, 0.033908117916643665, 0.035613155393420214, 0.03695858371541455, 0.0370883147011733, 0.035844860180821725, 0.03331269225961453, 0.030127822662769057, 0.026675716455458534, 0.02305094507263966, 0.019294584365168215, 0.016588874620184203, 0.013459760460278334, 0.010513659470637583, 0.008184205378854309, 0.005908681970234855, 0.003908372487361734, 0.002250880846271649, 0.001837561814419065, 0.003902446460586522, 0.00649131804032715, 0.008842266053540701, 0.011337576744963709, 0.013847821453172829, 0.016241515374979285, 0.018506880743639053, 0.020753891025054552, 0.022854281545735794, 0.025177910908837288, 0.027764777035113285, 0.0302577363231247, 0.032552204835272186, 0.033962244268502154, 0.03530995724171245, 0.036795414568091225, 0.03840706162943578, 0.039993850675796264, 0.04133645030179679, 0.04211247094820217, 0.04239213751353172, 0.042192499106345205, 0.04200269786908514, 0.041897190162155235, 0.041830932940717325, 0.04166737666619139, 0.04206882264734189, 0.0426127097658282, 0.042895687146734904, 0.04300135533202284, 0.04249799814293581, 0.041897582995049115, 0.04072077112408416, 0.03927976254850985, 0.037331499513228325, 0.035889992777759706, 0.03456359233645024, 0.033243529781910974, 0.03199033675126687, 0.03059935779738079, 0.029272240636492235, 0.027900707354997015, 0.02654938414970694, 0.02543173352052397, 0.024311103096379235, 0.023065212419431085, 0.021685454855791198, 0.02041159885695607, 0.019056064221564174, 0.017656707279948437, 0.01626614648165674, 0.015012383850973622, 0.013603567963072178, 0.012189757837366814, 0.010674529938407772, 0.009407142987148039, 0.008344525906195775, 0.007439054007672372, 0.0072034584519923735, 0.007775010970036668, 0.009047582903156274, 0.010731538882415681, 0.01253460028234948, 0.014333543563369548, 0.016070624592636203, 0.017817726146123574, 0.019557256660804743, 0.02116824086555951, 0.022529303997840977, 0.023628588936546305, 0.02391411988476377, 0.02359656311707365, 0.022355277074164143, 0.020961866673625245, 0.018393580144489934, 0.015660552711922182, 0.013874328661167971, 0.01254026736778108, 0.011812131260623127, 0.010800298354986543, 0.00961805971638548, 0.008471507575266851, 0.007656757785702683, 0.006719580941926242, 0.0056999472982024405, 0.005125787188458596, 0.00504686530895439, 0.005697178935649704, 0.006245540782853768, 0.0070976650798796875, 0.007900543705723831, 0.008755370167568399, 0.009807746909975117, 0.011209592216881203, 0.01276960312030194, 0.014467251258771754, 0.015865855510978952, 0.01751794577394112, 0.01978728846519214, 0.022540086452385207, 0.024859037758439572, 0.02589623397823137, 0.02611181133516041, 0.026565850619759173, 0.0272557734372972, 0.02776644526036269, 0.02799937699621002, 0.02818388188652303, 0.02806005928616626, 0.028083982827741123, 0.02781538632605852, 0.027763976455106594, 0.028120518002563644, 0.028688559534023904, 0.029389365084960088, 0.030059907204608147, 0.03052096911154336, 0.031053468449087778, 0.03142000488428638, 0.03173833045042581, 0.031892653890475096, 0.03198060527161537, 0.031944507243272385, 0.03180892531117334, 0.03180195743523648, 0.03175983113429147, 0.03185651864929952, 0.032146459060636644, 0.032526908876218445, 0.033087790299913135, 0.03370146462957083, 0.0342847740780508, 0.0344768243549477, 0.03441738754137779, 0.034008301029805295]",0.026203190519756815,0.02921300963092277,0.007863017767623603,0.024995602513256387,0.0,0.0,0.005388682882761731,0.02921300963092277,0.007863017767623603,0.024995602513256387,3.216,1717635303.919086,2024-06-06_10-55-03
0.5059,-0.0528,0.4514300382015037,0.4756556464733469,-0.06165801087403602,0.4274927865006731,0.5059,-0.0528,0.4457507061287525,0.4756556464733469,-0.06165801087403602,0.4274927865006731,0.02552364346313934,"[0.011315756658919754, 0.012192407496521018, 0.01288995615295488, 0.01359963525141729, 0.014321891165186378, 0.015181047888625853, 0.01592941522152252, 0.01673874496494045, 0.01751440457689525, 0.01835087734908702, 0.019202544572813795, 0.020070622325609303, 0.02095627718778323, 0.02186061264947246, 0.022737260153569413, 0.023681097053535004, 0.024646250751560458, 0.025633386418693636, 0.02659237614956749, 0.027623542314219474, 0.0286250346734827, 0.029647102596467904, 0.03056454213255984, 0.031680305841655834, 0.03263530150735364, 0.033606764937046466, 0.034593095597664145, 0.03536350794006898, 0.035930760474075646, 0.03631257033147624, 0.03661317474198803, 0.03688385713543919, 0.03738127616234113, 0.037934719347479336, 0.03858163380471939, 0.03921882339006296, 0.03999131852533767, 0.04074980907886149, 0.04127472956039594, 0.04151563832077664, 0.04151964454301027, 0.04123464219442919, 0.04096829512038153, 0.04056460486818273, 0.04028281736824196, 0.04000166841569801, 0.03919762289117317, 0.037812479337396496, 0.03622310391275238, 0.03453579653228067, 0.0330206041779641, 0.031565009966306234, 0.03054064037737075, 0.029904305612678588, 0.029394155816597912, 0.028896840658953926, 0.02825322628704274, 0.027685220830545497, 0.02666364029859006, 0.025486033827772144, 0.02414387260068274, 0.023028867611909868, 0.022681878550084772, 0.02299235797660897, 0.02387546679328945, 0.024738332374206702, 0.025547718436096926, 0.026640938816603423, 0.02759836215880636, 0.028240938725365098, 0.028199955208514017, 0.028168175430310402, 0.02767018559717724, 0.027414861073674215, 0.027239233260695786, 0.0274939869379551, 0.027874761581110984, 0.02868161073982207, 0.029514734605865275, 0.030345172291974937, 0.031248268714928727, 0.032298002681611045, 0.033509628354587276, 0.0348066615601669, 0.03569061118903811, 0.03631377821401384, 0.03654105211474412, 0.03646788532881584, 0.03572808397059345, 0.03427781350345514, 0.03309813106562172, 0.031639416134799855, 0.02970329439236902, 0.027599049067936567, 0.02603054913364457, 0.024090316372098155, 0.02220132238001286, 0.02051452966091278, 0.019044426362309692, 0.017805605247084858, 0.01643252777018217, 0.01523003850809785, 0.01424180324883461, 0.013706552220618947, 0.0130880570946912, 0.012988920737072255, 0.013178248200839212, 0.013386796436950147, 0.01359897371732897, 0.01439195864266014, 0.015495810506657983, 0.016686507754200334, 0.01807173050136072, 0.019341411872889052, 0.020370802976522343, 0.0213787239197115, 0.02262888584538598, 0.02401686851684336, 0.025523335513576738, 0.026670410326906566, 0.02758824337325398, 0.02810647098585074, 0.028219175888028712, 0.02804128716256827, 0.027840212128430745, 0.02799079668741686, 0.027988272685847155, 0.02831306909632167, 0.028434723397990712, 0.0285549391753426, 0.02832607944879636, 0.02800347501499142, 0.027460301198426997, 0.02681840364884072, 0.026203190519756815, 0.02552364346313934, 0.024940794741503684, 0.024553643852497812, 0.024009602077058226, 0.023587486328410737, 0.023053226444370627, 0.02237349941244249, 0.021247392964358097, 0.01948489409103017, 0.01759577829009665, 0.015969918059865678, 0.014849832783247986, 0.014164911869984548, 0.013546042864334782, 0.01328357500957488, 0.012905521640083246, 0.012806686101790404, 0.01256569256360443, 0.01270015008783326, 0.013333718053885597, 0.014364706842779438, 0.015230812921928084, 0.016214173123414017, 0.017422309714956504, 0.01848297873673576, 0.019690103784110968, 0.02062988015396428, 0.021304326954883004, 0.021542023987470748, 0.021445001132587415, 0.02128479356968176, 0.021154257299581803, 0.020548768777841446, 0.020419411659703072, 0.020346908766621045, 0.02018386842926173, 0.020060715556614095, 0.019970155121820186, 0.019905412966441507, 0.019860328269953802, 0.019689549628068632, 0.019110038324468673, 0.018401772510693467, 0.01773443768827515, 0.01691379473734185, 0.0163889904882787, 0.015891976533507178, 0.015695148472402557, 0.015634975895130635, 0.01548249397414641, 0.015250362203767827, 0.01446715870868431, 0.013690714184349355, 0.013111437378948002, 0.01280400987898366, 0.012789088065484542, 0.012885508256999974, 0.012645414791893052, 0.012533763320360268, 0.01300792748125149, 0.014045480441271196, 0.015593406388961941, 0.017496649938682926, 0.01947963017829757, 0.021814960986639112, 0.0244888991790445, 0.027455202671237973, 0.030462142682767764, 0.03347516022004274, 0.03632355277573078, 0.03911728575744543, 0.041489125175428104, 0.043617926344794986, 0.04507509866910146, 0.045973158335007626, 0.046666313335408376, 0.047747911364257295, 0.04910015737076979, 0.051170936172887156, 0.05323921785426519, 0.05484930583024696, 0.05598397968583077, 0.056516639752925084, 0.05678375349578094, 0.05655312215346535, 0.05709318659280136, 0.05753330561326649, 0.05822424761198231, 0.05856641837777238, 0.058663546697002605, 0.05829520111627496, 0.058019458378357286, 0.05786276302771312, 0.057678835712609886, 0.05721489013034267, 0.05620972754199197, 0.05488023496470325, 0.05291870088860013, 0.05085359195424363, 0.04836971777146554, 0.045888993393773454, 0.04332790860019442, 0.040721243397433354, 0.03815348906679705, 0.03609755066086763, 0.03431153121207709, 0.03269994312791247, 0.03113246913067769, 0.029533434333839276, 0.02779284963423818, 0.02581340528028532, 0.023636664296078556, 0.021032966406022018, 0.018298152858289164, 0.015471223173718233, 0.012975006021594128, 0.011476514573927241, 0.011190786613452559, 0.012013514795745658, 0.013192708648177051, 0.0146026096239084, 0.016627808096549106, 0.019288816219412905, 0.022115031993867204, 0.024956066779425322, 0.027947127033299147, 0.030317719296220055, 0.03213024736687776, 0.033908117916643665, 0.035613155393420214, 0.03695858371541455, 0.0370883147011733, 0.035844860180821725, 0.03331269225961453, 0.030127822662769057, 0.026675716455458534, 0.02305094507263966, 0.019294584365168215, 0.016588874620184203, 0.013459760460278334, 0.010513659470637583, 0.008184205378854309, 0.005908681970234855, 0.003908372487361734, 0.002250880846271649, 0.001837561814419065, 0.003902446460586522, 0.00649131804032715, 0.008842266053540701, 0.011337576744963709, 0.013847821453172829, 0.016241515374979285, 0.018506880743639053, 0.020753891025054552, 0.022854281545735794, 0.025177910908837288, 0.027764777035113285, 0.0302577363231247, 0.032552204835272186, 0.033962244268502154, 0.03530995724171245, 0.036795414568091225, 0.03840706162943578, 0.039993850675796264, 0.04133645030179679, 0.04211247094820217, 0.04239213751353172, 0.042192499106345205, 0.04200269786908514, 0.041897190162155235, 0.041830932940717325, 0.04166737666619139, 0.04206882264734189, 0.0426127097658282, 0.042895687146734904, 0.04300135533202284, 0.04249799814293581, 0.041897582995049115, 0.04072077112408416, 0.03927976254850985, 0.037331499513228325, 0.035889992777759706, 0.03456359233645024, 0.033243529781910974, 0.03199033675126687, 0.03059935779738079, 0.029272240636492235, 0.027900707354997015, 0.02654938414970694, 0.02543173352052397, 0.024311103096379235, 0.023065212419431085, 0.021685454855791198, 0.02041159885695607, 0.019056064221564174, 0.017656707279948437, 0.01626614648165674, 0.015012383850973622, 0.013603567963072178, 0.012189757837366814, 0.010674529938407772, 0.009407142987148039, 0.008344525906195775, 0.007439054007672372, 0.0072034584519923735, 0.007775010970036668, 0.009047582903156274, 0.010731538882415681, 0.01253460028234948, 0.014333543563369548, 0.016070624592636203, 0.017817726146123574, 0.019557256660804743, 0.02116824086555951, 0.022529303997840977, 0.023628588936546305, 0.02391411988476377, 0.02359656311707365, 0.022355277074164143, 0.020961866673625245, 0.018393580144489934, 0.015660552711922182, 0.013874328661167971, 0.01254026736778108, 0.011812131260623127, 0.010800298354986543, 0.00961805971638548, 0.008471507575266851, 0.007656757785702683, 0.006719580941926242, 0.0056999472982024405, 0.005125787188458596, 0.00504686530895439, 0.005697178935649704, 0.006245540782853768, 0.0070976650798796875, 0.007900543705723831, 0.008755370167568399, 0.009807746909975117, 0.011209592216881203, 0.01276960312030194, 0.014467251258771754, 0.015865855510978952, 0.01751794577394112, 0.01978728846519214, 0.022540086452385207, 0.024859037758439572, 0.02589623397823137, 0.02611181133516041, 0.026565850619759173, 0.0272557734372972, 0.02776644526036269, 0.02799937699621002, 0.02818388188652303, 0.02806005928616626, 0.028083982827741123, 0.02781538632605852, 0.027763976455106594, 0.028120518002563644, 0.028688559534023904, 0.029389365084960088, 0.030059907204608147, 0.03052096911154336, 0.031053468449087778, 0.03142000488428638, 0.03173833045042581, 0.031892653890475096, 0.03198060527161537, 0.031944507243272385, 0.03180892531117334, 0.03180195743523648, 0.03175983113429147, 0.03185651864929952, 0.032146459060636644, 0.032526908876218445, 0.033087790299913135, 0.03370146462957083, 0.0342847740780508, 0.0344768243549477, 0.03441738754137779, 0.034008301029805295]",0.02552364346313934,0.03024435352665311,0.008858010874036024,0.023937251700830553,0.0,0.0,0.005679332072751175,0.03024435352665311,0.008858010874036024,0.023937251700830553,3.24,1717635303.943105,2024-06-06_10-55-03
0.5059,-0.05207999999999999,0.45175756137563094,0.4745845719304341,-0.06216838095436107,0.4289481814617117,0.5059,-0.05207999999999999,0.4457875801128903,0.4745845719304341,-0.06216838095436107,0.4289481814617117,0.024940794741503684,"[0.011315756658919754, 0.012192407496521018, 0.01288995615295488, 0.01359963525141729, 0.014321891165186378, 0.015181047888625853, 0.01592941522152252, 0.01673874496494045, 0.01751440457689525, 0.01835087734908702, 0.019202544572813795, 0.020070622325609303, 0.02095627718778323, 0.02186061264947246, 0.022737260153569413, 0.023681097053535004, 0.024646250751560458, 0.025633386418693636, 0.02659237614956749, 0.027623542314219474, 0.0286250346734827, 0.029647102596467904, 0.03056454213255984, 0.031680305841655834, 0.03263530150735364, 0.033606764937046466, 0.034593095597664145, 0.03536350794006898, 0.035930760474075646, 0.03631257033147624, 0.03661317474198803, 0.03688385713543919, 0.03738127616234113, 0.037934719347479336, 0.03858163380471939, 0.03921882339006296, 0.03999131852533767, 0.04074980907886149, 0.04127472956039594, 0.04151563832077664, 0.04151964454301027, 0.04123464219442919, 0.04096829512038153, 0.04056460486818273, 0.04028281736824196, 0.04000166841569801, 0.03919762289117317, 0.037812479337396496, 0.03622310391275238, 0.03453579653228067, 0.0330206041779641, 0.031565009966306234, 0.03054064037737075, 0.029904305612678588, 0.029394155816597912, 0.028896840658953926, 0.02825322628704274, 0.027685220830545497, 0.02666364029859006, 0.025486033827772144, 0.02414387260068274, 0.023028867611909868, 0.022681878550084772, 0.02299235797660897, 0.02387546679328945, 0.024738332374206702, 0.025547718436096926, 0.026640938816603423, 0.02759836215880636, 0.028240938725365098, 0.028199955208514017, 0.028168175430310402, 0.02767018559717724, 0.027414861073674215, 0.027239233260695786, 0.0274939869379551, 0.027874761581110984, 0.02868161073982207, 0.029514734605865275, 0.030345172291974937, 0.031248268714928727, 0.032298002681611045, 0.033509628354587276, 0.0348066615601669, 0.03569061118903811, 0.03631377821401384, 0.03654105211474412, 0.03646788532881584, 0.03572808397059345, 0.03427781350345514, 0.03309813106562172, 0.031639416134799855, 0.02970329439236902, 0.027599049067936567, 0.02603054913364457, 0.024090316372098155, 0.02220132238001286, 0.02051452966091278, 0.019044426362309692, 0.017805605247084858, 0.01643252777018217, 0.01523003850809785, 0.01424180324883461, 0.013706552220618947, 0.0130880570946912, 0.012988920737072255, 0.013178248200839212, 0.013386796436950147, 0.01359897371732897, 0.01439195864266014, 0.015495810506657983, 0.016686507754200334, 0.01807173050136072, 0.019341411872889052, 0.020370802976522343, 0.0213787239197115, 0.02262888584538598, 0.02401686851684336, 0.025523335513576738, 0.026670410326906566, 0.02758824337325398, 0.02810647098585074, 0.028219175888028712, 0.02804128716256827, 0.027840212128430745, 0.02799079668741686, 0.027988272685847155, 0.02831306909632167, 0.028434723397990712, 0.0285549391753426, 0.02832607944879636, 0.02800347501499142, 0.027460301198426997, 0.02681840364884072, 0.026203190519756815, 0.02552364346313934, 0.024940794741503684, 0.024553643852497812, 0.024009602077058226, 0.023587486328410737, 0.023053226444370627, 0.02237349941244249, 0.021247392964358097, 0.01948489409103017, 0.01759577829009665, 0.015969918059865678, 0.014849832783247986, 0.014164911869984548, 0.013546042864334782, 0.01328357500957488, 0.012905521640083246, 0.012806686101790404, 0.01256569256360443, 0.01270015008783326, 0.013333718053885597, 0.014364706842779438, 0.015230812921928084, 0.016214173123414017, 0.017422309714956504, 0.01848297873673576, 0.019690103784110968, 0.02062988015396428, 0.021304326954883004, 0.021542023987470748, 0.021445001132587415, 0.02128479356968176, 0.021154257299581803, 0.020548768777841446, 0.020419411659703072, 0.020346908766621045, 0.02018386842926173, 0.020060715556614095, 0.019970155121820186, 0.019905412966441507, 0.019860328269953802, 0.019689549628068632, 0.019110038324468673, 0.018401772510693467, 0.01773443768827515, 0.01691379473734185, 0.0163889904882787, 0.015891976533507178, 0.015695148472402557, 0.015634975895130635, 0.01548249397414641, 0.015250362203767827, 0.01446715870868431, 0.013690714184349355, 0.013111437378948002, 0.01280400987898366, 0.012789088065484542, 0.012885508256999974, 0.012645414791893052, 0.012533763320360268, 0.01300792748125149, 0.014045480441271196, 0.015593406388961941, 0.017496649938682926, 0.01947963017829757, 0.021814960986639112, 0.0244888991790445, 0.027455202671237973, 0.030462142682767764, 0.03347516022004274, 0.03632355277573078, 0.03911728575744543, 0.041489125175428104, 0.043617926344794986, 0.04507509866910146, 0.045973158335007626, 0.046666313335408376, 0.047747911364257295, 0.04910015737076979, 0.051170936172887156, 0.05323921785426519, 0.05484930583024696, 0.05598397968583077, 0.056516639752925084, 0.05678375349578094, 0.05655312215346535, 0.05709318659280136, 0.05753330561326649, 0.05822424761198231, 0.05856641837777238, 0.058663546697002605, 0.05829520111627496, 0.058019458378357286, 0.05786276302771312, 0.057678835712609886, 0.05721489013034267, 0.05620972754199197, 0.05488023496470325, 0.05291870088860013, 0.05085359195424363, 0.04836971777146554, 0.045888993393773454, 0.04332790860019442, 0.040721243397433354, 0.03815348906679705, 0.03609755066086763, 0.03431153121207709, 0.03269994312791247, 0.03113246913067769, 0.029533434333839276, 0.02779284963423818, 0.02581340528028532, 0.023636664296078556, 0.021032966406022018, 0.018298152858289164, 0.015471223173718233, 0.012975006021594128, 0.011476514573927241, 0.011190786613452559, 0.012013514795745658, 0.013192708648177051, 0.0146026096239084, 0.016627808096549106, 0.019288816219412905, 0.022115031993867204, 0.024956066779425322, 0.027947127033299147, 0.030317719296220055, 0.03213024736687776, 0.033908117916643665, 0.035613155393420214, 0.03695858371541455, 0.0370883147011733, 0.035844860180821725, 0.03331269225961453, 0.030127822662769057, 0.026675716455458534, 0.02305094507263966, 0.019294584365168215, 0.016588874620184203, 0.013459760460278334, 0.010513659470637583, 0.008184205378854309, 0.005908681970234855, 0.003908372487361734, 0.002250880846271649, 0.001837561814419065, 0.003902446460586522, 0.00649131804032715, 0.008842266053540701, 0.011337576744963709, 0.013847821453172829, 0.016241515374979285, 0.018506880743639053, 0.020753891025054552, 0.022854281545735794, 0.025177910908837288, 0.027764777035113285, 0.0302577363231247, 0.032552204835272186, 0.033962244268502154, 0.03530995724171245, 0.036795414568091225, 0.03840706162943578, 0.039993850675796264, 0.04133645030179679, 0.04211247094820217, 0.04239213751353172, 0.042192499106345205, 0.04200269786908514, 0.041897190162155235, 0.041830932940717325, 0.04166737666619139, 0.04206882264734189, 0.0426127097658282, 0.042895687146734904, 0.04300135533202284, 0.04249799814293581, 0.041897582995049115, 0.04072077112408416, 0.03927976254850985, 0.037331499513228325, 0.035889992777759706, 0.03456359233645024, 0.033243529781910974, 0.03199033675126687, 0.03059935779738079, 0.029272240636492235, 0.027900707354997015, 0.02654938414970694, 0.02543173352052397, 0.024311103096379235, 0.023065212419431085, 0.021685454855791198, 0.02041159885695607, 0.019056064221564174, 0.017656707279948437, 0.01626614648165674, 0.015012383850973622, 0.013603567963072178, 0.012189757837366814, 0.010674529938407772, 0.009407142987148039, 0.008344525906195775, 0.007439054007672372, 0.0072034584519923735, 0.007775010970036668, 0.009047582903156274, 0.010731538882415681, 0.01253460028234948, 0.014333543563369548, 0.016070624592636203, 0.017817726146123574, 0.019557256660804743, 0.02116824086555951, 0.022529303997840977, 0.023628588936546305, 0.02391411988476377, 0.02359656311707365, 0.022355277074164143, 0.020961866673625245, 0.018393580144489934, 0.015660552711922182, 0.013874328661167971, 0.01254026736778108, 0.011812131260623127, 0.010800298354986543, 0.00961805971638548, 0.008471507575266851, 0.007656757785702683, 0.006719580941926242, 0.0056999472982024405, 0.005125787188458596, 0.00504686530895439, 0.005697178935649704, 0.006245540782853768, 0.0070976650798796875, 0.007900543705723831, 0.008755370167568399, 0.009807746909975117, 0.011209592216881203, 0.01276960312030194, 0.014467251258771754, 0.015865855510978952, 0.01751794577394112, 0.01978728846519214, 0.022540086452385207, 0.024859037758439572, 0.02589623397823137, 0.02611181133516041, 0.026565850619759173, 0.0272557734372972, 0.02776644526036269, 0.02799937699621002, 0.02818388188652303, 0.02806005928616626, 0.028083982827741123, 0.02781538632605852, 0.027763976455106594, 0.028120518002563644, 0.028688559534023904, 0.029389365084960088, 0.030059907204608147, 0.03052096911154336, 0.031053468449087778, 0.03142000488428638, 0.03173833045042581, 0.031892653890475096, 0.03198060527161537, 0.031944507243272385, 0.03180892531117334, 0.03180195743523648, 0.03175983113429147, 0.03185651864929952, 0.032146459060636644, 0.032526908876218445, 0.033087790299913135, 0.03370146462957083, 0.0342847740780508, 0.0344768243549477, 0.03441738754137779, 0.034008301029805295]",0.024940794741503684,0.03131542806956594,0.010088380954361084,0.022809379913919237,0.0,0.0,0.00596998126274062,0.03131542806956594,0.010088380954361084,0.022809379913919237,3.2640000000000002,1717635303.9670494,2024-06-06_10-55-03
0.5059,-0.05136,0.45194782209979284,0.47360406652013387,-0.06261032158391568,0.4301232558797328,0.5059,-0.05136,0.4456871916470628,0.47360406652013387,-0.06261032158391568,0.4301232558797328,0.024553643852497812,"[0.011315756658919754, 0.012192407496521018, 0.01288995615295488, 0.01359963525141729, 0.014321891165186378, 0.015181047888625853, 0.01592941522152252, 0.01673874496494045, 0.01751440457689525, 0.01835087734908702, 0.019202544572813795, 0.020070622325609303, 0.02095627718778323, 0.02186061264947246, 0.022737260153569413, 0.023681097053535004, 0.024646250751560458, 0.025633386418693636, 0.02659237614956749, 0.027623542314219474, 0.0286250346734827, 0.029647102596467904, 0.03056454213255984, 0.031680305841655834, 0.03263530150735364, 0.033606764937046466, 0.034593095597664145, 0.03536350794006898, 0.035930760474075646, 0.03631257033147624, 0.03661317474198803, 0.03688385713543919, 0.03738127616234113, 0.037934719347479336, 0.03858163380471939, 0.03921882339006296, 0.03999131852533767, 0.04074980907886149, 0.04127472956039594, 0.04151563832077664, 0.04151964454301027, 0.04123464219442919, 0.04096829512038153, 0.04056460486818273, 0.04028281736824196, 0.04000166841569801, 0.03919762289117317, 0.037812479337396496, 0.03622310391275238, 0.03453579653228067, 0.0330206041779641, 0.031565009966306234, 0.03054064037737075, 0.029904305612678588, 0.029394155816597912, 0.028896840658953926, 0.02825322628704274, 0.027685220830545497, 0.02666364029859006, 0.025486033827772144, 0.02414387260068274, 0.023028867611909868, 0.022681878550084772, 0.02299235797660897, 0.02387546679328945, 0.024738332374206702, 0.025547718436096926, 0.026640938816603423, 0.02759836215880636, 0.028240938725365098, 0.028199955208514017, 0.028168175430310402, 0.02767018559717724, 0.027414861073674215, 0.027239233260695786, 0.0274939869379551, 0.027874761581110984, 0.02868161073982207, 0.029514734605865275, 0.030345172291974937, 0.031248268714928727, 0.032298002681611045, 0.033509628354587276, 0.0348066615601669, 0.03569061118903811, 0.03631377821401384, 0.03654105211474412, 0.03646788532881584, 0.03572808397059345, 0.03427781350345514, 0.03309813106562172, 0.031639416134799855, 0.02970329439236902, 0.027599049067936567, 0.02603054913364457, 0.024090316372098155, 0.02220132238001286, 0.02051452966091278, 0.019044426362309692, 0.017805605247084858, 0.01643252777018217, 0.01523003850809785, 0.01424180324883461, 0.013706552220618947, 0.0130880570946912, 0.012988920737072255, 0.013178248200839212, 0.013386796436950147, 0.01359897371732897, 0.01439195864266014, 0.015495810506657983, 0.016686507754200334, 0.01807173050136072, 0.019341411872889052, 0.020370802976522343, 0.0213787239197115, 0.02262888584538598, 0.02401686851684336, 0.025523335513576738, 0.026670410326906566, 0.02758824337325398, 0.02810647098585074, 0.028219175888028712, 0.02804128716256827, 0.027840212128430745, 0.02799079668741686, 0.027988272685847155, 0.02831306909632167, 0.028434723397990712, 0.0285549391753426, 0.02832607944879636, 0.02800347501499142, 0.027460301198426997, 0.02681840364884072, 0.026203190519756815, 0.02552364346313934, 0.024940794741503684, 0.024553643852497812, 0.024009602077058226, 0.023587486328410737, 0.023053226444370627, 0.02237349941244249, 0.021247392964358097, 0.01948489409103017, 0.01759577829009665, 0.015969918059865678, 0.014849832783247986, 0.014164911869984548, 0.013546042864334782, 0.01328357500957488, 0.012905521640083246, 0.012806686101790404, 0.01256569256360443, 0.01270015008783326, 0.013333718053885597, 0.014364706842779438, 0.015230812921928084, 0.016214173123414017, 0.017422309714956504, 0.01848297873673576, 0.019690103784110968, 0.02062988015396428, 0.021304326954883004, 0.021542023987470748, 0.021445001132587415, 0.02128479356968176, 0.021154257299581803, 0.020548768777841446, 0.020419411659703072, 0.020346908766621045, 0.02018386842926173, 0.020060715556614095, 0.019970155121820186, 0.019905412966441507, 0.019860328269953802, 0.019689549628068632, 0.019110038324468673, 0.018401772510693467, 0.01773443768827515, 0.01691379473734185, 0.0163889904882787, 0.015891976533507178, 0.015695148472402557, 0.015634975895130635, 0.01548249397414641, 0.015250362203767827, 0.01446715870868431, 0.013690714184349355, 0.013111437378948002, 0.01280400987898366, 0.012789088065484542, 0.012885508256999974, 0.012645414791893052, 0.012533763320360268, 0.01300792748125149, 0.014045480441271196, 0.015593406388961941, 0.017496649938682926, 0.01947963017829757, 0.021814960986639112, 0.0244888991790445, 0.027455202671237973, 0.030462142682767764, 0.03347516022004274, 0.03632355277573078, 0.03911728575744543, 0.041489125175428104, 0.043617926344794986, 0.04507509866910146, 0.045973158335007626, 0.046666313335408376, 0.047747911364257295, 0.04910015737076979, 0.051170936172887156, 0.05323921785426519, 0.05484930583024696, 0.05598397968583077, 0.056516639752925084, 0.05678375349578094, 0.05655312215346535, 0.05709318659280136, 0.05753330561326649, 0.05822424761198231, 0.05856641837777238, 0.058663546697002605, 0.05829520111627496, 0.058019458378357286, 0.05786276302771312, 0.057678835712609886, 0.05721489013034267, 0.05620972754199197, 0.05488023496470325, 0.05291870088860013, 0.05085359195424363, 0.04836971777146554, 0.045888993393773454, 0.04332790860019442, 0.040721243397433354, 0.03815348906679705, 0.03609755066086763, 0.03431153121207709, 0.03269994312791247, 0.03113246913067769, 0.029533434333839276, 0.02779284963423818, 0.02581340528028532, 0.023636664296078556, 0.021032966406022018, 0.018298152858289164, 0.015471223173718233, 0.012975006021594128, 0.011476514573927241, 0.011190786613452559, 0.012013514795745658, 0.013192708648177051, 0.0146026096239084, 0.016627808096549106, 0.019288816219412905, 0.022115031993867204, 0.024956066779425322, 0.027947127033299147, 0.030317719296220055, 0.03213024736687776, 0.033908117916643665, 0.035613155393420214, 0.03695858371541455, 0.0370883147011733, 0.035844860180821725, 0.03331269225961453, 0.030127822662769057, 0.026675716455458534, 0.02305094507263966, 0.019294584365168215, 0.016588874620184203, 0.013459760460278334, 0.010513659470637583, 0.008184205378854309, 0.005908681970234855, 0.003908372487361734, 0.002250880846271649, 0.001837561814419065, 0.003902446460586522, 0.00649131804032715, 0.008842266053540701, 0.011337576744963709, 0.013847821453172829, 0.016241515374979285, 0.018506880743639053, 0.020753891025054552, 0.022854281545735794, 0.025177910908837288, 0.027764777035113285, 0.0302577363231247, 0.032552204835272186, 0.033962244268502154, 0.03530995724171245, 0.036795414568091225, 0.03840706162943578, 0.039993850675796264, 0.04133645030179679, 0.04211247094820217, 0.04239213751353172, 0.042192499106345205, 0.04200269786908514, 0.041897190162155235, 0.041830932940717325, 0.04166737666619139, 0.04206882264734189, 0.0426127097658282, 0.042895687146734904, 0.04300135533202284, 0.04249799814293581, 0.041897582995049115, 0.04072077112408416, 0.03927976254850985, 0.037331499513228325, 0.035889992777759706, 0.03456359233645024, 0.033243529781910974, 0.03199033675126687, 0.03059935779738079, 0.029272240636492235, 0.027900707354997015, 0.02654938414970694, 0.02543173352052397, 0.024311103096379235, 0.023065212419431085, 0.021685454855791198, 0.02041159885695607, 0.019056064221564174, 0.017656707279948437, 0.01626614648165674, 0.015012383850973622, 0.013603567963072178, 0.012189757837366814, 0.010674529938407772, 0.009407142987148039, 0.008344525906195775, 0.007439054007672372, 0.0072034584519923735, 0.007775010970036668, 0.009047582903156274, 0.010731538882415681, 0.01253460028234948, 0.014333543563369548, 0.016070624592636203, 0.017817726146123574, 0.019557256660804743, 0.02116824086555951, 0.022529303997840977, 0.023628588936546305, 0.02391411988476377, 0.02359656311707365, 0.022355277074164143, 0.020961866673625245, 0.018393580144489934, 0.015660552711922182, 0.013874328661167971, 0.01254026736778108, 0.011812131260623127, 0.010800298354986543, 0.00961805971638548, 0.008471507575266851, 0.007656757785702683, 0.006719580941926242, 0.0056999472982024405, 0.005125787188458596, 0.00504686530895439, 0.005697178935649704, 0.006245540782853768, 0.0070976650798796875, 0.007900543705723831, 0.008755370167568399, 0.009807746909975117, 0.011209592216881203, 0.01276960312030194, 0.014467251258771754, 0.015865855510978952, 0.01751794577394112, 0.01978728846519214, 0.022540086452385207, 0.024859037758439572, 0.02589623397823137, 0.02611181133516041, 0.026565850619759173, 0.0272557734372972, 0.02776644526036269, 0.02799937699621002, 0.02818388188652303, 0.02806005928616626, 0.028083982827741123, 0.02781538632605852, 0.027763976455106594, 0.028120518002563644, 0.028688559534023904, 0.029389365084960088, 0.030059907204608147, 0.03052096911154336, 0.031053468449087778, 0.03142000488428638, 0.03173833045042581, 0.031892653890475096, 0.03198060527161537, 0.031944507243272385, 0.03180892531117334, 0.03180195743523648, 0.03175983113429147, 0.03185651864929952, 0.032146459060636644, 0.032526908876218445, 0.033087790299913135, 0.03370146462957083, 0.0342847740780508, 0.0344768243549477, 0.03441738754137779, 0.034008301029805295]",0.024553643852497812,0.032295933479866146,0.011250321583915673,0.021824566220060015,0.0,0.0,0.006260630452730065,0.032295933479866146,0.011250321583915673,0.021824566220060015,3.288,1717635303.9908295,2024-06-06_10-55-03
0.5059,-0.05063999999999998,0.4519972104094058,0.47268005239652583,-0.06295606672269825,0.43138712811018337,0.5059,-0.05063999999999998,0.4454400947369784,0.47268005239652583,-0.06295606672269825,0.43138712811018337,0.024009602077058226,"[0.011315756658919754, 0.012192407496521018, 0.01288995615295488, 0.01359963525141729, 0.014321891165186378, 0.015181047888625853, 0.01592941522152252, 0.01673874496494045, 0.01751440457689525, 0.01835087734908702, 0.019202544572813795, 0.020070622325609303, 0.02095627718778323, 0.02186061264947246, 0.022737260153569413, 0.023681097053535004, 0.024646250751560458, 0.025633386418693636, 0.02659237614956749, 0.027623542314219474, 0.0286250346734827, 0.029647102596467904, 0.03056454213255984, 0.031680305841655834, 0.03263530150735364, 0.033606764937046466, 0.034593095597664145, 0.03536350794006898, 0.035930760474075646, 0.03631257033147624, 0.03661317474198803, 0.03688385713543919, 0.03738127616234113, 0.037934719347479336, 0.03858163380471939, 0.03921882339006296, 0.03999131852533767, 0.04074980907886149, 0.04127472956039594, 0.04151563832077664, 0.04151964454301027, 0.04123464219442919, 0.04096829512038153, 0.04056460486818273, 0.04028281736824196, 0.04000166841569801, 0.03919762289117317, 0.037812479337396496, 0.03622310391275238, 0.03453579653228067, 0.0330206041779641, 0.031565009966306234, 0.03054064037737075, 0.029904305612678588, 0.029394155816597912, 0.028896840658953926, 0.02825322628704274, 0.027685220830545497, 0.02666364029859006, 0.025486033827772144, 0.02414387260068274, 0.023028867611909868, 0.022681878550084772, 0.02299235797660897, 0.02387546679328945, 0.024738332374206702, 0.025547718436096926, 0.026640938816603423, 0.02759836215880636, 0.028240938725365098, 0.028199955208514017, 0.028168175430310402, 0.02767018559717724, 0.027414861073674215, 0.027239233260695786, 0.0274939869379551, 0.027874761581110984, 0.02868161073982207, 0.029514734605865275, 0.030345172291974937, 0.031248268714928727, 0.032298002681611045, 0.033509628354587276, 0.0348066615601669, 0.03569061118903811, 0.03631377821401384, 0.03654105211474412, 0.03646788532881584, 0.03572808397059345, 0.03427781350345514, 0.03309813106562172, 0.031639416134799855, 0.02970329439236902, 0.027599049067936567, 0.02603054913364457, 0.024090316372098155, 0.02220132238001286, 0.02051452966091278, 0.019044426362309692, 0.017805605247084858, 0.01643252777018217, 0.01523003850809785, 0.01424180324883461, 0.013706552220618947, 0.0130880570946912, 0.012988920737072255, 0.013178248200839212, 0.013386796436950147, 0.01359897371732897, 0.01439195864266014, 0.015495810506657983, 0.016686507754200334, 0.01807173050136072, 0.019341411872889052, 0.020370802976522343, 0.0213787239197115, 0.02262888584538598, 0.02401686851684336, 0.025523335513576738, 0.026670410326906566, 0.02758824337325398, 0.02810647098585074, 0.028219175888028712, 0.02804128716256827, 0.027840212128430745, 0.02799079668741686, 0.027988272685847155, 0.02831306909632167, 0.028434723397990712, 0.0285549391753426, 0.02832607944879636, 0.02800347501499142, 0.027460301198426997, 0.02681840364884072, 0.026203190519756815, 0.02552364346313934, 0.024940794741503684, 0.024553643852497812, 0.024009602077058226, 0.023587486328410737, 0.023053226444370627, 0.02237349941244249, 0.021247392964358097, 0.01948489409103017, 0.01759577829009665, 0.015969918059865678, 0.014849832783247986, 0.014164911869984548, 0.013546042864334782, 0.01328357500957488, 0.012905521640083246, 0.012806686101790404, 0.01256569256360443, 0.01270015008783326, 0.013333718053885597, 0.014364706842779438, 0.015230812921928084, 0.016214173123414017, 0.017422309714956504, 0.01848297873673576, 0.019690103784110968, 0.02062988015396428, 0.021304326954883004, 0.021542023987470748, 0.021445001132587415, 0.02128479356968176, 0.021154257299581803, 0.020548768777841446, 0.020419411659703072, 0.020346908766621045, 0.02018386842926173, 0.020060715556614095, 0.019970155121820186, 0.019905412966441507, 0.019860328269953802, 0.019689549628068632, 0.019110038324468673, 0.018401772510693467, 0.01773443768827515, 0.01691379473734185, 0.0163889904882787, 0.015891976533507178, 0.015695148472402557, 0.015634975895130635, 0.01548249397414641, 0.015250362203767827, 0.01446715870868431, 0.013690714184349355, 0.013111437378948002, 0.01280400987898366, 0.012789088065484542, 0.012885508256999974, 0.012645414791893052, 0.012533763320360268, 0.01300792748125149, 0.014045480441271196, 0.015593406388961941, 0.017496649938682926, 0.01947963017829757, 0.021814960986639112, 0.0244888991790445, 0.027455202671237973, 0.030462142682767764, 0.03347516022004274, 0.03632355277573078, 0.03911728575744543, 0.041489125175428104, 0.043617926344794986, 0.04507509866910146, 0.045973158335007626, 0.046666313335408376, 0.047747911364257295, 0.04910015737076979, 0.051170936172887156, 0.05323921785426519, 0.05484930583024696, 0.05598397968583077, 0.056516639752925084, 0.05678375349578094, 0.05655312215346535, 0.05709318659280136, 0.05753330561326649, 0.05822424761198231, 0.05856641837777238, 0.058663546697002605, 0.05829520111627496, 0.058019458378357286, 0.05786276302771312, 0.057678835712609886, 0.05721489013034267, 0.05620972754199197, 0.05488023496470325, 0.05291870088860013, 0.05085359195424363, 0.04836971777146554, 0.045888993393773454, 0.04332790860019442, 0.040721243397433354, 0.03815348906679705, 0.03609755066086763, 0.03431153121207709, 0.03269994312791247, 0.03113246913067769, 0.029533434333839276, 0.02779284963423818, 0.02581340528028532, 0.023636664296078556, 0.021032966406022018, 0.018298152858289164, 0.015471223173718233, 0.012975006021594128, 0.011476514573927241, 0.011190786613452559, 0.012013514795745658, 0.013192708648177051, 0.0146026096239084, 0.016627808096549106, 0.019288816219412905, 0.022115031993867204, 0.024956066779425322, 0.027947127033299147, 0.030317719296220055, 0.03213024736687776, 0.033908117916643665, 0.035613155393420214, 0.03695858371541455, 0.0370883147011733, 0.035844860180821725, 0.03331269225961453, 0.030127822662769057, 0.026675716455458534, 0.02305094507263966, 0.019294584365168215, 0.016588874620184203, 0.013459760460278334, 0.010513659470637583, 0.008184205378854309, 0.005908681970234855, 0.003908372487361734, 0.002250880846271649, 0.001837561814419065, 0.003902446460586522, 0.00649131804032715, 0.008842266053540701, 0.011337576744963709, 0.013847821453172829, 0.016241515374979285, 0.018506880743639053, 0.020753891025054552, 0.022854281545735794, 0.025177910908837288, 0.027764777035113285, 0.0302577363231247, 0.032552204835272186, 0.033962244268502154, 0.03530995724171245, 0.036795414568091225, 0.03840706162943578, 0.039993850675796264, 0.04133645030179679, 0.04211247094820217, 0.04239213751353172, 0.042192499106345205, 0.04200269786908514, 0.041897190162155235, 0.041830932940717325, 0.04166737666619139, 0.04206882264734189, 0.0426127097658282, 0.042895687146734904, 0.04300135533202284, 0.04249799814293581, 0.041897582995049115, 0.04072077112408416, 0.03927976254850985, 0.037331499513228325, 0.035889992777759706, 0.03456359233645024, 0.033243529781910974, 0.03199033675126687, 0.03059935779738079, 0.029272240636492235, 0.027900707354997015, 0.02654938414970694, 0.02543173352052397, 0.024311103096379235, 0.023065212419431085, 0.021685454855791198, 0.02041159885695607, 0.019056064221564174, 0.017656707279948437, 0.01626614648165674, 0.015012383850973622, 0.013603567963072178, 0.012189757837366814, 0.010674529938407772, 0.009407142987148039, 0.008344525906195775, 0.007439054007672372, 0.0072034584519923735, 0.007775010970036668, 0.009047582903156274, 0.010731538882415681, 0.01253460028234948, 0.014333543563369548, 0.016070624592636203, 0.017817726146123574, 0.019557256660804743, 0.02116824086555951, 0.022529303997840977, 0.023628588936546305, 0.02391411988476377, 0.02359656311707365, 0.022355277074164143, 0.020961866673625245, 0.018393580144489934, 0.015660552711922182, 0.013874328661167971, 0.01254026736778108, 0.011812131260623127, 0.010800298354986543, 0.00961805971638548, 0.008471507575266851, 0.007656757785702683, 0.006719580941926242, 0.0056999472982024405, 0.005125787188458596, 0.00504686530895439, 0.005697178935649704, 0.006245540782853768, 0.0070976650798796875, 0.007900543705723831, 0.008755370167568399, 0.009807746909975117, 0.011209592216881203, 0.01276960312030194, 0.014467251258771754, 0.015865855510978952, 0.01751794577394112, 0.01978728846519214, 0.022540086452385207, 0.024859037758439572, 0.02589623397823137, 0.02611181133516041, 0.026565850619759173, 0.0272557734372972, 0.02776644526036269, 0.02799937699621002, 0.02818388188652303, 0.02806005928616626, 0.028083982827741123, 0.02781538632605852, 0.027763976455106594, 0.028120518002563644, 0.028688559534023904, 0.029389365084960088, 0.030059907204608147, 0.03052096911154336, 0.031053468449087778, 0.03142000488428638, 0.03173833045042581, 0.031892653890475096, 0.03198060527161537, 0.031944507243272385, 0.03180892531117334, 0.03180195743523648, 0.03175983113429147, 0.03185651864929952, 0.032146459060636644, 0.032526908876218445, 0.033087790299913135, 0.03370146462957083, 0.0342847740780508, 0.0344768243549477, 0.03441738754137779, 0.034008301029805295]",0.024009602077058226,0.03321994760347419,0.012316066722698277,0.020610082299222454,0.0,0.0,0.006557115672427449,0.03321994760347419,0.012316066722698277,0.020610082299222454,3.312,1717635304.0150871,2024-06-06_10-55-04
0.5059,-0.04991999999999999,0.45190285294549115,0.47182585619743994,-0.06309023903610367,0.4323346564260146,0.5059,-0.04991999999999999,0.44504341602365843,0.47182585619743994,-0.06309023903610367,0.4323346564260146,0.023587486328410737,"[0.011315756658919754, 0.012192407496521018, 0.01288995615295488, 0.01359963525141729, 0.014321891165186378, 0.015181047888625853, 0.01592941522152252, 0.01673874496494045, 0.01751440457689525, 0.01835087734908702, 0.019202544572813795, 0.020070622325609303, 0.02095627718778323, 0.02186061264947246, 0.022737260153569413, 0.023681097053535004, 0.024646250751560458, 0.025633386418693636, 0.02659237614956749, 0.027623542314219474, 0.0286250346734827, 0.029647102596467904, 0.03056454213255984, 0.031680305841655834, 0.03263530150735364, 0.033606764937046466, 0.034593095597664145, 0.03536350794006898, 0.035930760474075646, 0.03631257033147624, 0.03661317474198803, 0.03688385713543919, 0.03738127616234113, 0.037934719347479336, 0.03858163380471939, 0.03921882339006296, 0.03999131852533767, 0.04074980907886149, 0.04127472956039594, 0.04151563832077664, 0.04151964454301027, 0.04123464219442919, 0.04096829512038153, 0.04056460486818273, 0.04028281736824196, 0.04000166841569801, 0.03919762289117317, 0.037812479337396496, 0.03622310391275238, 0.03453579653228067, 0.0330206041779641, 0.031565009966306234, 0.03054064037737075, 0.029904305612678588, 0.029394155816597912, 0.028896840658953926, 0.02825322628704274, 0.027685220830545497, 0.02666364029859006, 0.025486033827772144, 0.02414387260068274, 0.023028867611909868, 0.022681878550084772, 0.02299235797660897, 0.02387546679328945, 0.024738332374206702, 0.025547718436096926, 0.026640938816603423, 0.02759836215880636, 0.028240938725365098, 0.028199955208514017, 0.028168175430310402, 0.02767018559717724, 0.027414861073674215, 0.027239233260695786, 0.0274939869379551, 0.027874761581110984, 0.02868161073982207, 0.029514734605865275, 0.030345172291974937, 0.031248268714928727, 0.032298002681611045, 0.033509628354587276, 0.0348066615601669, 0.03569061118903811, 0.03631377821401384, 0.03654105211474412, 0.03646788532881584, 0.03572808397059345, 0.03427781350345514, 0.03309813106562172, 0.031639416134799855, 0.02970329439236902, 0.027599049067936567, 0.02603054913364457, 0.024090316372098155, 0.02220132238001286, 0.02051452966091278, 0.019044426362309692, 0.017805605247084858, 0.01643252777018217, 0.01523003850809785, 0.01424180324883461, 0.013706552220618947, 0.0130880570946912, 0.012988920737072255, 0.013178248200839212, 0.013386796436950147, 0.01359897371732897, 0.01439195864266014, 0.015495810506657983, 0.016686507754200334, 0.01807173050136072, 0.019341411872889052, 0.020370802976522343, 0.0213787239197115, 0.02262888584538598, 0.02401686851684336, 0.025523335513576738, 0.026670410326906566, 0.02758824337325398, 0.02810647098585074, 0.028219175888028712, 0.02804128716256827, 0.027840212128430745, 0.02799079668741686, 0.027988272685847155, 0.02831306909632167, 0.028434723397990712, 0.0285549391753426, 0.02832607944879636, 0.02800347501499142, 0.027460301198426997, 0.02681840364884072, 0.026203190519756815, 0.02552364346313934, 0.024940794741503684, 0.024553643852497812, 0.024009602077058226, 0.023587486328410737, 0.023053226444370627, 0.02237349941244249, 0.021247392964358097, 0.01948489409103017, 0.01759577829009665, 0.015969918059865678, 0.014849832783247986, 0.014164911869984548, 0.013546042864334782, 0.01328357500957488, 0.012905521640083246, 0.012806686101790404, 0.01256569256360443, 0.01270015008783326, 0.013333718053885597, 0.014364706842779438, 0.015230812921928084, 0.016214173123414017, 0.017422309714956504, 0.01848297873673576, 0.019690103784110968, 0.02062988015396428, 0.021304326954883004, 0.021542023987470748, 0.021445001132587415, 0.02128479356968176, 0.021154257299581803, 0.020548768777841446, 0.020419411659703072, 0.020346908766621045, 0.02018386842926173, 0.020060715556614095, 0.019970155121820186, 0.019905412966441507, 0.019860328269953802, 0.019689549628068632, 0.019110038324468673, 0.018401772510693467, 0.01773443768827515, 0.01691379473734185, 0.0163889904882787, 0.015891976533507178, 0.015695148472402557, 0.015634975895130635, 0.01548249397414641, 0.015250362203767827, 0.01446715870868431, 0.013690714184349355, 0.013111437378948002, 0.01280400987898366, 0.012789088065484542, 0.012885508256999974, 0.012645414791893052, 0.012533763320360268, 0.01300792748125149, 0.014045480441271196, 0.015593406388961941, 0.017496649938682926, 0.01947963017829757, 0.021814960986639112, 0.0244888991790445, 0.027455202671237973, 0.030462142682767764, 0.03347516022004274, 0.03632355277573078, 0.03911728575744543, 0.041489125175428104, 0.043617926344794986, 0.04507509866910146, 0.045973158335007626, 0.046666313335408376, 0.047747911364257295, 0.04910015737076979, 0.051170936172887156, 0.05323921785426519, 0.05484930583024696, 0.05598397968583077, 0.056516639752925084, 0.05678375349578094, 0.05655312215346535, 0.05709318659280136, 0.05753330561326649, 0.05822424761198231, 0.05856641837777238, 0.058663546697002605, 0.05829520111627496, 0.058019458378357286, 0.05786276302771312, 0.057678835712609886, 0.05721489013034267, 0.05620972754199197, 0.05488023496470325, 0.05291870088860013, 0.05085359195424363, 0.04836971777146554, 0.045888993393773454, 0.04332790860019442, 0.040721243397433354, 0.03815348906679705, 0.03609755066086763, 0.03431153121207709, 0.03269994312791247, 0.03113246913067769, 0.029533434333839276, 0.02779284963423818, 0.02581340528028532, 0.023636664296078556, 0.021032966406022018, 0.018298152858289164, 0.015471223173718233, 0.012975006021594128, 0.011476514573927241, 0.011190786613452559, 0.012013514795745658, 0.013192708648177051, 0.0146026096239084, 0.016627808096549106, 0.019288816219412905, 0.022115031993867204, 0.024956066779425322, 0.027947127033299147, 0.030317719296220055, 0.03213024736687776, 0.033908117916643665, 0.035613155393420214, 0.03695858371541455, 0.0370883147011733, 0.035844860180821725, 0.03331269225961453, 0.030127822662769057, 0.026675716455458534, 0.02305094507263966, 0.019294584365168215, 0.016588874620184203, 0.013459760460278334, 0.010513659470637583, 0.008184205378854309, 0.005908681970234855, 0.003908372487361734, 0.002250880846271649, 0.001837561814419065, 0.003902446460586522, 0.00649131804032715, 0.008842266053540701, 0.011337576744963709, 0.013847821453172829, 0.016241515374979285, 0.018506880743639053, 0.020753891025054552, 0.022854281545735794, 0.025177910908837288, 0.027764777035113285, 0.0302577363231247, 0.032552204835272186, 0.033962244268502154, 0.03530995724171245, 0.036795414568091225, 0.03840706162943578, 0.039993850675796264, 0.04133645030179679, 0.04211247094820217, 0.04239213751353172, 0.042192499106345205, 0.04200269786908514, 0.041897190162155235, 0.041830932940717325, 0.04166737666619139, 0.04206882264734189, 0.0426127097658282, 0.042895687146734904, 0.04300135533202284, 0.04249799814293581, 0.041897582995049115, 0.04072077112408416, 0.03927976254850985, 0.037331499513228325, 0.035889992777759706, 0.03456359233645024, 0.033243529781910974, 0.03199033675126687, 0.03059935779738079, 0.029272240636492235, 0.027900707354997015, 0.02654938414970694, 0.02543173352052397, 0.024311103096379235, 0.023065212419431085, 0.021685454855791198, 0.02041159885695607, 0.019056064221564174, 0.017656707279948437, 0.01626614648165674, 0.015012383850973622, 0.013603567963072178, 0.012189757837366814, 0.010674529938407772, 0.009407142987148039, 0.008344525906195775, 0.007439054007672372, 0.0072034584519923735, 0.007775010970036668, 0.009047582903156274, 0.010731538882415681, 0.01253460028234948, 0.014333543563369548, 0.016070624592636203, 0.017817726146123574, 0.019557256660804743, 0.02116824086555951, 0.022529303997840977, 0.023628588936546305, 0.02391411988476377, 0.02359656311707365, 0.022355277074164143, 0.020961866673625245, 0.018393580144489934, 0.015660552711922182, 0.013874328661167971, 0.01254026736778108, 0.011812131260623127, 0.010800298354986543, 0.00961805971638548, 0.008471507575266851, 0.007656757785702683, 0.006719580941926242, 0.0056999472982024405, 0.005125787188458596, 0.00504686530895439, 0.005697178935649704, 0.006245540782853768, 0.0070976650798796875, 0.007900543705723831, 0.008755370167568399, 0.009807746909975117, 0.011209592216881203, 0.01276960312030194, 0.014467251258771754, 0.015865855510978952, 0.01751794577394112, 0.01978728846519214, 0.022540086452385207, 0.024859037758439572, 0.02589623397823137, 0.02611181133516041, 0.026565850619759173, 0.0272557734372972, 0.02776644526036269, 0.02799937699621002, 0.02818388188652303, 0.02806005928616626, 0.028083982827741123, 0.02781538632605852, 0.027763976455106594, 0.028120518002563644, 0.028688559534023904, 0.029389365084960088, 0.030059907204608147, 0.03052096911154336, 0.031053468449087778, 0.03142000488428638, 0.03173833045042581, 0.031892653890475096, 0.03198060527161537, 0.031944507243272385, 0.03180892531117334, 0.03180195743523648, 0.03175983113429147, 0.03185651864929952, 0.032146459060636644, 0.032526908876218445, 0.033087790299913135, 0.03370146462957083, 0.0342847740780508, 0.0344768243549477, 0.03441738754137779, 0.034008301029805295]",0.023587486328410737,0.034074143802560075,0.013170239036103676,0.019568196519476555,0.0,0.0,0.006859436921832718,0.034074143802560075,0.013170239036103676,0.019568196519476555,3.3360000000000003,1717635304.039271,2024-06-06_10-55-04
0.5059,-0.049199999999999994,0.4516626345045376,0.4708175870363592,-0.06305543013354807,0.43323769745417573,0.5059,-0.049199999999999994,0.44450087633329954,0.4708175870363592,-0.06305543013354807,0.43323769745417573,0.023053226444370627,"[0.011315756658919754, 0.012192407496521018, 0.01288995615295488, 0.01359963525141729, 0.014321891165186378, 0.015181047888625853, 0.01592941522152252, 0.01673874496494045, 0.01751440457689525, 0.01835087734908702, 0.019202544572813795, 0.020070622325609303, 0.02095627718778323, 0.02186061264947246, 0.022737260153569413, 0.023681097053535004, 0.024646250751560458, 0.025633386418693636, 0.02659237614956749, 0.027623542314219474, 0.0286250346734827, 0.029647102596467904, 0.03056454213255984, 0.031680305841655834, 0.03263530150735364, 0.033606764937046466, 0.034593095597664145, 0.03536350794006898, 0.035930760474075646, 0.03631257033147624, 0.03661317474198803, 0.03688385713543919, 0.03738127616234113, 0.037934719347479336, 0.03858163380471939, 0.03921882339006296, 0.03999131852533767, 0.04074980907886149, 0.04127472956039594, 0.04151563832077664, 0.04151964454301027, 0.04123464219442919, 0.04096829512038153, 0.04056460486818273, 0.04028281736824196, 0.04000166841569801, 0.03919762289117317, 0.037812479337396496, 0.03622310391275238, 0.03453579653228067, 0.0330206041779641, 0.031565009966306234, 0.03054064037737075, 0.029904305612678588, 0.029394155816597912, 0.028896840658953926, 0.02825322628704274, 0.027685220830545497, 0.02666364029859006, 0.025486033827772144, 0.02414387260068274, 0.023028867611909868, 0.022681878550084772, 0.02299235797660897, 0.02387546679328945, 0.024738332374206702, 0.025547718436096926, 0.026640938816603423, 0.02759836215880636, 0.028240938725365098, 0.028199955208514017, 0.028168175430310402, 0.02767018559717724, 0.027414861073674215, 0.027239233260695786, 0.0274939869379551, 0.027874761581110984, 0.02868161073982207, 0.029514734605865275, 0.030345172291974937, 0.031248268714928727, 0.032298002681611045, 0.033509628354587276, 0.0348066615601669, 0.03569061118903811, 0.03631377821401384, 0.03654105211474412, 0.03646788532881584, 0.03572808397059345, 0.03427781350345514, 0.03309813106562172, 0.031639416134799855, 0.02970329439236902, 0.027599049067936567, 0.02603054913364457, 0.024090316372098155, 0.02220132238001286, 0.02051452966091278, 0.019044426362309692, 0.017805605247084858, 0.01643252777018217, 0.01523003850809785, 0.01424180324883461, 0.013706552220618947, 0.0130880570946912, 0.012988920737072255, 0.013178248200839212, 0.013386796436950147, 0.01359897371732897, 0.01439195864266014, 0.015495810506657983, 0.016686507754200334, 0.01807173050136072, 0.019341411872889052, 0.020370802976522343, 0.0213787239197115, 0.02262888584538598, 0.02401686851684336, 0.025523335513576738, 0.026670410326906566, 0.02758824337325398, 0.02810647098585074, 0.028219175888028712, 0.02804128716256827, 0.027840212128430745, 0.02799079668741686, 0.027988272685847155, 0.02831306909632167, 0.028434723397990712, 0.0285549391753426, 0.02832607944879636, 0.02800347501499142, 0.027460301198426997, 0.02681840364884072, 0.026203190519756815, 0.02552364346313934, 0.024940794741503684, 0.024553643852497812, 0.024009602077058226, 0.023587486328410737, 0.023053226444370627, 0.02237349941244249, 0.021247392964358097, 0.01948489409103017, 0.01759577829009665, 0.015969918059865678, 0.014849832783247986, 0.014164911869984548, 0.013546042864334782, 0.01328357500957488, 0.012905521640083246, 0.012806686101790404, 0.01256569256360443, 0.01270015008783326, 0.013333718053885597, 0.014364706842779438, 0.015230812921928084, 0.016214173123414017, 0.017422309714956504, 0.01848297873673576, 0.019690103784110968, 0.02062988015396428, 0.021304326954883004, 0.021542023987470748, 0.021445001132587415, 0.02128479356968176, 0.021154257299581803, 0.020548768777841446, 0.020419411659703072, 0.020346908766621045, 0.02018386842926173, 0.020060715556614095, 0.019970155121820186, 0.019905412966441507, 0.019860328269953802, 0.019689549628068632, 0.019110038324468673, 0.018401772510693467, 0.01773443768827515, 0.01691379473734185, 0.0163889904882787, 0.015891976533507178, 0.015695148472402557, 0.015634975895130635, 0.01548249397414641, 0.015250362203767827, 0.01446715870868431, 0.013690714184349355, 0.013111437378948002, 0.01280400987898366, 0.012789088065484542, 0.012885508256999974, 0.012645414791893052, 0.012533763320360268, 0.01300792748125149, 0.014045480441271196, 0.015593406388961941, 0.017496649938682926, 0.01947963017829757, 0.021814960986639112, 0.0244888991790445, 0.027455202671237973, 0.030462142682767764, 0.03347516022004274, 0.03632355277573078, 0.03911728575744543, 0.041489125175428104, 0.043617926344794986, 0.04507509866910146, 0.045973158335007626, 0.046666313335408376, 0.047747911364257295, 0.04910015737076979, 0.051170936172887156, 0.05323921785426519, 0.05484930583024696, 0.05598397968583077, 0.056516639752925084, 0.05678375349578094, 0.05655312215346535, 0.05709318659280136, 0.05753330561326649, 0.05822424761198231, 0.05856641837777238, 0.058663546697002605, 0.05829520111627496, 0.058019458378357286, 0.05786276302771312, 0.057678835712609886, 0.05721489013034267, 0.05620972754199197, 0.05488023496470325, 0.05291870088860013, 0.05085359195424363, 0.04836971777146554, 0.045888993393773454, 0.04332790860019442, 0.040721243397433354, 0.03815348906679705, 0.03609755066086763, 0.03431153121207709, 0.03269994312791247, 0.03113246913067769, 0.029533434333839276, 0.02779284963423818, 0.02581340528028532, 0.023636664296078556, 0.021032966406022018, 0.018298152858289164, 0.015471223173718233, 0.012975006021594128, 0.011476514573927241, 0.011190786613452559, 0.012013514795745658, 0.013192708648177051, 0.0146026096239084, 0.016627808096549106, 0.019288816219412905, 0.022115031993867204, 0.024956066779425322, 0.027947127033299147, 0.030317719296220055, 0.03213024736687776, 0.033908117916643665, 0.035613155393420214, 0.03695858371541455, 0.0370883147011733, 0.035844860180821725, 0.03331269225961453, 0.030127822662769057, 0.026675716455458534, 0.02305094507263966, 0.019294584365168215, 0.016588874620184203, 0.013459760460278334, 0.010513659470637583, 0.008184205378854309, 0.005908681970234855, 0.003908372487361734, 0.002250880846271649, 0.001837561814419065, 0.003902446460586522, 0.00649131804032715, 0.008842266053540701, 0.011337576744963709, 0.013847821453172829, 0.016241515374979285, 0.018506880743639053, 0.020753891025054552, 0.022854281545735794, 0.025177910908837288, 0.027764777035113285, 0.0302577363231247, 0.032552204835272186, 0.033962244268502154, 0.03530995724171245, 0.036795414568091225, 0.03840706162943578, 0.039993850675796264, 0.04133645030179679, 0.04211247094820217, 0.04239213751353172, 0.042192499106345205, 0.04200269786908514, 0.041897190162155235, 0.041830932940717325, 0.04166737666619139, 0.04206882264734189, 0.0426127097658282, 0.042895687146734904, 0.04300135533202284, 0.04249799814293581, 0.041897582995049115, 0.04072077112408416, 0.03927976254850985, 0.037331499513228325, 0.035889992777759706, 0.03456359233645024, 0.033243529781910974, 0.03199033675126687, 0.03059935779738079, 0.029272240636492235, 0.027900707354997015, 0.02654938414970694, 0.02543173352052397, 0.024311103096379235, 0.023065212419431085, 0.021685454855791198, 0.02041159885695607, 0.019056064221564174, 0.017656707279948437, 0.01626614648165674, 0.015012383850973622, 0.013603567963072178, 0.012189757837366814, 0.010674529938407772, 0.009407142987148039, 0.008344525906195775, 0.007439054007672372, 0.0072034584519923735, 0.007775010970036668, 0.009047582903156274, 0.010731538882415681, 0.01253460028234948, 0.014333543563369548, 0.016070624592636203, 0.017817726146123574, 0.019557256660804743, 0.02116824086555951, 0.022529303997840977, 0.023628588936546305, 0.02391411988476377, 0.02359656311707365, 0.022355277074164143, 0.020961866673625245, 0.018393580144489934, 0.015660552711922182, 0.013874328661167971, 0.01254026736778108, 0.011812131260623127, 0.010800298354986543, 0.00961805971638548, 0.008471507575266851, 0.007656757785702683, 0.006719580941926242, 0.0056999472982024405, 0.005125787188458596, 0.00504686530895439, 0.005697178935649704, 0.006245540782853768, 0.0070976650798796875, 0.007900543705723831, 0.008755370167568399, 0.009807746909975117, 0.011209592216881203, 0.01276960312030194, 0.014467251258771754, 0.015865855510978952, 0.01751794577394112, 0.01978728846519214, 0.022540086452385207, 0.024859037758439572, 0.02589623397823137, 0.02611181133516041, 0.026565850619759173, 0.0272557734372972, 0.02776644526036269, 0.02799937699621002, 0.02818388188652303, 0.02806005928616626, 0.028083982827741123, 0.02781538632605852, 0.027763976455106594, 0.028120518002563644, 0.028688559534023904, 0.029389365084960088, 0.030059907204608147, 0.03052096911154336, 0.031053468449087778, 0.03142000488428638, 0.03173833045042581, 0.031892653890475096, 0.03198060527161537, 0.031944507243272385, 0.03180892531117334, 0.03180195743523648, 0.03175983113429147, 0.03185651864929952, 0.032146459060636644, 0.032526908876218445, 0.033087790299913135, 0.03370146462957083, 0.0342847740780508, 0.0344768243549477, 0.03441738754137779, 0.034008301029805295]",0.023053226444370627,0.03508241296364084,0.013855430133548077,0.018424937050361856,0.0,0.0,0.007161758171238042,0.03508241296364084,0.013855430133548077,0.018424937050361856,3.3600000000000003,1717635304.063203,2024-06-06_10-55-04
0.5059,-0.04848000000000001,0.4512752156954842,0.4697873862770715,-0.06255355515944463,0.43388244360094347,0.5059,-0.04848000000000001,0.4438111362748408,0.4697873862770715,-0.06255355515944463,0.43388244360094347,0.02237349941244249,"[0.011315756658919754, 0.012192407496521018, 0.01288995615295488, 0.01359963525141729, 0.014321891165186378, 0.015181047888625853, 0.01592941522152252, 0.01673874496494045, 0.01751440457689525, 0.01835087734908702, 0.019202544572813795, 0.020070622325609303, 0.02095627718778323, 0.02186061264947246, 0.022737260153569413, 0.023681097053535004, 0.024646250751560458, 0.025633386418693636, 0.02659237614956749, 0.027623542314219474, 0.0286250346734827, 0.029647102596467904, 0.03056454213255984, 0.031680305841655834, 0.03263530150735364, 0.033606764937046466, 0.034593095597664145, 0.03536350794006898, 0.035930760474075646, 0.03631257033147624, 0.03661317474198803, 0.03688385713543919, 0.03738127616234113, 0.037934719347479336, 0.03858163380471939, 0.03921882339006296, 0.03999131852533767, 0.04074980907886149, 0.04127472956039594, 0.04151563832077664, 0.04151964454301027, 0.04123464219442919, 0.04096829512038153, 0.04056460486818273, 0.04028281736824196, 0.04000166841569801, 0.03919762289117317, 0.037812479337396496, 0.03622310391275238, 0.03453579653228067, 0.0330206041779641, 0.031565009966306234, 0.03054064037737075, 0.029904305612678588, 0.029394155816597912, 0.028896840658953926, 0.02825322628704274, 0.027685220830545497, 0.02666364029859006, 0.025486033827772144, 0.02414387260068274, 0.023028867611909868, 0.022681878550084772, 0.02299235797660897, 0.02387546679328945, 0.024738332374206702, 0.025547718436096926, 0.026640938816603423, 0.02759836215880636, 0.028240938725365098, 0.028199955208514017, 0.028168175430310402, 0.02767018559717724, 0.027414861073674215, 0.027239233260695786, 0.0274939869379551, 0.027874761581110984, 0.02868161073982207, 0.029514734605865275, 0.030345172291974937, 0.031248268714928727, 0.032298002681611045, 0.033509628354587276, 0.0348066615601669, 0.03569061118903811, 0.03631377821401384, 0.03654105211474412, 0.03646788532881584, 0.03572808397059345, 0.03427781350345514, 0.03309813106562172, 0.031639416134799855, 0.02970329439236902, 0.027599049067936567, 0.02603054913364457, 0.024090316372098155, 0.02220132238001286, 0.02051452966091278, 0.019044426362309692, 0.017805605247084858, 0.01643252777018217, 0.01523003850809785, 0.01424180324883461, 0.013706552220618947, 0.0130880570946912, 0.012988920737072255, 0.013178248200839212, 0.013386796436950147, 0.01359897371732897, 0.01439195864266014, 0.015495810506657983, 0.016686507754200334, 0.01807173050136072, 0.019341411872889052, 0.020370802976522343, 0.0213787239197115, 0.02262888584538598, 0.02401686851684336, 0.025523335513576738, 0.026670410326906566, 0.02758824337325398, 0.02810647098585074, 0.028219175888028712, 0.02804128716256827, 0.027840212128430745, 0.02799079668741686, 0.027988272685847155, 0.02831306909632167, 0.028434723397990712, 0.0285549391753426, 0.02832607944879636, 0.02800347501499142, 0.027460301198426997, 0.02681840364884072, 0.026203190519756815, 0.02552364346313934, 0.024940794741503684, 0.024553643852497812, 0.024009602077058226, 0.023587486328410737, 0.023053226444370627, 0.02237349941244249, 0.021247392964358097, 0.01948489409103017, 0.01759577829009665, 0.015969918059865678, 0.014849832783247986, 0.014164911869984548, 0.013546042864334782, 0.01328357500957488, 0.012905521640083246, 0.012806686101790404, 0.01256569256360443, 0.01270015008783326, 0.013333718053885597, 0.014364706842779438, 0.015230812921928084, 0.016214173123414017, 0.017422309714956504, 0.01848297873673576, 0.019690103784110968, 0.02062988015396428, 0.021304326954883004, 0.021542023987470748, 0.021445001132587415, 0.02128479356968176, 0.021154257299581803, 0.020548768777841446, 0.020419411659703072, 0.020346908766621045, 0.02018386842926173, 0.020060715556614095, 0.019970155121820186, 0.019905412966441507, 0.019860328269953802, 0.019689549628068632, 0.019110038324468673, 0.018401772510693467, 0.01773443768827515, 0.01691379473734185, 0.0163889904882787, 0.015891976533507178, 0.015695148472402557, 0.015634975895130635, 0.01548249397414641, 0.015250362203767827, 0.01446715870868431, 0.013690714184349355, 0.013111437378948002, 0.01280400987898366, 0.012789088065484542, 0.012885508256999974, 0.012645414791893052, 0.012533763320360268, 0.01300792748125149, 0.014045480441271196, 0.015593406388961941, 0.017496649938682926, 0.01947963017829757, 0.021814960986639112, 0.0244888991790445, 0.027455202671237973, 0.030462142682767764, 0.03347516022004274, 0.03632355277573078, 0.03911728575744543, 0.041489125175428104, 0.043617926344794986, 0.04507509866910146, 0.045973158335007626, 0.046666313335408376, 0.047747911364257295, 0.04910015737076979, 0.051170936172887156, 0.05323921785426519, 0.05484930583024696, 0.05598397968583077, 0.056516639752925084, 0.05678375349578094, 0.05655312215346535, 0.05709318659280136, 0.05753330561326649, 0.05822424761198231, 0.05856641837777238, 0.058663546697002605, 0.05829520111627496, 0.058019458378357286, 0.05786276302771312, 0.057678835712609886, 0.05721489013034267, 0.05620972754199197, 0.05488023496470325, 0.05291870088860013, 0.05085359195424363, 0.04836971777146554, 0.045888993393773454, 0.04332790860019442, 0.040721243397433354, 0.03815348906679705, 0.03609755066086763, 0.03431153121207709, 0.03269994312791247, 0.03113246913067769, 0.029533434333839276, 0.02779284963423818, 0.02581340528028532, 0.023636664296078556, 0.021032966406022018, 0.018298152858289164, 0.015471223173718233, 0.012975006021594128, 0.011476514573927241, 0.011190786613452559, 0.012013514795745658, 0.013192708648177051, 0.0146026096239084, 0.016627808096549106, 0.019288816219412905, 0.022115031993867204, 0.024956066779425322, 0.027947127033299147, 0.030317719296220055, 0.03213024736687776, 0.033908117916643665, 0.035613155393420214, 0.03695858371541455, 0.0370883147011733, 0.035844860180821725, 0.03331269225961453, 0.030127822662769057, 0.026675716455458534, 0.02305094507263966, 0.019294584365168215, 0.016588874620184203, 0.013459760460278334, 0.010513659470637583, 0.008184205378854309, 0.005908681970234855, 0.003908372487361734, 0.002250880846271649, 0.001837561814419065, 0.003902446460586522, 0.00649131804032715, 0.008842266053540701, 0.011337576744963709, 0.013847821453172829, 0.016241515374979285, 0.018506880743639053, 0.020753891025054552, 0.022854281545735794, 0.025177910908837288, 0.027764777035113285, 0.0302577363231247, 0.032552204835272186, 0.033962244268502154, 0.03530995724171245, 0.036795414568091225, 0.03840706162943578, 0.039993850675796264, 0.04133645030179679, 0.04211247094820217, 0.04239213751353172, 0.042192499106345205, 0.04200269786908514, 0.041897190162155235, 0.041830932940717325, 0.04166737666619139, 0.04206882264734189, 0.0426127097658282, 0.042895687146734904, 0.04300135533202284, 0.04249799814293581, 0.041897582995049115, 0.04072077112408416, 0.03927976254850985, 0.037331499513228325, 0.035889992777759706, 0.03456359233645024, 0.033243529781910974, 0.03199033675126687, 0.03059935779738079, 0.029272240636492235, 0.027900707354997015, 0.02654938414970694, 0.02543173352052397, 0.024311103096379235, 0.023065212419431085, 0.021685454855791198, 0.02041159885695607, 0.019056064221564174, 0.017656707279948437, 0.01626614648165674, 0.015012383850973622, 0.013603567963072178, 0.012189757837366814, 0.010674529938407772, 0.009407142987148039, 0.008344525906195775, 0.007439054007672372, 0.0072034584519923735, 0.007775010970036668, 0.009047582903156274, 0.010731538882415681, 0.01253460028234948, 0.014333543563369548, 0.016070624592636203, 0.017817726146123574, 0.019557256660804743, 0.02116824086555951, 0.022529303997840977, 0.023628588936546305, 0.02391411988476377, 0.02359656311707365, 0.022355277074164143, 0.020961866673625245, 0.018393580144489934, 0.015660552711922182, 0.013874328661167971, 0.01254026736778108, 0.011812131260623127, 0.010800298354986543, 0.00961805971638548, 0.008471507575266851, 0.007656757785702683, 0.006719580941926242, 0.0056999472982024405, 0.005125787188458596, 0.00504686530895439, 0.005697178935649704, 0.006245540782853768, 0.0070976650798796875, 0.007900543705723831, 0.008755370167568399, 0.009807746909975117, 0.011209592216881203, 0.01276960312030194, 0.014467251258771754, 0.015865855510978952, 0.01751794577394112, 0.01978728846519214, 0.022540086452385207, 0.024859037758439572, 0.02589623397823137, 0.02611181133516041, 0.026565850619759173, 0.0272557734372972, 0.02776644526036269, 0.02799937699621002, 0.02818388188652303, 0.02806005928616626, 0.028083982827741123, 0.02781538632605852, 0.027763976455106594, 0.028120518002563644, 0.028688559534023904, 0.029389365084960088, 0.030059907204608147, 0.03052096911154336, 0.031053468449087778, 0.03142000488428638, 0.03173833045042581, 0.031892653890475096, 0.03198060527161537, 0.031944507243272385, 0.03180892531117334, 0.03180195743523648, 0.03175983113429147, 0.03185651864929952, 0.032146459060636644, 0.032526908876218445, 0.033087790299913135, 0.03370146462957083, 0.0342847740780508, 0.0344768243549477, 0.03441738754137779, 0.034008301029805295]",0.02237349941244249,0.03611261372292851,0.014073555159444626,0.01739277209454071,0.0,0.0,0.007464079420643366,0.03611261372292851,0.014073555159444626,0.01739277209454071,3.384,1717635304.0869935,2024-06-06_10-55-04
0.5059,-0.04775999999999998,0.4507400465866308,0.4686693093650411,-0.06205364219931693,0.4350192482462233,0.5059,-0.04775999999999998,0.44298434373948364,0.4686693093650411,-0.06205364219931693,0.4350192482462233,0.021247392964358097,"[0.011315756658919754, 0.012192407496521018, 0.01288995615295488, 0.01359963525141729, 0.014321891165186378, 0.015181047888625853, 0.01592941522152252, 0.01673874496494045, 0.01751440457689525, 0.01835087734908702, 0.019202544572813795, 0.020070622325609303, 0.02095627718778323, 0.02186061264947246, 0.022737260153569413, 0.023681097053535004, 0.024646250751560458, 0.025633386418693636, 0.02659237614956749, 0.027623542314219474, 0.0286250346734827, 0.029647102596467904, 0.03056454213255984, 0.031680305841655834, 0.03263530150735364, 0.033606764937046466, 0.034593095597664145, 0.03536350794006898, 0.035930760474075646, 0.03631257033147624, 0.03661317474198803, 0.03688385713543919, 0.03738127616234113, 0.037934719347479336, 0.03858163380471939, 0.03921882339006296, 0.03999131852533767, 0.04074980907886149, 0.04127472956039594, 0.04151563832077664, 0.04151964454301027, 0.04123464219442919, 0.04096829512038153, 0.04056460486818273, 0.04028281736824196, 0.04000166841569801, 0.03919762289117317, 0.037812479337396496, 0.03622310391275238, 0.03453579653228067, 0.0330206041779641, 0.031565009966306234, 0.03054064037737075, 0.029904305612678588, 0.029394155816597912, 0.028896840658953926, 0.02825322628704274, 0.027685220830545497, 0.02666364029859006, 0.025486033827772144, 0.02414387260068274, 0.023028867611909868, 0.022681878550084772, 0.02299235797660897, 0.02387546679328945, 0.024738332374206702, 0.025547718436096926, 0.026640938816603423, 0.02759836215880636, 0.028240938725365098, 0.028199955208514017, 0.028168175430310402, 0.02767018559717724, 0.027414861073674215, 0.027239233260695786, 0.0274939869379551, 0.027874761581110984, 0.02868161073982207, 0.029514734605865275, 0.030345172291974937, 0.031248268714928727, 0.032298002681611045, 0.033509628354587276, 0.0348066615601669, 0.03569061118903811, 0.03631377821401384, 0.03654105211474412, 0.03646788532881584, 0.03572808397059345, 0.03427781350345514, 0.03309813106562172, 0.031639416134799855, 0.02970329439236902, 0.027599049067936567, 0.02603054913364457, 0.024090316372098155, 0.02220132238001286, 0.02051452966091278, 0.019044426362309692, 0.017805605247084858, 0.01643252777018217, 0.01523003850809785, 0.01424180324883461, 0.013706552220618947, 0.0130880570946912, 0.012988920737072255, 0.013178248200839212, 0.013386796436950147, 0.01359897371732897, 0.01439195864266014, 0.015495810506657983, 0.016686507754200334, 0.01807173050136072, 0.019341411872889052, 0.020370802976522343, 0.0213787239197115, 0.02262888584538598, 0.02401686851684336, 0.025523335513576738, 0.026670410326906566, 0.02758824337325398, 0.02810647098585074, 0.028219175888028712, 0.02804128716256827, 0.027840212128430745, 0.02799079668741686, 0.027988272685847155, 0.02831306909632167, 0.028434723397990712, 0.0285549391753426, 0.02832607944879636, 0.02800347501499142, 0.027460301198426997, 0.02681840364884072, 0.026203190519756815, 0.02552364346313934, 0.024940794741503684, 0.024553643852497812, 0.024009602077058226, 0.023587486328410737, 0.023053226444370627, 0.02237349941244249, 0.021247392964358097, 0.01948489409103017, 0.01759577829009665, 0.015969918059865678, 0.014849832783247986, 0.014164911869984548, 0.013546042864334782, 0.01328357500957488, 0.012905521640083246, 0.012806686101790404, 0.01256569256360443, 0.01270015008783326, 0.013333718053885597, 0.014364706842779438, 0.015230812921928084, 0.016214173123414017, 0.017422309714956504, 0.01848297873673576, 0.019690103784110968, 0.02062988015396428, 0.021304326954883004, 0.021542023987470748, 0.021445001132587415, 0.02128479356968176, 0.021154257299581803, 0.020548768777841446, 0.020419411659703072, 0.020346908766621045, 0.02018386842926173, 0.020060715556614095, 0.019970155121820186, 0.019905412966441507, 0.019860328269953802, 0.019689549628068632, 0.019110038324468673, 0.018401772510693467, 0.01773443768827515, 0.01691379473734185, 0.0163889904882787, 0.015891976533507178, 0.015695148472402557, 0.015634975895130635, 0.01548249397414641, 0.015250362203767827, 0.01446715870868431, 0.013690714184349355, 0.013111437378948002, 0.01280400987898366, 0.012789088065484542, 0.012885508256999974, 0.012645414791893052, 0.012533763320360268, 0.01300792748125149, 0.014045480441271196, 0.015593406388961941, 0.017496649938682926, 0.01947963017829757, 0.021814960986639112, 0.0244888991790445, 0.027455202671237973, 0.030462142682767764, 0.03347516022004274, 0.03632355277573078, 0.03911728575744543, 0.041489125175428104, 0.043617926344794986, 0.04507509866910146, 0.045973158335007626, 0.046666313335408376, 0.047747911364257295, 0.04910015737076979, 0.051170936172887156, 0.05323921785426519, 0.05484930583024696, 0.05598397968583077, 0.056516639752925084, 0.05678375349578094, 0.05655312215346535, 0.05709318659280136, 0.05753330561326649, 0.05822424761198231, 0.05856641837777238, 0.058663546697002605, 0.05829520111627496, 0.058019458378357286, 0.05786276302771312, 0.057678835712609886, 0.05721489013034267, 0.05620972754199197, 0.05488023496470325, 0.05291870088860013, 0.05085359195424363, 0.04836971777146554, 0.045888993393773454, 0.04332790860019442, 0.040721243397433354, 0.03815348906679705, 0.03609755066086763, 0.03431153121207709, 0.03269994312791247, 0.03113246913067769, 0.029533434333839276, 0.02779284963423818, 0.02581340528028532, 0.023636664296078556, 0.021032966406022018, 0.018298152858289164, 0.015471223173718233, 0.012975006021594128, 0.011476514573927241, 0.011190786613452559, 0.012013514795745658, 0.013192708648177051, 0.0146026096239084, 0.016627808096549106, 0.019288816219412905, 0.022115031993867204, 0.024956066779425322, 0.027947127033299147, 0.030317719296220055, 0.03213024736687776, 0.033908117916643665, 0.035613155393420214, 0.03695858371541455, 0.0370883147011733, 0.035844860180821725, 0.03331269225961453, 0.030127822662769057, 0.026675716455458534, 0.02305094507263966, 0.019294584365168215, 0.016588874620184203, 0.013459760460278334, 0.010513659470637583, 0.008184205378854309, 0.005908681970234855, 0.003908372487361734, 0.002250880846271649, 0.001837561814419065, 0.003902446460586522, 0.00649131804032715, 0.008842266053540701, 0.011337576744963709, 0.013847821453172829, 0.016241515374979285, 0.018506880743639053, 0.020753891025054552, 0.022854281545735794, 0.025177910908837288, 0.027764777035113285, 0.0302577363231247, 0.032552204835272186, 0.033962244268502154, 0.03530995724171245, 0.036795414568091225, 0.03840706162943578, 0.039993850675796264, 0.04133645030179679, 0.04211247094820217, 0.04239213751353172, 0.042192499106345205, 0.04200269786908514, 0.041897190162155235, 0.041830932940717325, 0.04166737666619139, 0.04206882264734189, 0.0426127097658282, 0.042895687146734904, 0.04300135533202284, 0.04249799814293581, 0.041897582995049115, 0.04072077112408416, 0.03927976254850985, 0.037331499513228325, 0.035889992777759706, 0.03456359233645024, 0.033243529781910974, 0.03199033675126687, 0.03059935779738079, 0.029272240636492235, 0.027900707354997015, 0.02654938414970694, 0.02543173352052397, 0.024311103096379235, 0.023065212419431085, 0.021685454855791198, 0.02041159885695607, 0.019056064221564174, 0.017656707279948437, 0.01626614648165674, 0.015012383850973622, 0.013603567963072178, 0.012189757837366814, 0.010674529938407772, 0.009407142987148039, 0.008344525906195775, 0.007439054007672372, 0.0072034584519923735, 0.007775010970036668, 0.009047582903156274, 0.010731538882415681, 0.01253460028234948, 0.014333543563369548, 0.016070624592636203, 0.017817726146123574, 0.019557256660804743, 0.02116824086555951, 0.022529303997840977, 0.023628588936546305, 0.02391411988476377, 0.02359656311707365, 0.022355277074164143, 0.020961866673625245, 0.018393580144489934, 0.015660552711922182, 0.013874328661167971, 0.01254026736778108, 0.011812131260623127, 0.010800298354986543, 0.00961805971638548, 0.008471507575266851, 0.007656757785702683, 0.006719580941926242, 0.0056999472982024405, 0.005125787188458596, 0.00504686530895439, 0.005697178935649704, 0.006245540782853768, 0.0070976650798796875, 0.007900543705723831, 0.008755370167568399, 0.009807746909975117, 0.011209592216881203, 0.01276960312030194, 0.014467251258771754, 0.015865855510978952, 0.01751794577394112, 0.01978728846519214, 0.022540086452385207, 0.024859037758439572, 0.02589623397823137, 0.02611181133516041, 0.026565850619759173, 0.0272557734372972, 0.02776644526036269, 0.02799937699621002, 0.02818388188652303, 0.02806005928616626, 0.028083982827741123, 0.02781538632605852, 0.027763976455106594, 0.028120518002563644, 0.028688559534023904, 0.029389365084960088, 0.030059907204608147, 0.03052096911154336, 0.031053468449087778, 0.03142000488428638, 0.03173833045042581, 0.031892653890475096, 0.03198060527161537, 0.031944507243272385, 0.03180892531117334, 0.03180195743523648, 0.03175983113429147, 0.03185651864929952, 0.032146459060636644, 0.032526908876218445, 0.033087790299913135, 0.03370146462957083, 0.0342847740780508, 0.0344768243549477, 0.03441738754137779, 0.034008301029805295]",0.021247392964358097,0.03723069063495893,0.014293642199316947,0.015720798340407516,0.0,0.0,0.007755702847147161,0.03723069063495893,0.014293642199316947,0.015720798340407516,3.408,1717635304.1107907,2024-06-06_10-55-04
0.5059,-0.04704,0.4500573762464317,0.46762458507320886,-0.06102221473077794,0.43648686524053815,0.5059,-0.04704,0.44203144561858365,0.46762458507320886,-0.06102221473077794,0.43648686524053815,0.01948489409103017,"[0.011315756658919754, 0.012192407496521018, 0.01288995615295488, 0.01359963525141729, 0.014321891165186378, 0.015181047888625853, 0.01592941522152252, 0.01673874496494045, 0.01751440457689525, 0.01835087734908702, 0.019202544572813795, 0.020070622325609303, 0.02095627718778323, 0.02186061264947246, 0.022737260153569413, 0.023681097053535004, 0.024646250751560458, 0.025633386418693636, 0.02659237614956749, 0.027623542314219474, 0.0286250346734827, 0.029647102596467904, 0.03056454213255984, 0.031680305841655834, 0.03263530150735364, 0.033606764937046466, 0.034593095597664145, 0.03536350794006898, 0.035930760474075646, 0.03631257033147624, 0.03661317474198803, 0.03688385713543919, 0.03738127616234113, 0.037934719347479336, 0.03858163380471939, 0.03921882339006296, 0.03999131852533767, 0.04074980907886149, 0.04127472956039594, 0.04151563832077664, 0.04151964454301027, 0.04123464219442919, 0.04096829512038153, 0.04056460486818273, 0.04028281736824196, 0.04000166841569801, 0.03919762289117317, 0.037812479337396496, 0.03622310391275238, 0.03453579653228067, 0.0330206041779641, 0.031565009966306234, 0.03054064037737075, 0.029904305612678588, 0.029394155816597912, 0.028896840658953926, 0.02825322628704274, 0.027685220830545497, 0.02666364029859006, 0.025486033827772144, 0.02414387260068274, 0.023028867611909868, 0.022681878550084772, 0.02299235797660897, 0.02387546679328945, 0.024738332374206702, 0.025547718436096926, 0.026640938816603423, 0.02759836215880636, 0.028240938725365098, 0.028199955208514017, 0.028168175430310402, 0.02767018559717724, 0.027414861073674215, 0.027239233260695786, 0.0274939869379551, 0.027874761581110984, 0.02868161073982207, 0.029514734605865275, 0.030345172291974937, 0.031248268714928727, 0.032298002681611045, 0.033509628354587276, 0.0348066615601669, 0.03569061118903811, 0.03631377821401384, 0.03654105211474412, 0.03646788532881584, 0.03572808397059345, 0.03427781350345514, 0.03309813106562172, 0.031639416134799855, 0.02970329439236902, 0.027599049067936567, 0.02603054913364457, 0.024090316372098155, 0.02220132238001286, 0.02051452966091278, 0.019044426362309692, 0.017805605247084858, 0.01643252777018217, 0.01523003850809785, 0.01424180324883461, 0.013706552220618947, 0.0130880570946912, 0.012988920737072255, 0.013178248200839212, 0.013386796436950147, 0.01359897371732897, 0.01439195864266014, 0.015495810506657983, 0.016686507754200334, 0.01807173050136072, 0.019341411872889052, 0.020370802976522343, 0.0213787239197115, 0.02262888584538598, 0.02401686851684336, 0.025523335513576738, 0.026670410326906566, 0.02758824337325398, 0.02810647098585074, 0.028219175888028712, 0.02804128716256827, 0.027840212128430745, 0.02799079668741686, 0.027988272685847155, 0.02831306909632167, 0.028434723397990712, 0.0285549391753426, 0.02832607944879636, 0.02800347501499142, 0.027460301198426997, 0.02681840364884072, 0.026203190519756815, 0.02552364346313934, 0.024940794741503684, 0.024553643852497812, 0.024009602077058226, 0.023587486328410737, 0.023053226444370627, 0.02237349941244249, 0.021247392964358097, 0.01948489409103017, 0.01759577829009665, 0.015969918059865678, 0.014849832783247986, 0.014164911869984548, 0.013546042864334782, 0.01328357500957488, 0.012905521640083246, 0.012806686101790404, 0.01256569256360443, 0.01270015008783326, 0.013333718053885597, 0.014364706842779438, 0.015230812921928084, 0.016214173123414017, 0.017422309714956504, 0.01848297873673576, 0.019690103784110968, 0.02062988015396428, 0.021304326954883004, 0.021542023987470748, 0.021445001132587415, 0.02128479356968176, 0.021154257299581803, 0.020548768777841446, 0.020419411659703072, 0.020346908766621045, 0.02018386842926173, 0.020060715556614095, 0.019970155121820186, 0.019905412966441507, 0.019860328269953802, 0.019689549628068632, 0.019110038324468673, 0.018401772510693467, 0.01773443768827515, 0.01691379473734185, 0.0163889904882787, 0.015891976533507178, 0.015695148472402557, 0.015634975895130635, 0.01548249397414641, 0.015250362203767827, 0.01446715870868431, 0.013690714184349355, 0.013111437378948002, 0.01280400987898366, 0.012789088065484542, 0.012885508256999974, 0.012645414791893052, 0.012533763320360268, 0.01300792748125149, 0.014045480441271196, 0.015593406388961941, 0.017496649938682926, 0.01947963017829757, 0.021814960986639112, 0.0244888991790445, 0.027455202671237973, 0.030462142682767764, 0.03347516022004274, 0.03632355277573078, 0.03911728575744543, 0.041489125175428104, 0.043617926344794986, 0.04507509866910146, 0.045973158335007626, 0.046666313335408376, 0.047747911364257295, 0.04910015737076979, 0.051170936172887156, 0.05323921785426519, 0.05484930583024696, 0.05598397968583077, 0.056516639752925084, 0.05678375349578094, 0.05655312215346535, 0.05709318659280136, 0.05753330561326649, 0.05822424761198231, 0.05856641837777238, 0.058663546697002605, 0.05829520111627496, 0.058019458378357286, 0.05786276302771312, 0.057678835712609886, 0.05721489013034267, 0.05620972754199197, 0.05488023496470325, 0.05291870088860013, 0.05085359195424363, 0.04836971777146554, 0.045888993393773454, 0.04332790860019442, 0.040721243397433354, 0.03815348906679705, 0.03609755066086763, 0.03431153121207709, 0.03269994312791247, 0.03113246913067769, 0.029533434333839276, 0.02779284963423818, 0.02581340528028532, 0.023636664296078556, 0.021032966406022018, 0.018298152858289164, 0.015471223173718233, 0.012975006021594128, 0.011476514573927241, 0.011190786613452559, 0.012013514795745658, 0.013192708648177051, 0.0146026096239084, 0.016627808096549106, 0.019288816219412905, 0.022115031993867204, 0.024956066779425322, 0.027947127033299147, 0.030317719296220055, 0.03213024736687776, 0.033908117916643665, 0.035613155393420214, 0.03695858371541455, 0.0370883147011733, 0.035844860180821725, 0.03331269225961453, 0.030127822662769057, 0.026675716455458534, 0.02305094507263966, 0.019294584365168215, 0.016588874620184203, 0.013459760460278334, 0.010513659470637583, 0.008184205378854309, 0.005908681970234855, 0.003908372487361734, 0.002250880846271649, 0.001837561814419065, 0.003902446460586522, 0.00649131804032715, 0.008842266053540701, 0.011337576744963709, 0.013847821453172829, 0.016241515374979285, 0.018506880743639053, 0.020753891025054552, 0.022854281545735794, 0.025177910908837288, 0.027764777035113285, 0.0302577363231247, 0.032552204835272186, 0.033962244268502154, 0.03530995724171245, 0.036795414568091225, 0.03840706162943578, 0.039993850675796264, 0.04133645030179679, 0.04211247094820217, 0.04239213751353172, 0.042192499106345205, 0.04200269786908514, 0.041897190162155235, 0.041830932940717325, 0.04166737666619139, 0.04206882264734189, 0.0426127097658282, 0.042895687146734904, 0.04300135533202284, 0.04249799814293581, 0.041897582995049115, 0.04072077112408416, 0.03927976254850985, 0.037331499513228325, 0.035889992777759706, 0.03456359233645024, 0.033243529781910974, 0.03199033675126687, 0.03059935779738079, 0.029272240636492235, 0.027900707354997015, 0.02654938414970694, 0.02543173352052397, 0.024311103096379235, 0.023065212419431085, 0.021685454855791198, 0.02041159885695607, 0.019056064221564174, 0.017656707279948437, 0.01626614648165674, 0.015012383850973622, 0.013603567963072178, 0.012189757837366814, 0.010674529938407772, 0.009407142987148039, 0.008344525906195775, 0.007439054007672372, 0.0072034584519923735, 0.007775010970036668, 0.009047582903156274, 0.010731538882415681, 0.01253460028234948, 0.014333543563369548, 0.016070624592636203, 0.017817726146123574, 0.019557256660804743, 0.02116824086555951, 0.022529303997840977, 0.023628588936546305, 0.02391411988476377, 0.02359656311707365, 0.022355277074164143, 0.020961866673625245, 0.018393580144489934, 0.015660552711922182, 0.013874328661167971, 0.01254026736778108, 0.011812131260623127, 0.010800298354986543, 0.00961805971638548, 0.008471507575266851, 0.007656757785702683, 0.006719580941926242, 0.0056999472982024405, 0.005125787188458596, 0.00504686530895439, 0.005697178935649704, 0.006245540782853768, 0.0070976650798796875, 0.007900543705723831, 0.008755370167568399, 0.009807746909975117, 0.011209592216881203, 0.01276960312030194, 0.014467251258771754, 0.015865855510978952, 0.01751794577394112, 0.01978728846519214, 0.022540086452385207, 0.024859037758439572, 0.02589623397823137, 0.02611181133516041, 0.026565850619759173, 0.0272557734372972, 0.02776644526036269, 0.02799937699621002, 0.02818388188652303, 0.02806005928616626, 0.028083982827741123, 0.02781538632605852, 0.027763976455106594, 0.028120518002563644, 0.028688559534023904, 0.029389365084960088, 0.030059907204608147, 0.03052096911154336, 0.031053468449087778, 0.03142000488428638, 0.03173833045042581, 0.031892653890475096, 0.03198060527161537, 0.031944507243272385, 0.03180892531117334, 0.03180195743523648, 0.03175983113429147, 0.03185651864929952, 0.032146459060636644, 0.032526908876218445, 0.033087790299913135, 0.03370146462957083, 0.0342847740780508, 0.0344768243549477, 0.03441738754137779, 0.034008301029805295]",0.01948489409103017,0.03827541492679115,0.013982214730777945,0.01357051100589357,0.0,0.0,0.008025930627848066,0.03827541492679115,0.013982214730777945,0.01357051100589357,3.432,1717635304.1351678,2024-06-06_10-55-04
0.5059,-0.046319999999999986,0.44922825810388983,0.46662985335477397,-0.05990182343896312,0.4380414137898275,0.5059,-0.046319999999999986,0.44093209969534086,0.46662985335477397,-0.05990182343896312,0.4380414137898275,0.01759577829009665,"[0.011315756658919754, 0.012192407496521018, 0.01288995615295488, 0.01359963525141729, 0.014321891165186378, 0.015181047888625853, 0.01592941522152252, 0.01673874496494045, 0.01751440457689525, 0.01835087734908702, 0.019202544572813795, 0.020070622325609303, 0.02095627718778323, 0.02186061264947246, 0.022737260153569413, 0.023681097053535004, 0.024646250751560458, 0.025633386418693636, 0.02659237614956749, 0.027623542314219474, 0.0286250346734827, 0.029647102596467904, 0.03056454213255984, 0.031680305841655834, 0.03263530150735364, 0.033606764937046466, 0.034593095597664145, 0.03536350794006898, 0.035930760474075646, 0.03631257033147624, 0.03661317474198803, 0.03688385713543919, 0.03738127616234113, 0.037934719347479336, 0.03858163380471939, 0.03921882339006296, 0.03999131852533767, 0.04074980907886149, 0.04127472956039594, 0.04151563832077664, 0.04151964454301027, 0.04123464219442919, 0.04096829512038153, 0.04056460486818273, 0.04028281736824196, 0.04000166841569801, 0.03919762289117317, 0.037812479337396496, 0.03622310391275238, 0.03453579653228067, 0.0330206041779641, 0.031565009966306234, 0.03054064037737075, 0.029904305612678588, 0.029394155816597912, 0.028896840658953926, 0.02825322628704274, 0.027685220830545497, 0.02666364029859006, 0.025486033827772144, 0.02414387260068274, 0.023028867611909868, 0.022681878550084772, 0.02299235797660897, 0.02387546679328945, 0.024738332374206702, 0.025547718436096926, 0.026640938816603423, 0.02759836215880636, 0.028240938725365098, 0.028199955208514017, 0.028168175430310402, 0.02767018559717724, 0.027414861073674215, 0.027239233260695786, 0.0274939869379551, 0.027874761581110984, 0.02868161073982207, 0.029514734605865275, 0.030345172291974937, 0.031248268714928727, 0.032298002681611045, 0.033509628354587276, 0.0348066615601669, 0.03569061118903811, 0.03631377821401384, 0.03654105211474412, 0.03646788532881584, 0.03572808397059345, 0.03427781350345514, 0.03309813106562172, 0.031639416134799855, 0.02970329439236902, 0.027599049067936567, 0.02603054913364457, 0.024090316372098155, 0.02220132238001286, 0.02051452966091278, 0.019044426362309692, 0.017805605247084858, 0.01643252777018217, 0.01523003850809785, 0.01424180324883461, 0.013706552220618947, 0.0130880570946912, 0.012988920737072255, 0.013178248200839212, 0.013386796436950147, 0.01359897371732897, 0.01439195864266014, 0.015495810506657983, 0.016686507754200334, 0.01807173050136072, 0.019341411872889052, 0.020370802976522343, 0.0213787239197115, 0.02262888584538598, 0.02401686851684336, 0.025523335513576738, 0.026670410326906566, 0.02758824337325398, 0.02810647098585074, 0.028219175888028712, 0.02804128716256827, 0.027840212128430745, 0.02799079668741686, 0.027988272685847155, 0.02831306909632167, 0.028434723397990712, 0.0285549391753426, 0.02832607944879636, 0.02800347501499142, 0.027460301198426997, 0.02681840364884072, 0.026203190519756815, 0.02552364346313934, 0.024940794741503684, 0.024553643852497812, 0.024009602077058226, 0.023587486328410737, 0.023053226444370627, 0.02237349941244249, 0.021247392964358097, 0.01948489409103017, 0.01759577829009665, 0.015969918059865678, 0.014849832783247986, 0.014164911869984548, 0.013546042864334782, 0.01328357500957488, 0.012905521640083246, 0.012806686101790404, 0.01256569256360443, 0.01270015008783326, 0.013333718053885597, 0.014364706842779438, 0.015230812921928084, 0.016214173123414017, 0.017422309714956504, 0.01848297873673576, 0.019690103784110968, 0.02062988015396428, 0.021304326954883004, 0.021542023987470748, 0.021445001132587415, 0.02128479356968176, 0.021154257299581803, 0.020548768777841446, 0.020419411659703072, 0.020346908766621045, 0.02018386842926173, 0.020060715556614095, 0.019970155121820186, 0.019905412966441507, 0.019860328269953802, 0.019689549628068632, 0.019110038324468673, 0.018401772510693467, 0.01773443768827515, 0.01691379473734185, 0.0163889904882787, 0.015891976533507178, 0.015695148472402557, 0.015634975895130635, 0.01548249397414641, 0.015250362203767827, 0.01446715870868431, 0.013690714184349355, 0.013111437378948002, 0.01280400987898366, 0.012789088065484542, 0.012885508256999974, 0.012645414791893052, 0.012533763320360268, 0.01300792748125149, 0.014045480441271196, 0.015593406388961941, 0.017496649938682926, 0.01947963017829757, 0.021814960986639112, 0.0244888991790445, 0.027455202671237973, 0.030462142682767764, 0.03347516022004274, 0.03632355277573078, 0.03911728575744543, 0.041489125175428104, 0.043617926344794986, 0.04507509866910146, 0.045973158335007626, 0.046666313335408376, 0.047747911364257295, 0.04910015737076979, 0.051170936172887156, 0.05323921785426519, 0.05484930583024696, 0.05598397968583077, 0.056516639752925084, 0.05678375349578094, 0.05655312215346535, 0.05709318659280136, 0.05753330561326649, 0.05822424761198231, 0.05856641837777238, 0.058663546697002605, 0.05829520111627496, 0.058019458378357286, 0.05786276302771312, 0.057678835712609886, 0.05721489013034267, 0.05620972754199197, 0.05488023496470325, 0.05291870088860013, 0.05085359195424363, 0.04836971777146554, 0.045888993393773454, 0.04332790860019442, 0.040721243397433354, 0.03815348906679705, 0.03609755066086763, 0.03431153121207709, 0.03269994312791247, 0.03113246913067769, 0.029533434333839276, 0.02779284963423818, 0.02581340528028532, 0.023636664296078556, 0.021032966406022018, 0.018298152858289164, 0.015471223173718233, 0.012975006021594128, 0.011476514573927241, 0.011190786613452559, 0.012013514795745658, 0.013192708648177051, 0.0146026096239084, 0.016627808096549106, 0.019288816219412905, 0.022115031993867204, 0.024956066779425322, 0.027947127033299147, 0.030317719296220055, 0.03213024736687776, 0.033908117916643665, 0.035613155393420214, 0.03695858371541455, 0.0370883147011733, 0.035844860180821725, 0.03331269225961453, 0.030127822662769057, 0.026675716455458534, 0.02305094507263966, 0.019294584365168215, 0.016588874620184203, 0.013459760460278334, 0.010513659470637583, 0.008184205378854309, 0.005908681970234855, 0.003908372487361734, 0.002250880846271649, 0.001837561814419065, 0.003902446460586522, 0.00649131804032715, 0.008842266053540701, 0.011337576744963709, 0.013847821453172829, 0.016241515374979285, 0.018506880743639053, 0.020753891025054552, 0.022854281545735794, 0.025177910908837288, 0.027764777035113285, 0.0302577363231247, 0.032552204835272186, 0.033962244268502154, 0.03530995724171245, 0.036795414568091225, 0.03840706162943578, 0.039993850675796264, 0.04133645030179679, 0.04211247094820217, 0.04239213751353172, 0.042192499106345205, 0.04200269786908514, 0.041897190162155235, 0.041830932940717325, 0.04166737666619139, 0.04206882264734189, 0.0426127097658282, 0.042895687146734904, 0.04300135533202284, 0.04249799814293581, 0.041897582995049115, 0.04072077112408416, 0.03927976254850985, 0.037331499513228325, 0.035889992777759706, 0.03456359233645024, 0.033243529781910974, 0.03199033675126687, 0.03059935779738079, 0.029272240636492235, 0.027900707354997015, 0.02654938414970694, 0.02543173352052397, 0.024311103096379235, 0.023065212419431085, 0.021685454855791198, 0.02041159885695607, 0.019056064221564174, 0.017656707279948437, 0.01626614648165674, 0.015012383850973622, 0.013603567963072178, 0.012189757837366814, 0.010674529938407772, 0.009407142987148039, 0.008344525906195775, 0.007439054007672372, 0.0072034584519923735, 0.007775010970036668, 0.009047582903156274, 0.010731538882415681, 0.01253460028234948, 0.014333543563369548, 0.016070624592636203, 0.017817726146123574, 0.019557256660804743, 0.02116824086555951, 0.022529303997840977, 0.023628588936546305, 0.02391411988476377, 0.02359656311707365, 0.022355277074164143, 0.020961866673625245, 0.018393580144489934, 0.015660552711922182, 0.013874328661167971, 0.01254026736778108, 0.011812131260623127, 0.010800298354986543, 0.00961805971638548, 0.008471507575266851, 0.007656757785702683, 0.006719580941926242, 0.0056999472982024405, 0.005125787188458596, 0.00504686530895439, 0.005697178935649704, 0.006245540782853768, 0.0070976650798796875, 0.007900543705723831, 0.008755370167568399, 0.009807746909975117, 0.011209592216881203, 0.01276960312030194, 0.014467251258771754, 0.015865855510978952, 0.01751794577394112, 0.01978728846519214, 0.022540086452385207, 0.024859037758439572, 0.02589623397823137, 0.02611181133516041, 0.026565850619759173, 0.0272557734372972, 0.02776644526036269, 0.02799937699621002, 0.02818388188652303, 0.02806005928616626, 0.028083982827741123, 0.02781538632605852, 0.027763976455106594, 0.028120518002563644, 0.028688559534023904, 0.029389365084960088, 0.030059907204608147, 0.03052096911154336, 0.031053468449087778, 0.03142000488428638, 0.03173833045042581, 0.031892653890475096, 0.03198060527161537, 0.031944507243272385, 0.03180892531117334, 0.03180195743523648, 0.03175983113429147, 0.03185651864929952, 0.032146459060636644, 0.032526908876218445, 0.033087790299913135, 0.03370146462957083, 0.0342847740780508, 0.0344768243549477, 0.03441738754137779, 0.034008301029805295]",0.01759577829009665,0.039270146645226045,0.013581823438963136,0.011186844314062305,0.0,0.0,0.00829615840854897,0.039270146645226045,0.013581823438963136,0.011186844314062305,3.4560000000000004,1717635304.1596727,2024-06-06_10-55-04
0.5059,-0.0456,0.4482545510765222,0.4657505192274977,-0.058866412290154956,0.4393640737110232,0.5059,-0.0456,0.4396881648872723,0.4657505192274977,-0.058866412290154956,0.4393640737110232,0.015969918059865678,"[0.011315756658919754, 0.012192407496521018, 0.01288995615295488, 0.01359963525141729, 0.014321891165186378, 0.015181047888625853, 0.01592941522152252, 0.01673874496494045, 0.01751440457689525, 0.01835087734908702, 0.019202544572813795, 0.020070622325609303, 0.02095627718778323, 0.02186061264947246, 0.022737260153569413, 0.023681097053535004, 0.024646250751560458, 0.025633386418693636, 0.02659237614956749, 0.027623542314219474, 0.0286250346734827, 0.029647102596467904, 0.03056454213255984, 0.031680305841655834, 0.03263530150735364, 0.033606764937046466, 0.034593095597664145, 0.03536350794006898, 0.035930760474075646, 0.03631257033147624, 0.03661317474198803, 0.03688385713543919, 0.03738127616234113, 0.037934719347479336, 0.03858163380471939, 0.03921882339006296, 0.03999131852533767, 0.04074980907886149, 0.04127472956039594, 0.04151563832077664, 0.04151964454301027, 0.04123464219442919, 0.04096829512038153, 0.04056460486818273, 0.04028281736824196, 0.04000166841569801, 0.03919762289117317, 0.037812479337396496, 0.03622310391275238, 0.03453579653228067, 0.0330206041779641, 0.031565009966306234, 0.03054064037737075, 0.029904305612678588, 0.029394155816597912, 0.028896840658953926, 0.02825322628704274, 0.027685220830545497, 0.02666364029859006, 0.025486033827772144, 0.02414387260068274, 0.023028867611909868, 0.022681878550084772, 0.02299235797660897, 0.02387546679328945, 0.024738332374206702, 0.025547718436096926, 0.026640938816603423, 0.02759836215880636, 0.028240938725365098, 0.028199955208514017, 0.028168175430310402, 0.02767018559717724, 0.027414861073674215, 0.027239233260695786, 0.0274939869379551, 0.027874761581110984, 0.02868161073982207, 0.029514734605865275, 0.030345172291974937, 0.031248268714928727, 0.032298002681611045, 0.033509628354587276, 0.0348066615601669, 0.03569061118903811, 0.03631377821401384, 0.03654105211474412, 0.03646788532881584, 0.03572808397059345, 0.03427781350345514, 0.03309813106562172, 0.031639416134799855, 0.02970329439236902, 0.027599049067936567, 0.02603054913364457, 0.024090316372098155, 0.02220132238001286, 0.02051452966091278, 0.019044426362309692, 0.017805605247084858, 0.01643252777018217, 0.01523003850809785, 0.01424180324883461, 0.013706552220618947, 0.0130880570946912, 0.012988920737072255, 0.013178248200839212, 0.013386796436950147, 0.01359897371732897, 0.01439195864266014, 0.015495810506657983, 0.016686507754200334, 0.01807173050136072, 0.019341411872889052, 0.020370802976522343, 0.0213787239197115, 0.02262888584538598, 0.02401686851684336, 0.025523335513576738, 0.026670410326906566, 0.02758824337325398, 0.02810647098585074, 0.028219175888028712, 0.02804128716256827, 0.027840212128430745, 0.02799079668741686, 0.027988272685847155, 0.02831306909632167, 0.028434723397990712, 0.0285549391753426, 0.02832607944879636, 0.02800347501499142, 0.027460301198426997, 0.02681840364884072, 0.026203190519756815, 0.02552364346313934, 0.024940794741503684, 0.024553643852497812, 0.024009602077058226, 0.023587486328410737, 0.023053226444370627, 0.02237349941244249, 0.021247392964358097, 0.01948489409103017, 0.01759577829009665, 0.015969918059865678, 0.014849832783247986, 0.014164911869984548, 0.013546042864334782, 0.01328357500957488, 0.012905521640083246, 0.012806686101790404, 0.01256569256360443, 0.01270015008783326, 0.013333718053885597, 0.014364706842779438, 0.015230812921928084, 0.016214173123414017, 0.017422309714956504, 0.01848297873673576, 0.019690103784110968, 0.02062988015396428, 0.021304326954883004, 0.021542023987470748, 0.021445001132587415, 0.02128479356968176, 0.021154257299581803, 0.020548768777841446, 0.020419411659703072, 0.020346908766621045, 0.02018386842926173, 0.020060715556614095, 0.019970155121820186, 0.019905412966441507, 0.019860328269953802, 0.019689549628068632, 0.019110038324468673, 0.018401772510693467, 0.01773443768827515, 0.01691379473734185, 0.0163889904882787, 0.015891976533507178, 0.015695148472402557, 0.015634975895130635, 0.01548249397414641, 0.015250362203767827, 0.01446715870868431, 0.013690714184349355, 0.013111437378948002, 0.01280400987898366, 0.012789088065484542, 0.012885508256999974, 0.012645414791893052, 0.012533763320360268, 0.01300792748125149, 0.014045480441271196, 0.015593406388961941, 0.017496649938682926, 0.01947963017829757, 0.021814960986639112, 0.0244888991790445, 0.027455202671237973, 0.030462142682767764, 0.03347516022004274, 0.03632355277573078, 0.03911728575744543, 0.041489125175428104, 0.043617926344794986, 0.04507509866910146, 0.045973158335007626, 0.046666313335408376, 0.047747911364257295, 0.04910015737076979, 0.051170936172887156, 0.05323921785426519, 0.05484930583024696, 0.05598397968583077, 0.056516639752925084, 0.05678375349578094, 0.05655312215346535, 0.05709318659280136, 0.05753330561326649, 0.05822424761198231, 0.05856641837777238, 0.058663546697002605, 0.05829520111627496, 0.058019458378357286, 0.05786276302771312, 0.057678835712609886, 0.05721489013034267, 0.05620972754199197, 0.05488023496470325, 0.05291870088860013, 0.05085359195424363, 0.04836971777146554, 0.045888993393773454, 0.04332790860019442, 0.040721243397433354, 0.03815348906679705, 0.03609755066086763, 0.03431153121207709, 0.03269994312791247, 0.03113246913067769, 0.029533434333839276, 0.02779284963423818, 0.02581340528028532, 0.023636664296078556, 0.021032966406022018, 0.018298152858289164, 0.015471223173718233, 0.012975006021594128, 0.011476514573927241, 0.011190786613452559, 0.012013514795745658, 0.013192708648177051, 0.0146026096239084, 0.016627808096549106, 0.019288816219412905, 0.022115031993867204, 0.024956066779425322, 0.027947127033299147, 0.030317719296220055, 0.03213024736687776, 0.033908117916643665, 0.035613155393420214, 0.03695858371541455, 0.0370883147011733, 0.035844860180821725, 0.03331269225961453, 0.030127822662769057, 0.026675716455458534, 0.02305094507263966, 0.019294584365168215, 0.016588874620184203, 0.013459760460278334, 0.010513659470637583, 0.008184205378854309, 0.005908681970234855, 0.003908372487361734, 0.002250880846271649, 0.001837561814419065, 0.003902446460586522, 0.00649131804032715, 0.008842266053540701, 0.011337576744963709, 0.013847821453172829, 0.016241515374979285, 0.018506880743639053, 0.020753891025054552, 0.022854281545735794, 0.025177910908837288, 0.027764777035113285, 0.0302577363231247, 0.032552204835272186, 0.033962244268502154, 0.03530995724171245, 0.036795414568091225, 0.03840706162943578, 0.039993850675796264, 0.04133645030179679, 0.04211247094820217, 0.04239213751353172, 0.042192499106345205, 0.04200269786908514, 0.041897190162155235, 0.041830932940717325, 0.04166737666619139, 0.04206882264734189, 0.0426127097658282, 0.042895687146734904, 0.04300135533202284, 0.04249799814293581, 0.041897582995049115, 0.04072077112408416, 0.03927976254850985, 0.037331499513228325, 0.035889992777759706, 0.03456359233645024, 0.033243529781910974, 0.03199033675126687, 0.03059935779738079, 0.029272240636492235, 0.027900707354997015, 0.02654938414970694, 0.02543173352052397, 0.024311103096379235, 0.023065212419431085, 0.021685454855791198, 0.02041159885695607, 0.019056064221564174, 0.017656707279948437, 0.01626614648165674, 0.015012383850973622, 0.013603567963072178, 0.012189757837366814, 0.010674529938407772, 0.009407142987148039, 0.008344525906195775, 0.007439054007672372, 0.0072034584519923735, 0.007775010970036668, 0.009047582903156274, 0.010731538882415681, 0.01253460028234948, 0.014333543563369548, 0.016070624592636203, 0.017817726146123574, 0.019557256660804743, 0.02116824086555951, 0.022529303997840977, 0.023628588936546305, 0.02391411988476377, 0.02359656311707365, 0.022355277074164143, 0.020961866673625245, 0.018393580144489934, 0.015660552711922182, 0.013874328661167971, 0.01254026736778108, 0.011812131260623127, 0.010800298354986543, 0.00961805971638548, 0.008471507575266851, 0.007656757785702683, 0.006719580941926242, 0.0056999472982024405, 0.005125787188458596, 0.00504686530895439, 0.005697178935649704, 0.006245540782853768, 0.0070976650798796875, 0.007900543705723831, 0.008755370167568399, 0.009807746909975117, 0.011209592216881203, 0.01276960312030194, 0.014467251258771754, 0.015865855510978952, 0.01751794577394112, 0.01978728846519214, 0.022540086452385207, 0.024859037758439572, 0.02589623397823137, 0.02611181133516041, 0.026565850619759173, 0.0272557734372972, 0.02776644526036269, 0.02799937699621002, 0.02818388188652303, 0.02806005928616626, 0.028083982827741123, 0.02781538632605852, 0.027763976455106594, 0.028120518002563644, 0.028688559534023904, 0.029389365084960088, 0.030059907204608147, 0.03052096911154336, 0.031053468449087778, 0.03142000488428638, 0.03173833045042581, 0.031892653890475096, 0.03198060527161537, 0.031944507243272385, 0.03180892531117334, 0.03180195743523648, 0.03175983113429147, 0.03185651864929952, 0.032146459060636644, 0.032526908876218445, 0.033087790299913135, 0.03370146462957083, 0.0342847740780508, 0.0344768243549477, 0.03441738754137779, 0.034008301029805295]",0.015969918059865678,0.0401494807725023,0.013266412290154954,0.008890477365498972,0.0,0.0,0.008566386189249875,0.0401494807725023,0.013266412290154954,0.008890477365498972,3.4799999999999995,1717635304.1827636,2024-06-06_10-55-04
0.5059,-0.04487999999999999,0.44713891643648895,0.46490830760257806,-0.05817993074977001,0.44053366278944794,0.5059,-0.04487999999999999,0.43831432442032603,0.46490830760257806,-0.05817993074977001,0.44053366278944794,0.014849832783247986,"[0.011315756658919754, 0.012192407496521018, 0.01288995615295488, 0.01359963525141729, 0.014321891165186378, 0.015181047888625853, 0.01592941522152252, 0.01673874496494045, 0.01751440457689525, 0.01835087734908702, 0.019202544572813795, 0.020070622325609303, 0.02095627718778323, 0.02186061264947246, 0.022737260153569413, 0.023681097053535004, 0.024646250751560458, 0.025633386418693636, 0.02659237614956749, 0.027623542314219474, 0.0286250346734827, 0.029647102596467904, 0.03056454213255984, 0.031680305841655834, 0.03263530150735364, 0.033606764937046466, 0.034593095597664145, 0.03536350794006898, 0.035930760474075646, 0.03631257033147624, 0.03661317474198803, 0.03688385713543919, 0.03738127616234113, 0.037934719347479336, 0.03858163380471939, 0.03921882339006296, 0.03999131852533767, 0.04074980907886149, 0.04127472956039594, 0.04151563832077664, 0.04151964454301027, 0.04123464219442919, 0.04096829512038153, 0.04056460486818273, 0.04028281736824196, 0.04000166841569801, 0.03919762289117317, 0.037812479337396496, 0.03622310391275238, 0.03453579653228067, 0.0330206041779641, 0.031565009966306234, 0.03054064037737075, 0.029904305612678588, 0.029394155816597912, 0.028896840658953926, 0.02825322628704274, 0.027685220830545497, 0.02666364029859006, 0.025486033827772144, 0.02414387260068274, 0.023028867611909868, 0.022681878550084772, 0.02299235797660897, 0.02387546679328945, 0.024738332374206702, 0.025547718436096926, 0.026640938816603423, 0.02759836215880636, 0.028240938725365098, 0.028199955208514017, 0.028168175430310402, 0.02767018559717724, 0.027414861073674215, 0.027239233260695786, 0.0274939869379551, 0.027874761581110984, 0.02868161073982207, 0.029514734605865275, 0.030345172291974937, 0.031248268714928727, 0.032298002681611045, 0.033509628354587276, 0.0348066615601669, 0.03569061118903811, 0.03631377821401384, 0.03654105211474412, 0.03646788532881584, 0.03572808397059345, 0.03427781350345514, 0.03309813106562172, 0.031639416134799855, 0.02970329439236902, 0.027599049067936567, 0.02603054913364457, 0.024090316372098155, 0.02220132238001286, 0.02051452966091278, 0.019044426362309692, 0.017805605247084858, 0.01643252777018217, 0.01523003850809785, 0.01424180324883461, 0.013706552220618947, 0.0130880570946912, 0.012988920737072255, 0.013178248200839212, 0.013386796436950147, 0.01359897371732897, 0.01439195864266014, 0.015495810506657983, 0.016686507754200334, 0.01807173050136072, 0.019341411872889052, 0.020370802976522343, 0.0213787239197115, 0.02262888584538598, 0.02401686851684336, 0.025523335513576738, 0.026670410326906566, 0.02758824337325398, 0.02810647098585074, 0.028219175888028712, 0.02804128716256827, 0.027840212128430745, 0.02799079668741686, 0.027988272685847155, 0.02831306909632167, 0.028434723397990712, 0.0285549391753426, 0.02832607944879636, 0.02800347501499142, 0.027460301198426997, 0.02681840364884072, 0.026203190519756815, 0.02552364346313934, 0.024940794741503684, 0.024553643852497812, 0.024009602077058226, 0.023587486328410737, 0.023053226444370627, 0.02237349941244249, 0.021247392964358097, 0.01948489409103017, 0.01759577829009665, 0.015969918059865678, 0.014849832783247986, 0.014164911869984548, 0.013546042864334782, 0.01328357500957488, 0.012905521640083246, 0.012806686101790404, 0.01256569256360443, 0.01270015008783326, 0.013333718053885597, 0.014364706842779438, 0.015230812921928084, 0.016214173123414017, 0.017422309714956504, 0.01848297873673576, 0.019690103784110968, 0.02062988015396428, 0.021304326954883004, 0.021542023987470748, 0.021445001132587415, 0.02128479356968176, 0.021154257299581803, 0.020548768777841446, 0.020419411659703072, 0.020346908766621045, 0.02018386842926173, 0.020060715556614095, 0.019970155121820186, 0.019905412966441507, 0.019860328269953802, 0.019689549628068632, 0.019110038324468673, 0.018401772510693467, 0.01773443768827515, 0.01691379473734185, 0.0163889904882787, 0.015891976533507178, 0.015695148472402557, 0.015634975895130635, 0.01548249397414641, 0.015250362203767827, 0.01446715870868431, 0.013690714184349355, 0.013111437378948002, 0.01280400987898366, 0.012789088065484542, 0.012885508256999974, 0.012645414791893052, 0.012533763320360268, 0.01300792748125149, 0.014045480441271196, 0.015593406388961941, 0.017496649938682926, 0.01947963017829757, 0.021814960986639112, 0.0244888991790445, 0.027455202671237973, 0.030462142682767764, 0.03347516022004274, 0.03632355277573078, 0.03911728575744543, 0.041489125175428104, 0.043617926344794986, 0.04507509866910146, 0.045973158335007626, 0.046666313335408376, 0.047747911364257295, 0.04910015737076979, 0.051170936172887156, 0.05323921785426519, 0.05484930583024696, 0.05598397968583077, 0.056516639752925084, 0.05678375349578094, 0.05655312215346535, 0.05709318659280136, 0.05753330561326649, 0.05822424761198231, 0.05856641837777238, 0.058663546697002605, 0.05829520111627496, 0.058019458378357286, 0.05786276302771312, 0.057678835712609886, 0.05721489013034267, 0.05620972754199197, 0.05488023496470325, 0.05291870088860013, 0.05085359195424363, 0.04836971777146554, 0.045888993393773454, 0.04332790860019442, 0.040721243397433354, 0.03815348906679705, 0.03609755066086763, 0.03431153121207709, 0.03269994312791247, 0.03113246913067769, 0.029533434333839276, 0.02779284963423818, 0.02581340528028532, 0.023636664296078556, 0.021032966406022018, 0.018298152858289164, 0.015471223173718233, 0.012975006021594128, 0.011476514573927241, 0.011190786613452559, 0.012013514795745658, 0.013192708648177051, 0.0146026096239084, 0.016627808096549106, 0.019288816219412905, 0.022115031993867204, 0.024956066779425322, 0.027947127033299147, 0.030317719296220055, 0.03213024736687776, 0.033908117916643665, 0.035613155393420214, 0.03695858371541455, 0.0370883147011733, 0.035844860180821725, 0.03331269225961453, 0.030127822662769057, 0.026675716455458534, 0.02305094507263966, 0.019294584365168215, 0.016588874620184203, 0.013459760460278334, 0.010513659470637583, 0.008184205378854309, 0.005908681970234855, 0.003908372487361734, 0.002250880846271649, 0.001837561814419065, 0.003902446460586522, 0.00649131804032715, 0.008842266053540701, 0.011337576744963709, 0.013847821453172829, 0.016241515374979285, 0.018506880743639053, 0.020753891025054552, 0.022854281545735794, 0.025177910908837288, 0.027764777035113285, 0.0302577363231247, 0.032552204835272186, 0.033962244268502154, 0.03530995724171245, 0.036795414568091225, 0.03840706162943578, 0.039993850675796264, 0.04133645030179679, 0.04211247094820217, 0.04239213751353172, 0.042192499106345205, 0.04200269786908514, 0.041897190162155235, 0.041830932940717325, 0.04166737666619139, 0.04206882264734189, 0.0426127097658282, 0.042895687146734904, 0.04300135533202284, 0.04249799814293581, 0.041897582995049115, 0.04072077112408416, 0.03927976254850985, 0.037331499513228325, 0.035889992777759706, 0.03456359233645024, 0.033243529781910974, 0.03199033675126687, 0.03059935779738079, 0.029272240636492235, 0.027900707354997015, 0.02654938414970694, 0.02543173352052397, 0.024311103096379235, 0.023065212419431085, 0.021685454855791198, 0.02041159885695607, 0.019056064221564174, 0.017656707279948437, 0.01626614648165674, 0.015012383850973622, 0.013603567963072178, 0.012189757837366814, 0.010674529938407772, 0.009407142987148039, 0.008344525906195775, 0.007439054007672372, 0.0072034584519923735, 0.007775010970036668, 0.009047582903156274, 0.010731538882415681, 0.01253460028234948, 0.014333543563369548, 0.016070624592636203, 0.017817726146123574, 0.019557256660804743, 0.02116824086555951, 0.022529303997840977, 0.023628588936546305, 0.02391411988476377, 0.02359656311707365, 0.022355277074164143, 0.020961866673625245, 0.018393580144489934, 0.015660552711922182, 0.013874328661167971, 0.01254026736778108, 0.011812131260623127, 0.010800298354986543, 0.00961805971638548, 0.008471507575266851, 0.007656757785702683, 0.006719580941926242, 0.0056999472982024405, 0.005125787188458596, 0.00504686530895439, 0.005697178935649704, 0.006245540782853768, 0.0070976650798796875, 0.007900543705723831, 0.008755370167568399, 0.009807746909975117, 0.011209592216881203, 0.01276960312030194, 0.014467251258771754, 0.015865855510978952, 0.01751794577394112, 0.01978728846519214, 0.022540086452385207, 0.024859037758439572, 0.02589623397823137, 0.02611181133516041, 0.026565850619759173, 0.0272557734372972, 0.02776644526036269, 0.02799937699621002, 0.02818388188652303, 0.02806005928616626, 0.028083982827741123, 0.02781538632605852, 0.027763976455106594, 0.028120518002563644, 0.028688559534023904, 0.029389365084960088, 0.030059907204608147, 0.03052096911154336, 0.031053468449087778, 0.03142000488428638, 0.03173833045042581, 0.031892653890475096, 0.03198060527161537, 0.031944507243272385, 0.03180892531117334, 0.03180195743523648, 0.03175983113429147, 0.03185651864929952, 0.032146459060636644, 0.032526908876218445, 0.033087790299913135, 0.03370146462957083, 0.0342847740780508, 0.0344768243549477, 0.03441738754137779, 0.034008301029805295]",0.014849832783247986,0.04099169239742195,0.013299930749770018,0.0066052536470410095,0.0,0.0,0.008824592016162924,0.04099169239742195,0.013299930749770018,0.0066052536470410095,3.504,1717635304.206808,2024-06-06_10-55-04
0.5059,-0.04415999999999999,0.4458848104083537,0.46433611657982143,-0.057486065636100966,0.4410826543356341,0.5059,-0.04415999999999999,0.436862122334217,0.46433611657982143,-0.057486065636100966,0.4410826543356341,0.014164911869984548,"[0.011315756658919754, 0.012192407496521018, 0.01288995615295488, 0.01359963525141729, 0.014321891165186378, 0.015181047888625853, 0.01592941522152252, 0.01673874496494045, 0.01751440457689525, 0.01835087734908702, 0.019202544572813795, 0.020070622325609303, 0.02095627718778323, 0.02186061264947246, 0.022737260153569413, 0.023681097053535004, 0.024646250751560458, 0.025633386418693636, 0.02659237614956749, 0.027623542314219474, 0.0286250346734827, 0.029647102596467904, 0.03056454213255984, 0.031680305841655834, 0.03263530150735364, 0.033606764937046466, 0.034593095597664145, 0.03536350794006898, 0.035930760474075646, 0.03631257033147624, 0.03661317474198803, 0.03688385713543919, 0.03738127616234113, 0.037934719347479336, 0.03858163380471939, 0.03921882339006296, 0.03999131852533767, 0.04074980907886149, 0.04127472956039594, 0.04151563832077664, 0.04151964454301027, 0.04123464219442919, 0.04096829512038153, 0.04056460486818273, 0.04028281736824196, 0.04000166841569801, 0.03919762289117317, 0.037812479337396496, 0.03622310391275238, 0.03453579653228067, 0.0330206041779641, 0.031565009966306234, 0.03054064037737075, 0.029904305612678588, 0.029394155816597912, 0.028896840658953926, 0.02825322628704274, 0.027685220830545497, 0.02666364029859006, 0.025486033827772144, 0.02414387260068274, 0.023028867611909868, 0.022681878550084772, 0.02299235797660897, 0.02387546679328945, 0.024738332374206702, 0.025547718436096926, 0.026640938816603423, 0.02759836215880636, 0.028240938725365098, 0.028199955208514017, 0.028168175430310402, 0.02767018559717724, 0.027414861073674215, 0.027239233260695786, 0.0274939869379551, 0.027874761581110984, 0.02868161073982207, 0.029514734605865275, 0.030345172291974937, 0.031248268714928727, 0.032298002681611045, 0.033509628354587276, 0.0348066615601669, 0.03569061118903811, 0.03631377821401384, 0.03654105211474412, 0.03646788532881584, 0.03572808397059345, 0.03427781350345514, 0.03309813106562172, 0.031639416134799855, 0.02970329439236902, 0.027599049067936567, 0.02603054913364457, 0.024090316372098155, 0.02220132238001286, 0.02051452966091278, 0.019044426362309692, 0.017805605247084858, 0.01643252777018217, 0.01523003850809785, 0.01424180324883461, 0.013706552220618947, 0.0130880570946912, 0.012988920737072255, 0.013178248200839212, 0.013386796436950147, 0.01359897371732897, 0.01439195864266014, 0.015495810506657983, 0.016686507754200334, 0.01807173050136072, 0.019341411872889052, 0.020370802976522343, 0.0213787239197115, 0.02262888584538598, 0.02401686851684336, 0.025523335513576738, 0.026670410326906566, 0.02758824337325398, 0.02810647098585074, 0.028219175888028712, 0.02804128716256827, 0.027840212128430745, 0.02799079668741686, 0.027988272685847155, 0.02831306909632167, 0.028434723397990712, 0.0285549391753426, 0.02832607944879636, 0.02800347501499142, 0.027460301198426997, 0.02681840364884072, 0.026203190519756815, 0.02552364346313934, 0.024940794741503684, 0.024553643852497812, 0.024009602077058226, 0.023587486328410737, 0.023053226444370627, 0.02237349941244249, 0.021247392964358097, 0.01948489409103017, 0.01759577829009665, 0.015969918059865678, 0.014849832783247986, 0.014164911869984548, 0.013546042864334782, 0.01328357500957488, 0.012905521640083246, 0.012806686101790404, 0.01256569256360443, 0.01270015008783326, 0.013333718053885597, 0.014364706842779438, 0.015230812921928084, 0.016214173123414017, 0.017422309714956504, 0.01848297873673576, 0.019690103784110968, 0.02062988015396428, 0.021304326954883004, 0.021542023987470748, 0.021445001132587415, 0.02128479356968176, 0.021154257299581803, 0.020548768777841446, 0.020419411659703072, 0.020346908766621045, 0.02018386842926173, 0.020060715556614095, 0.019970155121820186, 0.019905412966441507, 0.019860328269953802, 0.019689549628068632, 0.019110038324468673, 0.018401772510693467, 0.01773443768827515, 0.01691379473734185, 0.0163889904882787, 0.015891976533507178, 0.015695148472402557, 0.015634975895130635, 0.01548249397414641, 0.015250362203767827, 0.01446715870868431, 0.013690714184349355, 0.013111437378948002, 0.01280400987898366, 0.012789088065484542, 0.012885508256999974, 0.012645414791893052, 0.012533763320360268, 0.01300792748125149, 0.014045480441271196, 0.015593406388961941, 0.017496649938682926, 0.01947963017829757, 0.021814960986639112, 0.0244888991790445, 0.027455202671237973, 0.030462142682767764, 0.03347516022004274, 0.03632355277573078, 0.03911728575744543, 0.041489125175428104, 0.043617926344794986, 0.04507509866910146, 0.045973158335007626, 0.046666313335408376, 0.047747911364257295, 0.04910015737076979, 0.051170936172887156, 0.05323921785426519, 0.05484930583024696, 0.05598397968583077, 0.056516639752925084, 0.05678375349578094, 0.05655312215346535, 0.05709318659280136, 0.05753330561326649, 0.05822424761198231, 0.05856641837777238, 0.058663546697002605, 0.05829520111627496, 0.058019458378357286, 0.05786276302771312, 0.057678835712609886, 0.05721489013034267, 0.05620972754199197, 0.05488023496470325, 0.05291870088860013, 0.05085359195424363, 0.04836971777146554, 0.045888993393773454, 0.04332790860019442, 0.040721243397433354, 0.03815348906679705, 0.03609755066086763, 0.03431153121207709, 0.03269994312791247, 0.03113246913067769, 0.029533434333839276, 0.02779284963423818, 0.02581340528028532, 0.023636664296078556, 0.021032966406022018, 0.018298152858289164, 0.015471223173718233, 0.012975006021594128, 0.011476514573927241, 0.011190786613452559, 0.012013514795745658, 0.013192708648177051, 0.0146026096239084, 0.016627808096549106, 0.019288816219412905, 0.022115031993867204, 0.024956066779425322, 0.027947127033299147, 0.030317719296220055, 0.03213024736687776, 0.033908117916643665, 0.035613155393420214, 0.03695858371541455, 0.0370883147011733, 0.035844860180821725, 0.03331269225961453, 0.030127822662769057, 0.026675716455458534, 0.02305094507263966, 0.019294584365168215, 0.016588874620184203, 0.013459760460278334, 0.010513659470637583, 0.008184205378854309, 0.005908681970234855, 0.003908372487361734, 0.002250880846271649, 0.001837561814419065, 0.003902446460586522, 0.00649131804032715, 0.008842266053540701, 0.011337576744963709, 0.013847821453172829, 0.016241515374979285, 0.018506880743639053, 0.020753891025054552, 0.022854281545735794, 0.025177910908837288, 0.027764777035113285, 0.0302577363231247, 0.032552204835272186, 0.033962244268502154, 0.03530995724171245, 0.036795414568091225, 0.03840706162943578, 0.039993850675796264, 0.04133645030179679, 0.04211247094820217, 0.04239213751353172, 0.042192499106345205, 0.04200269786908514, 0.041897190162155235, 0.041830932940717325, 0.04166737666619139, 0.04206882264734189, 0.0426127097658282, 0.042895687146734904, 0.04300135533202284, 0.04249799814293581, 0.041897582995049115, 0.04072077112408416, 0.03927976254850985, 0.037331499513228325, 0.035889992777759706, 0.03456359233645024, 0.033243529781910974, 0.03199033675126687, 0.03059935779738079, 0.029272240636492235, 0.027900707354997015, 0.02654938414970694, 0.02543173352052397, 0.024311103096379235, 0.023065212419431085, 0.021685454855791198, 0.02041159885695607, 0.019056064221564174, 0.017656707279948437, 0.01626614648165674, 0.015012383850973622, 0.013603567963072178, 0.012189757837366814, 0.010674529938407772, 0.009407142987148039, 0.008344525906195775, 0.007439054007672372, 0.0072034584519923735, 0.007775010970036668, 0.009047582903156274, 0.010731538882415681, 0.01253460028234948, 0.014333543563369548, 0.016070624592636203, 0.017817726146123574, 0.019557256660804743, 0.02116824086555951, 0.022529303997840977, 0.023628588936546305, 0.02391411988476377, 0.02359656311707365, 0.022355277074164143, 0.020961866673625245, 0.018393580144489934, 0.015660552711922182, 0.013874328661167971, 0.01254026736778108, 0.011812131260623127, 0.010800298354986543, 0.00961805971638548, 0.008471507575266851, 0.007656757785702683, 0.006719580941926242, 0.0056999472982024405, 0.005125787188458596, 0.00504686530895439, 0.005697178935649704, 0.006245540782853768, 0.0070976650798796875, 0.007900543705723831, 0.008755370167568399, 0.009807746909975117, 0.011209592216881203, 0.01276960312030194, 0.014467251258771754, 0.015865855510978952, 0.01751794577394112, 0.01978728846519214, 0.022540086452385207, 0.024859037758439572, 0.02589623397823137, 0.02611181133516041, 0.026565850619759173, 0.0272557734372972, 0.02776644526036269, 0.02799937699621002, 0.02818388188652303, 0.02806005928616626, 0.028083982827741123, 0.02781538632605852, 0.027763976455106594, 0.028120518002563644, 0.028688559534023904, 0.029389365084960088, 0.030059907204608147, 0.03052096911154336, 0.031053468449087778, 0.03142000488428638, 0.03173833045042581, 0.031892653890475096, 0.03198060527161537, 0.031944507243272385, 0.03180892531117334, 0.03180195743523648, 0.03175983113429147, 0.03185651864929952, 0.032146459060636644, 0.032526908876218445, 0.033087790299913135, 0.03370146462957083, 0.0342847740780508, 0.0344768243549477, 0.03441738754137779, 0.034008301029805295]",0.014164911869984548,0.04156388342017858,0.013326065636100975,0.00480215607271961,0.0,0.0,0.009022688074136698,0.04156388342017858,0.013326065636100975,0.00480215607271961,3.528,1717635304.2313886,2024-06-06_10-55-04
0.5059,-0.04343999999999999,0.44449647251493407,0.4639166501034046,-0.05664203666781405,0.4414630742383986,0.5059,-0.04343999999999999,0.4352756883828236,0.4639166501034046,-0.05664203666781405,0.4414630742383986,0.013546042864334782,"[0.011315756658919754, 0.012192407496521018, 0.01288995615295488, 0.01359963525141729, 0.014321891165186378, 0.015181047888625853, 0.01592941522152252, 0.01673874496494045, 0.01751440457689525, 0.01835087734908702, 0.019202544572813795, 0.020070622325609303, 0.02095627718778323, 0.02186061264947246, 0.022737260153569413, 0.023681097053535004, 0.024646250751560458, 0.025633386418693636, 0.02659237614956749, 0.027623542314219474, 0.0286250346734827, 0.029647102596467904, 0.03056454213255984, 0.031680305841655834, 0.03263530150735364, 0.033606764937046466, 0.034593095597664145, 0.03536350794006898, 0.035930760474075646, 0.03631257033147624, 0.03661317474198803, 0.03688385713543919, 0.03738127616234113, 0.037934719347479336, 0.03858163380471939, 0.03921882339006296, 0.03999131852533767, 0.04074980907886149, 0.04127472956039594, 0.04151563832077664, 0.04151964454301027, 0.04123464219442919, 0.04096829512038153, 0.04056460486818273, 0.04028281736824196, 0.04000166841569801, 0.03919762289117317, 0.037812479337396496, 0.03622310391275238, 0.03453579653228067, 0.0330206041779641, 0.031565009966306234, 0.03054064037737075, 0.029904305612678588, 0.029394155816597912, 0.028896840658953926, 0.02825322628704274, 0.027685220830545497, 0.02666364029859006, 0.025486033827772144, 0.02414387260068274, 0.023028867611909868, 0.022681878550084772, 0.02299235797660897, 0.02387546679328945, 0.024738332374206702, 0.025547718436096926, 0.026640938816603423, 0.02759836215880636, 0.028240938725365098, 0.028199955208514017, 0.028168175430310402, 0.02767018559717724, 0.027414861073674215, 0.027239233260695786, 0.0274939869379551, 0.027874761581110984, 0.02868161073982207, 0.029514734605865275, 0.030345172291974937, 0.031248268714928727, 0.032298002681611045, 0.033509628354587276, 0.0348066615601669, 0.03569061118903811, 0.03631377821401384, 0.03654105211474412, 0.03646788532881584, 0.03572808397059345, 0.03427781350345514, 0.03309813106562172, 0.031639416134799855, 0.02970329439236902, 0.027599049067936567, 0.02603054913364457, 0.024090316372098155, 0.02220132238001286, 0.02051452966091278, 0.019044426362309692, 0.017805605247084858, 0.01643252777018217, 0.01523003850809785, 0.01424180324883461, 0.013706552220618947, 0.0130880570946912, 0.012988920737072255, 0.013178248200839212, 0.013386796436950147, 0.01359897371732897, 0.01439195864266014, 0.015495810506657983, 0.016686507754200334, 0.01807173050136072, 0.019341411872889052, 0.020370802976522343, 0.0213787239197115, 0.02262888584538598, 0.02401686851684336, 0.025523335513576738, 0.026670410326906566, 0.02758824337325398, 0.02810647098585074, 0.028219175888028712, 0.02804128716256827, 0.027840212128430745, 0.02799079668741686, 0.027988272685847155, 0.02831306909632167, 0.028434723397990712, 0.0285549391753426, 0.02832607944879636, 0.02800347501499142, 0.027460301198426997, 0.02681840364884072, 0.026203190519756815, 0.02552364346313934, 0.024940794741503684, 0.024553643852497812, 0.024009602077058226, 0.023587486328410737, 0.023053226444370627, 0.02237349941244249, 0.021247392964358097, 0.01948489409103017, 0.01759577829009665, 0.015969918059865678, 0.014849832783247986, 0.014164911869984548, 0.013546042864334782, 0.01328357500957488, 0.012905521640083246, 0.012806686101790404, 0.01256569256360443, 0.01270015008783326, 0.013333718053885597, 0.014364706842779438, 0.015230812921928084, 0.016214173123414017, 0.017422309714956504, 0.01848297873673576, 0.019690103784110968, 0.02062988015396428, 0.021304326954883004, 0.021542023987470748, 0.021445001132587415, 0.02128479356968176, 0.021154257299581803, 0.020548768777841446, 0.020419411659703072, 0.020346908766621045, 0.02018386842926173, 0.020060715556614095, 0.019970155121820186, 0.019905412966441507, 0.019860328269953802, 0.019689549628068632, 0.019110038324468673, 0.018401772510693467, 0.01773443768827515, 0.01691379473734185, 0.0163889904882787, 0.015891976533507178, 0.015695148472402557, 0.015634975895130635, 0.01548249397414641, 0.015250362203767827, 0.01446715870868431, 0.013690714184349355, 0.013111437378948002, 0.01280400987898366, 0.012789088065484542, 0.012885508256999974, 0.012645414791893052, 0.012533763320360268, 0.01300792748125149, 0.014045480441271196, 0.015593406388961941, 0.017496649938682926, 0.01947963017829757, 0.021814960986639112, 0.0244888991790445, 0.027455202671237973, 0.030462142682767764, 0.03347516022004274, 0.03632355277573078, 0.03911728575744543, 0.041489125175428104, 0.043617926344794986, 0.04507509866910146, 0.045973158335007626, 0.046666313335408376, 0.047747911364257295, 0.04910015737076979, 0.051170936172887156, 0.05323921785426519, 0.05484930583024696, 0.05598397968583077, 0.056516639752925084, 0.05678375349578094, 0.05655312215346535, 0.05709318659280136, 0.05753330561326649, 0.05822424761198231, 0.05856641837777238, 0.058663546697002605, 0.05829520111627496, 0.058019458378357286, 0.05786276302771312, 0.057678835712609886, 0.05721489013034267, 0.05620972754199197, 0.05488023496470325, 0.05291870088860013, 0.05085359195424363, 0.04836971777146554, 0.045888993393773454, 0.04332790860019442, 0.040721243397433354, 0.03815348906679705, 0.03609755066086763, 0.03431153121207709, 0.03269994312791247, 0.03113246913067769, 0.029533434333839276, 0.02779284963423818, 0.02581340528028532, 0.023636664296078556, 0.021032966406022018, 0.018298152858289164, 0.015471223173718233, 0.012975006021594128, 0.011476514573927241, 0.011190786613452559, 0.012013514795745658, 0.013192708648177051, 0.0146026096239084, 0.016627808096549106, 0.019288816219412905, 0.022115031993867204, 0.024956066779425322, 0.027947127033299147, 0.030317719296220055, 0.03213024736687776, 0.033908117916643665, 0.035613155393420214, 0.03695858371541455, 0.0370883147011733, 0.035844860180821725, 0.03331269225961453, 0.030127822662769057, 0.026675716455458534, 0.02305094507263966, 0.019294584365168215, 0.016588874620184203, 0.013459760460278334, 0.010513659470637583, 0.008184205378854309, 0.005908681970234855, 0.003908372487361734, 0.002250880846271649, 0.001837561814419065, 0.003902446460586522, 0.00649131804032715, 0.008842266053540701, 0.011337576744963709, 0.013847821453172829, 0.016241515374979285, 0.018506880743639053, 0.020753891025054552, 0.022854281545735794, 0.025177910908837288, 0.027764777035113285, 0.0302577363231247, 0.032552204835272186, 0.033962244268502154, 0.03530995724171245, 0.036795414568091225, 0.03840706162943578, 0.039993850675796264, 0.04133645030179679, 0.04211247094820217, 0.04239213751353172, 0.042192499106345205, 0.04200269786908514, 0.041897190162155235, 0.041830932940717325, 0.04166737666619139, 0.04206882264734189, 0.0426127097658282, 0.042895687146734904, 0.04300135533202284, 0.04249799814293581, 0.041897582995049115, 0.04072077112408416, 0.03927976254850985, 0.037331499513228325, 0.035889992777759706, 0.03456359233645024, 0.033243529781910974, 0.03199033675126687, 0.03059935779738079, 0.029272240636492235, 0.027900707354997015, 0.02654938414970694, 0.02543173352052397, 0.024311103096379235, 0.023065212419431085, 0.021685454855791198, 0.02041159885695607, 0.019056064221564174, 0.017656707279948437, 0.01626614648165674, 0.015012383850973622, 0.013603567963072178, 0.012189757837366814, 0.010674529938407772, 0.009407142987148039, 0.008344525906195775, 0.007439054007672372, 0.0072034584519923735, 0.007775010970036668, 0.009047582903156274, 0.010731538882415681, 0.01253460028234948, 0.014333543563369548, 0.016070624592636203, 0.017817726146123574, 0.019557256660804743, 0.02116824086555951, 0.022529303997840977, 0.023628588936546305, 0.02391411988476377, 0.02359656311707365, 0.022355277074164143, 0.020961866673625245, 0.018393580144489934, 0.015660552711922182, 0.013874328661167971, 0.01254026736778108, 0.011812131260623127, 0.010800298354986543, 0.00961805971638548, 0.008471507575266851, 0.007656757785702683, 0.006719580941926242, 0.0056999472982024405, 0.005125787188458596, 0.00504686530895439, 0.005697178935649704, 0.006245540782853768, 0.0070976650798796875, 0.007900543705723831, 0.008755370167568399, 0.009807746909975117, 0.011209592216881203, 0.01276960312030194, 0.014467251258771754, 0.015865855510978952, 0.01751794577394112, 0.01978728846519214, 0.022540086452385207, 0.024859037758439572, 0.02589623397823137, 0.02611181133516041, 0.026565850619759173, 0.0272557734372972, 0.02776644526036269, 0.02799937699621002, 0.02818388188652303, 0.02806005928616626, 0.028083982827741123, 0.02781538632605852, 0.027763976455106594, 0.028120518002563644, 0.028688559534023904, 0.029389365084960088, 0.030059907204608147, 0.03052096911154336, 0.031053468449087778, 0.03142000488428638, 0.03173833045042581, 0.031892653890475096, 0.03198060527161537, 0.031944507243272385, 0.03180892531117334, 0.03180195743523648, 0.03175983113429147, 0.03185651864929952, 0.032146459060636644, 0.032526908876218445, 0.033087790299913135, 0.03370146462957083, 0.0342847740780508, 0.0344768243549477, 0.03441738754137779, 0.034008301029805295]",0.013546042864334782,0.04198334989659541,0.013202036667814054,0.0030333982765354817,0.0,0.0,0.009220784132110471,0.04198334989659541,0.013202036667814054,0.0030333982765354817,3.552,1717635304.2558432,2024-06-06_10-55-04
0.5059,-0.04272000000000001,0.4429789097106981,0.46353589426014535,-0.055892161284380425,0.4412620718810613,0.5059,-0.04272000000000001,0.43356002952061384,0.46353589426014535,-0.055892161284380425,0.4412620718810613,0.01328357500957488,"[0.011315756658919754, 0.012192407496521018, 0.01288995615295488, 0.01359963525141729, 0.014321891165186378, 0.015181047888625853, 0.01592941522152252, 0.01673874496494045, 0.01751440457689525, 0.01835087734908702, 0.019202544572813795, 0.020070622325609303, 0.02095627718778323, 0.02186061264947246, 0.022737260153569413, 0.023681097053535004, 0.024646250751560458, 0.025633386418693636, 0.02659237614956749, 0.027623542314219474, 0.0286250346734827, 0.029647102596467904, 0.03056454213255984, 0.031680305841655834, 0.03263530150735364, 0.033606764937046466, 0.034593095597664145, 0.03536350794006898, 0.035930760474075646, 0.03631257033147624, 0.03661317474198803, 0.03688385713543919, 0.03738127616234113, 0.037934719347479336, 0.03858163380471939, 0.03921882339006296, 0.03999131852533767, 0.04074980907886149, 0.04127472956039594, 0.04151563832077664, 0.04151964454301027, 0.04123464219442919, 0.04096829512038153, 0.04056460486818273, 0.04028281736824196, 0.04000166841569801, 0.03919762289117317, 0.037812479337396496, 0.03622310391275238, 0.03453579653228067, 0.0330206041779641, 0.031565009966306234, 0.03054064037737075, 0.029904305612678588, 0.029394155816597912, 0.028896840658953926, 0.02825322628704274, 0.027685220830545497, 0.02666364029859006, 0.025486033827772144, 0.02414387260068274, 0.023028867611909868, 0.022681878550084772, 0.02299235797660897, 0.02387546679328945, 0.024738332374206702, 0.025547718436096926, 0.026640938816603423, 0.02759836215880636, 0.028240938725365098, 0.028199955208514017, 0.028168175430310402, 0.02767018559717724, 0.027414861073674215, 0.027239233260695786, 0.0274939869379551, 0.027874761581110984, 0.02868161073982207, 0.029514734605865275, 0.030345172291974937, 0.031248268714928727, 0.032298002681611045, 0.033509628354587276, 0.0348066615601669, 0.03569061118903811, 0.03631377821401384, 0.03654105211474412, 0.03646788532881584, 0.03572808397059345, 0.03427781350345514, 0.03309813106562172, 0.031639416134799855, 0.02970329439236902, 0.027599049067936567, 0.02603054913364457, 0.024090316372098155, 0.02220132238001286, 0.02051452966091278, 0.019044426362309692, 0.017805605247084858, 0.01643252777018217, 0.01523003850809785, 0.01424180324883461, 0.013706552220618947, 0.0130880570946912, 0.012988920737072255, 0.013178248200839212, 0.013386796436950147, 0.01359897371732897, 0.01439195864266014, 0.015495810506657983, 0.016686507754200334, 0.01807173050136072, 0.019341411872889052, 0.020370802976522343, 0.0213787239197115, 0.02262888584538598, 0.02401686851684336, 0.025523335513576738, 0.026670410326906566, 0.02758824337325398, 0.02810647098585074, 0.028219175888028712, 0.02804128716256827, 0.027840212128430745, 0.02799079668741686, 0.027988272685847155, 0.02831306909632167, 0.028434723397990712, 0.0285549391753426, 0.02832607944879636, 0.02800347501499142, 0.027460301198426997, 0.02681840364884072, 0.026203190519756815, 0.02552364346313934, 0.024940794741503684, 0.024553643852497812, 0.024009602077058226, 0.023587486328410737, 0.023053226444370627, 0.02237349941244249, 0.021247392964358097, 0.01948489409103017, 0.01759577829009665, 0.015969918059865678, 0.014849832783247986, 0.014164911869984548, 0.013546042864334782, 0.01328357500957488, 0.012905521640083246, 0.012806686101790404, 0.01256569256360443, 0.01270015008783326, 0.013333718053885597, 0.014364706842779438, 0.015230812921928084, 0.016214173123414017, 0.017422309714956504, 0.01848297873673576, 0.019690103784110968, 0.02062988015396428, 0.021304326954883004, 0.021542023987470748, 0.021445001132587415, 0.02128479356968176, 0.021154257299581803, 0.020548768777841446, 0.020419411659703072, 0.020346908766621045, 0.02018386842926173, 0.020060715556614095, 0.019970155121820186, 0.019905412966441507, 0.019860328269953802, 0.019689549628068632, 0.019110038324468673, 0.018401772510693467, 0.01773443768827515, 0.01691379473734185, 0.0163889904882787, 0.015891976533507178, 0.015695148472402557, 0.015634975895130635, 0.01548249397414641, 0.015250362203767827, 0.01446715870868431, 0.013690714184349355, 0.013111437378948002, 0.01280400987898366, 0.012789088065484542, 0.012885508256999974, 0.012645414791893052, 0.012533763320360268, 0.01300792748125149, 0.014045480441271196, 0.015593406388961941, 0.017496649938682926, 0.01947963017829757, 0.021814960986639112, 0.0244888991790445, 0.027455202671237973, 0.030462142682767764, 0.03347516022004274, 0.03632355277573078, 0.03911728575744543, 0.041489125175428104, 0.043617926344794986, 0.04507509866910146, 0.045973158335007626, 0.046666313335408376, 0.047747911364257295, 0.04910015737076979, 0.051170936172887156, 0.05323921785426519, 0.05484930583024696, 0.05598397968583077, 0.056516639752925084, 0.05678375349578094, 0.05655312215346535, 0.05709318659280136, 0.05753330561326649, 0.05822424761198231, 0.05856641837777238, 0.058663546697002605, 0.05829520111627496, 0.058019458378357286, 0.05786276302771312, 0.057678835712609886, 0.05721489013034267, 0.05620972754199197, 0.05488023496470325, 0.05291870088860013, 0.05085359195424363, 0.04836971777146554, 0.045888993393773454, 0.04332790860019442, 0.040721243397433354, 0.03815348906679705, 0.03609755066086763, 0.03431153121207709, 0.03269994312791247, 0.03113246913067769, 0.029533434333839276, 0.02779284963423818, 0.02581340528028532, 0.023636664296078556, 0.021032966406022018, 0.018298152858289164, 0.015471223173718233, 0.012975006021594128, 0.011476514573927241, 0.011190786613452559, 0.012013514795745658, 0.013192708648177051, 0.0146026096239084, 0.016627808096549106, 0.019288816219412905, 0.022115031993867204, 0.024956066779425322, 0.027947127033299147, 0.030317719296220055, 0.03213024736687776, 0.033908117916643665, 0.035613155393420214, 0.03695858371541455, 0.0370883147011733, 0.035844860180821725, 0.03331269225961453, 0.030127822662769057, 0.026675716455458534, 0.02305094507263966, 0.019294584365168215, 0.016588874620184203, 0.013459760460278334, 0.010513659470637583, 0.008184205378854309, 0.005908681970234855, 0.003908372487361734, 0.002250880846271649, 0.001837561814419065, 0.003902446460586522, 0.00649131804032715, 0.008842266053540701, 0.011337576744963709, 0.013847821453172829, 0.016241515374979285, 0.018506880743639053, 0.020753891025054552, 0.022854281545735794, 0.025177910908837288, 0.027764777035113285, 0.0302577363231247, 0.032552204835272186, 0.033962244268502154, 0.03530995724171245, 0.036795414568091225, 0.03840706162943578, 0.039993850675796264, 0.04133645030179679, 0.04211247094820217, 0.04239213751353172, 0.042192499106345205, 0.04200269786908514, 0.041897190162155235, 0.041830932940717325, 0.04166737666619139, 0.04206882264734189, 0.0426127097658282, 0.042895687146734904, 0.04300135533202284, 0.04249799814293581, 0.041897582995049115, 0.04072077112408416, 0.03927976254850985, 0.037331499513228325, 0.035889992777759706, 0.03456359233645024, 0.033243529781910974, 0.03199033675126687, 0.03059935779738079, 0.029272240636492235, 0.027900707354997015, 0.02654938414970694, 0.02543173352052397, 0.024311103096379235, 0.023065212419431085, 0.021685454855791198, 0.02041159885695607, 0.019056064221564174, 0.017656707279948437, 0.01626614648165674, 0.015012383850973622, 0.013603567963072178, 0.012189757837366814, 0.010674529938407772, 0.009407142987148039, 0.008344525906195775, 0.007439054007672372, 0.0072034584519923735, 0.007775010970036668, 0.009047582903156274, 0.010731538882415681, 0.01253460028234948, 0.014333543563369548, 0.016070624592636203, 0.017817726146123574, 0.019557256660804743, 0.02116824086555951, 0.022529303997840977, 0.023628588936546305, 0.02391411988476377, 0.02359656311707365, 0.022355277074164143, 0.020961866673625245, 0.018393580144489934, 0.015660552711922182, 0.013874328661167971, 0.01254026736778108, 0.011812131260623127, 0.010800298354986543, 0.00961805971638548, 0.008471507575266851, 0.007656757785702683, 0.006719580941926242, 0.0056999472982024405, 0.005125787188458596, 0.00504686530895439, 0.005697178935649704, 0.006245540782853768, 0.0070976650798796875, 0.007900543705723831, 0.008755370167568399, 0.009807746909975117, 0.011209592216881203, 0.01276960312030194, 0.014467251258771754, 0.015865855510978952, 0.01751794577394112, 0.01978728846519214, 0.022540086452385207, 0.024859037758439572, 0.02589623397823137, 0.02611181133516041, 0.026565850619759173, 0.0272557734372972, 0.02776644526036269, 0.02799937699621002, 0.02818388188652303, 0.02806005928616626, 0.028083982827741123, 0.02781538632605852, 0.027763976455106594, 0.028120518002563644, 0.028688559534023904, 0.029389365084960088, 0.030059907204608147, 0.03052096911154336, 0.031053468449087778, 0.03142000488428638, 0.03173833045042581, 0.031892653890475096, 0.03198060527161537, 0.031944507243272385, 0.03180892531117334, 0.03180195743523648, 0.03175983113429147, 0.03185651864929952, 0.032146459060636644, 0.032526908876218445, 0.033087790299913135, 0.03370146462957083, 0.0342847740780508, 0.0344768243549477, 0.03441738754137779, 0.034008301029805295]",0.01328357500957488,0.04236410573985466,0.013172161284380417,0.0017168378296367748,0.0,0.0,0.009418880190084244,0.04236410573985466,0.013172161284380417,0.0017168378296367748,3.5759999999999996,1717635304.2788966,2024-06-06_10-55-04
0.5059,-0.041999999999999996,0.4413378763650229,0.4633613493315895,-0.05490080268971316,0.4409889082235737,0.5059,-0.041999999999999996,0.4317209001169649,0.4633613493315895,-0.05490080268971316,0.4409889082235737,0.012905521640083246,"[0.011315756658919754, 0.012192407496521018, 0.01288995615295488, 0.01359963525141729, 0.014321891165186378, 0.015181047888625853, 0.01592941522152252, 0.01673874496494045, 0.01751440457689525, 0.01835087734908702, 0.019202544572813795, 0.020070622325609303, 0.02095627718778323, 0.02186061264947246, 0.022737260153569413, 0.023681097053535004, 0.024646250751560458, 0.025633386418693636, 0.02659237614956749, 0.027623542314219474, 0.0286250346734827, 0.029647102596467904, 0.03056454213255984, 0.031680305841655834, 0.03263530150735364, 0.033606764937046466, 0.034593095597664145, 0.03536350794006898, 0.035930760474075646, 0.03631257033147624, 0.03661317474198803, 0.03688385713543919, 0.03738127616234113, 0.037934719347479336, 0.03858163380471939, 0.03921882339006296, 0.03999131852533767, 0.04074980907886149, 0.04127472956039594, 0.04151563832077664, 0.04151964454301027, 0.04123464219442919, 0.04096829512038153, 0.04056460486818273, 0.04028281736824196, 0.04000166841569801, 0.03919762289117317, 0.037812479337396496, 0.03622310391275238, 0.03453579653228067, 0.0330206041779641, 0.031565009966306234, 0.03054064037737075, 0.029904305612678588, 0.029394155816597912, 0.028896840658953926, 0.02825322628704274, 0.027685220830545497, 0.02666364029859006, 0.025486033827772144, 0.02414387260068274, 0.023028867611909868, 0.022681878550084772, 0.02299235797660897, 0.02387546679328945, 0.024738332374206702, 0.025547718436096926, 0.026640938816603423, 0.02759836215880636, 0.028240938725365098, 0.028199955208514017, 0.028168175430310402, 0.02767018559717724, 0.027414861073674215, 0.027239233260695786, 0.0274939869379551, 0.027874761581110984, 0.02868161073982207, 0.029514734605865275, 0.030345172291974937, 0.031248268714928727, 0.032298002681611045, 0.033509628354587276, 0.0348066615601669, 0.03569061118903811, 0.03631377821401384, 0.03654105211474412, 0.03646788532881584, 0.03572808397059345, 0.03427781350345514, 0.03309813106562172, 0.031639416134799855, 0.02970329439236902, 0.027599049067936567, 0.02603054913364457, 0.024090316372098155, 0.02220132238001286, 0.02051452966091278, 0.019044426362309692, 0.017805605247084858, 0.01643252777018217, 0.01523003850809785, 0.01424180324883461, 0.013706552220618947, 0.0130880570946912, 0.012988920737072255, 0.013178248200839212, 0.013386796436950147, 0.01359897371732897, 0.01439195864266014, 0.015495810506657983, 0.016686507754200334, 0.01807173050136072, 0.019341411872889052, 0.020370802976522343, 0.0213787239197115, 0.02262888584538598, 0.02401686851684336, 0.025523335513576738, 0.026670410326906566, 0.02758824337325398, 0.02810647098585074, 0.028219175888028712, 0.02804128716256827, 0.027840212128430745, 0.02799079668741686, 0.027988272685847155, 0.02831306909632167, 0.028434723397990712, 0.0285549391753426, 0.02832607944879636, 0.02800347501499142, 0.027460301198426997, 0.02681840364884072, 0.026203190519756815, 0.02552364346313934, 0.024940794741503684, 0.024553643852497812, 0.024009602077058226, 0.023587486328410737, 0.023053226444370627, 0.02237349941244249, 0.021247392964358097, 0.01948489409103017, 0.01759577829009665, 0.015969918059865678, 0.014849832783247986, 0.014164911869984548, 0.013546042864334782, 0.01328357500957488, 0.012905521640083246, 0.012806686101790404, 0.01256569256360443, 0.01270015008783326, 0.013333718053885597, 0.014364706842779438, 0.015230812921928084, 0.016214173123414017, 0.017422309714956504, 0.01848297873673576, 0.019690103784110968, 0.02062988015396428, 0.021304326954883004, 0.021542023987470748, 0.021445001132587415, 0.02128479356968176, 0.021154257299581803, 0.020548768777841446, 0.020419411659703072, 0.020346908766621045, 0.02018386842926173, 0.020060715556614095, 0.019970155121820186, 0.019905412966441507, 0.019860328269953802, 0.019689549628068632, 0.019110038324468673, 0.018401772510693467, 0.01773443768827515, 0.01691379473734185, 0.0163889904882787, 0.015891976533507178, 0.015695148472402557, 0.015634975895130635, 0.01548249397414641, 0.015250362203767827, 0.01446715870868431, 0.013690714184349355, 0.013111437378948002, 0.01280400987898366, 0.012789088065484542, 0.012885508256999974, 0.012645414791893052, 0.012533763320360268, 0.01300792748125149, 0.014045480441271196, 0.015593406388961941, 0.017496649938682926, 0.01947963017829757, 0.021814960986639112, 0.0244888991790445, 0.027455202671237973, 0.030462142682767764, 0.03347516022004274, 0.03632355277573078, 0.03911728575744543, 0.041489125175428104, 0.043617926344794986, 0.04507509866910146, 0.045973158335007626, 0.046666313335408376, 0.047747911364257295, 0.04910015737076979, 0.051170936172887156, 0.05323921785426519, 0.05484930583024696, 0.05598397968583077, 0.056516639752925084, 0.05678375349578094, 0.05655312215346535, 0.05709318659280136, 0.05753330561326649, 0.05822424761198231, 0.05856641837777238, 0.058663546697002605, 0.05829520111627496, 0.058019458378357286, 0.05786276302771312, 0.057678835712609886, 0.05721489013034267, 0.05620972754199197, 0.05488023496470325, 0.05291870088860013, 0.05085359195424363, 0.04836971777146554, 0.045888993393773454, 0.04332790860019442, 0.040721243397433354, 0.03815348906679705, 0.03609755066086763, 0.03431153121207709, 0.03269994312791247, 0.03113246913067769, 0.029533434333839276, 0.02779284963423818, 0.02581340528028532, 0.023636664296078556, 0.021032966406022018, 0.018298152858289164, 0.015471223173718233, 0.012975006021594128, 0.011476514573927241, 0.011190786613452559, 0.012013514795745658, 0.013192708648177051, 0.0146026096239084, 0.016627808096549106, 0.019288816219412905, 0.022115031993867204, 0.024956066779425322, 0.027947127033299147, 0.030317719296220055, 0.03213024736687776, 0.033908117916643665, 0.035613155393420214, 0.03695858371541455, 0.0370883147011733, 0.035844860180821725, 0.03331269225961453, 0.030127822662769057, 0.026675716455458534, 0.02305094507263966, 0.019294584365168215, 0.016588874620184203, 0.013459760460278334, 0.010513659470637583, 0.008184205378854309, 0.005908681970234855, 0.003908372487361734, 0.002250880846271649, 0.001837561814419065, 0.003902446460586522, 0.00649131804032715, 0.008842266053540701, 0.011337576744963709, 0.013847821453172829, 0.016241515374979285, 0.018506880743639053, 0.020753891025054552, 0.022854281545735794, 0.025177910908837288, 0.027764777035113285, 0.0302577363231247, 0.032552204835272186, 0.033962244268502154, 0.03530995724171245, 0.036795414568091225, 0.03840706162943578, 0.039993850675796264, 0.04133645030179679, 0.04211247094820217, 0.04239213751353172, 0.042192499106345205, 0.04200269786908514, 0.041897190162155235, 0.041830932940717325, 0.04166737666619139, 0.04206882264734189, 0.0426127097658282, 0.042895687146734904, 0.04300135533202284, 0.04249799814293581, 0.041897582995049115, 0.04072077112408416, 0.03927976254850985, 0.037331499513228325, 0.035889992777759706, 0.03456359233645024, 0.033243529781910974, 0.03199033675126687, 0.03059935779738079, 0.029272240636492235, 0.027900707354997015, 0.02654938414970694, 0.02543173352052397, 0.024311103096379235, 0.023065212419431085, 0.021685454855791198, 0.02041159885695607, 0.019056064221564174, 0.017656707279948437, 0.01626614648165674, 0.015012383850973622, 0.013603567963072178, 0.012189757837366814, 0.010674529938407772, 0.009407142987148039, 0.008344525906195775, 0.007439054007672372, 0.0072034584519923735, 0.007775010970036668, 0.009047582903156274, 0.010731538882415681, 0.01253460028234948, 0.014333543563369548, 0.016070624592636203, 0.017817726146123574, 0.019557256660804743, 0.02116824086555951, 0.022529303997840977, 0.023628588936546305, 0.02391411988476377, 0.02359656311707365, 0.022355277074164143, 0.020961866673625245, 0.018393580144489934, 0.015660552711922182, 0.013874328661167971, 0.01254026736778108, 0.011812131260623127, 0.010800298354986543, 0.00961805971638548, 0.008471507575266851, 0.007656757785702683, 0.006719580941926242, 0.0056999472982024405, 0.005125787188458596, 0.00504686530895439, 0.005697178935649704, 0.006245540782853768, 0.0070976650798796875, 0.007900543705723831, 0.008755370167568399, 0.009807746909975117, 0.011209592216881203, 0.01276960312030194, 0.014467251258771754, 0.015865855510978952, 0.01751794577394112, 0.01978728846519214, 0.022540086452385207, 0.024859037758439572, 0.02589623397823137, 0.02611181133516041, 0.026565850619759173, 0.0272557734372972, 0.02776644526036269, 0.02799937699621002, 0.02818388188652303, 0.02806005928616626, 0.028083982827741123, 0.02781538632605852, 0.027763976455106594, 0.028120518002563644, 0.028688559534023904, 0.029389365084960088, 0.030059907204608147, 0.03052096911154336, 0.031053468449087778, 0.03142000488428638, 0.03173833045042581, 0.031892653890475096, 0.03198060527161537, 0.031944507243272385, 0.03180892531117334, 0.03180195743523648, 0.03175983113429147, 0.03185651864929952, 0.032146459060636644, 0.032526908876218445, 0.033087790299913135, 0.03370146462957083, 0.0342847740780508, 0.0344768243549477, 0.03441738754137779, 0.034008301029805295]",0.012905521640083246,0.042538650668410505,0.012900802689713164,0.00034896814144924626,0.0,0.0,0.009616976248058018,0.042538650668410505,0.012900802689713164,0.00034896814144924626,3.5999999999999996,1717635304.3030071,2024-06-06_10-55-04
0.5059,-0.04128,0.4395798501802424,0.4630809399190609,-0.05403287199121659,0.44075265233126143,0.5059,-0.04128,0.42985181962579316,0.4630809399190609,-0.05403287199121659,0.44075265233126143,0.012806686101790404,"[0.011315756658919754, 0.012192407496521018, 0.01288995615295488, 0.01359963525141729, 0.014321891165186378, 0.015181047888625853, 0.01592941522152252, 0.01673874496494045, 0.01751440457689525, 0.01835087734908702, 0.019202544572813795, 0.020070622325609303, 0.02095627718778323, 0.02186061264947246, 0.022737260153569413, 0.023681097053535004, 0.024646250751560458, 0.025633386418693636, 0.02659237614956749, 0.027623542314219474, 0.0286250346734827, 0.029647102596467904, 0.03056454213255984, 0.031680305841655834, 0.03263530150735364, 0.033606764937046466, 0.034593095597664145, 0.03536350794006898, 0.035930760474075646, 0.03631257033147624, 0.03661317474198803, 0.03688385713543919, 0.03738127616234113, 0.037934719347479336, 0.03858163380471939, 0.03921882339006296, 0.03999131852533767, 0.04074980907886149, 0.04127472956039594, 0.04151563832077664, 0.04151964454301027, 0.04123464219442919, 0.04096829512038153, 0.04056460486818273, 0.04028281736824196, 0.04000166841569801, 0.03919762289117317, 0.037812479337396496, 0.03622310391275238, 0.03453579653228067, 0.0330206041779641, 0.031565009966306234, 0.03054064037737075, 0.029904305612678588, 0.029394155816597912, 0.028896840658953926, 0.02825322628704274, 0.027685220830545497, 0.02666364029859006, 0.025486033827772144, 0.02414387260068274, 0.023028867611909868, 0.022681878550084772, 0.02299235797660897, 0.02387546679328945, 0.024738332374206702, 0.025547718436096926, 0.026640938816603423, 0.02759836215880636, 0.028240938725365098, 0.028199955208514017, 0.028168175430310402, 0.02767018559717724, 0.027414861073674215, 0.027239233260695786, 0.0274939869379551, 0.027874761581110984, 0.02868161073982207, 0.029514734605865275, 0.030345172291974937, 0.031248268714928727, 0.032298002681611045, 0.033509628354587276, 0.0348066615601669, 0.03569061118903811, 0.03631377821401384, 0.03654105211474412, 0.03646788532881584, 0.03572808397059345, 0.03427781350345514, 0.03309813106562172, 0.031639416134799855, 0.02970329439236902, 0.027599049067936567, 0.02603054913364457, 0.024090316372098155, 0.02220132238001286, 0.02051452966091278, 0.019044426362309692, 0.017805605247084858, 0.01643252777018217, 0.01523003850809785, 0.01424180324883461, 0.013706552220618947, 0.0130880570946912, 0.012988920737072255, 0.013178248200839212, 0.013386796436950147, 0.01359897371732897, 0.01439195864266014, 0.015495810506657983, 0.016686507754200334, 0.01807173050136072, 0.019341411872889052, 0.020370802976522343, 0.0213787239197115, 0.02262888584538598, 0.02401686851684336, 0.025523335513576738, 0.026670410326906566, 0.02758824337325398, 0.02810647098585074, 0.028219175888028712, 0.02804128716256827, 0.027840212128430745, 0.02799079668741686, 0.027988272685847155, 0.02831306909632167, 0.028434723397990712, 0.0285549391753426, 0.02832607944879636, 0.02800347501499142, 0.027460301198426997, 0.02681840364884072, 0.026203190519756815, 0.02552364346313934, 0.024940794741503684, 0.024553643852497812, 0.024009602077058226, 0.023587486328410737, 0.023053226444370627, 0.02237349941244249, 0.021247392964358097, 0.01948489409103017, 0.01759577829009665, 0.015969918059865678, 0.014849832783247986, 0.014164911869984548, 0.013546042864334782, 0.01328357500957488, 0.012905521640083246, 0.012806686101790404, 0.01256569256360443, 0.01270015008783326, 0.013333718053885597, 0.014364706842779438, 0.015230812921928084, 0.016214173123414017, 0.017422309714956504, 0.01848297873673576, 0.019690103784110968, 0.02062988015396428, 0.021304326954883004, 0.021542023987470748, 0.021445001132587415, 0.02128479356968176, 0.021154257299581803, 0.020548768777841446, 0.020419411659703072, 0.020346908766621045, 0.02018386842926173, 0.020060715556614095, 0.019970155121820186, 0.019905412966441507, 0.019860328269953802, 0.019689549628068632, 0.019110038324468673, 0.018401772510693467, 0.01773443768827515, 0.01691379473734185, 0.0163889904882787, 0.015891976533507178, 0.015695148472402557, 0.015634975895130635, 0.01548249397414641, 0.015250362203767827, 0.01446715870868431, 0.013690714184349355, 0.013111437378948002, 0.01280400987898366, 0.012789088065484542, 0.012885508256999974, 0.012645414791893052, 0.012533763320360268, 0.01300792748125149, 0.014045480441271196, 0.015593406388961941, 0.017496649938682926, 0.01947963017829757, 0.021814960986639112, 0.0244888991790445, 0.027455202671237973, 0.030462142682767764, 0.03347516022004274, 0.03632355277573078, 0.03911728575744543, 0.041489125175428104, 0.043617926344794986, 0.04507509866910146, 0.045973158335007626, 0.046666313335408376, 0.047747911364257295, 0.04910015737076979, 0.051170936172887156, 0.05323921785426519, 0.05484930583024696, 0.05598397968583077, 0.056516639752925084, 0.05678375349578094, 0.05655312215346535, 0.05709318659280136, 0.05753330561326649, 0.05822424761198231, 0.05856641837777238, 0.058663546697002605, 0.05829520111627496, 0.058019458378357286, 0.05786276302771312, 0.057678835712609886, 0.05721489013034267, 0.05620972754199197, 0.05488023496470325, 0.05291870088860013, 0.05085359195424363, 0.04836971777146554, 0.045888993393773454, 0.04332790860019442, 0.040721243397433354, 0.03815348906679705, 0.03609755066086763, 0.03431153121207709, 0.03269994312791247, 0.03113246913067769, 0.029533434333839276, 0.02779284963423818, 0.02581340528028532, 0.023636664296078556, 0.021032966406022018, 0.018298152858289164, 0.015471223173718233, 0.012975006021594128, 0.011476514573927241, 0.011190786613452559, 0.012013514795745658, 0.013192708648177051, 0.0146026096239084, 0.016627808096549106, 0.019288816219412905, 0.022115031993867204, 0.024956066779425322, 0.027947127033299147, 0.030317719296220055, 0.03213024736687776, 0.033908117916643665, 0.035613155393420214, 0.03695858371541455, 0.0370883147011733, 0.035844860180821725, 0.03331269225961453, 0.030127822662769057, 0.026675716455458534, 0.02305094507263966, 0.019294584365168215, 0.016588874620184203, 0.013459760460278334, 0.010513659470637583, 0.008184205378854309, 0.005908681970234855, 0.003908372487361734, 0.002250880846271649, 0.001837561814419065, 0.003902446460586522, 0.00649131804032715, 0.008842266053540701, 0.011337576744963709, 0.013847821453172829, 0.016241515374979285, 0.018506880743639053, 0.020753891025054552, 0.022854281545735794, 0.025177910908837288, 0.027764777035113285, 0.0302577363231247, 0.032552204835272186, 0.033962244268502154, 0.03530995724171245, 0.036795414568091225, 0.03840706162943578, 0.039993850675796264, 0.04133645030179679, 0.04211247094820217, 0.04239213751353172, 0.042192499106345205, 0.04200269786908514, 0.041897190162155235, 0.041830932940717325, 0.04166737666619139, 0.04206882264734189, 0.0426127097658282, 0.042895687146734904, 0.04300135533202284, 0.04249799814293581, 0.041897582995049115, 0.04072077112408416, 0.03927976254850985, 0.037331499513228325, 0.035889992777759706, 0.03456359233645024, 0.033243529781910974, 0.03199033675126687, 0.03059935779738079, 0.029272240636492235, 0.027900707354997015, 0.02654938414970694, 0.02543173352052397, 0.024311103096379235, 0.023065212419431085, 0.021685454855791198, 0.02041159885695607, 0.019056064221564174, 0.017656707279948437, 0.01626614648165674, 0.015012383850973622, 0.013603567963072178, 0.012189757837366814, 0.010674529938407772, 0.009407142987148039, 0.008344525906195775, 0.007439054007672372, 0.0072034584519923735, 0.007775010970036668, 0.009047582903156274, 0.010731538882415681, 0.01253460028234948, 0.014333543563369548, 0.016070624592636203, 0.017817726146123574, 0.019557256660804743, 0.02116824086555951, 0.022529303997840977, 0.023628588936546305, 0.02391411988476377, 0.02359656311707365, 0.022355277074164143, 0.020961866673625245, 0.018393580144489934, 0.015660552711922182, 0.013874328661167971, 0.01254026736778108, 0.011812131260623127, 0.010800298354986543, 0.00961805971638548, 0.008471507575266851, 0.007656757785702683, 0.006719580941926242, 0.0056999472982024405, 0.005125787188458596, 0.00504686530895439, 0.005697178935649704, 0.006245540782853768, 0.0070976650798796875, 0.007900543705723831, 0.008755370167568399, 0.009807746909975117, 0.011209592216881203, 0.01276960312030194, 0.014467251258771754, 0.015865855510978952, 0.01751794577394112, 0.01978728846519214, 0.022540086452385207, 0.024859037758439572, 0.02589623397823137, 0.02611181133516041, 0.026565850619759173, 0.0272557734372972, 0.02776644526036269, 0.02799937699621002, 0.02818388188652303, 0.02806005928616626, 0.028083982827741123, 0.02781538632605852, 0.027763976455106594, 0.028120518002563644, 0.028688559534023904, 0.029389365084960088, 0.030059907204608147, 0.03052096911154336, 0.031053468449087778, 0.03142000488428638, 0.03173833045042581, 0.031892653890475096, 0.03198060527161537, 0.031944507243272385, 0.03180892531117334, 0.03180195743523648, 0.03175983113429147, 0.03185651864929952, 0.032146459060636644, 0.032526908876218445, 0.033087790299913135, 0.03370146462957083, 0.0342847740780508, 0.0344768243549477, 0.03441738754137779, 0.034008301029805295]",0.012806686101790404,0.04281906008093911,0.012752871991216594,0.0011728021510190034,0.0,0.0,0.009728030554449263,0.04281906008093911,0.012752871991216594,0.0011728021510190034,3.624,1717635304.3271024,2024-06-06_10-55-04
0.5059,-0.04056,0.43771200415163986,0.4627962644091334,-0.05285446876423941,0.4403086688215896,0.5059,-0.04056,0.4278729192907993,0.4627962644091334,-0.05285446876423941,0.4403086688215896,0.01256569256360443,"[0.011315756658919754, 0.012192407496521018, 0.01288995615295488, 0.01359963525141729, 0.014321891165186378, 0.015181047888625853, 0.01592941522152252, 0.01673874496494045, 0.01751440457689525, 0.01835087734908702, 0.019202544572813795, 0.020070622325609303, 0.02095627718778323, 0.02186061264947246, 0.022737260153569413, 0.023681097053535004, 0.024646250751560458, 0.025633386418693636, 0.02659237614956749, 0.027623542314219474, 0.0286250346734827, 0.029647102596467904, 0.03056454213255984, 0.031680305841655834, 0.03263530150735364, 0.033606764937046466, 0.034593095597664145, 0.03536350794006898, 0.035930760474075646, 0.03631257033147624, 0.03661317474198803, 0.03688385713543919, 0.03738127616234113, 0.037934719347479336, 0.03858163380471939, 0.03921882339006296, 0.03999131852533767, 0.04074980907886149, 0.04127472956039594, 0.04151563832077664, 0.04151964454301027, 0.04123464219442919, 0.04096829512038153, 0.04056460486818273, 0.04028281736824196, 0.04000166841569801, 0.03919762289117317, 0.037812479337396496, 0.03622310391275238, 0.03453579653228067, 0.0330206041779641, 0.031565009966306234, 0.03054064037737075, 0.029904305612678588, 0.029394155816597912, 0.028896840658953926, 0.02825322628704274, 0.027685220830545497, 0.02666364029859006, 0.025486033827772144, 0.02414387260068274, 0.023028867611909868, 0.022681878550084772, 0.02299235797660897, 0.02387546679328945, 0.024738332374206702, 0.025547718436096926, 0.026640938816603423, 0.02759836215880636, 0.028240938725365098, 0.028199955208514017, 0.028168175430310402, 0.02767018559717724, 0.027414861073674215, 0.027239233260695786, 0.0274939869379551, 0.027874761581110984, 0.02868161073982207, 0.029514734605865275, 0.030345172291974937, 0.031248268714928727, 0.032298002681611045, 0.033509628354587276, 0.0348066615601669, 0.03569061118903811, 0.03631377821401384, 0.03654105211474412, 0.03646788532881584, 0.03572808397059345, 0.03427781350345514, 0.03309813106562172, 0.031639416134799855, 0.02970329439236902, 0.027599049067936567, 0.02603054913364457, 0.024090316372098155, 0.02220132238001286, 0.02051452966091278, 0.019044426362309692, 0.017805605247084858, 0.01643252777018217, 0.01523003850809785, 0.01424180324883461, 0.013706552220618947, 0.0130880570946912, 0.012988920737072255, 0.013178248200839212, 0.013386796436950147, 0.01359897371732897, 0.01439195864266014, 0.015495810506657983, 0.016686507754200334, 0.01807173050136072, 0.019341411872889052, 0.020370802976522343, 0.0213787239197115, 0.02262888584538598, 0.02401686851684336, 0.025523335513576738, 0.026670410326906566, 0.02758824337325398, 0.02810647098585074, 0.028219175888028712, 0.02804128716256827, 0.027840212128430745, 0.02799079668741686, 0.027988272685847155, 0.02831306909632167, 0.028434723397990712, 0.0285549391753426, 0.02832607944879636, 0.02800347501499142, 0.027460301198426997, 0.02681840364884072, 0.026203190519756815, 0.02552364346313934, 0.024940794741503684, 0.024553643852497812, 0.024009602077058226, 0.023587486328410737, 0.023053226444370627, 0.02237349941244249, 0.021247392964358097, 0.01948489409103017, 0.01759577829009665, 0.015969918059865678, 0.014849832783247986, 0.014164911869984548, 0.013546042864334782, 0.01328357500957488, 0.012905521640083246, 0.012806686101790404, 0.01256569256360443, 0.01270015008783326, 0.013333718053885597, 0.014364706842779438, 0.015230812921928084, 0.016214173123414017, 0.017422309714956504, 0.01848297873673576, 0.019690103784110968, 0.02062988015396428, 0.021304326954883004, 0.021542023987470748, 0.021445001132587415, 0.02128479356968176, 0.021154257299581803, 0.020548768777841446, 0.020419411659703072, 0.020346908766621045, 0.02018386842926173, 0.020060715556614095, 0.019970155121820186, 0.019905412966441507, 0.019860328269953802, 0.019689549628068632, 0.019110038324468673, 0.018401772510693467, 0.01773443768827515, 0.01691379473734185, 0.0163889904882787, 0.015891976533507178, 0.015695148472402557, 0.015634975895130635, 0.01548249397414641, 0.015250362203767827, 0.01446715870868431, 0.013690714184349355, 0.013111437378948002, 0.01280400987898366, 0.012789088065484542, 0.012885508256999974, 0.012645414791893052, 0.012533763320360268, 0.01300792748125149, 0.014045480441271196, 0.015593406388961941, 0.017496649938682926, 0.01947963017829757, 0.021814960986639112, 0.0244888991790445, 0.027455202671237973, 0.030462142682767764, 0.03347516022004274, 0.03632355277573078, 0.03911728575744543, 0.041489125175428104, 0.043617926344794986, 0.04507509866910146, 0.045973158335007626, 0.046666313335408376, 0.047747911364257295, 0.04910015737076979, 0.051170936172887156, 0.05323921785426519, 0.05484930583024696, 0.05598397968583077, 0.056516639752925084, 0.05678375349578094, 0.05655312215346535, 0.05709318659280136, 0.05753330561326649, 0.05822424761198231, 0.05856641837777238, 0.058663546697002605, 0.05829520111627496, 0.058019458378357286, 0.05786276302771312, 0.057678835712609886, 0.05721489013034267, 0.05620972754199197, 0.05488023496470325, 0.05291870088860013, 0.05085359195424363, 0.04836971777146554, 0.045888993393773454, 0.04332790860019442, 0.040721243397433354, 0.03815348906679705, 0.03609755066086763, 0.03431153121207709, 0.03269994312791247, 0.03113246913067769, 0.029533434333839276, 0.02779284963423818, 0.02581340528028532, 0.023636664296078556, 0.021032966406022018, 0.018298152858289164, 0.015471223173718233, 0.012975006021594128, 0.011476514573927241, 0.011190786613452559, 0.012013514795745658, 0.013192708648177051, 0.0146026096239084, 0.016627808096549106, 0.019288816219412905, 0.022115031993867204, 0.024956066779425322, 0.027947127033299147, 0.030317719296220055, 0.03213024736687776, 0.033908117916643665, 0.035613155393420214, 0.03695858371541455, 0.0370883147011733, 0.035844860180821725, 0.03331269225961453, 0.030127822662769057, 0.026675716455458534, 0.02305094507263966, 0.019294584365168215, 0.016588874620184203, 0.013459760460278334, 0.010513659470637583, 0.008184205378854309, 0.005908681970234855, 0.003908372487361734, 0.002250880846271649, 0.001837561814419065, 0.003902446460586522, 0.00649131804032715, 0.008842266053540701, 0.011337576744963709, 0.013847821453172829, 0.016241515374979285, 0.018506880743639053, 0.020753891025054552, 0.022854281545735794, 0.025177910908837288, 0.027764777035113285, 0.0302577363231247, 0.032552204835272186, 0.033962244268502154, 0.03530995724171245, 0.036795414568091225, 0.03840706162943578, 0.039993850675796264, 0.04133645030179679, 0.04211247094820217, 0.04239213751353172, 0.042192499106345205, 0.04200269786908514, 0.041897190162155235, 0.041830932940717325, 0.04166737666619139, 0.04206882264734189, 0.0426127097658282, 0.042895687146734904, 0.04300135533202284, 0.04249799814293581, 0.041897582995049115, 0.04072077112408416, 0.03927976254850985, 0.037331499513228325, 0.035889992777759706, 0.03456359233645024, 0.033243529781910974, 0.03199033675126687, 0.03059935779738079, 0.029272240636492235, 0.027900707354997015, 0.02654938414970694, 0.02543173352052397, 0.024311103096379235, 0.023065212419431085, 0.021685454855791198, 0.02041159885695607, 0.019056064221564174, 0.017656707279948437, 0.01626614648165674, 0.015012383850973622, 0.013603567963072178, 0.012189757837366814, 0.010674529938407772, 0.009407142987148039, 0.008344525906195775, 0.007439054007672372, 0.0072034584519923735, 0.007775010970036668, 0.009047582903156274, 0.010731538882415681, 0.01253460028234948, 0.014333543563369548, 0.016070624592636203, 0.017817726146123574, 0.019557256660804743, 0.02116824086555951, 0.022529303997840977, 0.023628588936546305, 0.02391411988476377, 0.02359656311707365, 0.022355277074164143, 0.020961866673625245, 0.018393580144489934, 0.015660552711922182, 0.013874328661167971, 0.01254026736778108, 0.011812131260623127, 0.010800298354986543, 0.00961805971638548, 0.008471507575266851, 0.007656757785702683, 0.006719580941926242, 0.0056999472982024405, 0.005125787188458596, 0.00504686530895439, 0.005697178935649704, 0.006245540782853768, 0.0070976650798796875, 0.007900543705723831, 0.008755370167568399, 0.009807746909975117, 0.011209592216881203, 0.01276960312030194, 0.014467251258771754, 0.015865855510978952, 0.01751794577394112, 0.01978728846519214, 0.022540086452385207, 0.024859037758439572, 0.02589623397823137, 0.02611181133516041, 0.026565850619759173, 0.0272557734372972, 0.02776644526036269, 0.02799937699621002, 0.02818388188652303, 0.02806005928616626, 0.028083982827741123, 0.02781538632605852, 0.027763976455106594, 0.028120518002563644, 0.028688559534023904, 0.029389365084960088, 0.030059907204608147, 0.03052096911154336, 0.031053468449087778, 0.03142000488428638, 0.03173833045042581, 0.031892653890475096, 0.03198060527161537, 0.031944507243272385, 0.03180892531117334, 0.03180195743523648, 0.03175983113429147, 0.03185651864929952, 0.032146459060636644, 0.032526908876218445, 0.033087790299913135, 0.03370146462957083, 0.0342847740780508, 0.0344768243549477, 0.03441738754137779, 0.034008301029805295]",0.01256569256360443,0.04310373559086661,0.01229446876423941,0.002596664669949733,0.0,0.0,0.009839084860840563,0.04310373559086661,0.01229446876423941,0.002596664669949733,3.648,1717635304.3518527,2024-06-06_10-55-04
0.5059,-0.03983999999999999,0.4357421746982685,0.46253898719300884,-0.051758399594451235,0.4401291512608313,0.5059,-0.03983999999999999,0.4257920355310366,0.46253898719300884,-0.051758399594451235,0.4401291512608313,0.01270015008783326,"[0.011315756658919754, 0.012192407496521018, 0.01288995615295488, 0.01359963525141729, 0.014321891165186378, 0.015181047888625853, 0.01592941522152252, 0.01673874496494045, 0.01751440457689525, 0.01835087734908702, 0.019202544572813795, 0.020070622325609303, 0.02095627718778323, 0.02186061264947246, 0.022737260153569413, 0.023681097053535004, 0.024646250751560458, 0.025633386418693636, 0.02659237614956749, 0.027623542314219474, 0.0286250346734827, 0.029647102596467904, 0.03056454213255984, 0.031680305841655834, 0.03263530150735364, 0.033606764937046466, 0.034593095597664145, 0.03536350794006898, 0.035930760474075646, 0.03631257033147624, 0.03661317474198803, 0.03688385713543919, 0.03738127616234113, 0.037934719347479336, 0.03858163380471939, 0.03921882339006296, 0.03999131852533767, 0.04074980907886149, 0.04127472956039594, 0.04151563832077664, 0.04151964454301027, 0.04123464219442919, 0.04096829512038153, 0.04056460486818273, 0.04028281736824196, 0.04000166841569801, 0.03919762289117317, 0.037812479337396496, 0.03622310391275238, 0.03453579653228067, 0.0330206041779641, 0.031565009966306234, 0.03054064037737075, 0.029904305612678588, 0.029394155816597912, 0.028896840658953926, 0.02825322628704274, 0.027685220830545497, 0.02666364029859006, 0.025486033827772144, 0.02414387260068274, 0.023028867611909868, 0.022681878550084772, 0.02299235797660897, 0.02387546679328945, 0.024738332374206702, 0.025547718436096926, 0.026640938816603423, 0.02759836215880636, 0.028240938725365098, 0.028199955208514017, 0.028168175430310402, 0.02767018559717724, 0.027414861073674215, 0.027239233260695786, 0.0274939869379551, 0.027874761581110984, 0.02868161073982207, 0.029514734605865275, 0.030345172291974937, 0.031248268714928727, 0.032298002681611045, 0.033509628354587276, 0.0348066615601669, 0.03569061118903811, 0.03631377821401384, 0.03654105211474412, 0.03646788532881584, 0.03572808397059345, 0.03427781350345514, 0.03309813106562172, 0.031639416134799855, 0.02970329439236902, 0.027599049067936567, 0.02603054913364457, 0.024090316372098155, 0.02220132238001286, 0.02051452966091278, 0.019044426362309692, 0.017805605247084858, 0.01643252777018217, 0.01523003850809785, 0.01424180324883461, 0.013706552220618947, 0.0130880570946912, 0.012988920737072255, 0.013178248200839212, 0.013386796436950147, 0.01359897371732897, 0.01439195864266014, 0.015495810506657983, 0.016686507754200334, 0.01807173050136072, 0.019341411872889052, 0.020370802976522343, 0.0213787239197115, 0.02262888584538598, 0.02401686851684336, 0.025523335513576738, 0.026670410326906566, 0.02758824337325398, 0.02810647098585074, 0.028219175888028712, 0.02804128716256827, 0.027840212128430745, 0.02799079668741686, 0.027988272685847155, 0.02831306909632167, 0.028434723397990712, 0.0285549391753426, 0.02832607944879636, 0.02800347501499142, 0.027460301198426997, 0.02681840364884072, 0.026203190519756815, 0.02552364346313934, 0.024940794741503684, 0.024553643852497812, 0.024009602077058226, 0.023587486328410737, 0.023053226444370627, 0.02237349941244249, 0.021247392964358097, 0.01948489409103017, 0.01759577829009665, 0.015969918059865678, 0.014849832783247986, 0.014164911869984548, 0.013546042864334782, 0.01328357500957488, 0.012905521640083246, 0.012806686101790404, 0.01256569256360443, 0.01270015008783326, 0.013333718053885597, 0.014364706842779438, 0.015230812921928084, 0.016214173123414017, 0.017422309714956504, 0.01848297873673576, 0.019690103784110968, 0.02062988015396428, 0.021304326954883004, 0.021542023987470748, 0.021445001132587415, 0.02128479356968176, 0.021154257299581803, 0.020548768777841446, 0.020419411659703072, 0.020346908766621045, 0.02018386842926173, 0.020060715556614095, 0.019970155121820186, 0.019905412966441507, 0.019860328269953802, 0.019689549628068632, 0.019110038324468673, 0.018401772510693467, 0.01773443768827515, 0.01691379473734185, 0.0163889904882787, 0.015891976533507178, 0.015695148472402557, 0.015634975895130635, 0.01548249397414641, 0.015250362203767827, 0.01446715870868431, 0.013690714184349355, 0.013111437378948002, 0.01280400987898366, 0.012789088065484542, 0.012885508256999974, 0.012645414791893052, 0.012533763320360268, 0.01300792748125149, 0.014045480441271196, 0.015593406388961941, 0.017496649938682926, 0.01947963017829757, 0.021814960986639112, 0.0244888991790445, 0.027455202671237973, 0.030462142682767764, 0.03347516022004274, 0.03632355277573078, 0.03911728575744543, 0.041489125175428104, 0.043617926344794986, 0.04507509866910146, 0.045973158335007626, 0.046666313335408376, 0.047747911364257295, 0.04910015737076979, 0.051170936172887156, 0.05323921785426519, 0.05484930583024696, 0.05598397968583077, 0.056516639752925084, 0.05678375349578094, 0.05655312215346535, 0.05709318659280136, 0.05753330561326649, 0.05822424761198231, 0.05856641837777238, 0.058663546697002605, 0.05829520111627496, 0.058019458378357286, 0.05786276302771312, 0.057678835712609886, 0.05721489013034267, 0.05620972754199197, 0.05488023496470325, 0.05291870088860013, 0.05085359195424363, 0.04836971777146554, 0.045888993393773454, 0.04332790860019442, 0.040721243397433354, 0.03815348906679705, 0.03609755066086763, 0.03431153121207709, 0.03269994312791247, 0.03113246913067769, 0.029533434333839276, 0.02779284963423818, 0.02581340528028532, 0.023636664296078556, 0.021032966406022018, 0.018298152858289164, 0.015471223173718233, 0.012975006021594128, 0.011476514573927241, 0.011190786613452559, 0.012013514795745658, 0.013192708648177051, 0.0146026096239084, 0.016627808096549106, 0.019288816219412905, 0.022115031993867204, 0.024956066779425322, 0.027947127033299147, 0.030317719296220055, 0.03213024736687776, 0.033908117916643665, 0.035613155393420214, 0.03695858371541455, 0.0370883147011733, 0.035844860180821725, 0.03331269225961453, 0.030127822662769057, 0.026675716455458534, 0.02305094507263966, 0.019294584365168215, 0.016588874620184203, 0.013459760460278334, 0.010513659470637583, 0.008184205378854309, 0.005908681970234855, 0.003908372487361734, 0.002250880846271649, 0.001837561814419065, 0.003902446460586522, 0.00649131804032715, 0.008842266053540701, 0.011337576744963709, 0.013847821453172829, 0.016241515374979285, 0.018506880743639053, 0.020753891025054552, 0.022854281545735794, 0.025177910908837288, 0.027764777035113285, 0.0302577363231247, 0.032552204835272186, 0.033962244268502154, 0.03530995724171245, 0.036795414568091225, 0.03840706162943578, 0.039993850675796264, 0.04133645030179679, 0.04211247094820217, 0.04239213751353172, 0.042192499106345205, 0.04200269786908514, 0.041897190162155235, 0.041830932940717325, 0.04166737666619139, 0.04206882264734189, 0.0426127097658282, 0.042895687146734904, 0.04300135533202284, 0.04249799814293581, 0.041897582995049115, 0.04072077112408416, 0.03927976254850985, 0.037331499513228325, 0.035889992777759706, 0.03456359233645024, 0.033243529781910974, 0.03199033675126687, 0.03059935779738079, 0.029272240636492235, 0.027900707354997015, 0.02654938414970694, 0.02543173352052397, 0.024311103096379235, 0.023065212419431085, 0.021685454855791198, 0.02041159885695607, 0.019056064221564174, 0.017656707279948437, 0.01626614648165674, 0.015012383850973622, 0.013603567963072178, 0.012189757837366814, 0.010674529938407772, 0.009407142987148039, 0.008344525906195775, 0.007439054007672372, 0.0072034584519923735, 0.007775010970036668, 0.009047582903156274, 0.010731538882415681, 0.01253460028234948, 0.014333543563369548, 0.016070624592636203, 0.017817726146123574, 0.019557256660804743, 0.02116824086555951, 0.022529303997840977, 0.023628588936546305, 0.02391411988476377, 0.02359656311707365, 0.022355277074164143, 0.020961866673625245, 0.018393580144489934, 0.015660552711922182, 0.013874328661167971, 0.01254026736778108, 0.011812131260623127, 0.010800298354986543, 0.00961805971638548, 0.008471507575266851, 0.007656757785702683, 0.006719580941926242, 0.0056999472982024405, 0.005125787188458596, 0.00504686530895439, 0.005697178935649704, 0.006245540782853768, 0.0070976650798796875, 0.007900543705723831, 0.008755370167568399, 0.009807746909975117, 0.011209592216881203, 0.01276960312030194, 0.014467251258771754, 0.015865855510978952, 0.01751794577394112, 0.01978728846519214, 0.022540086452385207, 0.024859037758439572, 0.02589623397823137, 0.02611181133516041, 0.026565850619759173, 0.0272557734372972, 0.02776644526036269, 0.02799937699621002, 0.02818388188652303, 0.02806005928616626, 0.028083982827741123, 0.02781538632605852, 0.027763976455106594, 0.028120518002563644, 0.028688559534023904, 0.029389365084960088, 0.030059907204608147, 0.03052096911154336, 0.031053468449087778, 0.03142000488428638, 0.03173833045042581, 0.031892653890475096, 0.03198060527161537, 0.031944507243272385, 0.03180892531117334, 0.03180195743523648, 0.03175983113429147, 0.03185651864929952, 0.032146459060636644, 0.032526908876218445, 0.033087790299913135, 0.03370146462957083, 0.0342847740780508, 0.0344768243549477, 0.03441738754137779, 0.034008301029805295]",0.01270015008783326,0.04336101280699117,0.011918399594451248,0.0043869765625628165,0.0,0.0,0.009950139167231864,0.04336101280699117,0.011918399594451248,0.0043869765625628165,3.672,1717635304.3750546,2024-06-06_10-55-04
0.5059,-0.03912,0.4336788261145872,0.4623807649359453,-0.05091502608918351,0.4398969766994472,0.5059,-0.03912,0.4236176326409641,0.4623807649359453,-0.05091502608918351,0.4398969766994472,0.013333718053885597,"[0.011315756658919754, 0.012192407496521018, 0.01288995615295488, 0.01359963525141729, 0.014321891165186378, 0.015181047888625853, 0.01592941522152252, 0.01673874496494045, 0.01751440457689525, 0.01835087734908702, 0.019202544572813795, 0.020070622325609303, 0.02095627718778323, 0.02186061264947246, 0.022737260153569413, 0.023681097053535004, 0.024646250751560458, 0.025633386418693636, 0.02659237614956749, 0.027623542314219474, 0.0286250346734827, 0.029647102596467904, 0.03056454213255984, 0.031680305841655834, 0.03263530150735364, 0.033606764937046466, 0.034593095597664145, 0.03536350794006898, 0.035930760474075646, 0.03631257033147624, 0.03661317474198803, 0.03688385713543919, 0.03738127616234113, 0.037934719347479336, 0.03858163380471939, 0.03921882339006296, 0.03999131852533767, 0.04074980907886149, 0.04127472956039594, 0.04151563832077664, 0.04151964454301027, 0.04123464219442919, 0.04096829512038153, 0.04056460486818273, 0.04028281736824196, 0.04000166841569801, 0.03919762289117317, 0.037812479337396496, 0.03622310391275238, 0.03453579653228067, 0.0330206041779641, 0.031565009966306234, 0.03054064037737075, 0.029904305612678588, 0.029394155816597912, 0.028896840658953926, 0.02825322628704274, 0.027685220830545497, 0.02666364029859006, 0.025486033827772144, 0.02414387260068274, 0.023028867611909868, 0.022681878550084772, 0.02299235797660897, 0.02387546679328945, 0.024738332374206702, 0.025547718436096926, 0.026640938816603423, 0.02759836215880636, 0.028240938725365098, 0.028199955208514017, 0.028168175430310402, 0.02767018559717724, 0.027414861073674215, 0.027239233260695786, 0.0274939869379551, 0.027874761581110984, 0.02868161073982207, 0.029514734605865275, 0.030345172291974937, 0.031248268714928727, 0.032298002681611045, 0.033509628354587276, 0.0348066615601669, 0.03569061118903811, 0.03631377821401384, 0.03654105211474412, 0.03646788532881584, 0.03572808397059345, 0.03427781350345514, 0.03309813106562172, 0.031639416134799855, 0.02970329439236902, 0.027599049067936567, 0.02603054913364457, 0.024090316372098155, 0.02220132238001286, 0.02051452966091278, 0.019044426362309692, 0.017805605247084858, 0.01643252777018217, 0.01523003850809785, 0.01424180324883461, 0.013706552220618947, 0.0130880570946912, 0.012988920737072255, 0.013178248200839212, 0.013386796436950147, 0.01359897371732897, 0.01439195864266014, 0.015495810506657983, 0.016686507754200334, 0.01807173050136072, 0.019341411872889052, 0.020370802976522343, 0.0213787239197115, 0.02262888584538598, 0.02401686851684336, 0.025523335513576738, 0.026670410326906566, 0.02758824337325398, 0.02810647098585074, 0.028219175888028712, 0.02804128716256827, 0.027840212128430745, 0.02799079668741686, 0.027988272685847155, 0.02831306909632167, 0.028434723397990712, 0.0285549391753426, 0.02832607944879636, 0.02800347501499142, 0.027460301198426997, 0.02681840364884072, 0.026203190519756815, 0.02552364346313934, 0.024940794741503684, 0.024553643852497812, 0.024009602077058226, 0.023587486328410737, 0.023053226444370627, 0.02237349941244249, 0.021247392964358097, 0.01948489409103017, 0.01759577829009665, 0.015969918059865678, 0.014849832783247986, 0.014164911869984548, 0.013546042864334782, 0.01328357500957488, 0.012905521640083246, 0.012806686101790404, 0.01256569256360443, 0.01270015008783326, 0.013333718053885597, 0.014364706842779438, 0.015230812921928084, 0.016214173123414017, 0.017422309714956504, 0.01848297873673576, 0.019690103784110968, 0.02062988015396428, 0.021304326954883004, 0.021542023987470748, 0.021445001132587415, 0.02128479356968176, 0.021154257299581803, 0.020548768777841446, 0.020419411659703072, 0.020346908766621045, 0.02018386842926173, 0.020060715556614095, 0.019970155121820186, 0.019905412966441507, 0.019860328269953802, 0.019689549628068632, 0.019110038324468673, 0.018401772510693467, 0.01773443768827515, 0.01691379473734185, 0.0163889904882787, 0.015891976533507178, 0.015695148472402557, 0.015634975895130635, 0.01548249397414641, 0.015250362203767827, 0.01446715870868431, 0.013690714184349355, 0.013111437378948002, 0.01280400987898366, 0.012789088065484542, 0.012885508256999974, 0.012645414791893052, 0.012533763320360268, 0.01300792748125149, 0.014045480441271196, 0.015593406388961941, 0.017496649938682926, 0.01947963017829757, 0.021814960986639112, 0.0244888991790445, 0.027455202671237973, 0.030462142682767764, 0.03347516022004274, 0.03632355277573078, 0.03911728575744543, 0.041489125175428104, 0.043617926344794986, 0.04507509866910146, 0.045973158335007626, 0.046666313335408376, 0.047747911364257295, 0.04910015737076979, 0.051170936172887156, 0.05323921785426519, 0.05484930583024696, 0.05598397968583077, 0.056516639752925084, 0.05678375349578094, 0.05655312215346535, 0.05709318659280136, 0.05753330561326649, 0.05822424761198231, 0.05856641837777238, 0.058663546697002605, 0.05829520111627496, 0.058019458378357286, 0.05786276302771312, 0.057678835712609886, 0.05721489013034267, 0.05620972754199197, 0.05488023496470325, 0.05291870088860013, 0.05085359195424363, 0.04836971777146554, 0.045888993393773454, 0.04332790860019442, 0.040721243397433354, 0.03815348906679705, 0.03609755066086763, 0.03431153121207709, 0.03269994312791247, 0.03113246913067769, 0.029533434333839276, 0.02779284963423818, 0.02581340528028532, 0.023636664296078556, 0.021032966406022018, 0.018298152858289164, 0.015471223173718233, 0.012975006021594128, 0.011476514573927241, 0.011190786613452559, 0.012013514795745658, 0.013192708648177051, 0.0146026096239084, 0.016627808096549106, 0.019288816219412905, 0.022115031993867204, 0.024956066779425322, 0.027947127033299147, 0.030317719296220055, 0.03213024736687776, 0.033908117916643665, 0.035613155393420214, 0.03695858371541455, 0.0370883147011733, 0.035844860180821725, 0.03331269225961453, 0.030127822662769057, 0.026675716455458534, 0.02305094507263966, 0.019294584365168215, 0.016588874620184203, 0.013459760460278334, 0.010513659470637583, 0.008184205378854309, 0.005908681970234855, 0.003908372487361734, 0.002250880846271649, 0.001837561814419065, 0.003902446460586522, 0.00649131804032715, 0.008842266053540701, 0.011337576744963709, 0.013847821453172829, 0.016241515374979285, 0.018506880743639053, 0.020753891025054552, 0.022854281545735794, 0.025177910908837288, 0.027764777035113285, 0.0302577363231247, 0.032552204835272186, 0.033962244268502154, 0.03530995724171245, 0.036795414568091225, 0.03840706162943578, 0.039993850675796264, 0.04133645030179679, 0.04211247094820217, 0.04239213751353172, 0.042192499106345205, 0.04200269786908514, 0.041897190162155235, 0.041830932940717325, 0.04166737666619139, 0.04206882264734189, 0.0426127097658282, 0.042895687146734904, 0.04300135533202284, 0.04249799814293581, 0.041897582995049115, 0.04072077112408416, 0.03927976254850985, 0.037331499513228325, 0.035889992777759706, 0.03456359233645024, 0.033243529781910974, 0.03199033675126687, 0.03059935779738079, 0.029272240636492235, 0.027900707354997015, 0.02654938414970694, 0.02543173352052397, 0.024311103096379235, 0.023065212419431085, 0.021685454855791198, 0.02041159885695607, 0.019056064221564174, 0.017656707279948437, 0.01626614648165674, 0.015012383850973622, 0.013603567963072178, 0.012189757837366814, 0.010674529938407772, 0.009407142987148039, 0.008344525906195775, 0.007439054007672372, 0.0072034584519923735, 0.007775010970036668, 0.009047582903156274, 0.010731538882415681, 0.01253460028234948, 0.014333543563369548, 0.016070624592636203, 0.017817726146123574, 0.019557256660804743, 0.02116824086555951, 0.022529303997840977, 0.023628588936546305, 0.02391411988476377, 0.02359656311707365, 0.022355277074164143, 0.020961866673625245, 0.018393580144489934, 0.015660552711922182, 0.013874328661167971, 0.01254026736778108, 0.011812131260623127, 0.010800298354986543, 0.00961805971638548, 0.008471507575266851, 0.007656757785702683, 0.006719580941926242, 0.0056999472982024405, 0.005125787188458596, 0.00504686530895439, 0.005697178935649704, 0.006245540782853768, 0.0070976650798796875, 0.007900543705723831, 0.008755370167568399, 0.009807746909975117, 0.011209592216881203, 0.01276960312030194, 0.014467251258771754, 0.015865855510978952, 0.01751794577394112, 0.01978728846519214, 0.022540086452385207, 0.024859037758439572, 0.02589623397823137, 0.02611181133516041, 0.026565850619759173, 0.0272557734372972, 0.02776644526036269, 0.02799937699621002, 0.02818388188652303, 0.02806005928616626, 0.028083982827741123, 0.02781538632605852, 0.027763976455106594, 0.028120518002563644, 0.028688559534023904, 0.029389365084960088, 0.030059907204608147, 0.03052096911154336, 0.031053468449087778, 0.03142000488428638, 0.03173833045042581, 0.031892653890475096, 0.03198060527161537, 0.031944507243272385, 0.03180892531117334, 0.03180195743523648, 0.03175983113429147, 0.03185651864929952, 0.032146459060636644, 0.032526908876218445, 0.033087790299913135, 0.03370146462957083, 0.0342847740780508, 0.0344768243549477, 0.03441738754137779, 0.034008301029805295]",0.013333718053885597,0.043519235064054695,0.011795026089183508,0.006218150584860027,0.0,0.0,0.010061193473623109,0.043519235064054695,0.011795026089183508,0.006218150584860027,3.6959999999999997,1717635304.39897,2024-06-06_10-55-04
0.5059,-0.038400000000000004,0.4315310115132626,0.46224754976431986,-0.05021315106070388,0.4397037873388916,0.5059,-0.038400000000000004,0.42141828559212063,0.46224754976431986,-0.05021315106070388,0.4397037873388916,0.014364706842779438,"[0.011315756658919754, 0.012192407496521018, 0.01288995615295488, 0.01359963525141729, 0.014321891165186378, 0.015181047888625853, 0.01592941522152252, 0.01673874496494045, 0.01751440457689525, 0.01835087734908702, 0.019202544572813795, 0.020070622325609303, 0.02095627718778323, 0.02186061264947246, 0.022737260153569413, 0.023681097053535004, 0.024646250751560458, 0.025633386418693636, 0.02659237614956749, 0.027623542314219474, 0.0286250346734827, 0.029647102596467904, 0.03056454213255984, 0.031680305841655834, 0.03263530150735364, 0.033606764937046466, 0.034593095597664145, 0.03536350794006898, 0.035930760474075646, 0.03631257033147624, 0.03661317474198803, 0.03688385713543919, 0.03738127616234113, 0.037934719347479336, 0.03858163380471939, 0.03921882339006296, 0.03999131852533767, 0.04074980907886149, 0.04127472956039594, 0.04151563832077664, 0.04151964454301027, 0.04123464219442919, 0.04096829512038153, 0.04056460486818273, 0.04028281736824196, 0.04000166841569801, 0.03919762289117317, 0.037812479337396496, 0.03622310391275238, 0.03453579653228067, 0.0330206041779641, 0.031565009966306234, 0.03054064037737075, 0.029904305612678588, 0.029394155816597912, 0.028896840658953926, 0.02825322628704274, 0.027685220830545497, 0.02666364029859006, 0.025486033827772144, 0.02414387260068274, 0.023028867611909868, 0.022681878550084772, 0.02299235797660897, 0.02387546679328945, 0.024738332374206702, 0.025547718436096926, 0.026640938816603423, 0.02759836215880636, 0.028240938725365098, 0.028199955208514017, 0.028168175430310402, 0.02767018559717724, 0.027414861073674215, 0.027239233260695786, 0.0274939869379551, 0.027874761581110984, 0.02868161073982207, 0.029514734605865275, 0.030345172291974937, 0.031248268714928727, 0.032298002681611045, 0.033509628354587276, 0.0348066615601669, 0.03569061118903811, 0.03631377821401384, 0.03654105211474412, 0.03646788532881584, 0.03572808397059345, 0.03427781350345514, 0.03309813106562172, 0.031639416134799855, 0.02970329439236902, 0.027599049067936567, 0.02603054913364457, 0.024090316372098155, 0.02220132238001286, 0.02051452966091278, 0.019044426362309692, 0.017805605247084858, 0.01643252777018217, 0.01523003850809785, 0.01424180324883461, 0.013706552220618947, 0.0130880570946912, 0.012988920737072255, 0.013178248200839212, 0.013386796436950147, 0.01359897371732897, 0.01439195864266014, 0.015495810506657983, 0.016686507754200334, 0.01807173050136072, 0.019341411872889052, 0.020370802976522343, 0.0213787239197115, 0.02262888584538598, 0.02401686851684336, 0.025523335513576738, 0.026670410326906566, 0.02758824337325398, 0.02810647098585074, 0.028219175888028712, 0.02804128716256827, 0.027840212128430745, 0.02799079668741686, 0.027988272685847155, 0.02831306909632167, 0.028434723397990712, 0.0285549391753426, 0.02832607944879636, 0.02800347501499142, 0.027460301198426997, 0.02681840364884072, 0.026203190519756815, 0.02552364346313934, 0.024940794741503684, 0.024553643852497812, 0.024009602077058226, 0.023587486328410737, 0.023053226444370627, 0.02237349941244249, 0.021247392964358097, 0.01948489409103017, 0.01759577829009665, 0.015969918059865678, 0.014849832783247986, 0.014164911869984548, 0.013546042864334782, 0.01328357500957488, 0.012905521640083246, 0.012806686101790404, 0.01256569256360443, 0.01270015008783326, 0.013333718053885597, 0.014364706842779438, 0.015230812921928084, 0.016214173123414017, 0.017422309714956504, 0.01848297873673576, 0.019690103784110968, 0.02062988015396428, 0.021304326954883004, 0.021542023987470748, 0.021445001132587415, 0.02128479356968176, 0.021154257299581803, 0.020548768777841446, 0.020419411659703072, 0.020346908766621045, 0.02018386842926173, 0.020060715556614095, 0.019970155121820186, 0.019905412966441507, 0.019860328269953802, 0.019689549628068632, 0.019110038324468673, 0.018401772510693467, 0.01773443768827515, 0.01691379473734185, 0.0163889904882787, 0.015891976533507178, 0.015695148472402557, 0.015634975895130635, 0.01548249397414641, 0.015250362203767827, 0.01446715870868431, 0.013690714184349355, 0.013111437378948002, 0.01280400987898366, 0.012789088065484542, 0.012885508256999974, 0.012645414791893052, 0.012533763320360268, 0.01300792748125149, 0.014045480441271196, 0.015593406388961941, 0.017496649938682926, 0.01947963017829757, 0.021814960986639112, 0.0244888991790445, 0.027455202671237973, 0.030462142682767764, 0.03347516022004274, 0.03632355277573078, 0.03911728575744543, 0.041489125175428104, 0.043617926344794986, 0.04507509866910146, 0.045973158335007626, 0.046666313335408376, 0.047747911364257295, 0.04910015737076979, 0.051170936172887156, 0.05323921785426519, 0.05484930583024696, 0.05598397968583077, 0.056516639752925084, 0.05678375349578094, 0.05655312215346535, 0.05709318659280136, 0.05753330561326649, 0.05822424761198231, 0.05856641837777238, 0.058663546697002605, 0.05829520111627496, 0.058019458378357286, 0.05786276302771312, 0.057678835712609886, 0.05721489013034267, 0.05620972754199197, 0.05488023496470325, 0.05291870088860013, 0.05085359195424363, 0.04836971777146554, 0.045888993393773454, 0.04332790860019442, 0.040721243397433354, 0.03815348906679705, 0.03609755066086763, 0.03431153121207709, 0.03269994312791247, 0.03113246913067769, 0.029533434333839276, 0.02779284963423818, 0.02581340528028532, 0.023636664296078556, 0.021032966406022018, 0.018298152858289164, 0.015471223173718233, 0.012975006021594128, 0.011476514573927241, 0.011190786613452559, 0.012013514795745658, 0.013192708648177051, 0.0146026096239084, 0.016627808096549106, 0.019288816219412905, 0.022115031993867204, 0.024956066779425322, 0.027947127033299147, 0.030317719296220055, 0.03213024736687776, 0.033908117916643665, 0.035613155393420214, 0.03695858371541455, 0.0370883147011733, 0.035844860180821725, 0.03331269225961453, 0.030127822662769057, 0.026675716455458534, 0.02305094507263966, 0.019294584365168215, 0.016588874620184203, 0.013459760460278334, 0.010513659470637583, 0.008184205378854309, 0.005908681970234855, 0.003908372487361734, 0.002250880846271649, 0.001837561814419065, 0.003902446460586522, 0.00649131804032715, 0.008842266053540701, 0.011337576744963709, 0.013847821453172829, 0.016241515374979285, 0.018506880743639053, 0.020753891025054552, 0.022854281545735794, 0.025177910908837288, 0.027764777035113285, 0.0302577363231247, 0.032552204835272186, 0.033962244268502154, 0.03530995724171245, 0.036795414568091225, 0.03840706162943578, 0.039993850675796264, 0.04133645030179679, 0.04211247094820217, 0.04239213751353172, 0.042192499106345205, 0.04200269786908514, 0.041897190162155235, 0.041830932940717325, 0.04166737666619139, 0.04206882264734189, 0.0426127097658282, 0.042895687146734904, 0.04300135533202284, 0.04249799814293581, 0.041897582995049115, 0.04072077112408416, 0.03927976254850985, 0.037331499513228325, 0.035889992777759706, 0.03456359233645024, 0.033243529781910974, 0.03199033675126687, 0.03059935779738079, 0.029272240636492235, 0.027900707354997015, 0.02654938414970694, 0.02543173352052397, 0.024311103096379235, 0.023065212419431085, 0.021685454855791198, 0.02041159885695607, 0.019056064221564174, 0.017656707279948437, 0.01626614648165674, 0.015012383850973622, 0.013603567963072178, 0.012189757837366814, 0.010674529938407772, 0.009407142987148039, 0.008344525906195775, 0.007439054007672372, 0.0072034584519923735, 0.007775010970036668, 0.009047582903156274, 0.010731538882415681, 0.01253460028234948, 0.014333543563369548, 0.016070624592636203, 0.017817726146123574, 0.019557256660804743, 0.02116824086555951, 0.022529303997840977, 0.023628588936546305, 0.02391411988476377, 0.02359656311707365, 0.022355277074164143, 0.020961866673625245, 0.018393580144489934, 0.015660552711922182, 0.013874328661167971, 0.01254026736778108, 0.011812131260623127, 0.010800298354986543, 0.00961805971638548, 0.008471507575266851, 0.007656757785702683, 0.006719580941926242, 0.0056999472982024405, 0.005125787188458596, 0.00504686530895439, 0.005697178935649704, 0.006245540782853768, 0.0070976650798796875, 0.007900543705723831, 0.008755370167568399, 0.009807746909975117, 0.011209592216881203, 0.01276960312030194, 0.014467251258771754, 0.015865855510978952, 0.01751794577394112, 0.01978728846519214, 0.022540086452385207, 0.024859037758439572, 0.02589623397823137, 0.02611181133516041, 0.026565850619759173, 0.0272557734372972, 0.02776644526036269, 0.02799937699621002, 0.02818388188652303, 0.02806005928616626, 0.028083982827741123, 0.02781538632605852, 0.027763976455106594, 0.028120518002563644, 0.028688559534023904, 0.029389365084960088, 0.030059907204608147, 0.03052096911154336, 0.031053468449087778, 0.03142000488428638, 0.03173833045042581, 0.031892653890475096, 0.03198060527161537, 0.031944507243272385, 0.03180892531117334, 0.03180195743523648, 0.03175983113429147, 0.03185651864929952, 0.032146459060636644, 0.032526908876218445, 0.033087790299913135, 0.03370146462957083, 0.0342847740780508, 0.0344768243549477, 0.03441738754137779, 0.034008301029805295]",0.014364706842779438,0.04365245023568015,0.011813151060703873,0.008172775825628975,0.0,0.0,0.010112725921141985,0.04365245023568015,0.011813151060703873,0.008172775825628975,3.7199999999999998,1717635304.4231696,2024-06-06_10-55-04
0.5059,-0.03767999999999999,0.42930833044899924,0.4620318383533039,-0.04909192632362236,0.43939523284006987,0.5059,-0.03767999999999999,0.41915597645211283,0.4620318383533039,-0.04909192632362236,0.43939523284006987,0.015230812921928084,"[0.011315756658919754, 0.012192407496521018, 0.01288995615295488, 0.01359963525141729, 0.014321891165186378, 0.015181047888625853, 0.01592941522152252, 0.01673874496494045, 0.01751440457689525, 0.01835087734908702, 0.019202544572813795, 0.020070622325609303, 0.02095627718778323, 0.02186061264947246, 0.022737260153569413, 0.023681097053535004, 0.024646250751560458, 0.025633386418693636, 0.02659237614956749, 0.027623542314219474, 0.0286250346734827, 0.029647102596467904, 0.03056454213255984, 0.031680305841655834, 0.03263530150735364, 0.033606764937046466, 0.034593095597664145, 0.03536350794006898, 0.035930760474075646, 0.03631257033147624, 0.03661317474198803, 0.03688385713543919, 0.03738127616234113, 0.037934719347479336, 0.03858163380471939, 0.03921882339006296, 0.03999131852533767, 0.04074980907886149, 0.04127472956039594, 0.04151563832077664, 0.04151964454301027, 0.04123464219442919, 0.04096829512038153, 0.04056460486818273, 0.04028281736824196, 0.04000166841569801, 0.03919762289117317, 0.037812479337396496, 0.03622310391275238, 0.03453579653228067, 0.0330206041779641, 0.031565009966306234, 0.03054064037737075, 0.029904305612678588, 0.029394155816597912, 0.028896840658953926, 0.02825322628704274, 0.027685220830545497, 0.02666364029859006, 0.025486033827772144, 0.02414387260068274, 0.023028867611909868, 0.022681878550084772, 0.02299235797660897, 0.02387546679328945, 0.024738332374206702, 0.025547718436096926, 0.026640938816603423, 0.02759836215880636, 0.028240938725365098, 0.028199955208514017, 0.028168175430310402, 0.02767018559717724, 0.027414861073674215, 0.027239233260695786, 0.0274939869379551, 0.027874761581110984, 0.02868161073982207, 0.029514734605865275, 0.030345172291974937, 0.031248268714928727, 0.032298002681611045, 0.033509628354587276, 0.0348066615601669, 0.03569061118903811, 0.03631377821401384, 0.03654105211474412, 0.03646788532881584, 0.03572808397059345, 0.03427781350345514, 0.03309813106562172, 0.031639416134799855, 0.02970329439236902, 0.027599049067936567, 0.02603054913364457, 0.024090316372098155, 0.02220132238001286, 0.02051452966091278, 0.019044426362309692, 0.017805605247084858, 0.01643252777018217, 0.01523003850809785, 0.01424180324883461, 0.013706552220618947, 0.0130880570946912, 0.012988920737072255, 0.013178248200839212, 0.013386796436950147, 0.01359897371732897, 0.01439195864266014, 0.015495810506657983, 0.016686507754200334, 0.01807173050136072, 0.019341411872889052, 0.020370802976522343, 0.0213787239197115, 0.02262888584538598, 0.02401686851684336, 0.025523335513576738, 0.026670410326906566, 0.02758824337325398, 0.02810647098585074, 0.028219175888028712, 0.02804128716256827, 0.027840212128430745, 0.02799079668741686, 0.027988272685847155, 0.02831306909632167, 0.028434723397990712, 0.0285549391753426, 0.02832607944879636, 0.02800347501499142, 0.027460301198426997, 0.02681840364884072, 0.026203190519756815, 0.02552364346313934, 0.024940794741503684, 0.024553643852497812, 0.024009602077058226, 0.023587486328410737, 0.023053226444370627, 0.02237349941244249, 0.021247392964358097, 0.01948489409103017, 0.01759577829009665, 0.015969918059865678, 0.014849832783247986, 0.014164911869984548, 0.013546042864334782, 0.01328357500957488, 0.012905521640083246, 0.012806686101790404, 0.01256569256360443, 0.01270015008783326, 0.013333718053885597, 0.014364706842779438, 0.015230812921928084, 0.016214173123414017, 0.017422309714956504, 0.01848297873673576, 0.019690103784110968, 0.02062988015396428, 0.021304326954883004, 0.021542023987470748, 0.021445001132587415, 0.02128479356968176, 0.021154257299581803, 0.020548768777841446, 0.020419411659703072, 0.020346908766621045, 0.02018386842926173, 0.020060715556614095, 0.019970155121820186, 0.019905412966441507, 0.019860328269953802, 0.019689549628068632, 0.019110038324468673, 0.018401772510693467, 0.01773443768827515, 0.01691379473734185, 0.0163889904882787, 0.015891976533507178, 0.015695148472402557, 0.015634975895130635, 0.01548249397414641, 0.015250362203767827, 0.01446715870868431, 0.013690714184349355, 0.013111437378948002, 0.01280400987898366, 0.012789088065484542, 0.012885508256999974, 0.012645414791893052, 0.012533763320360268, 0.01300792748125149, 0.014045480441271196, 0.015593406388961941, 0.017496649938682926, 0.01947963017829757, 0.021814960986639112, 0.0244888991790445, 0.027455202671237973, 0.030462142682767764, 0.03347516022004274, 0.03632355277573078, 0.03911728575744543, 0.041489125175428104, 0.043617926344794986, 0.04507509866910146, 0.045973158335007626, 0.046666313335408376, 0.047747911364257295, 0.04910015737076979, 0.051170936172887156, 0.05323921785426519, 0.05484930583024696, 0.05598397968583077, 0.056516639752925084, 0.05678375349578094, 0.05655312215346535, 0.05709318659280136, 0.05753330561326649, 0.05822424761198231, 0.05856641837777238, 0.058663546697002605, 0.05829520111627496, 0.058019458378357286, 0.05786276302771312, 0.057678835712609886, 0.05721489013034267, 0.05620972754199197, 0.05488023496470325, 0.05291870088860013, 0.05085359195424363, 0.04836971777146554, 0.045888993393773454, 0.04332790860019442, 0.040721243397433354, 0.03815348906679705, 0.03609755066086763, 0.03431153121207709, 0.03269994312791247, 0.03113246913067769, 0.029533434333839276, 0.02779284963423818, 0.02581340528028532, 0.023636664296078556, 0.021032966406022018, 0.018298152858289164, 0.015471223173718233, 0.012975006021594128, 0.011476514573927241, 0.011190786613452559, 0.012013514795745658, 0.013192708648177051, 0.0146026096239084, 0.016627808096549106, 0.019288816219412905, 0.022115031993867204, 0.024956066779425322, 0.027947127033299147, 0.030317719296220055, 0.03213024736687776, 0.033908117916643665, 0.035613155393420214, 0.03695858371541455, 0.0370883147011733, 0.035844860180821725, 0.03331269225961453, 0.030127822662769057, 0.026675716455458534, 0.02305094507263966, 0.019294584365168215, 0.016588874620184203, 0.013459760460278334, 0.010513659470637583, 0.008184205378854309, 0.005908681970234855, 0.003908372487361734, 0.002250880846271649, 0.001837561814419065, 0.003902446460586522, 0.00649131804032715, 0.008842266053540701, 0.011337576744963709, 0.013847821453172829, 0.016241515374979285, 0.018506880743639053, 0.020753891025054552, 0.022854281545735794, 0.025177910908837288, 0.027764777035113285, 0.0302577363231247, 0.032552204835272186, 0.033962244268502154, 0.03530995724171245, 0.036795414568091225, 0.03840706162943578, 0.039993850675796264, 0.04133645030179679, 0.04211247094820217, 0.04239213751353172, 0.042192499106345205, 0.04200269786908514, 0.041897190162155235, 0.041830932940717325, 0.04166737666619139, 0.04206882264734189, 0.0426127097658282, 0.042895687146734904, 0.04300135533202284, 0.04249799814293581, 0.041897582995049115, 0.04072077112408416, 0.03927976254850985, 0.037331499513228325, 0.035889992777759706, 0.03456359233645024, 0.033243529781910974, 0.03199033675126687, 0.03059935779738079, 0.029272240636492235, 0.027900707354997015, 0.02654938414970694, 0.02543173352052397, 0.024311103096379235, 0.023065212419431085, 0.021685454855791198, 0.02041159885695607, 0.019056064221564174, 0.017656707279948437, 0.01626614648165674, 0.015012383850973622, 0.013603567963072178, 0.012189757837366814, 0.010674529938407772, 0.009407142987148039, 0.008344525906195775, 0.007439054007672372, 0.0072034584519923735, 0.007775010970036668, 0.009047582903156274, 0.010731538882415681, 0.01253460028234948, 0.014333543563369548, 0.016070624592636203, 0.017817726146123574, 0.019557256660804743, 0.02116824086555951, 0.022529303997840977, 0.023628588936546305, 0.02391411988476377, 0.02359656311707365, 0.022355277074164143, 0.020961866673625245, 0.018393580144489934, 0.015660552711922182, 0.013874328661167971, 0.01254026736778108, 0.011812131260623127, 0.010800298354986543, 0.00961805971638548, 0.008471507575266851, 0.007656757785702683, 0.006719580941926242, 0.0056999472982024405, 0.005125787188458596, 0.00504686530895439, 0.005697178935649704, 0.006245540782853768, 0.0070976650798796875, 0.007900543705723831, 0.008755370167568399, 0.009807746909975117, 0.011209592216881203, 0.01276960312030194, 0.014467251258771754, 0.015865855510978952, 0.01751794577394112, 0.01978728846519214, 0.022540086452385207, 0.024859037758439572, 0.02589623397823137, 0.02611181133516041, 0.026565850619759173, 0.0272557734372972, 0.02776644526036269, 0.02799937699621002, 0.02818388188652303, 0.02806005928616626, 0.028083982827741123, 0.02781538632605852, 0.027763976455106594, 0.028120518002563644, 0.028688559534023904, 0.029389365084960088, 0.030059907204608147, 0.03052096911154336, 0.031053468449087778, 0.03142000488428638, 0.03173833045042581, 0.031892653890475096, 0.03198060527161537, 0.031944507243272385, 0.03180892531117334, 0.03180195743523648, 0.03175983113429147, 0.03185651864929952, 0.032146459060636644, 0.032526908876218445, 0.033087790299913135, 0.03370146462957083, 0.0342847740780508, 0.0344768243549477, 0.03441738754137779, 0.034008301029805295]",0.015230812921928084,0.0438681616466961,0.011411926323622368,0.010086902391070629,0.0,0.0,0.01015235399688641,0.0438681616466961,0.011411926323622368,0.010086902391070629,3.744,1717635304.4479854,2024-06-06_10-55-04
0.5059,-0.03695999999999999,0.42702088343180516,0.46178540462715695,-0.04783316866953733,0.43904891789965705,0.5059,-0.03695999999999999,0.41682890135917433,0.46178540462715695,-0.04783316866953733,0.43904891789965705,0.016214173123414017,"[0.011315756658919754, 0.012192407496521018, 0.01288995615295488, 0.01359963525141729, 0.014321891165186378, 0.015181047888625853, 0.01592941522152252, 0.01673874496494045, 0.01751440457689525, 0.01835087734908702, 0.019202544572813795, 0.020070622325609303, 0.02095627718778323, 0.02186061264947246, 0.022737260153569413, 0.023681097053535004, 0.024646250751560458, 0.025633386418693636, 0.02659237614956749, 0.027623542314219474, 0.0286250346734827, 0.029647102596467904, 0.03056454213255984, 0.031680305841655834, 0.03263530150735364, 0.033606764937046466, 0.034593095597664145, 0.03536350794006898, 0.035930760474075646, 0.03631257033147624, 0.03661317474198803, 0.03688385713543919, 0.03738127616234113, 0.037934719347479336, 0.03858163380471939, 0.03921882339006296, 0.03999131852533767, 0.04074980907886149, 0.04127472956039594, 0.04151563832077664, 0.04151964454301027, 0.04123464219442919, 0.04096829512038153, 0.04056460486818273, 0.04028281736824196, 0.04000166841569801, 0.03919762289117317, 0.037812479337396496, 0.03622310391275238, 0.03453579653228067, 0.0330206041779641, 0.031565009966306234, 0.03054064037737075, 0.029904305612678588, 0.029394155816597912, 0.028896840658953926, 0.02825322628704274, 0.027685220830545497, 0.02666364029859006, 0.025486033827772144, 0.02414387260068274, 0.023028867611909868, 0.022681878550084772, 0.02299235797660897, 0.02387546679328945, 0.024738332374206702, 0.025547718436096926, 0.026640938816603423, 0.02759836215880636, 0.028240938725365098, 0.028199955208514017, 0.028168175430310402, 0.02767018559717724, 0.027414861073674215, 0.027239233260695786, 0.0274939869379551, 0.027874761581110984, 0.02868161073982207, 0.029514734605865275, 0.030345172291974937, 0.031248268714928727, 0.032298002681611045, 0.033509628354587276, 0.0348066615601669, 0.03569061118903811, 0.03631377821401384, 0.03654105211474412, 0.03646788532881584, 0.03572808397059345, 0.03427781350345514, 0.03309813106562172, 0.031639416134799855, 0.02970329439236902, 0.027599049067936567, 0.02603054913364457, 0.024090316372098155, 0.02220132238001286, 0.02051452966091278, 0.019044426362309692, 0.017805605247084858, 0.01643252777018217, 0.01523003850809785, 0.01424180324883461, 0.013706552220618947, 0.0130880570946912, 0.012988920737072255, 0.013178248200839212, 0.013386796436950147, 0.01359897371732897, 0.01439195864266014, 0.015495810506657983, 0.016686507754200334, 0.01807173050136072, 0.019341411872889052, 0.020370802976522343, 0.0213787239197115, 0.02262888584538598, 0.02401686851684336, 0.025523335513576738, 0.026670410326906566, 0.02758824337325398, 0.02810647098585074, 0.028219175888028712, 0.02804128716256827, 0.027840212128430745, 0.02799079668741686, 0.027988272685847155, 0.02831306909632167, 0.028434723397990712, 0.0285549391753426, 0.02832607944879636, 0.02800347501499142, 0.027460301198426997, 0.02681840364884072, 0.026203190519756815, 0.02552364346313934, 0.024940794741503684, 0.024553643852497812, 0.024009602077058226, 0.023587486328410737, 0.023053226444370627, 0.02237349941244249, 0.021247392964358097, 0.01948489409103017, 0.01759577829009665, 0.015969918059865678, 0.014849832783247986, 0.014164911869984548, 0.013546042864334782, 0.01328357500957488, 0.012905521640083246, 0.012806686101790404, 0.01256569256360443, 0.01270015008783326, 0.013333718053885597, 0.014364706842779438, 0.015230812921928084, 0.016214173123414017, 0.017422309714956504, 0.01848297873673576, 0.019690103784110968, 0.02062988015396428, 0.021304326954883004, 0.021542023987470748, 0.021445001132587415, 0.02128479356968176, 0.021154257299581803, 0.020548768777841446, 0.020419411659703072, 0.020346908766621045, 0.02018386842926173, 0.020060715556614095, 0.019970155121820186, 0.019905412966441507, 0.019860328269953802, 0.019689549628068632, 0.019110038324468673, 0.018401772510693467, 0.01773443768827515, 0.01691379473734185, 0.0163889904882787, 0.015891976533507178, 0.015695148472402557, 0.015634975895130635, 0.01548249397414641, 0.015250362203767827, 0.01446715870868431, 0.013690714184349355, 0.013111437378948002, 0.01280400987898366, 0.012789088065484542, 0.012885508256999974, 0.012645414791893052, 0.012533763320360268, 0.01300792748125149, 0.014045480441271196, 0.015593406388961941, 0.017496649938682926, 0.01947963017829757, 0.021814960986639112, 0.0244888991790445, 0.027455202671237973, 0.030462142682767764, 0.03347516022004274, 0.03632355277573078, 0.03911728575744543, 0.041489125175428104, 0.043617926344794986, 0.04507509866910146, 0.045973158335007626, 0.046666313335408376, 0.047747911364257295, 0.04910015737076979, 0.051170936172887156, 0.05323921785426519, 0.05484930583024696, 0.05598397968583077, 0.056516639752925084, 0.05678375349578094, 0.05655312215346535, 0.05709318659280136, 0.05753330561326649, 0.05822424761198231, 0.05856641837777238, 0.058663546697002605, 0.05829520111627496, 0.058019458378357286, 0.05786276302771312, 0.057678835712609886, 0.05721489013034267, 0.05620972754199197, 0.05488023496470325, 0.05291870088860013, 0.05085359195424363, 0.04836971777146554, 0.045888993393773454, 0.04332790860019442, 0.040721243397433354, 0.03815348906679705, 0.03609755066086763, 0.03431153121207709, 0.03269994312791247, 0.03113246913067769, 0.029533434333839276, 0.02779284963423818, 0.02581340528028532, 0.023636664296078556, 0.021032966406022018, 0.018298152858289164, 0.015471223173718233, 0.012975006021594128, 0.011476514573927241, 0.011190786613452559, 0.012013514795745658, 0.013192708648177051, 0.0146026096239084, 0.016627808096549106, 0.019288816219412905, 0.022115031993867204, 0.024956066779425322, 0.027947127033299147, 0.030317719296220055, 0.03213024736687776, 0.033908117916643665, 0.035613155393420214, 0.03695858371541455, 0.0370883147011733, 0.035844860180821725, 0.03331269225961453, 0.030127822662769057, 0.026675716455458534, 0.02305094507263966, 0.019294584365168215, 0.016588874620184203, 0.013459760460278334, 0.010513659470637583, 0.008184205378854309, 0.005908681970234855, 0.003908372487361734, 0.002250880846271649, 0.001837561814419065, 0.003902446460586522, 0.00649131804032715, 0.008842266053540701, 0.011337576744963709, 0.013847821453172829, 0.016241515374979285, 0.018506880743639053, 0.020753891025054552, 0.022854281545735794, 0.025177910908837288, 0.027764777035113285, 0.0302577363231247, 0.032552204835272186, 0.033962244268502154, 0.03530995724171245, 0.036795414568091225, 0.03840706162943578, 0.039993850675796264, 0.04133645030179679, 0.04211247094820217, 0.04239213751353172, 0.042192499106345205, 0.04200269786908514, 0.041897190162155235, 0.041830932940717325, 0.04166737666619139, 0.04206882264734189, 0.0426127097658282, 0.042895687146734904, 0.04300135533202284, 0.04249799814293581, 0.041897582995049115, 0.04072077112408416, 0.03927976254850985, 0.037331499513228325, 0.035889992777759706, 0.03456359233645024, 0.033243529781910974, 0.03199033675126687, 0.03059935779738079, 0.029272240636492235, 0.027900707354997015, 0.02654938414970694, 0.02543173352052397, 0.024311103096379235, 0.023065212419431085, 0.021685454855791198, 0.02041159885695607, 0.019056064221564174, 0.017656707279948437, 0.01626614648165674, 0.015012383850973622, 0.013603567963072178, 0.012189757837366814, 0.010674529938407772, 0.009407142987148039, 0.008344525906195775, 0.007439054007672372, 0.0072034584519923735, 0.007775010970036668, 0.009047582903156274, 0.010731538882415681, 0.01253460028234948, 0.014333543563369548, 0.016070624592636203, 0.017817726146123574, 0.019557256660804743, 0.02116824086555951, 0.022529303997840977, 0.023628588936546305, 0.02391411988476377, 0.02359656311707365, 0.022355277074164143, 0.020961866673625245, 0.018393580144489934, 0.015660552711922182, 0.013874328661167971, 0.01254026736778108, 0.011812131260623127, 0.010800298354986543, 0.00961805971638548, 0.008471507575266851, 0.007656757785702683, 0.006719580941926242, 0.0056999472982024405, 0.005125787188458596, 0.00504686530895439, 0.005697178935649704, 0.006245540782853768, 0.0070976650798796875, 0.007900543705723831, 0.008755370167568399, 0.009807746909975117, 0.011209592216881203, 0.01276960312030194, 0.014467251258771754, 0.015865855510978952, 0.01751794577394112, 0.01978728846519214, 0.022540086452385207, 0.024859037758439572, 0.02589623397823137, 0.02611181133516041, 0.026565850619759173, 0.0272557734372972, 0.02776644526036269, 0.02799937699621002, 0.02818388188652303, 0.02806005928616626, 0.028083982827741123, 0.02781538632605852, 0.027763976455106594, 0.028120518002563644, 0.028688559534023904, 0.029389365084960088, 0.030059907204608147, 0.03052096911154336, 0.031053468449087778, 0.03142000488428638, 0.03173833045042581, 0.031892653890475096, 0.03198060527161537, 0.031944507243272385, 0.03180892531117334, 0.03180195743523648, 0.03175983113429147, 0.03185651864929952, 0.032146459060636644, 0.032526908876218445, 0.033087790299913135, 0.03370146462957083, 0.0342847740780508, 0.0344768243549477, 0.03441738754137779, 0.034008301029805295]",0.016214173123414017,0.04411459537284307,0.010873168669537338,0.012028034467851889,0.0,0.0,0.010191982072630834,0.04411459537284307,0.010873168669537338,0.012028034467851889,3.7680000000000002,1717635304.4710474,2024-06-06_10-55-04
0.5059,-0.03624000000000001,0.42467922355558335,0.4615350142827245,-0.04657719575136639,0.4387034618522539,0.5059,-0.03624000000000001,0.4144476134072081,0.4615350142827245,-0.04657719575136639,0.4387034618522539,0.017422309714956504,"[0.011315756658919754, 0.012192407496521018, 0.01288995615295488, 0.01359963525141729, 0.014321891165186378, 0.015181047888625853, 0.01592941522152252, 0.01673874496494045, 0.01751440457689525, 0.01835087734908702, 0.019202544572813795, 0.020070622325609303, 0.02095627718778323, 0.02186061264947246, 0.022737260153569413, 0.023681097053535004, 0.024646250751560458, 0.025633386418693636, 0.02659237614956749, 0.027623542314219474, 0.0286250346734827, 0.029647102596467904, 0.03056454213255984, 0.031680305841655834, 0.03263530150735364, 0.033606764937046466, 0.034593095597664145, 0.03536350794006898, 0.035930760474075646, 0.03631257033147624, 0.03661317474198803, 0.03688385713543919, 0.03738127616234113, 0.037934719347479336, 0.03858163380471939, 0.03921882339006296, 0.03999131852533767, 0.04074980907886149, 0.04127472956039594, 0.04151563832077664, 0.04151964454301027, 0.04123464219442919, 0.04096829512038153, 0.04056460486818273, 0.04028281736824196, 0.04000166841569801, 0.03919762289117317, 0.037812479337396496, 0.03622310391275238, 0.03453579653228067, 0.0330206041779641, 0.031565009966306234, 0.03054064037737075, 0.029904305612678588, 0.029394155816597912, 0.028896840658953926, 0.02825322628704274, 0.027685220830545497, 0.02666364029859006, 0.025486033827772144, 0.02414387260068274, 0.023028867611909868, 0.022681878550084772, 0.02299235797660897, 0.02387546679328945, 0.024738332374206702, 0.025547718436096926, 0.026640938816603423, 0.02759836215880636, 0.028240938725365098, 0.028199955208514017, 0.028168175430310402, 0.02767018559717724, 0.027414861073674215, 0.027239233260695786, 0.0274939869379551, 0.027874761581110984, 0.02868161073982207, 0.029514734605865275, 0.030345172291974937, 0.031248268714928727, 0.032298002681611045, 0.033509628354587276, 0.0348066615601669, 0.03569061118903811, 0.03631377821401384, 0.03654105211474412, 0.03646788532881584, 0.03572808397059345, 0.03427781350345514, 0.03309813106562172, 0.031639416134799855, 0.02970329439236902, 0.027599049067936567, 0.02603054913364457, 0.024090316372098155, 0.02220132238001286, 0.02051452966091278, 0.019044426362309692, 0.017805605247084858, 0.01643252777018217, 0.01523003850809785, 0.01424180324883461, 0.013706552220618947, 0.0130880570946912, 0.012988920737072255, 0.013178248200839212, 0.013386796436950147, 0.01359897371732897, 0.01439195864266014, 0.015495810506657983, 0.016686507754200334, 0.01807173050136072, 0.019341411872889052, 0.020370802976522343, 0.0213787239197115, 0.02262888584538598, 0.02401686851684336, 0.025523335513576738, 0.026670410326906566, 0.02758824337325398, 0.02810647098585074, 0.028219175888028712, 0.02804128716256827, 0.027840212128430745, 0.02799079668741686, 0.027988272685847155, 0.02831306909632167, 0.028434723397990712, 0.0285549391753426, 0.02832607944879636, 0.02800347501499142, 0.027460301198426997, 0.02681840364884072, 0.026203190519756815, 0.02552364346313934, 0.024940794741503684, 0.024553643852497812, 0.024009602077058226, 0.023587486328410737, 0.023053226444370627, 0.02237349941244249, 0.021247392964358097, 0.01948489409103017, 0.01759577829009665, 0.015969918059865678, 0.014849832783247986, 0.014164911869984548, 0.013546042864334782, 0.01328357500957488, 0.012905521640083246, 0.012806686101790404, 0.01256569256360443, 0.01270015008783326, 0.013333718053885597, 0.014364706842779438, 0.015230812921928084, 0.016214173123414017, 0.017422309714956504, 0.01848297873673576, 0.019690103784110968, 0.02062988015396428, 0.021304326954883004, 0.021542023987470748, 0.021445001132587415, 0.02128479356968176, 0.021154257299581803, 0.020548768777841446, 0.020419411659703072, 0.020346908766621045, 0.02018386842926173, 0.020060715556614095, 0.019970155121820186, 0.019905412966441507, 0.019860328269953802, 0.019689549628068632, 0.019110038324468673, 0.018401772510693467, 0.01773443768827515, 0.01691379473734185, 0.0163889904882787, 0.015891976533507178, 0.015695148472402557, 0.015634975895130635, 0.01548249397414641, 0.015250362203767827, 0.01446715870868431, 0.013690714184349355, 0.013111437378948002, 0.01280400987898366, 0.012789088065484542, 0.012885508256999974, 0.012645414791893052, 0.012533763320360268, 0.01300792748125149, 0.014045480441271196, 0.015593406388961941, 0.017496649938682926, 0.01947963017829757, 0.021814960986639112, 0.0244888991790445, 0.027455202671237973, 0.030462142682767764, 0.03347516022004274, 0.03632355277573078, 0.03911728575744543, 0.041489125175428104, 0.043617926344794986, 0.04507509866910146, 0.045973158335007626, 0.046666313335408376, 0.047747911364257295, 0.04910015737076979, 0.051170936172887156, 0.05323921785426519, 0.05484930583024696, 0.05598397968583077, 0.056516639752925084, 0.05678375349578094, 0.05655312215346535, 0.05709318659280136, 0.05753330561326649, 0.05822424761198231, 0.05856641837777238, 0.058663546697002605, 0.05829520111627496, 0.058019458378357286, 0.05786276302771312, 0.057678835712609886, 0.05721489013034267, 0.05620972754199197, 0.05488023496470325, 0.05291870088860013, 0.05085359195424363, 0.04836971777146554, 0.045888993393773454, 0.04332790860019442, 0.040721243397433354, 0.03815348906679705, 0.03609755066086763, 0.03431153121207709, 0.03269994312791247, 0.03113246913067769, 0.029533434333839276, 0.02779284963423818, 0.02581340528028532, 0.023636664296078556, 0.021032966406022018, 0.018298152858289164, 0.015471223173718233, 0.012975006021594128, 0.011476514573927241, 0.011190786613452559, 0.012013514795745658, 0.013192708648177051, 0.0146026096239084, 0.016627808096549106, 0.019288816219412905, 0.022115031993867204, 0.024956066779425322, 0.027947127033299147, 0.030317719296220055, 0.03213024736687776, 0.033908117916643665, 0.035613155393420214, 0.03695858371541455, 0.0370883147011733, 0.035844860180821725, 0.03331269225961453, 0.030127822662769057, 0.026675716455458534, 0.02305094507263966, 0.019294584365168215, 0.016588874620184203, 0.013459760460278334, 0.010513659470637583, 0.008184205378854309, 0.005908681970234855, 0.003908372487361734, 0.002250880846271649, 0.001837561814419065, 0.003902446460586522, 0.00649131804032715, 0.008842266053540701, 0.011337576744963709, 0.013847821453172829, 0.016241515374979285, 0.018506880743639053, 0.020753891025054552, 0.022854281545735794, 0.025177910908837288, 0.027764777035113285, 0.0302577363231247, 0.032552204835272186, 0.033962244268502154, 0.03530995724171245, 0.036795414568091225, 0.03840706162943578, 0.039993850675796264, 0.04133645030179679, 0.04211247094820217, 0.04239213751353172, 0.042192499106345205, 0.04200269786908514, 0.041897190162155235, 0.041830932940717325, 0.04166737666619139, 0.04206882264734189, 0.0426127097658282, 0.042895687146734904, 0.04300135533202284, 0.04249799814293581, 0.041897582995049115, 0.04072077112408416, 0.03927976254850985, 0.037331499513228325, 0.035889992777759706, 0.03456359233645024, 0.033243529781910974, 0.03199033675126687, 0.03059935779738079, 0.029272240636492235, 0.027900707354997015, 0.02654938414970694, 0.02543173352052397, 0.024311103096379235, 0.023065212419431085, 0.021685454855791198, 0.02041159885695607, 0.019056064221564174, 0.017656707279948437, 0.01626614648165674, 0.015012383850973622, 0.013603567963072178, 0.012189757837366814, 0.010674529938407772, 0.009407142987148039, 0.008344525906195775, 0.007439054007672372, 0.0072034584519923735, 0.007775010970036668, 0.009047582903156274, 0.010731538882415681, 0.01253460028234948, 0.014333543563369548, 0.016070624592636203, 0.017817726146123574, 0.019557256660804743, 0.02116824086555951, 0.022529303997840977, 0.023628588936546305, 0.02391411988476377, 0.02359656311707365, 0.022355277074164143, 0.020961866673625245, 0.018393580144489934, 0.015660552711922182, 0.013874328661167971, 0.01254026736778108, 0.011812131260623127, 0.010800298354986543, 0.00961805971638548, 0.008471507575266851, 0.007656757785702683, 0.006719580941926242, 0.0056999472982024405, 0.005125787188458596, 0.00504686530895439, 0.005697178935649704, 0.006245540782853768, 0.0070976650798796875, 0.007900543705723831, 0.008755370167568399, 0.009807746909975117, 0.011209592216881203, 0.01276960312030194, 0.014467251258771754, 0.015865855510978952, 0.01751794577394112, 0.01978728846519214, 0.022540086452385207, 0.024859037758439572, 0.02589623397823137, 0.02611181133516041, 0.026565850619759173, 0.0272557734372972, 0.02776644526036269, 0.02799937699621002, 0.02818388188652303, 0.02806005928616626, 0.028083982827741123, 0.02781538632605852, 0.027763976455106594, 0.028120518002563644, 0.028688559534023904, 0.029389365084960088, 0.030059907204608147, 0.03052096911154336, 0.031053468449087778, 0.03142000488428638, 0.03173833045042581, 0.031892653890475096, 0.03198060527161537, 0.031944507243272385, 0.03180892531117334, 0.03180195743523648, 0.03175983113429147, 0.03185651864929952, 0.032146459060636644, 0.032526908876218445, 0.033087790299913135, 0.03370146462957083, 0.0342847740780508, 0.0344768243549477, 0.03441738754137779, 0.034008301029805295]",0.017422309714956504,0.04436498571727554,0.01033719575136638,0.014024238296670544,0.0,0.0,0.010231610148375259,0.04436498571727554,0.01033719575136638,0.014024238296670544,3.792,1717635304.4950123,2024-06-06_10-55-04
0.5059,-0.035519999999999996,0.4222943054842507,0.4612714242425517,-0.045015146210587914,0.43815188100581715,0.5059,-0.035519999999999996,0.41204731506811043,0.4612714242425517,-0.045015146210587914,0.43815188100581715,0.01848297873673576,"[0.011315756658919754, 0.012192407496521018, 0.01288995615295488, 0.01359963525141729, 0.014321891165186378, 0.015181047888625853, 0.01592941522152252, 0.01673874496494045, 0.01751440457689525, 0.01835087734908702, 0.019202544572813795, 0.020070622325609303, 0.02095627718778323, 0.02186061264947246, 0.022737260153569413, 0.023681097053535004, 0.024646250751560458, 0.025633386418693636, 0.02659237614956749, 0.027623542314219474, 0.0286250346734827, 0.029647102596467904, 0.03056454213255984, 0.031680305841655834, 0.03263530150735364, 0.033606764937046466, 0.034593095597664145, 0.03536350794006898, 0.035930760474075646, 0.03631257033147624, 0.03661317474198803, 0.03688385713543919, 0.03738127616234113, 0.037934719347479336, 0.03858163380471939, 0.03921882339006296, 0.03999131852533767, 0.04074980907886149, 0.04127472956039594, 0.04151563832077664, 0.04151964454301027, 0.04123464219442919, 0.04096829512038153, 0.04056460486818273, 0.04028281736824196, 0.04000166841569801, 0.03919762289117317, 0.037812479337396496, 0.03622310391275238, 0.03453579653228067, 0.0330206041779641, 0.031565009966306234, 0.03054064037737075, 0.029904305612678588, 0.029394155816597912, 0.028896840658953926, 0.02825322628704274, 0.027685220830545497, 0.02666364029859006, 0.025486033827772144, 0.02414387260068274, 0.023028867611909868, 0.022681878550084772, 0.02299235797660897, 0.02387546679328945, 0.024738332374206702, 0.025547718436096926, 0.026640938816603423, 0.02759836215880636, 0.028240938725365098, 0.028199955208514017, 0.028168175430310402, 0.02767018559717724, 0.027414861073674215, 0.027239233260695786, 0.0274939869379551, 0.027874761581110984, 0.02868161073982207, 0.029514734605865275, 0.030345172291974937, 0.031248268714928727, 0.032298002681611045, 0.033509628354587276, 0.0348066615601669, 0.03569061118903811, 0.03631377821401384, 0.03654105211474412, 0.03646788532881584, 0.03572808397059345, 0.03427781350345514, 0.03309813106562172, 0.031639416134799855, 0.02970329439236902, 0.027599049067936567, 0.02603054913364457, 0.024090316372098155, 0.02220132238001286, 0.02051452966091278, 0.019044426362309692, 0.017805605247084858, 0.01643252777018217, 0.01523003850809785, 0.01424180324883461, 0.013706552220618947, 0.0130880570946912, 0.012988920737072255, 0.013178248200839212, 0.013386796436950147, 0.01359897371732897, 0.01439195864266014, 0.015495810506657983, 0.016686507754200334, 0.01807173050136072, 0.019341411872889052, 0.020370802976522343, 0.0213787239197115, 0.02262888584538598, 0.02401686851684336, 0.025523335513576738, 0.026670410326906566, 0.02758824337325398, 0.02810647098585074, 0.028219175888028712, 0.02804128716256827, 0.027840212128430745, 0.02799079668741686, 0.027988272685847155, 0.02831306909632167, 0.028434723397990712, 0.0285549391753426, 0.02832607944879636, 0.02800347501499142, 0.027460301198426997, 0.02681840364884072, 0.026203190519756815, 0.02552364346313934, 0.024940794741503684, 0.024553643852497812, 0.024009602077058226, 0.023587486328410737, 0.023053226444370627, 0.02237349941244249, 0.021247392964358097, 0.01948489409103017, 0.01759577829009665, 0.015969918059865678, 0.014849832783247986, 0.014164911869984548, 0.013546042864334782, 0.01328357500957488, 0.012905521640083246, 0.012806686101790404, 0.01256569256360443, 0.01270015008783326, 0.013333718053885597, 0.014364706842779438, 0.015230812921928084, 0.016214173123414017, 0.017422309714956504, 0.01848297873673576, 0.019690103784110968, 0.02062988015396428, 0.021304326954883004, 0.021542023987470748, 0.021445001132587415, 0.02128479356968176, 0.021154257299581803, 0.020548768777841446, 0.020419411659703072, 0.020346908766621045, 0.02018386842926173, 0.020060715556614095, 0.019970155121820186, 0.019905412966441507, 0.019860328269953802, 0.019689549628068632, 0.019110038324468673, 0.018401772510693467, 0.01773443768827515, 0.01691379473734185, 0.0163889904882787, 0.015891976533507178, 0.015695148472402557, 0.015634975895130635, 0.01548249397414641, 0.015250362203767827, 0.01446715870868431, 0.013690714184349355, 0.013111437378948002, 0.01280400987898366, 0.012789088065484542, 0.012885508256999974, 0.012645414791893052, 0.012533763320360268, 0.01300792748125149, 0.014045480441271196, 0.015593406388961941, 0.017496649938682926, 0.01947963017829757, 0.021814960986639112, 0.0244888991790445, 0.027455202671237973, 0.030462142682767764, 0.03347516022004274, 0.03632355277573078, 0.03911728575744543, 0.041489125175428104, 0.043617926344794986, 0.04507509866910146, 0.045973158335007626, 0.046666313335408376, 0.047747911364257295, 0.04910015737076979, 0.051170936172887156, 0.05323921785426519, 0.05484930583024696, 0.05598397968583077, 0.056516639752925084, 0.05678375349578094, 0.05655312215346535, 0.05709318659280136, 0.05753330561326649, 0.05822424761198231, 0.05856641837777238, 0.058663546697002605, 0.05829520111627496, 0.058019458378357286, 0.05786276302771312, 0.057678835712609886, 0.05721489013034267, 0.05620972754199197, 0.05488023496470325, 0.05291870088860013, 0.05085359195424363, 0.04836971777146554, 0.045888993393773454, 0.04332790860019442, 0.040721243397433354, 0.03815348906679705, 0.03609755066086763, 0.03431153121207709, 0.03269994312791247, 0.03113246913067769, 0.029533434333839276, 0.02779284963423818, 0.02581340528028532, 0.023636664296078556, 0.021032966406022018, 0.018298152858289164, 0.015471223173718233, 0.012975006021594128, 0.011476514573927241, 0.011190786613452559, 0.012013514795745658, 0.013192708648177051, 0.0146026096239084, 0.016627808096549106, 0.019288816219412905, 0.022115031993867204, 0.024956066779425322, 0.027947127033299147, 0.030317719296220055, 0.03213024736687776, 0.033908117916643665, 0.035613155393420214, 0.03695858371541455, 0.0370883147011733, 0.035844860180821725, 0.03331269225961453, 0.030127822662769057, 0.026675716455458534, 0.02305094507263966, 0.019294584365168215, 0.016588874620184203, 0.013459760460278334, 0.010513659470637583, 0.008184205378854309, 0.005908681970234855, 0.003908372487361734, 0.002250880846271649, 0.001837561814419065, 0.003902446460586522, 0.00649131804032715, 0.008842266053540701, 0.011337576744963709, 0.013847821453172829, 0.016241515374979285, 0.018506880743639053, 0.020753891025054552, 0.022854281545735794, 0.025177910908837288, 0.027764777035113285, 0.0302577363231247, 0.032552204835272186, 0.033962244268502154, 0.03530995724171245, 0.036795414568091225, 0.03840706162943578, 0.039993850675796264, 0.04133645030179679, 0.04211247094820217, 0.04239213751353172, 0.042192499106345205, 0.04200269786908514, 0.041897190162155235, 0.041830932940717325, 0.04166737666619139, 0.04206882264734189, 0.0426127097658282, 0.042895687146734904, 0.04300135533202284, 0.04249799814293581, 0.041897582995049115, 0.04072077112408416, 0.03927976254850985, 0.037331499513228325, 0.035889992777759706, 0.03456359233645024, 0.033243529781910974, 0.03199033675126687, 0.03059935779738079, 0.029272240636492235, 0.027900707354997015, 0.02654938414970694, 0.02543173352052397, 0.024311103096379235, 0.023065212419431085, 0.021685454855791198, 0.02041159885695607, 0.019056064221564174, 0.017656707279948437, 0.01626614648165674, 0.015012383850973622, 0.013603567963072178, 0.012189757837366814, 0.010674529938407772, 0.009407142987148039, 0.008344525906195775, 0.007439054007672372, 0.0072034584519923735, 0.007775010970036668, 0.009047582903156274, 0.010731538882415681, 0.01253460028234948, 0.014333543563369548, 0.016070624592636203, 0.017817726146123574, 0.019557256660804743, 0.02116824086555951, 0.022529303997840977, 0.023628588936546305, 0.02391411988476377, 0.02359656311707365, 0.022355277074164143, 0.020961866673625245, 0.018393580144489934, 0.015660552711922182, 0.013874328661167971, 0.01254026736778108, 0.011812131260623127, 0.010800298354986543, 0.00961805971638548, 0.008471507575266851, 0.007656757785702683, 0.006719580941926242, 0.0056999472982024405, 0.005125787188458596, 0.00504686530895439, 0.005697178935649704, 0.006245540782853768, 0.0070976650798796875, 0.007900543705723831, 0.008755370167568399, 0.009807746909975117, 0.011209592216881203, 0.01276960312030194, 0.014467251258771754, 0.015865855510978952, 0.01751794577394112, 0.01978728846519214, 0.022540086452385207, 0.024859037758439572, 0.02589623397823137, 0.02611181133516041, 0.026565850619759173, 0.0272557734372972, 0.02776644526036269, 0.02799937699621002, 0.02818388188652303, 0.02806005928616626, 0.028083982827741123, 0.02781538632605852, 0.027763976455106594, 0.028120518002563644, 0.028688559534023904, 0.029389365084960088, 0.030059907204608147, 0.03052096911154336, 0.031053468449087778, 0.03142000488428638, 0.03173833045042581, 0.031892653890475096, 0.03198060527161537, 0.031944507243272385, 0.03180892531117334, 0.03180195743523648, 0.03175983113429147, 0.03185651864929952, 0.032146459060636644, 0.032526908876218445, 0.033087790299913135, 0.03370146462957083, 0.0342847740780508, 0.0344768243549477, 0.03441738754137779, 0.034008301029805295]",0.01848297873673576,0.04462857575744833,0.009495146210587918,0.01585757552156647,0.0,0.0,0.010246990416140245,0.04462857575744833,0.009495146210587918,0.01585757552156647,3.816,1717635304.5190978,2024-06-06_10-55-04
0.5059,-0.0348,0.41987743205264655,0.46107803389051977,-0.043564900219877904,0.4375091282604606,0.5059,-0.0348,0.40962718527273095,0.46107803389051977,-0.043564900219877904,0.4375091282604606,0.019690103784110968,"[0.011315756658919754, 0.012192407496521018, 0.01288995615295488, 0.01359963525141729, 0.014321891165186378, 0.015181047888625853, 0.01592941522152252, 0.01673874496494045, 0.01751440457689525, 0.01835087734908702, 0.019202544572813795, 0.020070622325609303, 0.02095627718778323, 0.02186061264947246, 0.022737260153569413, 0.023681097053535004, 0.024646250751560458, 0.025633386418693636, 0.02659237614956749, 0.027623542314219474, 0.0286250346734827, 0.029647102596467904, 0.03056454213255984, 0.031680305841655834, 0.03263530150735364, 0.033606764937046466, 0.034593095597664145, 0.03536350794006898, 0.035930760474075646, 0.03631257033147624, 0.03661317474198803, 0.03688385713543919, 0.03738127616234113, 0.037934719347479336, 0.03858163380471939, 0.03921882339006296, 0.03999131852533767, 0.04074980907886149, 0.04127472956039594, 0.04151563832077664, 0.04151964454301027, 0.04123464219442919, 0.04096829512038153, 0.04056460486818273, 0.04028281736824196, 0.04000166841569801, 0.03919762289117317, 0.037812479337396496, 0.03622310391275238, 0.03453579653228067, 0.0330206041779641, 0.031565009966306234, 0.03054064037737075, 0.029904305612678588, 0.029394155816597912, 0.028896840658953926, 0.02825322628704274, 0.027685220830545497, 0.02666364029859006, 0.025486033827772144, 0.02414387260068274, 0.023028867611909868, 0.022681878550084772, 0.02299235797660897, 0.02387546679328945, 0.024738332374206702, 0.025547718436096926, 0.026640938816603423, 0.02759836215880636, 0.028240938725365098, 0.028199955208514017, 0.028168175430310402, 0.02767018559717724, 0.027414861073674215, 0.027239233260695786, 0.0274939869379551, 0.027874761581110984, 0.02868161073982207, 0.029514734605865275, 0.030345172291974937, 0.031248268714928727, 0.032298002681611045, 0.033509628354587276, 0.0348066615601669, 0.03569061118903811, 0.03631377821401384, 0.03654105211474412, 0.03646788532881584, 0.03572808397059345, 0.03427781350345514, 0.03309813106562172, 0.031639416134799855, 0.02970329439236902, 0.027599049067936567, 0.02603054913364457, 0.024090316372098155, 0.02220132238001286, 0.02051452966091278, 0.019044426362309692, 0.017805605247084858, 0.01643252777018217, 0.01523003850809785, 0.01424180324883461, 0.013706552220618947, 0.0130880570946912, 0.012988920737072255, 0.013178248200839212, 0.013386796436950147, 0.01359897371732897, 0.01439195864266014, 0.015495810506657983, 0.016686507754200334, 0.01807173050136072, 0.019341411872889052, 0.020370802976522343, 0.0213787239197115, 0.02262888584538598, 0.02401686851684336, 0.025523335513576738, 0.026670410326906566, 0.02758824337325398, 0.02810647098585074, 0.028219175888028712, 0.02804128716256827, 0.027840212128430745, 0.02799079668741686, 0.027988272685847155, 0.02831306909632167, 0.028434723397990712, 0.0285549391753426, 0.02832607944879636, 0.02800347501499142, 0.027460301198426997, 0.02681840364884072, 0.026203190519756815, 0.02552364346313934, 0.024940794741503684, 0.024553643852497812, 0.024009602077058226, 0.023587486328410737, 0.023053226444370627, 0.02237349941244249, 0.021247392964358097, 0.01948489409103017, 0.01759577829009665, 0.015969918059865678, 0.014849832783247986, 0.014164911869984548, 0.013546042864334782, 0.01328357500957488, 0.012905521640083246, 0.012806686101790404, 0.01256569256360443, 0.01270015008783326, 0.013333718053885597, 0.014364706842779438, 0.015230812921928084, 0.016214173123414017, 0.017422309714956504, 0.01848297873673576, 0.019690103784110968, 0.02062988015396428, 0.021304326954883004, 0.021542023987470748, 0.021445001132587415, 0.02128479356968176, 0.021154257299581803, 0.020548768777841446, 0.020419411659703072, 0.020346908766621045, 0.02018386842926173, 0.020060715556614095, 0.019970155121820186, 0.019905412966441507, 0.019860328269953802, 0.019689549628068632, 0.019110038324468673, 0.018401772510693467, 0.01773443768827515, 0.01691379473734185, 0.0163889904882787, 0.015891976533507178, 0.015695148472402557, 0.015634975895130635, 0.01548249397414641, 0.015250362203767827, 0.01446715870868431, 0.013690714184349355, 0.013111437378948002, 0.01280400987898366, 0.012789088065484542, 0.012885508256999974, 0.012645414791893052, 0.012533763320360268, 0.01300792748125149, 0.014045480441271196, 0.015593406388961941, 0.017496649938682926, 0.01947963017829757, 0.021814960986639112, 0.0244888991790445, 0.027455202671237973, 0.030462142682767764, 0.03347516022004274, 0.03632355277573078, 0.03911728575744543, 0.041489125175428104, 0.043617926344794986, 0.04507509866910146, 0.045973158335007626, 0.046666313335408376, 0.047747911364257295, 0.04910015737076979, 0.051170936172887156, 0.05323921785426519, 0.05484930583024696, 0.05598397968583077, 0.056516639752925084, 0.05678375349578094, 0.05655312215346535, 0.05709318659280136, 0.05753330561326649, 0.05822424761198231, 0.05856641837777238, 0.058663546697002605, 0.05829520111627496, 0.058019458378357286, 0.05786276302771312, 0.057678835712609886, 0.05721489013034267, 0.05620972754199197, 0.05488023496470325, 0.05291870088860013, 0.05085359195424363, 0.04836971777146554, 0.045888993393773454, 0.04332790860019442, 0.040721243397433354, 0.03815348906679705, 0.03609755066086763, 0.03431153121207709, 0.03269994312791247, 0.03113246913067769, 0.029533434333839276, 0.02779284963423818, 0.02581340528028532, 0.023636664296078556, 0.021032966406022018, 0.018298152858289164, 0.015471223173718233, 0.012975006021594128, 0.011476514573927241, 0.011190786613452559, 0.012013514795745658, 0.013192708648177051, 0.0146026096239084, 0.016627808096549106, 0.019288816219412905, 0.022115031993867204, 0.024956066779425322, 0.027947127033299147, 0.030317719296220055, 0.03213024736687776, 0.033908117916643665, 0.035613155393420214, 0.03695858371541455, 0.0370883147011733, 0.035844860180821725, 0.03331269225961453, 0.030127822662769057, 0.026675716455458534, 0.02305094507263966, 0.019294584365168215, 0.016588874620184203, 0.013459760460278334, 0.010513659470637583, 0.008184205378854309, 0.005908681970234855, 0.003908372487361734, 0.002250880846271649, 0.001837561814419065, 0.003902446460586522, 0.00649131804032715, 0.008842266053540701, 0.011337576744963709, 0.013847821453172829, 0.016241515374979285, 0.018506880743639053, 0.020753891025054552, 0.022854281545735794, 0.025177910908837288, 0.027764777035113285, 0.0302577363231247, 0.032552204835272186, 0.033962244268502154, 0.03530995724171245, 0.036795414568091225, 0.03840706162943578, 0.039993850675796264, 0.04133645030179679, 0.04211247094820217, 0.04239213751353172, 0.042192499106345205, 0.04200269786908514, 0.041897190162155235, 0.041830932940717325, 0.04166737666619139, 0.04206882264734189, 0.0426127097658282, 0.042895687146734904, 0.04300135533202284, 0.04249799814293581, 0.041897582995049115, 0.04072077112408416, 0.03927976254850985, 0.037331499513228325, 0.035889992777759706, 0.03456359233645024, 0.033243529781910974, 0.03199033675126687, 0.03059935779738079, 0.029272240636492235, 0.027900707354997015, 0.02654938414970694, 0.02543173352052397, 0.024311103096379235, 0.023065212419431085, 0.021685454855791198, 0.02041159885695607, 0.019056064221564174, 0.017656707279948437, 0.01626614648165674, 0.015012383850973622, 0.013603567963072178, 0.012189757837366814, 0.010674529938407772, 0.009407142987148039, 0.008344525906195775, 0.007439054007672372, 0.0072034584519923735, 0.007775010970036668, 0.009047582903156274, 0.010731538882415681, 0.01253460028234948, 0.014333543563369548, 0.016070624592636203, 0.017817726146123574, 0.019557256660804743, 0.02116824086555951, 0.022529303997840977, 0.023628588936546305, 0.02391411988476377, 0.02359656311707365, 0.022355277074164143, 0.020961866673625245, 0.018393580144489934, 0.015660552711922182, 0.013874328661167971, 0.01254026736778108, 0.011812131260623127, 0.010800298354986543, 0.00961805971638548, 0.008471507575266851, 0.007656757785702683, 0.006719580941926242, 0.0056999472982024405, 0.005125787188458596, 0.00504686530895439, 0.005697178935649704, 0.006245540782853768, 0.0070976650798796875, 0.007900543705723831, 0.008755370167568399, 0.009807746909975117, 0.011209592216881203, 0.01276960312030194, 0.014467251258771754, 0.015865855510978952, 0.01751794577394112, 0.01978728846519214, 0.022540086452385207, 0.024859037758439572, 0.02589623397823137, 0.02611181133516041, 0.026565850619759173, 0.0272557734372972, 0.02776644526036269, 0.02799937699621002, 0.02818388188652303, 0.02806005928616626, 0.028083982827741123, 0.02781538632605852, 0.027763976455106594, 0.028120518002563644, 0.028688559534023904, 0.029389365084960088, 0.030059907204608147, 0.03052096911154336, 0.031053468449087778, 0.03142000488428638, 0.03173833045042581, 0.031892653890475096, 0.03198060527161537, 0.031944507243272385, 0.03180892531117334, 0.03180195743523648, 0.03175983113429147, 0.03185651864929952, 0.032146459060636644, 0.032526908876218445, 0.033087790299913135, 0.03370146462957083, 0.0342847740780508, 0.0344768243549477, 0.03441738754137779, 0.034008301029805295]",0.019690103784110968,0.04482196610948025,0.008764900219877907,0.017631696207814074,0.0,0.0,0.010250246779915595,0.04482196610948025,0.008764900219877907,0.017631696207814074,3.84,1717635304.5436416,2024-06-06_10-55-04
0.5059,-0.03408,0.4174401987532054,0.46120301408770253,-0.042378004261282645,0.43632763056503904,0.5059,-0.03408,0.4071866956095146,0.46120301408770253,-0.042378004261282645,0.43632763056503904,0.02062988015396428,"[0.011315756658919754, 0.012192407496521018, 0.01288995615295488, 0.01359963525141729, 0.014321891165186378, 0.015181047888625853, 0.01592941522152252, 0.01673874496494045, 0.01751440457689525, 0.01835087734908702, 0.019202544572813795, 0.020070622325609303, 0.02095627718778323, 0.02186061264947246, 0.022737260153569413, 0.023681097053535004, 0.024646250751560458, 0.025633386418693636, 0.02659237614956749, 0.027623542314219474, 0.0286250346734827, 0.029647102596467904, 0.03056454213255984, 0.031680305841655834, 0.03263530150735364, 0.033606764937046466, 0.034593095597664145, 0.03536350794006898, 0.035930760474075646, 0.03631257033147624, 0.03661317474198803, 0.03688385713543919, 0.03738127616234113, 0.037934719347479336, 0.03858163380471939, 0.03921882339006296, 0.03999131852533767, 0.04074980907886149, 0.04127472956039594, 0.04151563832077664, 0.04151964454301027, 0.04123464219442919, 0.04096829512038153, 0.04056460486818273, 0.04028281736824196, 0.04000166841569801, 0.03919762289117317, 0.037812479337396496, 0.03622310391275238, 0.03453579653228067, 0.0330206041779641, 0.031565009966306234, 0.03054064037737075, 0.029904305612678588, 0.029394155816597912, 0.028896840658953926, 0.02825322628704274, 0.027685220830545497, 0.02666364029859006, 0.025486033827772144, 0.02414387260068274, 0.023028867611909868, 0.022681878550084772, 0.02299235797660897, 0.02387546679328945, 0.024738332374206702, 0.025547718436096926, 0.026640938816603423, 0.02759836215880636, 0.028240938725365098, 0.028199955208514017, 0.028168175430310402, 0.02767018559717724, 0.027414861073674215, 0.027239233260695786, 0.0274939869379551, 0.027874761581110984, 0.02868161073982207, 0.029514734605865275, 0.030345172291974937, 0.031248268714928727, 0.032298002681611045, 0.033509628354587276, 0.0348066615601669, 0.03569061118903811, 0.03631377821401384, 0.03654105211474412, 0.03646788532881584, 0.03572808397059345, 0.03427781350345514, 0.03309813106562172, 0.031639416134799855, 0.02970329439236902, 0.027599049067936567, 0.02603054913364457, 0.024090316372098155, 0.02220132238001286, 0.02051452966091278, 0.019044426362309692, 0.017805605247084858, 0.01643252777018217, 0.01523003850809785, 0.01424180324883461, 0.013706552220618947, 0.0130880570946912, 0.012988920737072255, 0.013178248200839212, 0.013386796436950147, 0.01359897371732897, 0.01439195864266014, 0.015495810506657983, 0.016686507754200334, 0.01807173050136072, 0.019341411872889052, 0.020370802976522343, 0.0213787239197115, 0.02262888584538598, 0.02401686851684336, 0.025523335513576738, 0.026670410326906566, 0.02758824337325398, 0.02810647098585074, 0.028219175888028712, 0.02804128716256827, 0.027840212128430745, 0.02799079668741686, 0.027988272685847155, 0.02831306909632167, 0.028434723397990712, 0.0285549391753426, 0.02832607944879636, 0.02800347501499142, 0.027460301198426997, 0.02681840364884072, 0.026203190519756815, 0.02552364346313934, 0.024940794741503684, 0.024553643852497812, 0.024009602077058226, 0.023587486328410737, 0.023053226444370627, 0.02237349941244249, 0.021247392964358097, 0.01948489409103017, 0.01759577829009665, 0.015969918059865678, 0.014849832783247986, 0.014164911869984548, 0.013546042864334782, 0.01328357500957488, 0.012905521640083246, 0.012806686101790404, 0.01256569256360443, 0.01270015008783326, 0.013333718053885597, 0.014364706842779438, 0.015230812921928084, 0.016214173123414017, 0.017422309714956504, 0.01848297873673576, 0.019690103784110968, 0.02062988015396428, 0.021304326954883004, 0.021542023987470748, 0.021445001132587415, 0.02128479356968176, 0.021154257299581803, 0.020548768777841446, 0.020419411659703072, 0.020346908766621045, 0.02018386842926173, 0.020060715556614095, 0.019970155121820186, 0.019905412966441507, 0.019860328269953802, 0.019689549628068632, 0.019110038324468673, 0.018401772510693467, 0.01773443768827515, 0.01691379473734185, 0.0163889904882787, 0.015891976533507178, 0.015695148472402557, 0.015634975895130635, 0.01548249397414641, 0.015250362203767827, 0.01446715870868431, 0.013690714184349355, 0.013111437378948002, 0.01280400987898366, 0.012789088065484542, 0.012885508256999974, 0.012645414791893052, 0.012533763320360268, 0.01300792748125149, 0.014045480441271196, 0.015593406388961941, 0.017496649938682926, 0.01947963017829757, 0.021814960986639112, 0.0244888991790445, 0.027455202671237973, 0.030462142682767764, 0.03347516022004274, 0.03632355277573078, 0.03911728575744543, 0.041489125175428104, 0.043617926344794986, 0.04507509866910146, 0.045973158335007626, 0.046666313335408376, 0.047747911364257295, 0.04910015737076979, 0.051170936172887156, 0.05323921785426519, 0.05484930583024696, 0.05598397968583077, 0.056516639752925084, 0.05678375349578094, 0.05655312215346535, 0.05709318659280136, 0.05753330561326649, 0.05822424761198231, 0.05856641837777238, 0.058663546697002605, 0.05829520111627496, 0.058019458378357286, 0.05786276302771312, 0.057678835712609886, 0.05721489013034267, 0.05620972754199197, 0.05488023496470325, 0.05291870088860013, 0.05085359195424363, 0.04836971777146554, 0.045888993393773454, 0.04332790860019442, 0.040721243397433354, 0.03815348906679705, 0.03609755066086763, 0.03431153121207709, 0.03269994312791247, 0.03113246913067769, 0.029533434333839276, 0.02779284963423818, 0.02581340528028532, 0.023636664296078556, 0.021032966406022018, 0.018298152858289164, 0.015471223173718233, 0.012975006021594128, 0.011476514573927241, 0.011190786613452559, 0.012013514795745658, 0.013192708648177051, 0.0146026096239084, 0.016627808096549106, 0.019288816219412905, 0.022115031993867204, 0.024956066779425322, 0.027947127033299147, 0.030317719296220055, 0.03213024736687776, 0.033908117916643665, 0.035613155393420214, 0.03695858371541455, 0.0370883147011733, 0.035844860180821725, 0.03331269225961453, 0.030127822662769057, 0.026675716455458534, 0.02305094507263966, 0.019294584365168215, 0.016588874620184203, 0.013459760460278334, 0.010513659470637583, 0.008184205378854309, 0.005908681970234855, 0.003908372487361734, 0.002250880846271649, 0.001837561814419065, 0.003902446460586522, 0.00649131804032715, 0.008842266053540701, 0.011337576744963709, 0.013847821453172829, 0.016241515374979285, 0.018506880743639053, 0.020753891025054552, 0.022854281545735794, 0.025177910908837288, 0.027764777035113285, 0.0302577363231247, 0.032552204835272186, 0.033962244268502154, 0.03530995724171245, 0.036795414568091225, 0.03840706162943578, 0.039993850675796264, 0.04133645030179679, 0.04211247094820217, 0.04239213751353172, 0.042192499106345205, 0.04200269786908514, 0.041897190162155235, 0.041830932940717325, 0.04166737666619139, 0.04206882264734189, 0.0426127097658282, 0.042895687146734904, 0.04300135533202284, 0.04249799814293581, 0.041897582995049115, 0.04072077112408416, 0.03927976254850985, 0.037331499513228325, 0.035889992777759706, 0.03456359233645024, 0.033243529781910974, 0.03199033675126687, 0.03059935779738079, 0.029272240636492235, 0.027900707354997015, 0.02654938414970694, 0.02543173352052397, 0.024311103096379235, 0.023065212419431085, 0.021685454855791198, 0.02041159885695607, 0.019056064221564174, 0.017656707279948437, 0.01626614648165674, 0.015012383850973622, 0.013603567963072178, 0.012189757837366814, 0.010674529938407772, 0.009407142987148039, 0.008344525906195775, 0.007439054007672372, 0.0072034584519923735, 0.007775010970036668, 0.009047582903156274, 0.010731538882415681, 0.01253460028234948, 0.014333543563369548, 0.016070624592636203, 0.017817726146123574, 0.019557256660804743, 0.02116824086555951, 0.022529303997840977, 0.023628588936546305, 0.02391411988476377, 0.02359656311707365, 0.022355277074164143, 0.020961866673625245, 0.018393580144489934, 0.015660552711922182, 0.013874328661167971, 0.01254026736778108, 0.011812131260623127, 0.010800298354986543, 0.00961805971638548, 0.008471507575266851, 0.007656757785702683, 0.006719580941926242, 0.0056999472982024405, 0.005125787188458596, 0.00504686530895439, 0.005697178935649704, 0.006245540782853768, 0.0070976650798796875, 0.007900543705723831, 0.008755370167568399, 0.009807746909975117, 0.011209592216881203, 0.01276960312030194, 0.014467251258771754, 0.015865855510978952, 0.01751794577394112, 0.01978728846519214, 0.022540086452385207, 0.024859037758439572, 0.02589623397823137, 0.02611181133516041, 0.026565850619759173, 0.0272557734372972, 0.02776644526036269, 0.02799937699621002, 0.02818388188652303, 0.02806005928616626, 0.028083982827741123, 0.02781538632605852, 0.027763976455106594, 0.028120518002563644, 0.028688559534023904, 0.029389365084960088, 0.030059907204608147, 0.03052096911154336, 0.031053468449087778, 0.03142000488428638, 0.03173833045042581, 0.031892653890475096, 0.03198060527161537, 0.031944507243272385, 0.03180892531117334, 0.03180195743523648, 0.03175983113429147, 0.03185651864929952, 0.032146459060636644, 0.032526908876218445, 0.033087790299913135, 0.03370146462957083, 0.0342847740780508, 0.0344768243549477, 0.03441738754137779, 0.034008301029805295]",0.02062988015396428,0.04469698591229748,0.008298004261282646,0.01888743181183361,0.0,0.0,0.010253503143690834,0.04469698591229748,0.008298004261282646,0.01888743181183361,3.8640000000000003,1717635304.5672684,2024-06-06_10-55-04
0.5059,-0.03336,0.41499443639166045,0.4614911119582134,-0.04123609547658144,0.4347894222983068,0.5059,-0.03336,0.40473767688419426,0.4614911119582134,-0.04123609547658144,0.4347894222983068,0.021304326954883004,"[0.011315756658919754, 0.012192407496521018, 0.01288995615295488, 0.01359963525141729, 0.014321891165186378, 0.015181047888625853, 0.01592941522152252, 0.01673874496494045, 0.01751440457689525, 0.01835087734908702, 0.019202544572813795, 0.020070622325609303, 0.02095627718778323, 0.02186061264947246, 0.022737260153569413, 0.023681097053535004, 0.024646250751560458, 0.025633386418693636, 0.02659237614956749, 0.027623542314219474, 0.0286250346734827, 0.029647102596467904, 0.03056454213255984, 0.031680305841655834, 0.03263530150735364, 0.033606764937046466, 0.034593095597664145, 0.03536350794006898, 0.035930760474075646, 0.03631257033147624, 0.03661317474198803, 0.03688385713543919, 0.03738127616234113, 0.037934719347479336, 0.03858163380471939, 0.03921882339006296, 0.03999131852533767, 0.04074980907886149, 0.04127472956039594, 0.04151563832077664, 0.04151964454301027, 0.04123464219442919, 0.04096829512038153, 0.04056460486818273, 0.04028281736824196, 0.04000166841569801, 0.03919762289117317, 0.037812479337396496, 0.03622310391275238, 0.03453579653228067, 0.0330206041779641, 0.031565009966306234, 0.03054064037737075, 0.029904305612678588, 0.029394155816597912, 0.028896840658953926, 0.02825322628704274, 0.027685220830545497, 0.02666364029859006, 0.025486033827772144, 0.02414387260068274, 0.023028867611909868, 0.022681878550084772, 0.02299235797660897, 0.02387546679328945, 0.024738332374206702, 0.025547718436096926, 0.026640938816603423, 0.02759836215880636, 0.028240938725365098, 0.028199955208514017, 0.028168175430310402, 0.02767018559717724, 0.027414861073674215, 0.027239233260695786, 0.0274939869379551, 0.027874761581110984, 0.02868161073982207, 0.029514734605865275, 0.030345172291974937, 0.031248268714928727, 0.032298002681611045, 0.033509628354587276, 0.0348066615601669, 0.03569061118903811, 0.03631377821401384, 0.03654105211474412, 0.03646788532881584, 0.03572808397059345, 0.03427781350345514, 0.03309813106562172, 0.031639416134799855, 0.02970329439236902, 0.027599049067936567, 0.02603054913364457, 0.024090316372098155, 0.02220132238001286, 0.02051452966091278, 0.019044426362309692, 0.017805605247084858, 0.01643252777018217, 0.01523003850809785, 0.01424180324883461, 0.013706552220618947, 0.0130880570946912, 0.012988920737072255, 0.013178248200839212, 0.013386796436950147, 0.01359897371732897, 0.01439195864266014, 0.015495810506657983, 0.016686507754200334, 0.01807173050136072, 0.019341411872889052, 0.020370802976522343, 0.0213787239197115, 0.02262888584538598, 0.02401686851684336, 0.025523335513576738, 0.026670410326906566, 0.02758824337325398, 0.02810647098585074, 0.028219175888028712, 0.02804128716256827, 0.027840212128430745, 0.02799079668741686, 0.027988272685847155, 0.02831306909632167, 0.028434723397990712, 0.0285549391753426, 0.02832607944879636, 0.02800347501499142, 0.027460301198426997, 0.02681840364884072, 0.026203190519756815, 0.02552364346313934, 0.024940794741503684, 0.024553643852497812, 0.024009602077058226, 0.023587486328410737, 0.023053226444370627, 0.02237349941244249, 0.021247392964358097, 0.01948489409103017, 0.01759577829009665, 0.015969918059865678, 0.014849832783247986, 0.014164911869984548, 0.013546042864334782, 0.01328357500957488, 0.012905521640083246, 0.012806686101790404, 0.01256569256360443, 0.01270015008783326, 0.013333718053885597, 0.014364706842779438, 0.015230812921928084, 0.016214173123414017, 0.017422309714956504, 0.01848297873673576, 0.019690103784110968, 0.02062988015396428, 0.021304326954883004, 0.021542023987470748, 0.021445001132587415, 0.02128479356968176, 0.021154257299581803, 0.020548768777841446, 0.020419411659703072, 0.020346908766621045, 0.02018386842926173, 0.020060715556614095, 0.019970155121820186, 0.019905412966441507, 0.019860328269953802, 0.019689549628068632, 0.019110038324468673, 0.018401772510693467, 0.01773443768827515, 0.01691379473734185, 0.0163889904882787, 0.015891976533507178, 0.015695148472402557, 0.015634975895130635, 0.01548249397414641, 0.015250362203767827, 0.01446715870868431, 0.013690714184349355, 0.013111437378948002, 0.01280400987898366, 0.012789088065484542, 0.012885508256999974, 0.012645414791893052, 0.012533763320360268, 0.01300792748125149, 0.014045480441271196, 0.015593406388961941, 0.017496649938682926, 0.01947963017829757, 0.021814960986639112, 0.0244888991790445, 0.027455202671237973, 0.030462142682767764, 0.03347516022004274, 0.03632355277573078, 0.03911728575744543, 0.041489125175428104, 0.043617926344794986, 0.04507509866910146, 0.045973158335007626, 0.046666313335408376, 0.047747911364257295, 0.04910015737076979, 0.051170936172887156, 0.05323921785426519, 0.05484930583024696, 0.05598397968583077, 0.056516639752925084, 0.05678375349578094, 0.05655312215346535, 0.05709318659280136, 0.05753330561326649, 0.05822424761198231, 0.05856641837777238, 0.058663546697002605, 0.05829520111627496, 0.058019458378357286, 0.05786276302771312, 0.057678835712609886, 0.05721489013034267, 0.05620972754199197, 0.05488023496470325, 0.05291870088860013, 0.05085359195424363, 0.04836971777146554, 0.045888993393773454, 0.04332790860019442, 0.040721243397433354, 0.03815348906679705, 0.03609755066086763, 0.03431153121207709, 0.03269994312791247, 0.03113246913067769, 0.029533434333839276, 0.02779284963423818, 0.02581340528028532, 0.023636664296078556, 0.021032966406022018, 0.018298152858289164, 0.015471223173718233, 0.012975006021594128, 0.011476514573927241, 0.011190786613452559, 0.012013514795745658, 0.013192708648177051, 0.0146026096239084, 0.016627808096549106, 0.019288816219412905, 0.022115031993867204, 0.024956066779425322, 0.027947127033299147, 0.030317719296220055, 0.03213024736687776, 0.033908117916643665, 0.035613155393420214, 0.03695858371541455, 0.0370883147011733, 0.035844860180821725, 0.03331269225961453, 0.030127822662769057, 0.026675716455458534, 0.02305094507263966, 0.019294584365168215, 0.016588874620184203, 0.013459760460278334, 0.010513659470637583, 0.008184205378854309, 0.005908681970234855, 0.003908372487361734, 0.002250880846271649, 0.001837561814419065, 0.003902446460586522, 0.00649131804032715, 0.008842266053540701, 0.011337576744963709, 0.013847821453172829, 0.016241515374979285, 0.018506880743639053, 0.020753891025054552, 0.022854281545735794, 0.025177910908837288, 0.027764777035113285, 0.0302577363231247, 0.032552204835272186, 0.033962244268502154, 0.03530995724171245, 0.036795414568091225, 0.03840706162943578, 0.039993850675796264, 0.04133645030179679, 0.04211247094820217, 0.04239213751353172, 0.042192499106345205, 0.04200269786908514, 0.041897190162155235, 0.041830932940717325, 0.04166737666619139, 0.04206882264734189, 0.0426127097658282, 0.042895687146734904, 0.04300135533202284, 0.04249799814293581, 0.041897582995049115, 0.04072077112408416, 0.03927976254850985, 0.037331499513228325, 0.035889992777759706, 0.03456359233645024, 0.033243529781910974, 0.03199033675126687, 0.03059935779738079, 0.029272240636492235, 0.027900707354997015, 0.02654938414970694, 0.02543173352052397, 0.024311103096379235, 0.023065212419431085, 0.021685454855791198, 0.02041159885695607, 0.019056064221564174, 0.017656707279948437, 0.01626614648165674, 0.015012383850973622, 0.013603567963072178, 0.012189757837366814, 0.010674529938407772, 0.009407142987148039, 0.008344525906195775, 0.007439054007672372, 0.0072034584519923735, 0.007775010970036668, 0.009047582903156274, 0.010731538882415681, 0.01253460028234948, 0.014333543563369548, 0.016070624592636203, 0.017817726146123574, 0.019557256660804743, 0.02116824086555951, 0.022529303997840977, 0.023628588936546305, 0.02391411988476377, 0.02359656311707365, 0.022355277074164143, 0.020961866673625245, 0.018393580144489934, 0.015660552711922182, 0.013874328661167971, 0.01254026736778108, 0.011812131260623127, 0.010800298354986543, 0.00961805971638548, 0.008471507575266851, 0.007656757785702683, 0.006719580941926242, 0.0056999472982024405, 0.005125787188458596, 0.00504686530895439, 0.005697178935649704, 0.006245540782853768, 0.0070976650798796875, 0.007900543705723831, 0.008755370167568399, 0.009807746909975117, 0.011209592216881203, 0.01276960312030194, 0.014467251258771754, 0.015865855510978952, 0.01751794577394112, 0.01978728846519214, 0.022540086452385207, 0.024859037758439572, 0.02589623397823137, 0.02611181133516041, 0.026565850619759173, 0.0272557734372972, 0.02776644526036269, 0.02799937699621002, 0.02818388188652303, 0.02806005928616626, 0.028083982827741123, 0.02781538632605852, 0.027763976455106594, 0.028120518002563644, 0.028688559534023904, 0.029389365084960088, 0.030059907204608147, 0.03052096911154336, 0.031053468449087778, 0.03142000488428638, 0.03173833045042581, 0.031892653890475096, 0.03198060527161537, 0.031944507243272385, 0.03180892531117334, 0.03180195743523648, 0.03175983113429147, 0.03185651864929952, 0.032146459060636644, 0.032526908876218445, 0.033087790299913135, 0.03370146462957083, 0.0342847740780508, 0.0344768243549477, 0.03441738754137779, 0.034008301029805295]",0.021304326954883004,0.04440888804178661,0.00787609547658144,0.019794985906646356,0.0,0.0,0.010256759507466184,0.04440888804178661,0.00787609547658144,0.019794985906646356,3.888,1717635304.5912373,2024-06-06_10-55-04
0.5059,-0.03264,0.4125521522058459,0.4619848569372085,-0.040105652952285166,0.4327591515742034,0.5059,-0.03264,0.40229364941079937,0.4619848569372085,-0.040105652952285166,0.4327591515742034,0.021542023987470748,"[0.011315756658919754, 0.012192407496521018, 0.01288995615295488, 0.01359963525141729, 0.014321891165186378, 0.015181047888625853, 0.01592941522152252, 0.01673874496494045, 0.01751440457689525, 0.01835087734908702, 0.019202544572813795, 0.020070622325609303, 0.02095627718778323, 0.02186061264947246, 0.022737260153569413, 0.023681097053535004, 0.024646250751560458, 0.025633386418693636, 0.02659237614956749, 0.027623542314219474, 0.0286250346734827, 0.029647102596467904, 0.03056454213255984, 0.031680305841655834, 0.03263530150735364, 0.033606764937046466, 0.034593095597664145, 0.03536350794006898, 0.035930760474075646, 0.03631257033147624, 0.03661317474198803, 0.03688385713543919, 0.03738127616234113, 0.037934719347479336, 0.03858163380471939, 0.03921882339006296, 0.03999131852533767, 0.04074980907886149, 0.04127472956039594, 0.04151563832077664, 0.04151964454301027, 0.04123464219442919, 0.04096829512038153, 0.04056460486818273, 0.04028281736824196, 0.04000166841569801, 0.03919762289117317, 0.037812479337396496, 0.03622310391275238, 0.03453579653228067, 0.0330206041779641, 0.031565009966306234, 0.03054064037737075, 0.029904305612678588, 0.029394155816597912, 0.028896840658953926, 0.02825322628704274, 0.027685220830545497, 0.02666364029859006, 0.025486033827772144, 0.02414387260068274, 0.023028867611909868, 0.022681878550084772, 0.02299235797660897, 0.02387546679328945, 0.024738332374206702, 0.025547718436096926, 0.026640938816603423, 0.02759836215880636, 0.028240938725365098, 0.028199955208514017, 0.028168175430310402, 0.02767018559717724, 0.027414861073674215, 0.027239233260695786, 0.0274939869379551, 0.027874761581110984, 0.02868161073982207, 0.029514734605865275, 0.030345172291974937, 0.031248268714928727, 0.032298002681611045, 0.033509628354587276, 0.0348066615601669, 0.03569061118903811, 0.03631377821401384, 0.03654105211474412, 0.03646788532881584, 0.03572808397059345, 0.03427781350345514, 0.03309813106562172, 0.031639416134799855, 0.02970329439236902, 0.027599049067936567, 0.02603054913364457, 0.024090316372098155, 0.02220132238001286, 0.02051452966091278, 0.019044426362309692, 0.017805605247084858, 0.01643252777018217, 0.01523003850809785, 0.01424180324883461, 0.013706552220618947, 0.0130880570946912, 0.012988920737072255, 0.013178248200839212, 0.013386796436950147, 0.01359897371732897, 0.01439195864266014, 0.015495810506657983, 0.016686507754200334, 0.01807173050136072, 0.019341411872889052, 0.020370802976522343, 0.0213787239197115, 0.02262888584538598, 0.02401686851684336, 0.025523335513576738, 0.026670410326906566, 0.02758824337325398, 0.02810647098585074, 0.028219175888028712, 0.02804128716256827, 0.027840212128430745, 0.02799079668741686, 0.027988272685847155, 0.02831306909632167, 0.028434723397990712, 0.0285549391753426, 0.02832607944879636, 0.02800347501499142, 0.027460301198426997, 0.02681840364884072, 0.026203190519756815, 0.02552364346313934, 0.024940794741503684, 0.024553643852497812, 0.024009602077058226, 0.023587486328410737, 0.023053226444370627, 0.02237349941244249, 0.021247392964358097, 0.01948489409103017, 0.01759577829009665, 0.015969918059865678, 0.014849832783247986, 0.014164911869984548, 0.013546042864334782, 0.01328357500957488, 0.012905521640083246, 0.012806686101790404, 0.01256569256360443, 0.01270015008783326, 0.013333718053885597, 0.014364706842779438, 0.015230812921928084, 0.016214173123414017, 0.017422309714956504, 0.01848297873673576, 0.019690103784110968, 0.02062988015396428, 0.021304326954883004, 0.021542023987470748, 0.021445001132587415, 0.02128479356968176, 0.021154257299581803, 0.020548768777841446, 0.020419411659703072, 0.020346908766621045, 0.02018386842926173, 0.020060715556614095, 0.019970155121820186, 0.019905412966441507, 0.019860328269953802, 0.019689549628068632, 0.019110038324468673, 0.018401772510693467, 0.01773443768827515, 0.01691379473734185, 0.0163889904882787, 0.015891976533507178, 0.015695148472402557, 0.015634975895130635, 0.01548249397414641, 0.015250362203767827, 0.01446715870868431, 0.013690714184349355, 0.013111437378948002, 0.01280400987898366, 0.012789088065484542, 0.012885508256999974, 0.012645414791893052, 0.012533763320360268, 0.01300792748125149, 0.014045480441271196, 0.015593406388961941, 0.017496649938682926, 0.01947963017829757, 0.021814960986639112, 0.0244888991790445, 0.027455202671237973, 0.030462142682767764, 0.03347516022004274, 0.03632355277573078, 0.03911728575744543, 0.041489125175428104, 0.043617926344794986, 0.04507509866910146, 0.045973158335007626, 0.046666313335408376, 0.047747911364257295, 0.04910015737076979, 0.051170936172887156, 0.05323921785426519, 0.05484930583024696, 0.05598397968583077, 0.056516639752925084, 0.05678375349578094, 0.05655312215346535, 0.05709318659280136, 0.05753330561326649, 0.05822424761198231, 0.05856641837777238, 0.058663546697002605, 0.05829520111627496, 0.058019458378357286, 0.05786276302771312, 0.057678835712609886, 0.05721489013034267, 0.05620972754199197, 0.05488023496470325, 0.05291870088860013, 0.05085359195424363, 0.04836971777146554, 0.045888993393773454, 0.04332790860019442, 0.040721243397433354, 0.03815348906679705, 0.03609755066086763, 0.03431153121207709, 0.03269994312791247, 0.03113246913067769, 0.029533434333839276, 0.02779284963423818, 0.02581340528028532, 0.023636664296078556, 0.021032966406022018, 0.018298152858289164, 0.015471223173718233, 0.012975006021594128, 0.011476514573927241, 0.011190786613452559, 0.012013514795745658, 0.013192708648177051, 0.0146026096239084, 0.016627808096549106, 0.019288816219412905, 0.022115031993867204, 0.024956066779425322, 0.027947127033299147, 0.030317719296220055, 0.03213024736687776, 0.033908117916643665, 0.035613155393420214, 0.03695858371541455, 0.0370883147011733, 0.035844860180821725, 0.03331269225961453, 0.030127822662769057, 0.026675716455458534, 0.02305094507263966, 0.019294584365168215, 0.016588874620184203, 0.013459760460278334, 0.010513659470637583, 0.008184205378854309, 0.005908681970234855, 0.003908372487361734, 0.002250880846271649, 0.001837561814419065, 0.003902446460586522, 0.00649131804032715, 0.008842266053540701, 0.011337576744963709, 0.013847821453172829, 0.016241515374979285, 0.018506880743639053, 0.020753891025054552, 0.022854281545735794, 0.025177910908837288, 0.027764777035113285, 0.0302577363231247, 0.032552204835272186, 0.033962244268502154, 0.03530995724171245, 0.036795414568091225, 0.03840706162943578, 0.039993850675796264, 0.04133645030179679, 0.04211247094820217, 0.04239213751353172, 0.042192499106345205, 0.04200269786908514, 0.041897190162155235, 0.041830932940717325, 0.04166737666619139, 0.04206882264734189, 0.0426127097658282, 0.042895687146734904, 0.04300135533202284, 0.04249799814293581, 0.041897582995049115, 0.04072077112408416, 0.03927976254850985, 0.037331499513228325, 0.035889992777759706, 0.03456359233645024, 0.033243529781910974, 0.03199033675126687, 0.03059935779738079, 0.029272240636492235, 0.027900707354997015, 0.02654938414970694, 0.02543173352052397, 0.024311103096379235, 0.023065212419431085, 0.021685454855791198, 0.02041159885695607, 0.019056064221564174, 0.017656707279948437, 0.01626614648165674, 0.015012383850973622, 0.013603567963072178, 0.012189757837366814, 0.010674529938407772, 0.009407142987148039, 0.008344525906195775, 0.007439054007672372, 0.0072034584519923735, 0.007775010970036668, 0.009047582903156274, 0.010731538882415681, 0.01253460028234948, 0.014333543563369548, 0.016070624592636203, 0.017817726146123574, 0.019557256660804743, 0.02116824086555951, 0.022529303997840977, 0.023628588936546305, 0.02391411988476377, 0.02359656311707365, 0.022355277074164143, 0.020961866673625245, 0.018393580144489934, 0.015660552711922182, 0.013874328661167971, 0.01254026736778108, 0.011812131260623127, 0.010800298354986543, 0.00961805971638548, 0.008471507575266851, 0.007656757785702683, 0.006719580941926242, 0.0056999472982024405, 0.005125787188458596, 0.00504686530895439, 0.005697178935649704, 0.006245540782853768, 0.0070976650798796875, 0.007900543705723831, 0.008755370167568399, 0.009807746909975117, 0.011209592216881203, 0.01276960312030194, 0.014467251258771754, 0.015865855510978952, 0.01751794577394112, 0.01978728846519214, 0.022540086452385207, 0.024859037758439572, 0.02589623397823137, 0.02611181133516041, 0.026565850619759173, 0.0272557734372972, 0.02776644526036269, 0.02799937699621002, 0.02818388188652303, 0.02806005928616626, 0.028083982827741123, 0.02781538632605852, 0.027763976455106594, 0.028120518002563644, 0.028688559534023904, 0.029389365084960088, 0.030059907204608147, 0.03052096911154336, 0.031053468449087778, 0.03142000488428638, 0.03173833045042581, 0.031892653890475096, 0.03198060527161537, 0.031944507243272385, 0.03180892531117334, 0.03180195743523648, 0.03175983113429147, 0.03185651864929952, 0.032146459060636644, 0.032526908876218445, 0.033087790299913135, 0.03370146462957083, 0.0342847740780508, 0.0344768243549477, 0.03441738754137779, 0.034008301029805295]",0.021542023987470748,0.04391514306279154,0.007465652952285164,0.020206999368357514,0.0,0.0,0.010258502795046531,0.04391514306279154,0.007465652952285164,0.020206999368357514,3.912,1717635304.6161056,2024-06-06_10-55-04
0.5059,-0.031920000000000004,0.4101254697509124,0.4626327553566022,-0.039015404800442376,0.43036264604343244,0.5059,-0.031920000000000004,0.3998667367444804,0.4626327553566022,-0.039015404800442376,0.43036264604343244,0.021445001132587415,"[0.011315756658919754, 0.012192407496521018, 0.01288995615295488, 0.01359963525141729, 0.014321891165186378, 0.015181047888625853, 0.01592941522152252, 0.01673874496494045, 0.01751440457689525, 0.01835087734908702, 0.019202544572813795, 0.020070622325609303, 0.02095627718778323, 0.02186061264947246, 0.022737260153569413, 0.023681097053535004, 0.024646250751560458, 0.025633386418693636, 0.02659237614956749, 0.027623542314219474, 0.0286250346734827, 0.029647102596467904, 0.03056454213255984, 0.031680305841655834, 0.03263530150735364, 0.033606764937046466, 0.034593095597664145, 0.03536350794006898, 0.035930760474075646, 0.03631257033147624, 0.03661317474198803, 0.03688385713543919, 0.03738127616234113, 0.037934719347479336, 0.03858163380471939, 0.03921882339006296, 0.03999131852533767, 0.04074980907886149, 0.04127472956039594, 0.04151563832077664, 0.04151964454301027, 0.04123464219442919, 0.04096829512038153, 0.04056460486818273, 0.04028281736824196, 0.04000166841569801, 0.03919762289117317, 0.037812479337396496, 0.03622310391275238, 0.03453579653228067, 0.0330206041779641, 0.031565009966306234, 0.03054064037737075, 0.029904305612678588, 0.029394155816597912, 0.028896840658953926, 0.02825322628704274, 0.027685220830545497, 0.02666364029859006, 0.025486033827772144, 0.02414387260068274, 0.023028867611909868, 0.022681878550084772, 0.02299235797660897, 0.02387546679328945, 0.024738332374206702, 0.025547718436096926, 0.026640938816603423, 0.02759836215880636, 0.028240938725365098, 0.028199955208514017, 0.028168175430310402, 0.02767018559717724, 0.027414861073674215, 0.027239233260695786, 0.0274939869379551, 0.027874761581110984, 0.02868161073982207, 0.029514734605865275, 0.030345172291974937, 0.031248268714928727, 0.032298002681611045, 0.033509628354587276, 0.0348066615601669, 0.03569061118903811, 0.03631377821401384, 0.03654105211474412, 0.03646788532881584, 0.03572808397059345, 0.03427781350345514, 0.03309813106562172, 0.031639416134799855, 0.02970329439236902, 0.027599049067936567, 0.02603054913364457, 0.024090316372098155, 0.02220132238001286, 0.02051452966091278, 0.019044426362309692, 0.017805605247084858, 0.01643252777018217, 0.01523003850809785, 0.01424180324883461, 0.013706552220618947, 0.0130880570946912, 0.012988920737072255, 0.013178248200839212, 0.013386796436950147, 0.01359897371732897, 0.01439195864266014, 0.015495810506657983, 0.016686507754200334, 0.01807173050136072, 0.019341411872889052, 0.020370802976522343, 0.0213787239197115, 0.02262888584538598, 0.02401686851684336, 0.025523335513576738, 0.026670410326906566, 0.02758824337325398, 0.02810647098585074, 0.028219175888028712, 0.02804128716256827, 0.027840212128430745, 0.02799079668741686, 0.027988272685847155, 0.02831306909632167, 0.028434723397990712, 0.0285549391753426, 0.02832607944879636, 0.02800347501499142, 0.027460301198426997, 0.02681840364884072, 0.026203190519756815, 0.02552364346313934, 0.024940794741503684, 0.024553643852497812, 0.024009602077058226, 0.023587486328410737, 0.023053226444370627, 0.02237349941244249, 0.021247392964358097, 0.01948489409103017, 0.01759577829009665, 0.015969918059865678, 0.014849832783247986, 0.014164911869984548, 0.013546042864334782, 0.01328357500957488, 0.012905521640083246, 0.012806686101790404, 0.01256569256360443, 0.01270015008783326, 0.013333718053885597, 0.014364706842779438, 0.015230812921928084, 0.016214173123414017, 0.017422309714956504, 0.01848297873673576, 0.019690103784110968, 0.02062988015396428, 0.021304326954883004, 0.021542023987470748, 0.021445001132587415, 0.02128479356968176, 0.021154257299581803, 0.020548768777841446, 0.020419411659703072, 0.020346908766621045, 0.02018386842926173, 0.020060715556614095, 0.019970155121820186, 0.019905412966441507, 0.019860328269953802, 0.019689549628068632, 0.019110038324468673, 0.018401772510693467, 0.01773443768827515, 0.01691379473734185, 0.0163889904882787, 0.015891976533507178, 0.015695148472402557, 0.015634975895130635, 0.01548249397414641, 0.015250362203767827, 0.01446715870868431, 0.013690714184349355, 0.013111437378948002, 0.01280400987898366, 0.012789088065484542, 0.012885508256999974, 0.012645414791893052, 0.012533763320360268, 0.01300792748125149, 0.014045480441271196, 0.015593406388961941, 0.017496649938682926, 0.01947963017829757, 0.021814960986639112, 0.0244888991790445, 0.027455202671237973, 0.030462142682767764, 0.03347516022004274, 0.03632355277573078, 0.03911728575744543, 0.041489125175428104, 0.043617926344794986, 0.04507509866910146, 0.045973158335007626, 0.046666313335408376, 0.047747911364257295, 0.04910015737076979, 0.051170936172887156, 0.05323921785426519, 0.05484930583024696, 0.05598397968583077, 0.056516639752925084, 0.05678375349578094, 0.05655312215346535, 0.05709318659280136, 0.05753330561326649, 0.05822424761198231, 0.05856641837777238, 0.058663546697002605, 0.05829520111627496, 0.058019458378357286, 0.05786276302771312, 0.057678835712609886, 0.05721489013034267, 0.05620972754199197, 0.05488023496470325, 0.05291870088860013, 0.05085359195424363, 0.04836971777146554, 0.045888993393773454, 0.04332790860019442, 0.040721243397433354, 0.03815348906679705, 0.03609755066086763, 0.03431153121207709, 0.03269994312791247, 0.03113246913067769, 0.029533434333839276, 0.02779284963423818, 0.02581340528028532, 0.023636664296078556, 0.021032966406022018, 0.018298152858289164, 0.015471223173718233, 0.012975006021594128, 0.011476514573927241, 0.011190786613452559, 0.012013514795745658, 0.013192708648177051, 0.0146026096239084, 0.016627808096549106, 0.019288816219412905, 0.022115031993867204, 0.024956066779425322, 0.027947127033299147, 0.030317719296220055, 0.03213024736687776, 0.033908117916643665, 0.035613155393420214, 0.03695858371541455, 0.0370883147011733, 0.035844860180821725, 0.03331269225961453, 0.030127822662769057, 0.026675716455458534, 0.02305094507263966, 0.019294584365168215, 0.016588874620184203, 0.013459760460278334, 0.010513659470637583, 0.008184205378854309, 0.005908681970234855, 0.003908372487361734, 0.002250880846271649, 0.001837561814419065, 0.003902446460586522, 0.00649131804032715, 0.008842266053540701, 0.011337576744963709, 0.013847821453172829, 0.016241515374979285, 0.018506880743639053, 0.020753891025054552, 0.022854281545735794, 0.025177910908837288, 0.027764777035113285, 0.0302577363231247, 0.032552204835272186, 0.033962244268502154, 0.03530995724171245, 0.036795414568091225, 0.03840706162943578, 0.039993850675796264, 0.04133645030179679, 0.04211247094820217, 0.04239213751353172, 0.042192499106345205, 0.04200269786908514, 0.041897190162155235, 0.041830932940717325, 0.04166737666619139, 0.04206882264734189, 0.0426127097658282, 0.042895687146734904, 0.04300135533202284, 0.04249799814293581, 0.041897582995049115, 0.04072077112408416, 0.03927976254850985, 0.037331499513228325, 0.035889992777759706, 0.03456359233645024, 0.033243529781910974, 0.03199033675126687, 0.03059935779738079, 0.029272240636492235, 0.027900707354997015, 0.02654938414970694, 0.02543173352052397, 0.024311103096379235, 0.023065212419431085, 0.021685454855791198, 0.02041159885695607, 0.019056064221564174, 0.017656707279948437, 0.01626614648165674, 0.015012383850973622, 0.013603567963072178, 0.012189757837366814, 0.010674529938407772, 0.009407142987148039, 0.008344525906195775, 0.007439054007672372, 0.0072034584519923735, 0.007775010970036668, 0.009047582903156274, 0.010731538882415681, 0.01253460028234948, 0.014333543563369548, 0.016070624592636203, 0.017817726146123574, 0.019557256660804743, 0.02116824086555951, 0.022529303997840977, 0.023628588936546305, 0.02391411988476377, 0.02359656311707365, 0.022355277074164143, 0.020961866673625245, 0.018393580144489934, 0.015660552711922182, 0.013874328661167971, 0.01254026736778108, 0.011812131260623127, 0.010800298354986543, 0.00961805971638548, 0.008471507575266851, 0.007656757785702683, 0.006719580941926242, 0.0056999472982024405, 0.005125787188458596, 0.00504686530895439, 0.005697178935649704, 0.006245540782853768, 0.0070976650798796875, 0.007900543705723831, 0.008755370167568399, 0.009807746909975117, 0.011209592216881203, 0.01276960312030194, 0.014467251258771754, 0.015865855510978952, 0.01751794577394112, 0.01978728846519214, 0.022540086452385207, 0.024859037758439572, 0.02589623397823137, 0.02611181133516041, 0.026565850619759173, 0.0272557734372972, 0.02776644526036269, 0.02799937699621002, 0.02818388188652303, 0.02806005928616626, 0.028083982827741123, 0.02781538632605852, 0.027763976455106594, 0.028120518002563644, 0.028688559534023904, 0.029389365084960088, 0.030059907204608147, 0.03052096911154336, 0.031053468449087778, 0.03142000488428638, 0.03173833045042581, 0.031892653890475096, 0.03198060527161537, 0.031944507243272385, 0.03180892531117334, 0.03180195743523648, 0.03175983113429147, 0.03185651864929952, 0.032146459060636644, 0.032526908876218445, 0.033087790299913135, 0.03370146462957083, 0.0342847740780508, 0.0344768243549477, 0.03441738754137779, 0.034008301029805295]",0.021445001132587415,0.04326724464339782,0.007095404800442372,0.02023717629252003,0.0,0.0,0.010258733006431986,0.04326724464339782,0.007095404800442372,0.02023717629252003,3.936,1717635304.6398976,2024-06-06_10-55-04
0.5059,-0.03119999999999999,0.4077265678619055,0.4634489633735152,-0.03827159391388779,0.42780229940078174,0.5059,-0.03119999999999999,0.3974676046440881,0.4634489633735152,-0.03827159391388779,0.42780229940078174,0.02128479356968176,"[0.011315756658919754, 0.012192407496521018, 0.01288995615295488, 0.01359963525141729, 0.014321891165186378, 0.015181047888625853, 0.01592941522152252, 0.01673874496494045, 0.01751440457689525, 0.01835087734908702, 0.019202544572813795, 0.020070622325609303, 0.02095627718778323, 0.02186061264947246, 0.022737260153569413, 0.023681097053535004, 0.024646250751560458, 0.025633386418693636, 0.02659237614956749, 0.027623542314219474, 0.0286250346734827, 0.029647102596467904, 0.03056454213255984, 0.031680305841655834, 0.03263530150735364, 0.033606764937046466, 0.034593095597664145, 0.03536350794006898, 0.035930760474075646, 0.03631257033147624, 0.03661317474198803, 0.03688385713543919, 0.03738127616234113, 0.037934719347479336, 0.03858163380471939, 0.03921882339006296, 0.03999131852533767, 0.04074980907886149, 0.04127472956039594, 0.04151563832077664, 0.04151964454301027, 0.04123464219442919, 0.04096829512038153, 0.04056460486818273, 0.04028281736824196, 0.04000166841569801, 0.03919762289117317, 0.037812479337396496, 0.03622310391275238, 0.03453579653228067, 0.0330206041779641, 0.031565009966306234, 0.03054064037737075, 0.029904305612678588, 0.029394155816597912, 0.028896840658953926, 0.02825322628704274, 0.027685220830545497, 0.02666364029859006, 0.025486033827772144, 0.02414387260068274, 0.023028867611909868, 0.022681878550084772, 0.02299235797660897, 0.02387546679328945, 0.024738332374206702, 0.025547718436096926, 0.026640938816603423, 0.02759836215880636, 0.028240938725365098, 0.028199955208514017, 0.028168175430310402, 0.02767018559717724, 0.027414861073674215, 0.027239233260695786, 0.0274939869379551, 0.027874761581110984, 0.02868161073982207, 0.029514734605865275, 0.030345172291974937, 0.031248268714928727, 0.032298002681611045, 0.033509628354587276, 0.0348066615601669, 0.03569061118903811, 0.03631377821401384, 0.03654105211474412, 0.03646788532881584, 0.03572808397059345, 0.03427781350345514, 0.03309813106562172, 0.031639416134799855, 0.02970329439236902, 0.027599049067936567, 0.02603054913364457, 0.024090316372098155, 0.02220132238001286, 0.02051452966091278, 0.019044426362309692, 0.017805605247084858, 0.01643252777018217, 0.01523003850809785, 0.01424180324883461, 0.013706552220618947, 0.0130880570946912, 0.012988920737072255, 0.013178248200839212, 0.013386796436950147, 0.01359897371732897, 0.01439195864266014, 0.015495810506657983, 0.016686507754200334, 0.01807173050136072, 0.019341411872889052, 0.020370802976522343, 0.0213787239197115, 0.02262888584538598, 0.02401686851684336, 0.025523335513576738, 0.026670410326906566, 0.02758824337325398, 0.02810647098585074, 0.028219175888028712, 0.02804128716256827, 0.027840212128430745, 0.02799079668741686, 0.027988272685847155, 0.02831306909632167, 0.028434723397990712, 0.0285549391753426, 0.02832607944879636, 0.02800347501499142, 0.027460301198426997, 0.02681840364884072, 0.026203190519756815, 0.02552364346313934, 0.024940794741503684, 0.024553643852497812, 0.024009602077058226, 0.023587486328410737, 0.023053226444370627, 0.02237349941244249, 0.021247392964358097, 0.01948489409103017, 0.01759577829009665, 0.015969918059865678, 0.014849832783247986, 0.014164911869984548, 0.013546042864334782, 0.01328357500957488, 0.012905521640083246, 0.012806686101790404, 0.01256569256360443, 0.01270015008783326, 0.013333718053885597, 0.014364706842779438, 0.015230812921928084, 0.016214173123414017, 0.017422309714956504, 0.01848297873673576, 0.019690103784110968, 0.02062988015396428, 0.021304326954883004, 0.021542023987470748, 0.021445001132587415, 0.02128479356968176, 0.021154257299581803, 0.020548768777841446, 0.020419411659703072, 0.020346908766621045, 0.02018386842926173, 0.020060715556614095, 0.019970155121820186, 0.019905412966441507, 0.019860328269953802, 0.019689549628068632, 0.019110038324468673, 0.018401772510693467, 0.01773443768827515, 0.01691379473734185, 0.0163889904882787, 0.015891976533507178, 0.015695148472402557, 0.015634975895130635, 0.01548249397414641, 0.015250362203767827, 0.01446715870868431, 0.013690714184349355, 0.013111437378948002, 0.01280400987898366, 0.012789088065484542, 0.012885508256999974, 0.012645414791893052, 0.012533763320360268, 0.01300792748125149, 0.014045480441271196, 0.015593406388961941, 0.017496649938682926, 0.01947963017829757, 0.021814960986639112, 0.0244888991790445, 0.027455202671237973, 0.030462142682767764, 0.03347516022004274, 0.03632355277573078, 0.03911728575744543, 0.041489125175428104, 0.043617926344794986, 0.04507509866910146, 0.045973158335007626, 0.046666313335408376, 0.047747911364257295, 0.04910015737076979, 0.051170936172887156, 0.05323921785426519, 0.05484930583024696, 0.05598397968583077, 0.056516639752925084, 0.05678375349578094, 0.05655312215346535, 0.05709318659280136, 0.05753330561326649, 0.05822424761198231, 0.05856641837777238, 0.058663546697002605, 0.05829520111627496, 0.058019458378357286, 0.05786276302771312, 0.057678835712609886, 0.05721489013034267, 0.05620972754199197, 0.05488023496470325, 0.05291870088860013, 0.05085359195424363, 0.04836971777146554, 0.045888993393773454, 0.04332790860019442, 0.040721243397433354, 0.03815348906679705, 0.03609755066086763, 0.03431153121207709, 0.03269994312791247, 0.03113246913067769, 0.029533434333839276, 0.02779284963423818, 0.02581340528028532, 0.023636664296078556, 0.021032966406022018, 0.018298152858289164, 0.015471223173718233, 0.012975006021594128, 0.011476514573927241, 0.011190786613452559, 0.012013514795745658, 0.013192708648177051, 0.0146026096239084, 0.016627808096549106, 0.019288816219412905, 0.022115031993867204, 0.024956066779425322, 0.027947127033299147, 0.030317719296220055, 0.03213024736687776, 0.033908117916643665, 0.035613155393420214, 0.03695858371541455, 0.0370883147011733, 0.035844860180821725, 0.03331269225961453, 0.030127822662769057, 0.026675716455458534, 0.02305094507263966, 0.019294584365168215, 0.016588874620184203, 0.013459760460278334, 0.010513659470637583, 0.008184205378854309, 0.005908681970234855, 0.003908372487361734, 0.002250880846271649, 0.001837561814419065, 0.003902446460586522, 0.00649131804032715, 0.008842266053540701, 0.011337576744963709, 0.013847821453172829, 0.016241515374979285, 0.018506880743639053, 0.020753891025054552, 0.022854281545735794, 0.025177910908837288, 0.027764777035113285, 0.0302577363231247, 0.032552204835272186, 0.033962244268502154, 0.03530995724171245, 0.036795414568091225, 0.03840706162943578, 0.039993850675796264, 0.04133645030179679, 0.04211247094820217, 0.04239213751353172, 0.042192499106345205, 0.04200269786908514, 0.041897190162155235, 0.041830932940717325, 0.04166737666619139, 0.04206882264734189, 0.0426127097658282, 0.042895687146734904, 0.04300135533202284, 0.04249799814293581, 0.041897582995049115, 0.04072077112408416, 0.03927976254850985, 0.037331499513228325, 0.035889992777759706, 0.03456359233645024, 0.033243529781910974, 0.03199033675126687, 0.03059935779738079, 0.029272240636492235, 0.027900707354997015, 0.02654938414970694, 0.02543173352052397, 0.024311103096379235, 0.023065212419431085, 0.021685454855791198, 0.02041159885695607, 0.019056064221564174, 0.017656707279948437, 0.01626614648165674, 0.015012383850973622, 0.013603567963072178, 0.012189757837366814, 0.010674529938407772, 0.009407142987148039, 0.008344525906195775, 0.007439054007672372, 0.0072034584519923735, 0.007775010970036668, 0.009047582903156274, 0.010731538882415681, 0.01253460028234948, 0.014333543563369548, 0.016070624592636203, 0.017817726146123574, 0.019557256660804743, 0.02116824086555951, 0.022529303997840977, 0.023628588936546305, 0.02391411988476377, 0.02359656311707365, 0.022355277074164143, 0.020961866673625245, 0.018393580144489934, 0.015660552711922182, 0.013874328661167971, 0.01254026736778108, 0.011812131260623127, 0.010800298354986543, 0.00961805971638548, 0.008471507575266851, 0.007656757785702683, 0.006719580941926242, 0.0056999472982024405, 0.005125787188458596, 0.00504686530895439, 0.005697178935649704, 0.006245540782853768, 0.0070976650798796875, 0.007900543705723831, 0.008755370167568399, 0.009807746909975117, 0.011209592216881203, 0.01276960312030194, 0.014467251258771754, 0.015865855510978952, 0.01751794577394112, 0.01978728846519214, 0.022540086452385207, 0.024859037758439572, 0.02589623397823137, 0.02611181133516041, 0.026565850619759173, 0.0272557734372972, 0.02776644526036269, 0.02799937699621002, 0.02818388188652303, 0.02806005928616626, 0.028083982827741123, 0.02781538632605852, 0.027763976455106594, 0.028120518002563644, 0.028688559534023904, 0.029389365084960088, 0.030059907204608147, 0.03052096911154336, 0.031053468449087778, 0.03142000488428638, 0.03173833045042581, 0.031892653890475096, 0.03198060527161537, 0.031944507243272385, 0.03180892531117334, 0.03180195743523648, 0.03175983113429147, 0.03185651864929952, 0.032146459060636644, 0.032526908876218445, 0.033087790299913135, 0.03370146462957083, 0.0342847740780508, 0.0344768243549477, 0.03441738754137779, 0.034008301029805295]",0.02128479356968176,0.042451036626484806,0.0070715939138878,0.020075731538876262,0.0,0.0,0.010258963217817385,0.042451036626484806,0.0070715939138878,0.020075731538876262,3.96,1717635304.6630528,2024-06-06_10-55-04
0.5059,-0.030480000000000007,0.40536761901063806,0.4642816479679413,-0.03766092099237039,0.4252657841420828,0.5059,-0.030480000000000007,0.3951084255814352,0.4642816479679413,-0.03766092099237039,0.4252657841420828,0.021154257299581803,"[0.011315756658919754, 0.012192407496521018, 0.01288995615295488, 0.01359963525141729, 0.014321891165186378, 0.015181047888625853, 0.01592941522152252, 0.01673874496494045, 0.01751440457689525, 0.01835087734908702, 0.019202544572813795, 0.020070622325609303, 0.02095627718778323, 0.02186061264947246, 0.022737260153569413, 0.023681097053535004, 0.024646250751560458, 0.025633386418693636, 0.02659237614956749, 0.027623542314219474, 0.0286250346734827, 0.029647102596467904, 0.03056454213255984, 0.031680305841655834, 0.03263530150735364, 0.033606764937046466, 0.034593095597664145, 0.03536350794006898, 0.035930760474075646, 0.03631257033147624, 0.03661317474198803, 0.03688385713543919, 0.03738127616234113, 0.037934719347479336, 0.03858163380471939, 0.03921882339006296, 0.03999131852533767, 0.04074980907886149, 0.04127472956039594, 0.04151563832077664, 0.04151964454301027, 0.04123464219442919, 0.04096829512038153, 0.04056460486818273, 0.04028281736824196, 0.04000166841569801, 0.03919762289117317, 0.037812479337396496, 0.03622310391275238, 0.03453579653228067, 0.0330206041779641, 0.031565009966306234, 0.03054064037737075, 0.029904305612678588, 0.029394155816597912, 0.028896840658953926, 0.02825322628704274, 0.027685220830545497, 0.02666364029859006, 0.025486033827772144, 0.02414387260068274, 0.023028867611909868, 0.022681878550084772, 0.02299235797660897, 0.02387546679328945, 0.024738332374206702, 0.025547718436096926, 0.026640938816603423, 0.02759836215880636, 0.028240938725365098, 0.028199955208514017, 0.028168175430310402, 0.02767018559717724, 0.027414861073674215, 0.027239233260695786, 0.0274939869379551, 0.027874761581110984, 0.02868161073982207, 0.029514734605865275, 0.030345172291974937, 0.031248268714928727, 0.032298002681611045, 0.033509628354587276, 0.0348066615601669, 0.03569061118903811, 0.03631377821401384, 0.03654105211474412, 0.03646788532881584, 0.03572808397059345, 0.03427781350345514, 0.03309813106562172, 0.031639416134799855, 0.02970329439236902, 0.027599049067936567, 0.02603054913364457, 0.024090316372098155, 0.02220132238001286, 0.02051452966091278, 0.019044426362309692, 0.017805605247084858, 0.01643252777018217, 0.01523003850809785, 0.01424180324883461, 0.013706552220618947, 0.0130880570946912, 0.012988920737072255, 0.013178248200839212, 0.013386796436950147, 0.01359897371732897, 0.01439195864266014, 0.015495810506657983, 0.016686507754200334, 0.01807173050136072, 0.019341411872889052, 0.020370802976522343, 0.0213787239197115, 0.02262888584538598, 0.02401686851684336, 0.025523335513576738, 0.026670410326906566, 0.02758824337325398, 0.02810647098585074, 0.028219175888028712, 0.02804128716256827, 0.027840212128430745, 0.02799079668741686, 0.027988272685847155, 0.02831306909632167, 0.028434723397990712, 0.0285549391753426, 0.02832607944879636, 0.02800347501499142, 0.027460301198426997, 0.02681840364884072, 0.026203190519756815, 0.02552364346313934, 0.024940794741503684, 0.024553643852497812, 0.024009602077058226, 0.023587486328410737, 0.023053226444370627, 0.02237349941244249, 0.021247392964358097, 0.01948489409103017, 0.01759577829009665, 0.015969918059865678, 0.014849832783247986, 0.014164911869984548, 0.013546042864334782, 0.01328357500957488, 0.012905521640083246, 0.012806686101790404, 0.01256569256360443, 0.01270015008783326, 0.013333718053885597, 0.014364706842779438, 0.015230812921928084, 0.016214173123414017, 0.017422309714956504, 0.01848297873673576, 0.019690103784110968, 0.02062988015396428, 0.021304326954883004, 0.021542023987470748, 0.021445001132587415, 0.02128479356968176, 0.021154257299581803, 0.020548768777841446, 0.020419411659703072, 0.020346908766621045, 0.02018386842926173, 0.020060715556614095, 0.019970155121820186, 0.019905412966441507, 0.019860328269953802, 0.019689549628068632, 0.019110038324468673, 0.018401772510693467, 0.01773443768827515, 0.01691379473734185, 0.0163889904882787, 0.015891976533507178, 0.015695148472402557, 0.015634975895130635, 0.01548249397414641, 0.015250362203767827, 0.01446715870868431, 0.013690714184349355, 0.013111437378948002, 0.01280400987898366, 0.012789088065484542, 0.012885508256999974, 0.012645414791893052, 0.012533763320360268, 0.01300792748125149, 0.014045480441271196, 0.015593406388961941, 0.017496649938682926, 0.01947963017829757, 0.021814960986639112, 0.0244888991790445, 0.027455202671237973, 0.030462142682767764, 0.03347516022004274, 0.03632355277573078, 0.03911728575744543, 0.041489125175428104, 0.043617926344794986, 0.04507509866910146, 0.045973158335007626, 0.046666313335408376, 0.047747911364257295, 0.04910015737076979, 0.051170936172887156, 0.05323921785426519, 0.05484930583024696, 0.05598397968583077, 0.056516639752925084, 0.05678375349578094, 0.05655312215346535, 0.05709318659280136, 0.05753330561326649, 0.05822424761198231, 0.05856641837777238, 0.058663546697002605, 0.05829520111627496, 0.058019458378357286, 0.05786276302771312, 0.057678835712609886, 0.05721489013034267, 0.05620972754199197, 0.05488023496470325, 0.05291870088860013, 0.05085359195424363, 0.04836971777146554, 0.045888993393773454, 0.04332790860019442, 0.040721243397433354, 0.03815348906679705, 0.03609755066086763, 0.03431153121207709, 0.03269994312791247, 0.03113246913067769, 0.029533434333839276, 0.02779284963423818, 0.02581340528028532, 0.023636664296078556, 0.021032966406022018, 0.018298152858289164, 0.015471223173718233, 0.012975006021594128, 0.011476514573927241, 0.011190786613452559, 0.012013514795745658, 0.013192708648177051, 0.0146026096239084, 0.016627808096549106, 0.019288816219412905, 0.022115031993867204, 0.024956066779425322, 0.027947127033299147, 0.030317719296220055, 0.03213024736687776, 0.033908117916643665, 0.035613155393420214, 0.03695858371541455, 0.0370883147011733, 0.035844860180821725, 0.03331269225961453, 0.030127822662769057, 0.026675716455458534, 0.02305094507263966, 0.019294584365168215, 0.016588874620184203, 0.013459760460278334, 0.010513659470637583, 0.008184205378854309, 0.005908681970234855, 0.003908372487361734, 0.002250880846271649, 0.001837561814419065, 0.003902446460586522, 0.00649131804032715, 0.008842266053540701, 0.011337576744963709, 0.013847821453172829, 0.016241515374979285, 0.018506880743639053, 0.020753891025054552, 0.022854281545735794, 0.025177910908837288, 0.027764777035113285, 0.0302577363231247, 0.032552204835272186, 0.033962244268502154, 0.03530995724171245, 0.036795414568091225, 0.03840706162943578, 0.039993850675796264, 0.04133645030179679, 0.04211247094820217, 0.04239213751353172, 0.042192499106345205, 0.04200269786908514, 0.041897190162155235, 0.041830932940717325, 0.04166737666619139, 0.04206882264734189, 0.0426127097658282, 0.042895687146734904, 0.04300135533202284, 0.04249799814293581, 0.041897582995049115, 0.04072077112408416, 0.03927976254850985, 0.037331499513228325, 0.035889992777759706, 0.03456359233645024, 0.033243529781910974, 0.03199033675126687, 0.03059935779738079, 0.029272240636492235, 0.027900707354997015, 0.02654938414970694, 0.02543173352052397, 0.024311103096379235, 0.023065212419431085, 0.021685454855791198, 0.02041159885695607, 0.019056064221564174, 0.017656707279948437, 0.01626614648165674, 0.015012383850973622, 0.013603567963072178, 0.012189757837366814, 0.010674529938407772, 0.009407142987148039, 0.008344525906195775, 0.007439054007672372, 0.0072034584519923735, 0.007775010970036668, 0.009047582903156274, 0.010731538882415681, 0.01253460028234948, 0.014333543563369548, 0.016070624592636203, 0.017817726146123574, 0.019557256660804743, 0.02116824086555951, 0.022529303997840977, 0.023628588936546305, 0.02391411988476377, 0.02359656311707365, 0.022355277074164143, 0.020961866673625245, 0.018393580144489934, 0.015660552711922182, 0.013874328661167971, 0.01254026736778108, 0.011812131260623127, 0.010800298354986543, 0.00961805971638548, 0.008471507575266851, 0.007656757785702683, 0.006719580941926242, 0.0056999472982024405, 0.005125787188458596, 0.00504686530895439, 0.005697178935649704, 0.006245540782853768, 0.0070976650798796875, 0.007900543705723831, 0.008755370167568399, 0.009807746909975117, 0.011209592216881203, 0.01276960312030194, 0.014467251258771754, 0.015865855510978952, 0.01751794577394112, 0.01978728846519214, 0.022540086452385207, 0.024859037758439572, 0.02589623397823137, 0.02611181133516041, 0.026565850619759173, 0.0272557734372972, 0.02776644526036269, 0.02799937699621002, 0.02818388188652303, 0.02806005928616626, 0.028083982827741123, 0.02781538632605852, 0.027763976455106594, 0.028120518002563644, 0.028688559534023904, 0.029389365084960088, 0.030059907204608147, 0.03052096911154336, 0.031053468449087778, 0.03142000488428638, 0.03173833045042581, 0.031892653890475096, 0.03198060527161537, 0.031944507243272385, 0.03180892531117334, 0.03180195743523648, 0.03175983113429147, 0.03185651864929952, 0.032146459060636644, 0.032526908876218445, 0.033087790299913135, 0.03370146462957083, 0.0342847740780508, 0.0344768243549477, 0.03441738754137779, 0.034008301029805295]",0.021154257299581803,0.041618352032058714,0.007180920992370381,0.019898165131444767,0.0,0.0,0.01025919342920284,0.041618352032058714,0.007180920992370381,0.019898165131444767,3.984,1717635304.6870863,2024-06-06_10-55-04
0.5059,-0.02976000000000001,0.40306072737808424,0.46522695307414313,-0.036947433897435,0.4223115115765317,0.5059,-0.02976000000000001,0.39280251341561473,0.46522695307414313,-0.036947433897435,0.4223115115765317,0.020548768777841446,"[0.011315756658919754, 0.012192407496521018, 0.01288995615295488, 0.01359963525141729, 0.014321891165186378, 0.015181047888625853, 0.01592941522152252, 0.01673874496494045, 0.01751440457689525, 0.01835087734908702, 0.019202544572813795, 0.020070622325609303, 0.02095627718778323, 0.02186061264947246, 0.022737260153569413, 0.023681097053535004, 0.024646250751560458, 0.025633386418693636, 0.02659237614956749, 0.027623542314219474, 0.0286250346734827, 0.029647102596467904, 0.03056454213255984, 0.031680305841655834, 0.03263530150735364, 0.033606764937046466, 0.034593095597664145, 0.03536350794006898, 0.035930760474075646, 0.03631257033147624, 0.03661317474198803, 0.03688385713543919, 0.03738127616234113, 0.037934719347479336, 0.03858163380471939, 0.03921882339006296, 0.03999131852533767, 0.04074980907886149, 0.04127472956039594, 0.04151563832077664, 0.04151964454301027, 0.04123464219442919, 0.04096829512038153, 0.04056460486818273, 0.04028281736824196, 0.04000166841569801, 0.03919762289117317, 0.037812479337396496, 0.03622310391275238, 0.03453579653228067, 0.0330206041779641, 0.031565009966306234, 0.03054064037737075, 0.029904305612678588, 0.029394155816597912, 0.028896840658953926, 0.02825322628704274, 0.027685220830545497, 0.02666364029859006, 0.025486033827772144, 0.02414387260068274, 0.023028867611909868, 0.022681878550084772, 0.02299235797660897, 0.02387546679328945, 0.024738332374206702, 0.025547718436096926, 0.026640938816603423, 0.02759836215880636, 0.028240938725365098, 0.028199955208514017, 0.028168175430310402, 0.02767018559717724, 0.027414861073674215, 0.027239233260695786, 0.0274939869379551, 0.027874761581110984, 0.02868161073982207, 0.029514734605865275, 0.030345172291974937, 0.031248268714928727, 0.032298002681611045, 0.033509628354587276, 0.0348066615601669, 0.03569061118903811, 0.03631377821401384, 0.03654105211474412, 0.03646788532881584, 0.03572808397059345, 0.03427781350345514, 0.03309813106562172, 0.031639416134799855, 0.02970329439236902, 0.027599049067936567, 0.02603054913364457, 0.024090316372098155, 0.02220132238001286, 0.02051452966091278, 0.019044426362309692, 0.017805605247084858, 0.01643252777018217, 0.01523003850809785, 0.01424180324883461, 0.013706552220618947, 0.0130880570946912, 0.012988920737072255, 0.013178248200839212, 0.013386796436950147, 0.01359897371732897, 0.01439195864266014, 0.015495810506657983, 0.016686507754200334, 0.01807173050136072, 0.019341411872889052, 0.020370802976522343, 0.0213787239197115, 0.02262888584538598, 0.02401686851684336, 0.025523335513576738, 0.026670410326906566, 0.02758824337325398, 0.02810647098585074, 0.028219175888028712, 0.02804128716256827, 0.027840212128430745, 0.02799079668741686, 0.027988272685847155, 0.02831306909632167, 0.028434723397990712, 0.0285549391753426, 0.02832607944879636, 0.02800347501499142, 0.027460301198426997, 0.02681840364884072, 0.026203190519756815, 0.02552364346313934, 0.024940794741503684, 0.024553643852497812, 0.024009602077058226, 0.023587486328410737, 0.023053226444370627, 0.02237349941244249, 0.021247392964358097, 0.01948489409103017, 0.01759577829009665, 0.015969918059865678, 0.014849832783247986, 0.014164911869984548, 0.013546042864334782, 0.01328357500957488, 0.012905521640083246, 0.012806686101790404, 0.01256569256360443, 0.01270015008783326, 0.013333718053885597, 0.014364706842779438, 0.015230812921928084, 0.016214173123414017, 0.017422309714956504, 0.01848297873673576, 0.019690103784110968, 0.02062988015396428, 0.021304326954883004, 0.021542023987470748, 0.021445001132587415, 0.02128479356968176, 0.021154257299581803, 0.020548768777841446, 0.020419411659703072, 0.020346908766621045, 0.02018386842926173, 0.020060715556614095, 0.019970155121820186, 0.019905412966441507, 0.019860328269953802, 0.019689549628068632, 0.019110038324468673, 0.018401772510693467, 0.01773443768827515, 0.01691379473734185, 0.0163889904882787, 0.015891976533507178, 0.015695148472402557, 0.015634975895130635, 0.01548249397414641, 0.015250362203767827, 0.01446715870868431, 0.013690714184349355, 0.013111437378948002, 0.01280400987898366, 0.012789088065484542, 0.012885508256999974, 0.012645414791893052, 0.012533763320360268, 0.01300792748125149, 0.014045480441271196, 0.015593406388961941, 0.017496649938682926, 0.01947963017829757, 0.021814960986639112, 0.0244888991790445, 0.027455202671237973, 0.030462142682767764, 0.03347516022004274, 0.03632355277573078, 0.03911728575744543, 0.041489125175428104, 0.043617926344794986, 0.04507509866910146, 0.045973158335007626, 0.046666313335408376, 0.047747911364257295, 0.04910015737076979, 0.051170936172887156, 0.05323921785426519, 0.05484930583024696, 0.05598397968583077, 0.056516639752925084, 0.05678375349578094, 0.05655312215346535, 0.05709318659280136, 0.05753330561326649, 0.05822424761198231, 0.05856641837777238, 0.058663546697002605, 0.05829520111627496, 0.058019458378357286, 0.05786276302771312, 0.057678835712609886, 0.05721489013034267, 0.05620972754199197, 0.05488023496470325, 0.05291870088860013, 0.05085359195424363, 0.04836971777146554, 0.045888993393773454, 0.04332790860019442, 0.040721243397433354, 0.03815348906679705, 0.03609755066086763, 0.03431153121207709, 0.03269994312791247, 0.03113246913067769, 0.029533434333839276, 0.02779284963423818, 0.02581340528028532, 0.023636664296078556, 0.021032966406022018, 0.018298152858289164, 0.015471223173718233, 0.012975006021594128, 0.011476514573927241, 0.011190786613452559, 0.012013514795745658, 0.013192708648177051, 0.0146026096239084, 0.016627808096549106, 0.019288816219412905, 0.022115031993867204, 0.024956066779425322, 0.027947127033299147, 0.030317719296220055, 0.03213024736687776, 0.033908117916643665, 0.035613155393420214, 0.03695858371541455, 0.0370883147011733, 0.035844860180821725, 0.03331269225961453, 0.030127822662769057, 0.026675716455458534, 0.02305094507263966, 0.019294584365168215, 0.016588874620184203, 0.013459760460278334, 0.010513659470637583, 0.008184205378854309, 0.005908681970234855, 0.003908372487361734, 0.002250880846271649, 0.001837561814419065, 0.003902446460586522, 0.00649131804032715, 0.008842266053540701, 0.011337576744963709, 0.013847821453172829, 0.016241515374979285, 0.018506880743639053, 0.020753891025054552, 0.022854281545735794, 0.025177910908837288, 0.027764777035113285, 0.0302577363231247, 0.032552204835272186, 0.033962244268502154, 0.03530995724171245, 0.036795414568091225, 0.03840706162943578, 0.039993850675796264, 0.04133645030179679, 0.04211247094820217, 0.04239213751353172, 0.042192499106345205, 0.04200269786908514, 0.041897190162155235, 0.041830932940717325, 0.04166737666619139, 0.04206882264734189, 0.0426127097658282, 0.042895687146734904, 0.04300135533202284, 0.04249799814293581, 0.041897582995049115, 0.04072077112408416, 0.03927976254850985, 0.037331499513228325, 0.035889992777759706, 0.03456359233645024, 0.033243529781910974, 0.03199033675126687, 0.03059935779738079, 0.029272240636492235, 0.027900707354997015, 0.02654938414970694, 0.02543173352052397, 0.024311103096379235, 0.023065212419431085, 0.021685454855791198, 0.02041159885695607, 0.019056064221564174, 0.017656707279948437, 0.01626614648165674, 0.015012383850973622, 0.013603567963072178, 0.012189757837366814, 0.010674529938407772, 0.009407142987148039, 0.008344525906195775, 0.007439054007672372, 0.0072034584519923735, 0.007775010970036668, 0.009047582903156274, 0.010731538882415681, 0.01253460028234948, 0.014333543563369548, 0.016070624592636203, 0.017817726146123574, 0.019557256660804743, 0.02116824086555951, 0.022529303997840977, 0.023628588936546305, 0.02391411988476377, 0.02359656311707365, 0.022355277074164143, 0.020961866673625245, 0.018393580144489934, 0.015660552711922182, 0.013874328661167971, 0.01254026736778108, 0.011812131260623127, 0.010800298354986543, 0.00961805971638548, 0.008471507575266851, 0.007656757785702683, 0.006719580941926242, 0.0056999472982024405, 0.005125787188458596, 0.00504686530895439, 0.005697178935649704, 0.006245540782853768, 0.0070976650798796875, 0.007900543705723831, 0.008755370167568399, 0.009807746909975117, 0.011209592216881203, 0.01276960312030194, 0.014467251258771754, 0.015865855510978952, 0.01751794577394112, 0.01978728846519214, 0.022540086452385207, 0.024859037758439572, 0.02589623397823137, 0.02611181133516041, 0.026565850619759173, 0.0272557734372972, 0.02776644526036269, 0.02799937699621002, 0.02818388188652303, 0.02806005928616626, 0.028083982827741123, 0.02781538632605852, 0.027763976455106594, 0.028120518002563644, 0.028688559534023904, 0.029389365084960088, 0.030059907204608147, 0.03052096911154336, 0.031053468449087778, 0.03142000488428638, 0.03173833045042581, 0.031892653890475096, 0.03198060527161537, 0.031944507243272385, 0.03180892531117334, 0.03180195743523648, 0.03175983113429147, 0.03185651864929952, 0.032146459060636644, 0.032526908876218445, 0.033087790299913135, 0.03370146462957083, 0.0342847740780508, 0.0344768243549477, 0.03441738754137779, 0.034008301029805295]",0.020548768777841446,0.04067304692585688,0.007187433897434994,0.019250784198447446,0.0,0.0,0.010258213962469509,0.04067304692585688,0.007187433897434994,0.019250784198447446,4.008,1717635304.710732,2024-06-06_10-55-04
0.5059,-0.029039999999999996,0.40081786696608696,0.4659851007914182,-0.036358568732286156,0.4198806821894274,0.5059,-0.029039999999999996,0.3905630518265884,0.4659851007914182,-0.036358568732286156,0.4198806821894274,0.020419411659703072,"[0.011315756658919754, 0.012192407496521018, 0.01288995615295488, 0.01359963525141729, 0.014321891165186378, 0.015181047888625853, 0.01592941522152252, 0.01673874496494045, 0.01751440457689525, 0.01835087734908702, 0.019202544572813795, 0.020070622325609303, 0.02095627718778323, 0.02186061264947246, 0.022737260153569413, 0.023681097053535004, 0.024646250751560458, 0.025633386418693636, 0.02659237614956749, 0.027623542314219474, 0.0286250346734827, 0.029647102596467904, 0.03056454213255984, 0.031680305841655834, 0.03263530150735364, 0.033606764937046466, 0.034593095597664145, 0.03536350794006898, 0.035930760474075646, 0.03631257033147624, 0.03661317474198803, 0.03688385713543919, 0.03738127616234113, 0.037934719347479336, 0.03858163380471939, 0.03921882339006296, 0.03999131852533767, 0.04074980907886149, 0.04127472956039594, 0.04151563832077664, 0.04151964454301027, 0.04123464219442919, 0.04096829512038153, 0.04056460486818273, 0.04028281736824196, 0.04000166841569801, 0.03919762289117317, 0.037812479337396496, 0.03622310391275238, 0.03453579653228067, 0.0330206041779641, 0.031565009966306234, 0.03054064037737075, 0.029904305612678588, 0.029394155816597912, 0.028896840658953926, 0.02825322628704274, 0.027685220830545497, 0.02666364029859006, 0.025486033827772144, 0.02414387260068274, 0.023028867611909868, 0.022681878550084772, 0.02299235797660897, 0.02387546679328945, 0.024738332374206702, 0.025547718436096926, 0.026640938816603423, 0.02759836215880636, 0.028240938725365098, 0.028199955208514017, 0.028168175430310402, 0.02767018559717724, 0.027414861073674215, 0.027239233260695786, 0.0274939869379551, 0.027874761581110984, 0.02868161073982207, 0.029514734605865275, 0.030345172291974937, 0.031248268714928727, 0.032298002681611045, 0.033509628354587276, 0.0348066615601669, 0.03569061118903811, 0.03631377821401384, 0.03654105211474412, 0.03646788532881584, 0.03572808397059345, 0.03427781350345514, 0.03309813106562172, 0.031639416134799855, 0.02970329439236902, 0.027599049067936567, 0.02603054913364457, 0.024090316372098155, 0.02220132238001286, 0.02051452966091278, 0.019044426362309692, 0.017805605247084858, 0.01643252777018217, 0.01523003850809785, 0.01424180324883461, 0.013706552220618947, 0.0130880570946912, 0.012988920737072255, 0.013178248200839212, 0.013386796436950147, 0.01359897371732897, 0.01439195864266014, 0.015495810506657983, 0.016686507754200334, 0.01807173050136072, 0.019341411872889052, 0.020370802976522343, 0.0213787239197115, 0.02262888584538598, 0.02401686851684336, 0.025523335513576738, 0.026670410326906566, 0.02758824337325398, 0.02810647098585074, 0.028219175888028712, 0.02804128716256827, 0.027840212128430745, 0.02799079668741686, 0.027988272685847155, 0.02831306909632167, 0.028434723397990712, 0.0285549391753426, 0.02832607944879636, 0.02800347501499142, 0.027460301198426997, 0.02681840364884072, 0.026203190519756815, 0.02552364346313934, 0.024940794741503684, 0.024553643852497812, 0.024009602077058226, 0.023587486328410737, 0.023053226444370627, 0.02237349941244249, 0.021247392964358097, 0.01948489409103017, 0.01759577829009665, 0.015969918059865678, 0.014849832783247986, 0.014164911869984548, 0.013546042864334782, 0.01328357500957488, 0.012905521640083246, 0.012806686101790404, 0.01256569256360443, 0.01270015008783326, 0.013333718053885597, 0.014364706842779438, 0.015230812921928084, 0.016214173123414017, 0.017422309714956504, 0.01848297873673576, 0.019690103784110968, 0.02062988015396428, 0.021304326954883004, 0.021542023987470748, 0.021445001132587415, 0.02128479356968176, 0.021154257299581803, 0.020548768777841446, 0.020419411659703072, 0.020346908766621045, 0.02018386842926173, 0.020060715556614095, 0.019970155121820186, 0.019905412966441507, 0.019860328269953802, 0.019689549628068632, 0.019110038324468673, 0.018401772510693467, 0.01773443768827515, 0.01691379473734185, 0.0163889904882787, 0.015891976533507178, 0.015695148472402557, 0.015634975895130635, 0.01548249397414641, 0.015250362203767827, 0.01446715870868431, 0.013690714184349355, 0.013111437378948002, 0.01280400987898366, 0.012789088065484542, 0.012885508256999974, 0.012645414791893052, 0.012533763320360268, 0.01300792748125149, 0.014045480441271196, 0.015593406388961941, 0.017496649938682926, 0.01947963017829757, 0.021814960986639112, 0.0244888991790445, 0.027455202671237973, 0.030462142682767764, 0.03347516022004274, 0.03632355277573078, 0.03911728575744543, 0.041489125175428104, 0.043617926344794986, 0.04507509866910146, 0.045973158335007626, 0.046666313335408376, 0.047747911364257295, 0.04910015737076979, 0.051170936172887156, 0.05323921785426519, 0.05484930583024696, 0.05598397968583077, 0.056516639752925084, 0.05678375349578094, 0.05655312215346535, 0.05709318659280136, 0.05753330561326649, 0.05822424761198231, 0.05856641837777238, 0.058663546697002605, 0.05829520111627496, 0.058019458378357286, 0.05786276302771312, 0.057678835712609886, 0.05721489013034267, 0.05620972754199197, 0.05488023496470325, 0.05291870088860013, 0.05085359195424363, 0.04836971777146554, 0.045888993393773454, 0.04332790860019442, 0.040721243397433354, 0.03815348906679705, 0.03609755066086763, 0.03431153121207709, 0.03269994312791247, 0.03113246913067769, 0.029533434333839276, 0.02779284963423818, 0.02581340528028532, 0.023636664296078556, 0.021032966406022018, 0.018298152858289164, 0.015471223173718233, 0.012975006021594128, 0.011476514573927241, 0.011190786613452559, 0.012013514795745658, 0.013192708648177051, 0.0146026096239084, 0.016627808096549106, 0.019288816219412905, 0.022115031993867204, 0.024956066779425322, 0.027947127033299147, 0.030317719296220055, 0.03213024736687776, 0.033908117916643665, 0.035613155393420214, 0.03695858371541455, 0.0370883147011733, 0.035844860180821725, 0.03331269225961453, 0.030127822662769057, 0.026675716455458534, 0.02305094507263966, 0.019294584365168215, 0.016588874620184203, 0.013459760460278334, 0.010513659470637583, 0.008184205378854309, 0.005908681970234855, 0.003908372487361734, 0.002250880846271649, 0.001837561814419065, 0.003902446460586522, 0.00649131804032715, 0.008842266053540701, 0.011337576744963709, 0.013847821453172829, 0.016241515374979285, 0.018506880743639053, 0.020753891025054552, 0.022854281545735794, 0.025177910908837288, 0.027764777035113285, 0.0302577363231247, 0.032552204835272186, 0.033962244268502154, 0.03530995724171245, 0.036795414568091225, 0.03840706162943578, 0.039993850675796264, 0.04133645030179679, 0.04211247094820217, 0.04239213751353172, 0.042192499106345205, 0.04200269786908514, 0.041897190162155235, 0.041830932940717325, 0.04166737666619139, 0.04206882264734189, 0.0426127097658282, 0.042895687146734904, 0.04300135533202284, 0.04249799814293581, 0.041897582995049115, 0.04072077112408416, 0.03927976254850985, 0.037331499513228325, 0.035889992777759706, 0.03456359233645024, 0.033243529781910974, 0.03199033675126687, 0.03059935779738079, 0.029272240636492235, 0.027900707354997015, 0.02654938414970694, 0.02543173352052397, 0.024311103096379235, 0.023065212419431085, 0.021685454855791198, 0.02041159885695607, 0.019056064221564174, 0.017656707279948437, 0.01626614648165674, 0.015012383850973622, 0.013603567963072178, 0.012189757837366814, 0.010674529938407772, 0.009407142987148039, 0.008344525906195775, 0.007439054007672372, 0.0072034584519923735, 0.007775010970036668, 0.009047582903156274, 0.010731538882415681, 0.01253460028234948, 0.014333543563369548, 0.016070624592636203, 0.017817726146123574, 0.019557256660804743, 0.02116824086555951, 0.022529303997840977, 0.023628588936546305, 0.02391411988476377, 0.02359656311707365, 0.022355277074164143, 0.020961866673625245, 0.018393580144489934, 0.015660552711922182, 0.013874328661167971, 0.01254026736778108, 0.011812131260623127, 0.010800298354986543, 0.00961805971638548, 0.008471507575266851, 0.007656757785702683, 0.006719580941926242, 0.0056999472982024405, 0.005125787188458596, 0.00504686530895439, 0.005697178935649704, 0.006245540782853768, 0.0070976650798796875, 0.007900543705723831, 0.008755370167568399, 0.009807746909975117, 0.011209592216881203, 0.01276960312030194, 0.014467251258771754, 0.015865855510978952, 0.01751794577394112, 0.01978728846519214, 0.022540086452385207, 0.024859037758439572, 0.02589623397823137, 0.02611181133516041, 0.026565850619759173, 0.0272557734372972, 0.02776644526036269, 0.02799937699621002, 0.02818388188652303, 0.02806005928616626, 0.028083982827741123, 0.02781538632605852, 0.027763976455106594, 0.028120518002563644, 0.028688559534023904, 0.029389365084960088, 0.030059907204608147, 0.03052096911154336, 0.031053468449087778, 0.03142000488428638, 0.03173833045042581, 0.031892653890475096, 0.03198060527161537, 0.031944507243272385, 0.03180892531117334, 0.03180195743523648, 0.03175983113429147, 0.03185651864929952, 0.032146459060636644, 0.032526908876218445, 0.033087790299913135, 0.03370146462957083, 0.0342847740780508, 0.0344768243549477, 0.03441738754137779, 0.034008301029805295]",0.020419411659703072,0.03991489920858182,0.00731856873228616,0.019062815223340468,0.0,0.0,0.010254815139498552,0.03991489920858182,0.00731856873228616,0.019062815223340468,4.032,1717635304.7352026,2024-06-06_10-55-04
0.5059,-0.028319999999999998,0.39865082007301944,0.46668831302321007,-0.03579820126006899,0.4175736423326905,0.5059,-0.028319999999999998,0.38839940375649185,0.46668831302321007,-0.03579820126006899,0.4175736423326905,0.020346908766621045,"[0.011315756658919754, 0.012192407496521018, 0.01288995615295488, 0.01359963525141729, 0.014321891165186378, 0.015181047888625853, 0.01592941522152252, 0.01673874496494045, 0.01751440457689525, 0.01835087734908702, 0.019202544572813795, 0.020070622325609303, 0.02095627718778323, 0.02186061264947246, 0.022737260153569413, 0.023681097053535004, 0.024646250751560458, 0.025633386418693636, 0.02659237614956749, 0.027623542314219474, 0.0286250346734827, 0.029647102596467904, 0.03056454213255984, 0.031680305841655834, 0.03263530150735364, 0.033606764937046466, 0.034593095597664145, 0.03536350794006898, 0.035930760474075646, 0.03631257033147624, 0.03661317474198803, 0.03688385713543919, 0.03738127616234113, 0.037934719347479336, 0.03858163380471939, 0.03921882339006296, 0.03999131852533767, 0.04074980907886149, 0.04127472956039594, 0.04151563832077664, 0.04151964454301027, 0.04123464219442919, 0.04096829512038153, 0.04056460486818273, 0.04028281736824196, 0.04000166841569801, 0.03919762289117317, 0.037812479337396496, 0.03622310391275238, 0.03453579653228067, 0.0330206041779641, 0.031565009966306234, 0.03054064037737075, 0.029904305612678588, 0.029394155816597912, 0.028896840658953926, 0.02825322628704274, 0.027685220830545497, 0.02666364029859006, 0.025486033827772144, 0.02414387260068274, 0.023028867611909868, 0.022681878550084772, 0.02299235797660897, 0.02387546679328945, 0.024738332374206702, 0.025547718436096926, 0.026640938816603423, 0.02759836215880636, 0.028240938725365098, 0.028199955208514017, 0.028168175430310402, 0.02767018559717724, 0.027414861073674215, 0.027239233260695786, 0.0274939869379551, 0.027874761581110984, 0.02868161073982207, 0.029514734605865275, 0.030345172291974937, 0.031248268714928727, 0.032298002681611045, 0.033509628354587276, 0.0348066615601669, 0.03569061118903811, 0.03631377821401384, 0.03654105211474412, 0.03646788532881584, 0.03572808397059345, 0.03427781350345514, 0.03309813106562172, 0.031639416134799855, 0.02970329439236902, 0.027599049067936567, 0.02603054913364457, 0.024090316372098155, 0.02220132238001286, 0.02051452966091278, 0.019044426362309692, 0.017805605247084858, 0.01643252777018217, 0.01523003850809785, 0.01424180324883461, 0.013706552220618947, 0.0130880570946912, 0.012988920737072255, 0.013178248200839212, 0.013386796436950147, 0.01359897371732897, 0.01439195864266014, 0.015495810506657983, 0.016686507754200334, 0.01807173050136072, 0.019341411872889052, 0.020370802976522343, 0.0213787239197115, 0.02262888584538598, 0.02401686851684336, 0.025523335513576738, 0.026670410326906566, 0.02758824337325398, 0.02810647098585074, 0.028219175888028712, 0.02804128716256827, 0.027840212128430745, 0.02799079668741686, 0.027988272685847155, 0.02831306909632167, 0.028434723397990712, 0.0285549391753426, 0.02832607944879636, 0.02800347501499142, 0.027460301198426997, 0.02681840364884072, 0.026203190519756815, 0.02552364346313934, 0.024940794741503684, 0.024553643852497812, 0.024009602077058226, 0.023587486328410737, 0.023053226444370627, 0.02237349941244249, 0.021247392964358097, 0.01948489409103017, 0.01759577829009665, 0.015969918059865678, 0.014849832783247986, 0.014164911869984548, 0.013546042864334782, 0.01328357500957488, 0.012905521640083246, 0.012806686101790404, 0.01256569256360443, 0.01270015008783326, 0.013333718053885597, 0.014364706842779438, 0.015230812921928084, 0.016214173123414017, 0.017422309714956504, 0.01848297873673576, 0.019690103784110968, 0.02062988015396428, 0.021304326954883004, 0.021542023987470748, 0.021445001132587415, 0.02128479356968176, 0.021154257299581803, 0.020548768777841446, 0.020419411659703072, 0.020346908766621045, 0.02018386842926173, 0.020060715556614095, 0.019970155121820186, 0.019905412966441507, 0.019860328269953802, 0.019689549628068632, 0.019110038324468673, 0.018401772510693467, 0.01773443768827515, 0.01691379473734185, 0.0163889904882787, 0.015891976533507178, 0.015695148472402557, 0.015634975895130635, 0.01548249397414641, 0.015250362203767827, 0.01446715870868431, 0.013690714184349355, 0.013111437378948002, 0.01280400987898366, 0.012789088065484542, 0.012885508256999974, 0.012645414791893052, 0.012533763320360268, 0.01300792748125149, 0.014045480441271196, 0.015593406388961941, 0.017496649938682926, 0.01947963017829757, 0.021814960986639112, 0.0244888991790445, 0.027455202671237973, 0.030462142682767764, 0.03347516022004274, 0.03632355277573078, 0.03911728575744543, 0.041489125175428104, 0.043617926344794986, 0.04507509866910146, 0.045973158335007626, 0.046666313335408376, 0.047747911364257295, 0.04910015737076979, 0.051170936172887156, 0.05323921785426519, 0.05484930583024696, 0.05598397968583077, 0.056516639752925084, 0.05678375349578094, 0.05655312215346535, 0.05709318659280136, 0.05753330561326649, 0.05822424761198231, 0.05856641837777238, 0.058663546697002605, 0.05829520111627496, 0.058019458378357286, 0.05786276302771312, 0.057678835712609886, 0.05721489013034267, 0.05620972754199197, 0.05488023496470325, 0.05291870088860013, 0.05085359195424363, 0.04836971777146554, 0.045888993393773454, 0.04332790860019442, 0.040721243397433354, 0.03815348906679705, 0.03609755066086763, 0.03431153121207709, 0.03269994312791247, 0.03113246913067769, 0.029533434333839276, 0.02779284963423818, 0.02581340528028532, 0.023636664296078556, 0.021032966406022018, 0.018298152858289164, 0.015471223173718233, 0.012975006021594128, 0.011476514573927241, 0.011190786613452559, 0.012013514795745658, 0.013192708648177051, 0.0146026096239084, 0.016627808096549106, 0.019288816219412905, 0.022115031993867204, 0.024956066779425322, 0.027947127033299147, 0.030317719296220055, 0.03213024736687776, 0.033908117916643665, 0.035613155393420214, 0.03695858371541455, 0.0370883147011733, 0.035844860180821725, 0.03331269225961453, 0.030127822662769057, 0.026675716455458534, 0.02305094507263966, 0.019294584365168215, 0.016588874620184203, 0.013459760460278334, 0.010513659470637583, 0.008184205378854309, 0.005908681970234855, 0.003908372487361734, 0.002250880846271649, 0.001837561814419065, 0.003902446460586522, 0.00649131804032715, 0.008842266053540701, 0.011337576744963709, 0.013847821453172829, 0.016241515374979285, 0.018506880743639053, 0.020753891025054552, 0.022854281545735794, 0.025177910908837288, 0.027764777035113285, 0.0302577363231247, 0.032552204835272186, 0.033962244268502154, 0.03530995724171245, 0.036795414568091225, 0.03840706162943578, 0.039993850675796264, 0.04133645030179679, 0.04211247094820217, 0.04239213751353172, 0.042192499106345205, 0.04200269786908514, 0.041897190162155235, 0.041830932940717325, 0.04166737666619139, 0.04206882264734189, 0.0426127097658282, 0.042895687146734904, 0.04300135533202284, 0.04249799814293581, 0.041897582995049115, 0.04072077112408416, 0.03927976254850985, 0.037331499513228325, 0.035889992777759706, 0.03456359233645024, 0.033243529781910974, 0.03199033675126687, 0.03059935779738079, 0.029272240636492235, 0.027900707354997015, 0.02654938414970694, 0.02543173352052397, 0.024311103096379235, 0.023065212419431085, 0.021685454855791198, 0.02041159885695607, 0.019056064221564174, 0.017656707279948437, 0.01626614648165674, 0.015012383850973622, 0.013603567963072178, 0.012189757837366814, 0.010674529938407772, 0.009407142987148039, 0.008344525906195775, 0.007439054007672372, 0.0072034584519923735, 0.007775010970036668, 0.009047582903156274, 0.010731538882415681, 0.01253460028234948, 0.014333543563369548, 0.016070624592636203, 0.017817726146123574, 0.019557256660804743, 0.02116824086555951, 0.022529303997840977, 0.023628588936546305, 0.02391411988476377, 0.02359656311707365, 0.022355277074164143, 0.020961866673625245, 0.018393580144489934, 0.015660552711922182, 0.013874328661167971, 0.01254026736778108, 0.011812131260623127, 0.010800298354986543, 0.00961805971638548, 0.008471507575266851, 0.007656757785702683, 0.006719580941926242, 0.0056999472982024405, 0.005125787188458596, 0.00504686530895439, 0.005697178935649704, 0.006245540782853768, 0.0070976650798796875, 0.007900543705723831, 0.008755370167568399, 0.009807746909975117, 0.011209592216881203, 0.01276960312030194, 0.014467251258771754, 0.015865855510978952, 0.01751794577394112, 0.01978728846519214, 0.022540086452385207, 0.024859037758439572, 0.02589623397823137, 0.02611181133516041, 0.026565850619759173, 0.0272557734372972, 0.02776644526036269, 0.02799937699621002, 0.02818388188652303, 0.02806005928616626, 0.028083982827741123, 0.02781538632605852, 0.027763976455106594, 0.028120518002563644, 0.028688559534023904, 0.029389365084960088, 0.030059907204608147, 0.03052096911154336, 0.031053468449087778, 0.03142000488428638, 0.03173833045042581, 0.031892653890475096, 0.03198060527161537, 0.031944507243272385, 0.03180892531117334, 0.03180195743523648, 0.03175983113429147, 0.03185651864929952, 0.032146459060636644, 0.032526908876218445, 0.033087790299913135, 0.03370146462957083, 0.0342847740780508, 0.0344768243549477, 0.03441738754137779, 0.034008301029805295]",0.020346908766621045,0.03921168697678995,0.007478201260068991,0.018922822259671068,0.0,0.0,0.010251416316527595,0.03921168697678995,0.007478201260068991,0.018922822259671068,4.056,1717635304.7590413,2024-06-06_10-55-04
0.5059,-0.027600000000000013,0.396571116457121,0.4673789102791499,-0.03523373770995837,0.4152557249182397,0.5059,-0.027600000000000013,0.38632309896356437,0.4673789102791499,-0.03523373770995837,0.4152557249182397,0.02018386842926173,"[0.011315756658919754, 0.012192407496521018, 0.01288995615295488, 0.01359963525141729, 0.014321891165186378, 0.015181047888625853, 0.01592941522152252, 0.01673874496494045, 0.01751440457689525, 0.01835087734908702, 0.019202544572813795, 0.020070622325609303, 0.02095627718778323, 0.02186061264947246, 0.022737260153569413, 0.023681097053535004, 0.024646250751560458, 0.025633386418693636, 0.02659237614956749, 0.027623542314219474, 0.0286250346734827, 0.029647102596467904, 0.03056454213255984, 0.031680305841655834, 0.03263530150735364, 0.033606764937046466, 0.034593095597664145, 0.03536350794006898, 0.035930760474075646, 0.03631257033147624, 0.03661317474198803, 0.03688385713543919, 0.03738127616234113, 0.037934719347479336, 0.03858163380471939, 0.03921882339006296, 0.03999131852533767, 0.04074980907886149, 0.04127472956039594, 0.04151563832077664, 0.04151964454301027, 0.04123464219442919, 0.04096829512038153, 0.04056460486818273, 0.04028281736824196, 0.04000166841569801, 0.03919762289117317, 0.037812479337396496, 0.03622310391275238, 0.03453579653228067, 0.0330206041779641, 0.031565009966306234, 0.03054064037737075, 0.029904305612678588, 0.029394155816597912, 0.028896840658953926, 0.02825322628704274, 0.027685220830545497, 0.02666364029859006, 0.025486033827772144, 0.02414387260068274, 0.023028867611909868, 0.022681878550084772, 0.02299235797660897, 0.02387546679328945, 0.024738332374206702, 0.025547718436096926, 0.026640938816603423, 0.02759836215880636, 0.028240938725365098, 0.028199955208514017, 0.028168175430310402, 0.02767018559717724, 0.027414861073674215, 0.027239233260695786, 0.0274939869379551, 0.027874761581110984, 0.02868161073982207, 0.029514734605865275, 0.030345172291974937, 0.031248268714928727, 0.032298002681611045, 0.033509628354587276, 0.0348066615601669, 0.03569061118903811, 0.03631377821401384, 0.03654105211474412, 0.03646788532881584, 0.03572808397059345, 0.03427781350345514, 0.03309813106562172, 0.031639416134799855, 0.02970329439236902, 0.027599049067936567, 0.02603054913364457, 0.024090316372098155, 0.02220132238001286, 0.02051452966091278, 0.019044426362309692, 0.017805605247084858, 0.01643252777018217, 0.01523003850809785, 0.01424180324883461, 0.013706552220618947, 0.0130880570946912, 0.012988920737072255, 0.013178248200839212, 0.013386796436950147, 0.01359897371732897, 0.01439195864266014, 0.015495810506657983, 0.016686507754200334, 0.01807173050136072, 0.019341411872889052, 0.020370802976522343, 0.0213787239197115, 0.02262888584538598, 0.02401686851684336, 0.025523335513576738, 0.026670410326906566, 0.02758824337325398, 0.02810647098585074, 0.028219175888028712, 0.02804128716256827, 0.027840212128430745, 0.02799079668741686, 0.027988272685847155, 0.02831306909632167, 0.028434723397990712, 0.0285549391753426, 0.02832607944879636, 0.02800347501499142, 0.027460301198426997, 0.02681840364884072, 0.026203190519756815, 0.02552364346313934, 0.024940794741503684, 0.024553643852497812, 0.024009602077058226, 0.023587486328410737, 0.023053226444370627, 0.02237349941244249, 0.021247392964358097, 0.01948489409103017, 0.01759577829009665, 0.015969918059865678, 0.014849832783247986, 0.014164911869984548, 0.013546042864334782, 0.01328357500957488, 0.012905521640083246, 0.012806686101790404, 0.01256569256360443, 0.01270015008783326, 0.013333718053885597, 0.014364706842779438, 0.015230812921928084, 0.016214173123414017, 0.017422309714956504, 0.01848297873673576, 0.019690103784110968, 0.02062988015396428, 0.021304326954883004, 0.021542023987470748, 0.021445001132587415, 0.02128479356968176, 0.021154257299581803, 0.020548768777841446, 0.020419411659703072, 0.020346908766621045, 0.02018386842926173, 0.020060715556614095, 0.019970155121820186, 0.019905412966441507, 0.019860328269953802, 0.019689549628068632, 0.019110038324468673, 0.018401772510693467, 0.01773443768827515, 0.01691379473734185, 0.0163889904882787, 0.015891976533507178, 0.015695148472402557, 0.015634975895130635, 0.01548249397414641, 0.015250362203767827, 0.01446715870868431, 0.013690714184349355, 0.013111437378948002, 0.01280400987898366, 0.012789088065484542, 0.012885508256999974, 0.012645414791893052, 0.012533763320360268, 0.01300792748125149, 0.014045480441271196, 0.015593406388961941, 0.017496649938682926, 0.01947963017829757, 0.021814960986639112, 0.0244888991790445, 0.027455202671237973, 0.030462142682767764, 0.03347516022004274, 0.03632355277573078, 0.03911728575744543, 0.041489125175428104, 0.043617926344794986, 0.04507509866910146, 0.045973158335007626, 0.046666313335408376, 0.047747911364257295, 0.04910015737076979, 0.051170936172887156, 0.05323921785426519, 0.05484930583024696, 0.05598397968583077, 0.056516639752925084, 0.05678375349578094, 0.05655312215346535, 0.05709318659280136, 0.05753330561326649, 0.05822424761198231, 0.05856641837777238, 0.058663546697002605, 0.05829520111627496, 0.058019458378357286, 0.05786276302771312, 0.057678835712609886, 0.05721489013034267, 0.05620972754199197, 0.05488023496470325, 0.05291870088860013, 0.05085359195424363, 0.04836971777146554, 0.045888993393773454, 0.04332790860019442, 0.040721243397433354, 0.03815348906679705, 0.03609755066086763, 0.03431153121207709, 0.03269994312791247, 0.03113246913067769, 0.029533434333839276, 0.02779284963423818, 0.02581340528028532, 0.023636664296078556, 0.021032966406022018, 0.018298152858289164, 0.015471223173718233, 0.012975006021594128, 0.011476514573927241, 0.011190786613452559, 0.012013514795745658, 0.013192708648177051, 0.0146026096239084, 0.016627808096549106, 0.019288816219412905, 0.022115031993867204, 0.024956066779425322, 0.027947127033299147, 0.030317719296220055, 0.03213024736687776, 0.033908117916643665, 0.035613155393420214, 0.03695858371541455, 0.0370883147011733, 0.035844860180821725, 0.03331269225961453, 0.030127822662769057, 0.026675716455458534, 0.02305094507263966, 0.019294584365168215, 0.016588874620184203, 0.013459760460278334, 0.010513659470637583, 0.008184205378854309, 0.005908681970234855, 0.003908372487361734, 0.002250880846271649, 0.001837561814419065, 0.003902446460586522, 0.00649131804032715, 0.008842266053540701, 0.011337576744963709, 0.013847821453172829, 0.016241515374979285, 0.018506880743639053, 0.020753891025054552, 0.022854281545735794, 0.025177910908837288, 0.027764777035113285, 0.0302577363231247, 0.032552204835272186, 0.033962244268502154, 0.03530995724171245, 0.036795414568091225, 0.03840706162943578, 0.039993850675796264, 0.04133645030179679, 0.04211247094820217, 0.04239213751353172, 0.042192499106345205, 0.04200269786908514, 0.041897190162155235, 0.041830932940717325, 0.04166737666619139, 0.04206882264734189, 0.0426127097658282, 0.042895687146734904, 0.04300135533202284, 0.04249799814293581, 0.041897582995049115, 0.04072077112408416, 0.03927976254850985, 0.037331499513228325, 0.035889992777759706, 0.03456359233645024, 0.033243529781910974, 0.03199033675126687, 0.03059935779738079, 0.029272240636492235, 0.027900707354997015, 0.02654938414970694, 0.02543173352052397, 0.024311103096379235, 0.023065212419431085, 0.021685454855791198, 0.02041159885695607, 0.019056064221564174, 0.017656707279948437, 0.01626614648165674, 0.015012383850973622, 0.013603567963072178, 0.012189757837366814, 0.010674529938407772, 0.009407142987148039, 0.008344525906195775, 0.007439054007672372, 0.0072034584519923735, 0.007775010970036668, 0.009047582903156274, 0.010731538882415681, 0.01253460028234948, 0.014333543563369548, 0.016070624592636203, 0.017817726146123574, 0.019557256660804743, 0.02116824086555951, 0.022529303997840977, 0.023628588936546305, 0.02391411988476377, 0.02359656311707365, 0.022355277074164143, 0.020961866673625245, 0.018393580144489934, 0.015660552711922182, 0.013874328661167971, 0.01254026736778108, 0.011812131260623127, 0.010800298354986543, 0.00961805971638548, 0.008471507575266851, 0.007656757785702683, 0.006719580941926242, 0.0056999472982024405, 0.005125787188458596, 0.00504686530895439, 0.005697178935649704, 0.006245540782853768, 0.0070976650798796875, 0.007900543705723831, 0.008755370167568399, 0.009807746909975117, 0.011209592216881203, 0.01276960312030194, 0.014467251258771754, 0.015865855510978952, 0.01751794577394112, 0.01978728846519214, 0.022540086452385207, 0.024859037758439572, 0.02589623397823137, 0.02611181133516041, 0.026565850619759173, 0.0272557734372972, 0.02776644526036269, 0.02799937699621002, 0.02818388188652303, 0.02806005928616626, 0.028083982827741123, 0.02781538632605852, 0.027763976455106594, 0.028120518002563644, 0.028688559534023904, 0.029389365084960088, 0.030059907204608147, 0.03052096911154336, 0.031053468449087778, 0.03142000488428638, 0.03173833045042581, 0.031892653890475096, 0.03198060527161537, 0.031944507243272385, 0.03180892531117334, 0.03180195743523648, 0.03175983113429147, 0.03185651864929952, 0.032146459060636644, 0.032526908876218445, 0.033087790299913135, 0.03370146462957083, 0.0342847740780508, 0.0344768243549477, 0.03441738754137779, 0.034008301029805295]",0.02018386842926173,0.03852108972085011,0.0076337377099583575,0.01868460846111869,0.0,0.0,0.010248017493556638,0.03852108972085011,0.0076337377099583575,0.01868460846111869,4.08,1717635304.7835073,2024-06-06_10-55-04
0.5059,-0.02688,0.3945899735085879,0.46801721533102664,-0.0346987369383079,0.41306427082493846,0.5059,-0.02688,0.38435481362874685,0.46801721533102664,-0.0346987369383079,0.41306427082493846,0.020060715556614095,"[0.011315756658919754, 0.012192407496521018, 0.01288995615295488, 0.01359963525141729, 0.014321891165186378, 0.015181047888625853, 0.01592941522152252, 0.01673874496494045, 0.01751440457689525, 0.01835087734908702, 0.019202544572813795, 0.020070622325609303, 0.02095627718778323, 0.02186061264947246, 0.022737260153569413, 0.023681097053535004, 0.024646250751560458, 0.025633386418693636, 0.02659237614956749, 0.027623542314219474, 0.0286250346734827, 0.029647102596467904, 0.03056454213255984, 0.031680305841655834, 0.03263530150735364, 0.033606764937046466, 0.034593095597664145, 0.03536350794006898, 0.035930760474075646, 0.03631257033147624, 0.03661317474198803, 0.03688385713543919, 0.03738127616234113, 0.037934719347479336, 0.03858163380471939, 0.03921882339006296, 0.03999131852533767, 0.04074980907886149, 0.04127472956039594, 0.04151563832077664, 0.04151964454301027, 0.04123464219442919, 0.04096829512038153, 0.04056460486818273, 0.04028281736824196, 0.04000166841569801, 0.03919762289117317, 0.037812479337396496, 0.03622310391275238, 0.03453579653228067, 0.0330206041779641, 0.031565009966306234, 0.03054064037737075, 0.029904305612678588, 0.029394155816597912, 0.028896840658953926, 0.02825322628704274, 0.027685220830545497, 0.02666364029859006, 0.025486033827772144, 0.02414387260068274, 0.023028867611909868, 0.022681878550084772, 0.02299235797660897, 0.02387546679328945, 0.024738332374206702, 0.025547718436096926, 0.026640938816603423, 0.02759836215880636, 0.028240938725365098, 0.028199955208514017, 0.028168175430310402, 0.02767018559717724, 0.027414861073674215, 0.027239233260695786, 0.0274939869379551, 0.027874761581110984, 0.02868161073982207, 0.029514734605865275, 0.030345172291974937, 0.031248268714928727, 0.032298002681611045, 0.033509628354587276, 0.0348066615601669, 0.03569061118903811, 0.03631377821401384, 0.03654105211474412, 0.03646788532881584, 0.03572808397059345, 0.03427781350345514, 0.03309813106562172, 0.031639416134799855, 0.02970329439236902, 0.027599049067936567, 0.02603054913364457, 0.024090316372098155, 0.02220132238001286, 0.02051452966091278, 0.019044426362309692, 0.017805605247084858, 0.01643252777018217, 0.01523003850809785, 0.01424180324883461, 0.013706552220618947, 0.0130880570946912, 0.012988920737072255, 0.013178248200839212, 0.013386796436950147, 0.01359897371732897, 0.01439195864266014, 0.015495810506657983, 0.016686507754200334, 0.01807173050136072, 0.019341411872889052, 0.020370802976522343, 0.0213787239197115, 0.02262888584538598, 0.02401686851684336, 0.025523335513576738, 0.026670410326906566, 0.02758824337325398, 0.02810647098585074, 0.028219175888028712, 0.02804128716256827, 0.027840212128430745, 0.02799079668741686, 0.027988272685847155, 0.02831306909632167, 0.028434723397990712, 0.0285549391753426, 0.02832607944879636, 0.02800347501499142, 0.027460301198426997, 0.02681840364884072, 0.026203190519756815, 0.02552364346313934, 0.024940794741503684, 0.024553643852497812, 0.024009602077058226, 0.023587486328410737, 0.023053226444370627, 0.02237349941244249, 0.021247392964358097, 0.01948489409103017, 0.01759577829009665, 0.015969918059865678, 0.014849832783247986, 0.014164911869984548, 0.013546042864334782, 0.01328357500957488, 0.012905521640083246, 0.012806686101790404, 0.01256569256360443, 0.01270015008783326, 0.013333718053885597, 0.014364706842779438, 0.015230812921928084, 0.016214173123414017, 0.017422309714956504, 0.01848297873673576, 0.019690103784110968, 0.02062988015396428, 0.021304326954883004, 0.021542023987470748, 0.021445001132587415, 0.02128479356968176, 0.021154257299581803, 0.020548768777841446, 0.020419411659703072, 0.020346908766621045, 0.02018386842926173, 0.020060715556614095, 0.019970155121820186, 0.019905412966441507, 0.019860328269953802, 0.019689549628068632, 0.019110038324468673, 0.018401772510693467, 0.01773443768827515, 0.01691379473734185, 0.0163889904882787, 0.015891976533507178, 0.015695148472402557, 0.015634975895130635, 0.01548249397414641, 0.015250362203767827, 0.01446715870868431, 0.013690714184349355, 0.013111437378948002, 0.01280400987898366, 0.012789088065484542, 0.012885508256999974, 0.012645414791893052, 0.012533763320360268, 0.01300792748125149, 0.014045480441271196, 0.015593406388961941, 0.017496649938682926, 0.01947963017829757, 0.021814960986639112, 0.0244888991790445, 0.027455202671237973, 0.030462142682767764, 0.03347516022004274, 0.03632355277573078, 0.03911728575744543, 0.041489125175428104, 0.043617926344794986, 0.04507509866910146, 0.045973158335007626, 0.046666313335408376, 0.047747911364257295, 0.04910015737076979, 0.051170936172887156, 0.05323921785426519, 0.05484930583024696, 0.05598397968583077, 0.056516639752925084, 0.05678375349578094, 0.05655312215346535, 0.05709318659280136, 0.05753330561326649, 0.05822424761198231, 0.05856641837777238, 0.058663546697002605, 0.05829520111627496, 0.058019458378357286, 0.05786276302771312, 0.057678835712609886, 0.05721489013034267, 0.05620972754199197, 0.05488023496470325, 0.05291870088860013, 0.05085359195424363, 0.04836971777146554, 0.045888993393773454, 0.04332790860019442, 0.040721243397433354, 0.03815348906679705, 0.03609755066086763, 0.03431153121207709, 0.03269994312791247, 0.03113246913067769, 0.029533434333839276, 0.02779284963423818, 0.02581340528028532, 0.023636664296078556, 0.021032966406022018, 0.018298152858289164, 0.015471223173718233, 0.012975006021594128, 0.011476514573927241, 0.011190786613452559, 0.012013514795745658, 0.013192708648177051, 0.0146026096239084, 0.016627808096549106, 0.019288816219412905, 0.022115031993867204, 0.024956066779425322, 0.027947127033299147, 0.030317719296220055, 0.03213024736687776, 0.033908117916643665, 0.035613155393420214, 0.03695858371541455, 0.0370883147011733, 0.035844860180821725, 0.03331269225961453, 0.030127822662769057, 0.026675716455458534, 0.02305094507263966, 0.019294584365168215, 0.016588874620184203, 0.013459760460278334, 0.010513659470637583, 0.008184205378854309, 0.005908681970234855, 0.003908372487361734, 0.002250880846271649, 0.001837561814419065, 0.003902446460586522, 0.00649131804032715, 0.008842266053540701, 0.011337576744963709, 0.013847821453172829, 0.016241515374979285, 0.018506880743639053, 0.020753891025054552, 0.022854281545735794, 0.025177910908837288, 0.027764777035113285, 0.0302577363231247, 0.032552204835272186, 0.033962244268502154, 0.03530995724171245, 0.036795414568091225, 0.03840706162943578, 0.039993850675796264, 0.04133645030179679, 0.04211247094820217, 0.04239213751353172, 0.042192499106345205, 0.04200269786908514, 0.041897190162155235, 0.041830932940717325, 0.04166737666619139, 0.04206882264734189, 0.0426127097658282, 0.042895687146734904, 0.04300135533202284, 0.04249799814293581, 0.041897582995049115, 0.04072077112408416, 0.03927976254850985, 0.037331499513228325, 0.035889992777759706, 0.03456359233645024, 0.033243529781910974, 0.03199033675126687, 0.03059935779738079, 0.029272240636492235, 0.027900707354997015, 0.02654938414970694, 0.02543173352052397, 0.024311103096379235, 0.023065212419431085, 0.021685454855791198, 0.02041159885695607, 0.019056064221564174, 0.017656707279948437, 0.01626614648165674, 0.015012383850973622, 0.013603567963072178, 0.012189757837366814, 0.010674529938407772, 0.009407142987148039, 0.008344525906195775, 0.007439054007672372, 0.0072034584519923735, 0.007775010970036668, 0.009047582903156274, 0.010731538882415681, 0.01253460028234948, 0.014333543563369548, 0.016070624592636203, 0.017817726146123574, 0.019557256660804743, 0.02116824086555951, 0.022529303997840977, 0.023628588936546305, 0.02391411988476377, 0.02359656311707365, 0.022355277074164143, 0.020961866673625245, 0.018393580144489934, 0.015660552711922182, 0.013874328661167971, 0.01254026736778108, 0.011812131260623127, 0.010800298354986543, 0.00961805971638548, 0.008471507575266851, 0.007656757785702683, 0.006719580941926242, 0.0056999472982024405, 0.005125787188458596, 0.00504686530895439, 0.005697178935649704, 0.006245540782853768, 0.0070976650798796875, 0.007900543705723831, 0.008755370167568399, 0.009807746909975117, 0.011209592216881203, 0.01276960312030194, 0.014467251258771754, 0.015865855510978952, 0.01751794577394112, 0.01978728846519214, 0.022540086452385207, 0.024859037758439572, 0.02589623397823137, 0.02611181133516041, 0.026565850619759173, 0.0272557734372972, 0.02776644526036269, 0.02799937699621002, 0.02818388188652303, 0.02806005928616626, 0.028083982827741123, 0.02781538632605852, 0.027763976455106594, 0.028120518002563644, 0.028688559534023904, 0.029389365084960088, 0.030059907204608147, 0.03052096911154336, 0.031053468449087778, 0.03142000488428638, 0.03173833045042581, 0.031892653890475096, 0.03198060527161537, 0.031944507243272385, 0.03180892531117334, 0.03180195743523648, 0.03175983113429147, 0.03185651864929952, 0.032146459060636644, 0.032526908876218445, 0.033087790299913135, 0.03370146462957083, 0.0342847740780508, 0.0344768243549477, 0.03441738754137779, 0.034008301029805295]",0.020060715556614095,0.03788278466897338,0.007818736938307896,0.018474297316350585,0.0,0.0,0.010235159879841027,0.03788278466897338,0.007818736938307896,0.018474297316350585,4.104,1717635304.807611,2024-06-06_10-55-04
0.5059,-0.026160000000000003,0.3927182377471087,0.46860522693636186,-0.034193880085249456,0.4110011222669374,0.5059,-0.026160000000000003,0.382543229434707,0.46860522693636186,-0.034193880085249456,0.4110011222669374,0.019970155121820186,"[0.011315756658919754, 0.012192407496521018, 0.01288995615295488, 0.01359963525141729, 0.014321891165186378, 0.015181047888625853, 0.01592941522152252, 0.01673874496494045, 0.01751440457689525, 0.01835087734908702, 0.019202544572813795, 0.020070622325609303, 0.02095627718778323, 0.02186061264947246, 0.022737260153569413, 0.023681097053535004, 0.024646250751560458, 0.025633386418693636, 0.02659237614956749, 0.027623542314219474, 0.0286250346734827, 0.029647102596467904, 0.03056454213255984, 0.031680305841655834, 0.03263530150735364, 0.033606764937046466, 0.034593095597664145, 0.03536350794006898, 0.035930760474075646, 0.03631257033147624, 0.03661317474198803, 0.03688385713543919, 0.03738127616234113, 0.037934719347479336, 0.03858163380471939, 0.03921882339006296, 0.03999131852533767, 0.04074980907886149, 0.04127472956039594, 0.04151563832077664, 0.04151964454301027, 0.04123464219442919, 0.04096829512038153, 0.04056460486818273, 0.04028281736824196, 0.04000166841569801, 0.03919762289117317, 0.037812479337396496, 0.03622310391275238, 0.03453579653228067, 0.0330206041779641, 0.031565009966306234, 0.03054064037737075, 0.029904305612678588, 0.029394155816597912, 0.028896840658953926, 0.02825322628704274, 0.027685220830545497, 0.02666364029859006, 0.025486033827772144, 0.02414387260068274, 0.023028867611909868, 0.022681878550084772, 0.02299235797660897, 0.02387546679328945, 0.024738332374206702, 0.025547718436096926, 0.026640938816603423, 0.02759836215880636, 0.028240938725365098, 0.028199955208514017, 0.028168175430310402, 0.02767018559717724, 0.027414861073674215, 0.027239233260695786, 0.0274939869379551, 0.027874761581110984, 0.02868161073982207, 0.029514734605865275, 0.030345172291974937, 0.031248268714928727, 0.032298002681611045, 0.033509628354587276, 0.0348066615601669, 0.03569061118903811, 0.03631377821401384, 0.03654105211474412, 0.03646788532881584, 0.03572808397059345, 0.03427781350345514, 0.03309813106562172, 0.031639416134799855, 0.02970329439236902, 0.027599049067936567, 0.02603054913364457, 0.024090316372098155, 0.02220132238001286, 0.02051452966091278, 0.019044426362309692, 0.017805605247084858, 0.01643252777018217, 0.01523003850809785, 0.01424180324883461, 0.013706552220618947, 0.0130880570946912, 0.012988920737072255, 0.013178248200839212, 0.013386796436950147, 0.01359897371732897, 0.01439195864266014, 0.015495810506657983, 0.016686507754200334, 0.01807173050136072, 0.019341411872889052, 0.020370802976522343, 0.0213787239197115, 0.02262888584538598, 0.02401686851684336, 0.025523335513576738, 0.026670410326906566, 0.02758824337325398, 0.02810647098585074, 0.028219175888028712, 0.02804128716256827, 0.027840212128430745, 0.02799079668741686, 0.027988272685847155, 0.02831306909632167, 0.028434723397990712, 0.0285549391753426, 0.02832607944879636, 0.02800347501499142, 0.027460301198426997, 0.02681840364884072, 0.026203190519756815, 0.02552364346313934, 0.024940794741503684, 0.024553643852497812, 0.024009602077058226, 0.023587486328410737, 0.023053226444370627, 0.02237349941244249, 0.021247392964358097, 0.01948489409103017, 0.01759577829009665, 0.015969918059865678, 0.014849832783247986, 0.014164911869984548, 0.013546042864334782, 0.01328357500957488, 0.012905521640083246, 0.012806686101790404, 0.01256569256360443, 0.01270015008783326, 0.013333718053885597, 0.014364706842779438, 0.015230812921928084, 0.016214173123414017, 0.017422309714956504, 0.01848297873673576, 0.019690103784110968, 0.02062988015396428, 0.021304326954883004, 0.021542023987470748, 0.021445001132587415, 0.02128479356968176, 0.021154257299581803, 0.020548768777841446, 0.020419411659703072, 0.020346908766621045, 0.02018386842926173, 0.020060715556614095, 0.019970155121820186, 0.019905412966441507, 0.019860328269953802, 0.019689549628068632, 0.019110038324468673, 0.018401772510693467, 0.01773443768827515, 0.01691379473734185, 0.0163889904882787, 0.015891976533507178, 0.015695148472402557, 0.015634975895130635, 0.01548249397414641, 0.015250362203767827, 0.01446715870868431, 0.013690714184349355, 0.013111437378948002, 0.01280400987898366, 0.012789088065484542, 0.012885508256999974, 0.012645414791893052, 0.012533763320360268, 0.01300792748125149, 0.014045480441271196, 0.015593406388961941, 0.017496649938682926, 0.01947963017829757, 0.021814960986639112, 0.0244888991790445, 0.027455202671237973, 0.030462142682767764, 0.03347516022004274, 0.03632355277573078, 0.03911728575744543, 0.041489125175428104, 0.043617926344794986, 0.04507509866910146, 0.045973158335007626, 0.046666313335408376, 0.047747911364257295, 0.04910015737076979, 0.051170936172887156, 0.05323921785426519, 0.05484930583024696, 0.05598397968583077, 0.056516639752925084, 0.05678375349578094, 0.05655312215346535, 0.05709318659280136, 0.05753330561326649, 0.05822424761198231, 0.05856641837777238, 0.058663546697002605, 0.05829520111627496, 0.058019458378357286, 0.05786276302771312, 0.057678835712609886, 0.05721489013034267, 0.05620972754199197, 0.05488023496470325, 0.05291870088860013, 0.05085359195424363, 0.04836971777146554, 0.045888993393773454, 0.04332790860019442, 0.040721243397433354, 0.03815348906679705, 0.03609755066086763, 0.03431153121207709, 0.03269994312791247, 0.03113246913067769, 0.029533434333839276, 0.02779284963423818, 0.02581340528028532, 0.023636664296078556, 0.021032966406022018, 0.018298152858289164, 0.015471223173718233, 0.012975006021594128, 0.011476514573927241, 0.011190786613452559, 0.012013514795745658, 0.013192708648177051, 0.0146026096239084, 0.016627808096549106, 0.019288816219412905, 0.022115031993867204, 0.024956066779425322, 0.027947127033299147, 0.030317719296220055, 0.03213024736687776, 0.033908117916643665, 0.035613155393420214, 0.03695858371541455, 0.0370883147011733, 0.035844860180821725, 0.03331269225961453, 0.030127822662769057, 0.026675716455458534, 0.02305094507263966, 0.019294584365168215, 0.016588874620184203, 0.013459760460278334, 0.010513659470637583, 0.008184205378854309, 0.005908681970234855, 0.003908372487361734, 0.002250880846271649, 0.001837561814419065, 0.003902446460586522, 0.00649131804032715, 0.008842266053540701, 0.011337576744963709, 0.013847821453172829, 0.016241515374979285, 0.018506880743639053, 0.020753891025054552, 0.022854281545735794, 0.025177910908837288, 0.027764777035113285, 0.0302577363231247, 0.032552204835272186, 0.033962244268502154, 0.03530995724171245, 0.036795414568091225, 0.03840706162943578, 0.039993850675796264, 0.04133645030179679, 0.04211247094820217, 0.04239213751353172, 0.042192499106345205, 0.04200269786908514, 0.041897190162155235, 0.041830932940717325, 0.04166737666619139, 0.04206882264734189, 0.0426127097658282, 0.042895687146734904, 0.04300135533202284, 0.04249799814293581, 0.041897582995049115, 0.04072077112408416, 0.03927976254850985, 0.037331499513228325, 0.035889992777759706, 0.03456359233645024, 0.033243529781910974, 0.03199033675126687, 0.03059935779738079, 0.029272240636492235, 0.027900707354997015, 0.02654938414970694, 0.02543173352052397, 0.024311103096379235, 0.023065212419431085, 0.021685454855791198, 0.02041159885695607, 0.019056064221564174, 0.017656707279948437, 0.01626614648165674, 0.015012383850973622, 0.013603567963072178, 0.012189757837366814, 0.010674529938407772, 0.009407142987148039, 0.008344525906195775, 0.007439054007672372, 0.0072034584519923735, 0.007775010970036668, 0.009047582903156274, 0.010731538882415681, 0.01253460028234948, 0.014333543563369548, 0.016070624592636203, 0.017817726146123574, 0.019557256660804743, 0.02116824086555951, 0.022529303997840977, 0.023628588936546305, 0.02391411988476377, 0.02359656311707365, 0.022355277074164143, 0.020961866673625245, 0.018393580144489934, 0.015660552711922182, 0.013874328661167971, 0.01254026736778108, 0.011812131260623127, 0.010800298354986543, 0.00961805971638548, 0.008471507575266851, 0.007656757785702683, 0.006719580941926242, 0.0056999472982024405, 0.005125787188458596, 0.00504686530895439, 0.005697178935649704, 0.006245540782853768, 0.0070976650798796875, 0.007900543705723831, 0.008755370167568399, 0.009807746909975117, 0.011209592216881203, 0.01276960312030194, 0.014467251258771754, 0.015865855510978952, 0.01751794577394112, 0.01978728846519214, 0.022540086452385207, 0.024859037758439572, 0.02589623397823137, 0.02611181133516041, 0.026565850619759173, 0.0272557734372972, 0.02776644526036269, 0.02799937699621002, 0.02818388188652303, 0.02806005928616626, 0.028083982827741123, 0.02781538632605852, 0.027763976455106594, 0.028120518002563644, 0.028688559534023904, 0.029389365084960088, 0.030059907204608147, 0.03052096911154336, 0.031053468449087778, 0.03142000488428638, 0.03173833045042581, 0.031892653890475096, 0.03198060527161537, 0.031944507243272385, 0.03180892531117334, 0.03180195743523648, 0.03175983113429147, 0.03185651864929952, 0.032146459060636644, 0.032526908876218445, 0.033087790299913135, 0.03370146462957083, 0.0342847740780508, 0.0344768243549477, 0.03441738754137779, 0.034008301029805295]",0.019970155121820186,0.037294773063638154,0.008033880085249454,0.018282884519828735,0.0,0.0,0.010175008312401701,0.037294773063638154,0.008033880085249454,0.018282884519828735,4.128,1717635304.8317904,2024-06-06_10-55-04
0.5059,-0.02543999999999999,0.3909663279554418,0.46914485720674176,-0.033719805654359225,0.4090679931741618,0.5059,-0.02543999999999999,0.38085147121047946,0.46914485720674176,-0.033719805654359225,0.4090679931741618,0.019905412966441507,"[0.011315756658919754, 0.012192407496521018, 0.01288995615295488, 0.01359963525141729, 0.014321891165186378, 0.015181047888625853, 0.01592941522152252, 0.01673874496494045, 0.01751440457689525, 0.01835087734908702, 0.019202544572813795, 0.020070622325609303, 0.02095627718778323, 0.02186061264947246, 0.022737260153569413, 0.023681097053535004, 0.024646250751560458, 0.025633386418693636, 0.02659237614956749, 0.027623542314219474, 0.0286250346734827, 0.029647102596467904, 0.03056454213255984, 0.031680305841655834, 0.03263530150735364, 0.033606764937046466, 0.034593095597664145, 0.03536350794006898, 0.035930760474075646, 0.03631257033147624, 0.03661317474198803, 0.03688385713543919, 0.03738127616234113, 0.037934719347479336, 0.03858163380471939, 0.03921882339006296, 0.03999131852533767, 0.04074980907886149, 0.04127472956039594, 0.04151563832077664, 0.04151964454301027, 0.04123464219442919, 0.04096829512038153, 0.04056460486818273, 0.04028281736824196, 0.04000166841569801, 0.03919762289117317, 0.037812479337396496, 0.03622310391275238, 0.03453579653228067, 0.0330206041779641, 0.031565009966306234, 0.03054064037737075, 0.029904305612678588, 0.029394155816597912, 0.028896840658953926, 0.02825322628704274, 0.027685220830545497, 0.02666364029859006, 0.025486033827772144, 0.02414387260068274, 0.023028867611909868, 0.022681878550084772, 0.02299235797660897, 0.02387546679328945, 0.024738332374206702, 0.025547718436096926, 0.026640938816603423, 0.02759836215880636, 0.028240938725365098, 0.028199955208514017, 0.028168175430310402, 0.02767018559717724, 0.027414861073674215, 0.027239233260695786, 0.0274939869379551, 0.027874761581110984, 0.02868161073982207, 0.029514734605865275, 0.030345172291974937, 0.031248268714928727, 0.032298002681611045, 0.033509628354587276, 0.0348066615601669, 0.03569061118903811, 0.03631377821401384, 0.03654105211474412, 0.03646788532881584, 0.03572808397059345, 0.03427781350345514, 0.03309813106562172, 0.031639416134799855, 0.02970329439236902, 0.027599049067936567, 0.02603054913364457, 0.024090316372098155, 0.02220132238001286, 0.02051452966091278, 0.019044426362309692, 0.017805605247084858, 0.01643252777018217, 0.01523003850809785, 0.01424180324883461, 0.013706552220618947, 0.0130880570946912, 0.012988920737072255, 0.013178248200839212, 0.013386796436950147, 0.01359897371732897, 0.01439195864266014, 0.015495810506657983, 0.016686507754200334, 0.01807173050136072, 0.019341411872889052, 0.020370802976522343, 0.0213787239197115, 0.02262888584538598, 0.02401686851684336, 0.025523335513576738, 0.026670410326906566, 0.02758824337325398, 0.02810647098585074, 0.028219175888028712, 0.02804128716256827, 0.027840212128430745, 0.02799079668741686, 0.027988272685847155, 0.02831306909632167, 0.028434723397990712, 0.0285549391753426, 0.02832607944879636, 0.02800347501499142, 0.027460301198426997, 0.02681840364884072, 0.026203190519756815, 0.02552364346313934, 0.024940794741503684, 0.024553643852497812, 0.024009602077058226, 0.023587486328410737, 0.023053226444370627, 0.02237349941244249, 0.021247392964358097, 0.01948489409103017, 0.01759577829009665, 0.015969918059865678, 0.014849832783247986, 0.014164911869984548, 0.013546042864334782, 0.01328357500957488, 0.012905521640083246, 0.012806686101790404, 0.01256569256360443, 0.01270015008783326, 0.013333718053885597, 0.014364706842779438, 0.015230812921928084, 0.016214173123414017, 0.017422309714956504, 0.01848297873673576, 0.019690103784110968, 0.02062988015396428, 0.021304326954883004, 0.021542023987470748, 0.021445001132587415, 0.02128479356968176, 0.021154257299581803, 0.020548768777841446, 0.020419411659703072, 0.020346908766621045, 0.02018386842926173, 0.020060715556614095, 0.019970155121820186, 0.019905412966441507, 0.019860328269953802, 0.019689549628068632, 0.019110038324468673, 0.018401772510693467, 0.01773443768827515, 0.01691379473734185, 0.0163889904882787, 0.015891976533507178, 0.015695148472402557, 0.015634975895130635, 0.01548249397414641, 0.015250362203767827, 0.01446715870868431, 0.013690714184349355, 0.013111437378948002, 0.01280400987898366, 0.012789088065484542, 0.012885508256999974, 0.012645414791893052, 0.012533763320360268, 0.01300792748125149, 0.014045480441271196, 0.015593406388961941, 0.017496649938682926, 0.01947963017829757, 0.021814960986639112, 0.0244888991790445, 0.027455202671237973, 0.030462142682767764, 0.03347516022004274, 0.03632355277573078, 0.03911728575744543, 0.041489125175428104, 0.043617926344794986, 0.04507509866910146, 0.045973158335007626, 0.046666313335408376, 0.047747911364257295, 0.04910015737076979, 0.051170936172887156, 0.05323921785426519, 0.05484930583024696, 0.05598397968583077, 0.056516639752925084, 0.05678375349578094, 0.05655312215346535, 0.05709318659280136, 0.05753330561326649, 0.05822424761198231, 0.05856641837777238, 0.058663546697002605, 0.05829520111627496, 0.058019458378357286, 0.05786276302771312, 0.057678835712609886, 0.05721489013034267, 0.05620972754199197, 0.05488023496470325, 0.05291870088860013, 0.05085359195424363, 0.04836971777146554, 0.045888993393773454, 0.04332790860019442, 0.040721243397433354, 0.03815348906679705, 0.03609755066086763, 0.03431153121207709, 0.03269994312791247, 0.03113246913067769, 0.029533434333839276, 0.02779284963423818, 0.02581340528028532, 0.023636664296078556, 0.021032966406022018, 0.018298152858289164, 0.015471223173718233, 0.012975006021594128, 0.011476514573927241, 0.011190786613452559, 0.012013514795745658, 0.013192708648177051, 0.0146026096239084, 0.016627808096549106, 0.019288816219412905, 0.022115031993867204, 0.024956066779425322, 0.027947127033299147, 0.030317719296220055, 0.03213024736687776, 0.033908117916643665, 0.035613155393420214, 0.03695858371541455, 0.0370883147011733, 0.035844860180821725, 0.03331269225961453, 0.030127822662769057, 0.026675716455458534, 0.02305094507263966, 0.019294584365168215, 0.016588874620184203, 0.013459760460278334, 0.010513659470637583, 0.008184205378854309, 0.005908681970234855, 0.003908372487361734, 0.002250880846271649, 0.001837561814419065, 0.003902446460586522, 0.00649131804032715, 0.008842266053540701, 0.011337576744963709, 0.013847821453172829, 0.016241515374979285, 0.018506880743639053, 0.020753891025054552, 0.022854281545735794, 0.025177910908837288, 0.027764777035113285, 0.0302577363231247, 0.032552204835272186, 0.033962244268502154, 0.03530995724171245, 0.036795414568091225, 0.03840706162943578, 0.039993850675796264, 0.04133645030179679, 0.04211247094820217, 0.04239213751353172, 0.042192499106345205, 0.04200269786908514, 0.041897190162155235, 0.041830932940717325, 0.04166737666619139, 0.04206882264734189, 0.0426127097658282, 0.042895687146734904, 0.04300135533202284, 0.04249799814293581, 0.041897582995049115, 0.04072077112408416, 0.03927976254850985, 0.037331499513228325, 0.035889992777759706, 0.03456359233645024, 0.033243529781910974, 0.03199033675126687, 0.03059935779738079, 0.029272240636492235, 0.027900707354997015, 0.02654938414970694, 0.02543173352052397, 0.024311103096379235, 0.023065212419431085, 0.021685454855791198, 0.02041159885695607, 0.019056064221564174, 0.017656707279948437, 0.01626614648165674, 0.015012383850973622, 0.013603567963072178, 0.012189757837366814, 0.010674529938407772, 0.009407142987148039, 0.008344525906195775, 0.007439054007672372, 0.0072034584519923735, 0.007775010970036668, 0.009047582903156274, 0.010731538882415681, 0.01253460028234948, 0.014333543563369548, 0.016070624592636203, 0.017817726146123574, 0.019557256660804743, 0.02116824086555951, 0.022529303997840977, 0.023628588936546305, 0.02391411988476377, 0.02359656311707365, 0.022355277074164143, 0.020961866673625245, 0.018393580144489934, 0.015660552711922182, 0.013874328661167971, 0.01254026736778108, 0.011812131260623127, 0.010800298354986543, 0.00961805971638548, 0.008471507575266851, 0.007656757785702683, 0.006719580941926242, 0.0056999472982024405, 0.005125787188458596, 0.00504686530895439, 0.005697178935649704, 0.006245540782853768, 0.0070976650798796875, 0.007900543705723831, 0.008755370167568399, 0.009807746909975117, 0.011209592216881203, 0.01276960312030194, 0.014467251258771754, 0.015865855510978952, 0.01751794577394112, 0.01978728846519214, 0.022540086452385207, 0.024859037758439572, 0.02589623397823137, 0.02611181133516041, 0.026565850619759173, 0.0272557734372972, 0.02776644526036269, 0.02799937699621002, 0.02818388188652303, 0.02806005928616626, 0.028083982827741123, 0.02781538632605852, 0.027763976455106594, 0.028120518002563644, 0.028688559534023904, 0.029389365084960088, 0.030059907204608147, 0.03052096911154336, 0.031053468449087778, 0.03142000488428638, 0.03173833045042581, 0.031892653890475096, 0.03198060527161537, 0.031944507243272385, 0.03180892531117334, 0.03180195743523648, 0.03175983113429147, 0.03185651864929952, 0.032146459060636644, 0.032526908876218445, 0.033087790299913135, 0.03370146462957083, 0.0342847740780508, 0.0344768243549477, 0.03441738754137779, 0.034008301029805295]",0.019905412966441507,0.036755142793258255,0.008279805654359235,0.01810166521872003,0.0,0.0,0.01011485674496232,0.036755142793258255,0.008279805654359235,0.01810166521872003,4.152,1717635304.85507,2024-06-06_10-55-04
0.5059,-0.02472000000000002,0.3893441802518504,0.46963792425643364,-0.0332771094195178,0.4072664713267305,0.5059,-0.02472000000000002,0.3792894750743274,0.46963792425643364,-0.0332771094195178,0.4072664713267305,0.019860328269953802,"[0.011315756658919754, 0.012192407496521018, 0.01288995615295488, 0.01359963525141729, 0.014321891165186378, 0.015181047888625853, 0.01592941522152252, 0.01673874496494045, 0.01751440457689525, 0.01835087734908702, 0.019202544572813795, 0.020070622325609303, 0.02095627718778323, 0.02186061264947246, 0.022737260153569413, 0.023681097053535004, 0.024646250751560458, 0.025633386418693636, 0.02659237614956749, 0.027623542314219474, 0.0286250346734827, 0.029647102596467904, 0.03056454213255984, 0.031680305841655834, 0.03263530150735364, 0.033606764937046466, 0.034593095597664145, 0.03536350794006898, 0.035930760474075646, 0.03631257033147624, 0.03661317474198803, 0.03688385713543919, 0.03738127616234113, 0.037934719347479336, 0.03858163380471939, 0.03921882339006296, 0.03999131852533767, 0.04074980907886149, 0.04127472956039594, 0.04151563832077664, 0.04151964454301027, 0.04123464219442919, 0.04096829512038153, 0.04056460486818273, 0.04028281736824196, 0.04000166841569801, 0.03919762289117317, 0.037812479337396496, 0.03622310391275238, 0.03453579653228067, 0.0330206041779641, 0.031565009966306234, 0.03054064037737075, 0.029904305612678588, 0.029394155816597912, 0.028896840658953926, 0.02825322628704274, 0.027685220830545497, 0.02666364029859006, 0.025486033827772144, 0.02414387260068274, 0.023028867611909868, 0.022681878550084772, 0.02299235797660897, 0.02387546679328945, 0.024738332374206702, 0.025547718436096926, 0.026640938816603423, 0.02759836215880636, 0.028240938725365098, 0.028199955208514017, 0.028168175430310402, 0.02767018559717724, 0.027414861073674215, 0.027239233260695786, 0.0274939869379551, 0.027874761581110984, 0.02868161073982207, 0.029514734605865275, 0.030345172291974937, 0.031248268714928727, 0.032298002681611045, 0.033509628354587276, 0.0348066615601669, 0.03569061118903811, 0.03631377821401384, 0.03654105211474412, 0.03646788532881584, 0.03572808397059345, 0.03427781350345514, 0.03309813106562172, 0.031639416134799855, 0.02970329439236902, 0.027599049067936567, 0.02603054913364457, 0.024090316372098155, 0.02220132238001286, 0.02051452966091278, 0.019044426362309692, 0.017805605247084858, 0.01643252777018217, 0.01523003850809785, 0.01424180324883461, 0.013706552220618947, 0.0130880570946912, 0.012988920737072255, 0.013178248200839212, 0.013386796436950147, 0.01359897371732897, 0.01439195864266014, 0.015495810506657983, 0.016686507754200334, 0.01807173050136072, 0.019341411872889052, 0.020370802976522343, 0.0213787239197115, 0.02262888584538598, 0.02401686851684336, 0.025523335513576738, 0.026670410326906566, 0.02758824337325398, 0.02810647098585074, 0.028219175888028712, 0.02804128716256827, 0.027840212128430745, 0.02799079668741686, 0.027988272685847155, 0.02831306909632167, 0.028434723397990712, 0.0285549391753426, 0.02832607944879636, 0.02800347501499142, 0.027460301198426997, 0.02681840364884072, 0.026203190519756815, 0.02552364346313934, 0.024940794741503684, 0.024553643852497812, 0.024009602077058226, 0.023587486328410737, 0.023053226444370627, 0.02237349941244249, 0.021247392964358097, 0.01948489409103017, 0.01759577829009665, 0.015969918059865678, 0.014849832783247986, 0.014164911869984548, 0.013546042864334782, 0.01328357500957488, 0.012905521640083246, 0.012806686101790404, 0.01256569256360443, 0.01270015008783326, 0.013333718053885597, 0.014364706842779438, 0.015230812921928084, 0.016214173123414017, 0.017422309714956504, 0.01848297873673576, 0.019690103784110968, 0.02062988015396428, 0.021304326954883004, 0.021542023987470748, 0.021445001132587415, 0.02128479356968176, 0.021154257299581803, 0.020548768777841446, 0.020419411659703072, 0.020346908766621045, 0.02018386842926173, 0.020060715556614095, 0.019970155121820186, 0.019905412966441507, 0.019860328269953802, 0.019689549628068632, 0.019110038324468673, 0.018401772510693467, 0.01773443768827515, 0.01691379473734185, 0.0163889904882787, 0.015891976533507178, 0.015695148472402557, 0.015634975895130635, 0.01548249397414641, 0.015250362203767827, 0.01446715870868431, 0.013690714184349355, 0.013111437378948002, 0.01280400987898366, 0.012789088065484542, 0.012885508256999974, 0.012645414791893052, 0.012533763320360268, 0.01300792748125149, 0.014045480441271196, 0.015593406388961941, 0.017496649938682926, 0.01947963017829757, 0.021814960986639112, 0.0244888991790445, 0.027455202671237973, 0.030462142682767764, 0.03347516022004274, 0.03632355277573078, 0.03911728575744543, 0.041489125175428104, 0.043617926344794986, 0.04507509866910146, 0.045973158335007626, 0.046666313335408376, 0.047747911364257295, 0.04910015737076979, 0.051170936172887156, 0.05323921785426519, 0.05484930583024696, 0.05598397968583077, 0.056516639752925084, 0.05678375349578094, 0.05655312215346535, 0.05709318659280136, 0.05753330561326649, 0.05822424761198231, 0.05856641837777238, 0.058663546697002605, 0.05829520111627496, 0.058019458378357286, 0.05786276302771312, 0.057678835712609886, 0.05721489013034267, 0.05620972754199197, 0.05488023496470325, 0.05291870088860013, 0.05085359195424363, 0.04836971777146554, 0.045888993393773454, 0.04332790860019442, 0.040721243397433354, 0.03815348906679705, 0.03609755066086763, 0.03431153121207709, 0.03269994312791247, 0.03113246913067769, 0.029533434333839276, 0.02779284963423818, 0.02581340528028532, 0.023636664296078556, 0.021032966406022018, 0.018298152858289164, 0.015471223173718233, 0.012975006021594128, 0.011476514573927241, 0.011190786613452559, 0.012013514795745658, 0.013192708648177051, 0.0146026096239084, 0.016627808096549106, 0.019288816219412905, 0.022115031993867204, 0.024956066779425322, 0.027947127033299147, 0.030317719296220055, 0.03213024736687776, 0.033908117916643665, 0.035613155393420214, 0.03695858371541455, 0.0370883147011733, 0.035844860180821725, 0.03331269225961453, 0.030127822662769057, 0.026675716455458534, 0.02305094507263966, 0.019294584365168215, 0.016588874620184203, 0.013459760460278334, 0.010513659470637583, 0.008184205378854309, 0.005908681970234855, 0.003908372487361734, 0.002250880846271649, 0.001837561814419065, 0.003902446460586522, 0.00649131804032715, 0.008842266053540701, 0.011337576744963709, 0.013847821453172829, 0.016241515374979285, 0.018506880743639053, 0.020753891025054552, 0.022854281545735794, 0.025177910908837288, 0.027764777035113285, 0.0302577363231247, 0.032552204835272186, 0.033962244268502154, 0.03530995724171245, 0.036795414568091225, 0.03840706162943578, 0.039993850675796264, 0.04133645030179679, 0.04211247094820217, 0.04239213751353172, 0.042192499106345205, 0.04200269786908514, 0.041897190162155235, 0.041830932940717325, 0.04166737666619139, 0.04206882264734189, 0.0426127097658282, 0.042895687146734904, 0.04300135533202284, 0.04249799814293581, 0.041897582995049115, 0.04072077112408416, 0.03927976254850985, 0.037331499513228325, 0.035889992777759706, 0.03456359233645024, 0.033243529781910974, 0.03199033675126687, 0.03059935779738079, 0.029272240636492235, 0.027900707354997015, 0.02654938414970694, 0.02543173352052397, 0.024311103096379235, 0.023065212419431085, 0.021685454855791198, 0.02041159885695607, 0.019056064221564174, 0.017656707279948437, 0.01626614648165674, 0.015012383850973622, 0.013603567963072178, 0.012189757837366814, 0.010674529938407772, 0.009407142987148039, 0.008344525906195775, 0.007439054007672372, 0.0072034584519923735, 0.007775010970036668, 0.009047582903156274, 0.010731538882415681, 0.01253460028234948, 0.014333543563369548, 0.016070624592636203, 0.017817726146123574, 0.019557256660804743, 0.02116824086555951, 0.022529303997840977, 0.023628588936546305, 0.02391411988476377, 0.02359656311707365, 0.022355277074164143, 0.020961866673625245, 0.018393580144489934, 0.015660552711922182, 0.013874328661167971, 0.01254026736778108, 0.011812131260623127, 0.010800298354986543, 0.00961805971638548, 0.008471507575266851, 0.007656757785702683, 0.006719580941926242, 0.0056999472982024405, 0.005125787188458596, 0.00504686530895439, 0.005697178935649704, 0.006245540782853768, 0.0070976650798796875, 0.007900543705723831, 0.008755370167568399, 0.009807746909975117, 0.011209592216881203, 0.01276960312030194, 0.014467251258771754, 0.015865855510978952, 0.01751794577394112, 0.01978728846519214, 0.022540086452385207, 0.024859037758439572, 0.02589623397823137, 0.02611181133516041, 0.026565850619759173, 0.0272557734372972, 0.02776644526036269, 0.02799937699621002, 0.02818388188652303, 0.02806005928616626, 0.028083982827741123, 0.02781538632605852, 0.027763976455106594, 0.028120518002563644, 0.028688559534023904, 0.029389365084960088, 0.030059907204608147, 0.03052096911154336, 0.031053468449087778, 0.03142000488428638, 0.03173833045042581, 0.031892653890475096, 0.03198060527161537, 0.031944507243272385, 0.03180892531117334, 0.03180195743523648, 0.03175983113429147, 0.03185651864929952, 0.032146459060636644, 0.032526908876218445, 0.033087790299913135, 0.03370146462957083, 0.0342847740780508, 0.0344768243549477, 0.03441738754137779, 0.034008301029805295]",0.019860328269953802,0.03626207574356638,0.008557109419517782,0.01792229107488008,0.0,0.0,0.010054705177522993,0.03626207574356638,0.008557109419517782,0.01792229107488008,4.176,1717635304.8790572,2024-06-06_10-55-04
0.5059,-0.023999999999999994,0.3878611953947899,0.4701231954376796,-0.03283202201256312,0.40545874498914475,0.5059,-0.023999999999999994,0.37786664178470625,0.4701231954376796,-0.03283202201256312,0.40545874498914475,0.019689549628068632,"[0.011315756658919754, 0.012192407496521018, 0.01288995615295488, 0.01359963525141729, 0.014321891165186378, 0.015181047888625853, 0.01592941522152252, 0.01673874496494045, 0.01751440457689525, 0.01835087734908702, 0.019202544572813795, 0.020070622325609303, 0.02095627718778323, 0.02186061264947246, 0.022737260153569413, 0.023681097053535004, 0.024646250751560458, 0.025633386418693636, 0.02659237614956749, 0.027623542314219474, 0.0286250346734827, 0.029647102596467904, 0.03056454213255984, 0.031680305841655834, 0.03263530150735364, 0.033606764937046466, 0.034593095597664145, 0.03536350794006898, 0.035930760474075646, 0.03631257033147624, 0.03661317474198803, 0.03688385713543919, 0.03738127616234113, 0.037934719347479336, 0.03858163380471939, 0.03921882339006296, 0.03999131852533767, 0.04074980907886149, 0.04127472956039594, 0.04151563832077664, 0.04151964454301027, 0.04123464219442919, 0.04096829512038153, 0.04056460486818273, 0.04028281736824196, 0.04000166841569801, 0.03919762289117317, 0.037812479337396496, 0.03622310391275238, 0.03453579653228067, 0.0330206041779641, 0.031565009966306234, 0.03054064037737075, 0.029904305612678588, 0.029394155816597912, 0.028896840658953926, 0.02825322628704274, 0.027685220830545497, 0.02666364029859006, 0.025486033827772144, 0.02414387260068274, 0.023028867611909868, 0.022681878550084772, 0.02299235797660897, 0.02387546679328945, 0.024738332374206702, 0.025547718436096926, 0.026640938816603423, 0.02759836215880636, 0.028240938725365098, 0.028199955208514017, 0.028168175430310402, 0.02767018559717724, 0.027414861073674215, 0.027239233260695786, 0.0274939869379551, 0.027874761581110984, 0.02868161073982207, 0.029514734605865275, 0.030345172291974937, 0.031248268714928727, 0.032298002681611045, 0.033509628354587276, 0.0348066615601669, 0.03569061118903811, 0.03631377821401384, 0.03654105211474412, 0.03646788532881584, 0.03572808397059345, 0.03427781350345514, 0.03309813106562172, 0.031639416134799855, 0.02970329439236902, 0.027599049067936567, 0.02603054913364457, 0.024090316372098155, 0.02220132238001286, 0.02051452966091278, 0.019044426362309692, 0.017805605247084858, 0.01643252777018217, 0.01523003850809785, 0.01424180324883461, 0.013706552220618947, 0.0130880570946912, 0.012988920737072255, 0.013178248200839212, 0.013386796436950147, 0.01359897371732897, 0.01439195864266014, 0.015495810506657983, 0.016686507754200334, 0.01807173050136072, 0.019341411872889052, 0.020370802976522343, 0.0213787239197115, 0.02262888584538598, 0.02401686851684336, 0.025523335513576738, 0.026670410326906566, 0.02758824337325398, 0.02810647098585074, 0.028219175888028712, 0.02804128716256827, 0.027840212128430745, 0.02799079668741686, 0.027988272685847155, 0.02831306909632167, 0.028434723397990712, 0.0285549391753426, 0.02832607944879636, 0.02800347501499142, 0.027460301198426997, 0.02681840364884072, 0.026203190519756815, 0.02552364346313934, 0.024940794741503684, 0.024553643852497812, 0.024009602077058226, 0.023587486328410737, 0.023053226444370627, 0.02237349941244249, 0.021247392964358097, 0.01948489409103017, 0.01759577829009665, 0.015969918059865678, 0.014849832783247986, 0.014164911869984548, 0.013546042864334782, 0.01328357500957488, 0.012905521640083246, 0.012806686101790404, 0.01256569256360443, 0.01270015008783326, 0.013333718053885597, 0.014364706842779438, 0.015230812921928084, 0.016214173123414017, 0.017422309714956504, 0.01848297873673576, 0.019690103784110968, 0.02062988015396428, 0.021304326954883004, 0.021542023987470748, 0.021445001132587415, 0.02128479356968176, 0.021154257299581803, 0.020548768777841446, 0.020419411659703072, 0.020346908766621045, 0.02018386842926173, 0.020060715556614095, 0.019970155121820186, 0.019905412966441507, 0.019860328269953802, 0.019689549628068632, 0.019110038324468673, 0.018401772510693467, 0.01773443768827515, 0.01691379473734185, 0.0163889904882787, 0.015891976533507178, 0.015695148472402557, 0.015634975895130635, 0.01548249397414641, 0.015250362203767827, 0.01446715870868431, 0.013690714184349355, 0.013111437378948002, 0.01280400987898366, 0.012789088065484542, 0.012885508256999974, 0.012645414791893052, 0.012533763320360268, 0.01300792748125149, 0.014045480441271196, 0.015593406388961941, 0.017496649938682926, 0.01947963017829757, 0.021814960986639112, 0.0244888991790445, 0.027455202671237973, 0.030462142682767764, 0.03347516022004274, 0.03632355277573078, 0.03911728575744543, 0.041489125175428104, 0.043617926344794986, 0.04507509866910146, 0.045973158335007626, 0.046666313335408376, 0.047747911364257295, 0.04910015737076979, 0.051170936172887156, 0.05323921785426519, 0.05484930583024696, 0.05598397968583077, 0.056516639752925084, 0.05678375349578094, 0.05655312215346535, 0.05709318659280136, 0.05753330561326649, 0.05822424761198231, 0.05856641837777238, 0.058663546697002605, 0.05829520111627496, 0.058019458378357286, 0.05786276302771312, 0.057678835712609886, 0.05721489013034267, 0.05620972754199197, 0.05488023496470325, 0.05291870088860013, 0.05085359195424363, 0.04836971777146554, 0.045888993393773454, 0.04332790860019442, 0.040721243397433354, 0.03815348906679705, 0.03609755066086763, 0.03431153121207709, 0.03269994312791247, 0.03113246913067769, 0.029533434333839276, 0.02779284963423818, 0.02581340528028532, 0.023636664296078556, 0.021032966406022018, 0.018298152858289164, 0.015471223173718233, 0.012975006021594128, 0.011476514573927241, 0.011190786613452559, 0.012013514795745658, 0.013192708648177051, 0.0146026096239084, 0.016627808096549106, 0.019288816219412905, 0.022115031993867204, 0.024956066779425322, 0.027947127033299147, 0.030317719296220055, 0.03213024736687776, 0.033908117916643665, 0.035613155393420214, 0.03695858371541455, 0.0370883147011733, 0.035844860180821725, 0.03331269225961453, 0.030127822662769057, 0.026675716455458534, 0.02305094507263966, 0.019294584365168215, 0.016588874620184203, 0.013459760460278334, 0.010513659470637583, 0.008184205378854309, 0.005908681970234855, 0.003908372487361734, 0.002250880846271649, 0.001837561814419065, 0.003902446460586522, 0.00649131804032715, 0.008842266053540701, 0.011337576744963709, 0.013847821453172829, 0.016241515374979285, 0.018506880743639053, 0.020753891025054552, 0.022854281545735794, 0.025177910908837288, 0.027764777035113285, 0.0302577363231247, 0.032552204835272186, 0.033962244268502154, 0.03530995724171245, 0.036795414568091225, 0.03840706162943578, 0.039993850675796264, 0.04133645030179679, 0.04211247094820217, 0.04239213751353172, 0.042192499106345205, 0.04200269786908514, 0.041897190162155235, 0.041830932940717325, 0.04166737666619139, 0.04206882264734189, 0.0426127097658282, 0.042895687146734904, 0.04300135533202284, 0.04249799814293581, 0.041897582995049115, 0.04072077112408416, 0.03927976254850985, 0.037331499513228325, 0.035889992777759706, 0.03456359233645024, 0.033243529781910974, 0.03199033675126687, 0.03059935779738079, 0.029272240636492235, 0.027900707354997015, 0.02654938414970694, 0.02543173352052397, 0.024311103096379235, 0.023065212419431085, 0.021685454855791198, 0.02041159885695607, 0.019056064221564174, 0.017656707279948437, 0.01626614648165674, 0.015012383850973622, 0.013603567963072178, 0.012189757837366814, 0.010674529938407772, 0.009407142987148039, 0.008344525906195775, 0.007439054007672372, 0.0072034584519923735, 0.007775010970036668, 0.009047582903156274, 0.010731538882415681, 0.01253460028234948, 0.014333543563369548, 0.016070624592636203, 0.017817726146123574, 0.019557256660804743, 0.02116824086555951, 0.022529303997840977, 0.023628588936546305, 0.02391411988476377, 0.02359656311707365, 0.022355277074164143, 0.020961866673625245, 0.018393580144489934, 0.015660552711922182, 0.013874328661167971, 0.01254026736778108, 0.011812131260623127, 0.010800298354986543, 0.00961805971638548, 0.008471507575266851, 0.007656757785702683, 0.006719580941926242, 0.0056999472982024405, 0.005125787188458596, 0.00504686530895439, 0.005697178935649704, 0.006245540782853768, 0.0070976650798796875, 0.007900543705723831, 0.008755370167568399, 0.009807746909975117, 0.011209592216881203, 0.01276960312030194, 0.014467251258771754, 0.015865855510978952, 0.01751794577394112, 0.01978728846519214, 0.022540086452385207, 0.024859037758439572, 0.02589623397823137, 0.02611181133516041, 0.026565850619759173, 0.0272557734372972, 0.02776644526036269, 0.02799937699621002, 0.02818388188652303, 0.02806005928616626, 0.028083982827741123, 0.02781538632605852, 0.027763976455106594, 0.028120518002563644, 0.028688559534023904, 0.029389365084960088, 0.030059907204608147, 0.03052096911154336, 0.031053468449087778, 0.03142000488428638, 0.03173833045042581, 0.031892653890475096, 0.03198060527161537, 0.031944507243272385, 0.03180892531117334, 0.03180195743523648, 0.03175983113429147, 0.03185651864929952, 0.032146459060636644, 0.032526908876218445, 0.033087790299913135, 0.03370146462957083, 0.0342847740780508, 0.0344768243549477, 0.03441738754137779, 0.034008301029805295]",0.019689549628068632,0.03577680456232041,0.008832022012563126,0.017597549594354833,0.0,0.0,0.009994553610083667,0.03577680456232041,0.008832022012563126,0.017597549594354833,4.2,1717635304.9029963,2024-06-06_10-55-04
0.5059,-0.023279999999999995,0.3865261886022206,0.4706733414088107,-0.03231548991920884,0.4033652350919283,0.5059,-0.023279999999999995,0.37674800654390717,0.4706733414088107,-0.03231548991920884,0.4033652350919283,0.019110038324468673,"[0.011315756658919754, 0.012192407496521018, 0.01288995615295488, 0.01359963525141729, 0.014321891165186378, 0.015181047888625853, 0.01592941522152252, 0.01673874496494045, 0.01751440457689525, 0.01835087734908702, 0.019202544572813795, 0.020070622325609303, 0.02095627718778323, 0.02186061264947246, 0.022737260153569413, 0.023681097053535004, 0.024646250751560458, 0.025633386418693636, 0.02659237614956749, 0.027623542314219474, 0.0286250346734827, 0.029647102596467904, 0.03056454213255984, 0.031680305841655834, 0.03263530150735364, 0.033606764937046466, 0.034593095597664145, 0.03536350794006898, 0.035930760474075646, 0.03631257033147624, 0.03661317474198803, 0.03688385713543919, 0.03738127616234113, 0.037934719347479336, 0.03858163380471939, 0.03921882339006296, 0.03999131852533767, 0.04074980907886149, 0.04127472956039594, 0.04151563832077664, 0.04151964454301027, 0.04123464219442919, 0.04096829512038153, 0.04056460486818273, 0.04028281736824196, 0.04000166841569801, 0.03919762289117317, 0.037812479337396496, 0.03622310391275238, 0.03453579653228067, 0.0330206041779641, 0.031565009966306234, 0.03054064037737075, 0.029904305612678588, 0.029394155816597912, 0.028896840658953926, 0.02825322628704274, 0.027685220830545497, 0.02666364029859006, 0.025486033827772144, 0.02414387260068274, 0.023028867611909868, 0.022681878550084772, 0.02299235797660897, 0.02387546679328945, 0.024738332374206702, 0.025547718436096926, 0.026640938816603423, 0.02759836215880636, 0.028240938725365098, 0.028199955208514017, 0.028168175430310402, 0.02767018559717724, 0.027414861073674215, 0.027239233260695786, 0.0274939869379551, 0.027874761581110984, 0.02868161073982207, 0.029514734605865275, 0.030345172291974937, 0.031248268714928727, 0.032298002681611045, 0.033509628354587276, 0.0348066615601669, 0.03569061118903811, 0.03631377821401384, 0.03654105211474412, 0.03646788532881584, 0.03572808397059345, 0.03427781350345514, 0.03309813106562172, 0.031639416134799855, 0.02970329439236902, 0.027599049067936567, 0.02603054913364457, 0.024090316372098155, 0.02220132238001286, 0.02051452966091278, 0.019044426362309692, 0.017805605247084858, 0.01643252777018217, 0.01523003850809785, 0.01424180324883461, 0.013706552220618947, 0.0130880570946912, 0.012988920737072255, 0.013178248200839212, 0.013386796436950147, 0.01359897371732897, 0.01439195864266014, 0.015495810506657983, 0.016686507754200334, 0.01807173050136072, 0.019341411872889052, 0.020370802976522343, 0.0213787239197115, 0.02262888584538598, 0.02401686851684336, 0.025523335513576738, 0.026670410326906566, 0.02758824337325398, 0.02810647098585074, 0.028219175888028712, 0.02804128716256827, 0.027840212128430745, 0.02799079668741686, 0.027988272685847155, 0.02831306909632167, 0.028434723397990712, 0.0285549391753426, 0.02832607944879636, 0.02800347501499142, 0.027460301198426997, 0.02681840364884072, 0.026203190519756815, 0.02552364346313934, 0.024940794741503684, 0.024553643852497812, 0.024009602077058226, 0.023587486328410737, 0.023053226444370627, 0.02237349941244249, 0.021247392964358097, 0.01948489409103017, 0.01759577829009665, 0.015969918059865678, 0.014849832783247986, 0.014164911869984548, 0.013546042864334782, 0.01328357500957488, 0.012905521640083246, 0.012806686101790404, 0.01256569256360443, 0.01270015008783326, 0.013333718053885597, 0.014364706842779438, 0.015230812921928084, 0.016214173123414017, 0.017422309714956504, 0.01848297873673576, 0.019690103784110968, 0.02062988015396428, 0.021304326954883004, 0.021542023987470748, 0.021445001132587415, 0.02128479356968176, 0.021154257299581803, 0.020548768777841446, 0.020419411659703072, 0.020346908766621045, 0.02018386842926173, 0.020060715556614095, 0.019970155121820186, 0.019905412966441507, 0.019860328269953802, 0.019689549628068632, 0.019110038324468673, 0.018401772510693467, 0.01773443768827515, 0.01691379473734185, 0.0163889904882787, 0.015891976533507178, 0.015695148472402557, 0.015634975895130635, 0.01548249397414641, 0.015250362203767827, 0.01446715870868431, 0.013690714184349355, 0.013111437378948002, 0.01280400987898366, 0.012789088065484542, 0.012885508256999974, 0.012645414791893052, 0.012533763320360268, 0.01300792748125149, 0.014045480441271196, 0.015593406388961941, 0.017496649938682926, 0.01947963017829757, 0.021814960986639112, 0.0244888991790445, 0.027455202671237973, 0.030462142682767764, 0.03347516022004274, 0.03632355277573078, 0.03911728575744543, 0.041489125175428104, 0.043617926344794986, 0.04507509866910146, 0.045973158335007626, 0.046666313335408376, 0.047747911364257295, 0.04910015737076979, 0.051170936172887156, 0.05323921785426519, 0.05484930583024696, 0.05598397968583077, 0.056516639752925084, 0.05678375349578094, 0.05655312215346535, 0.05709318659280136, 0.05753330561326649, 0.05822424761198231, 0.05856641837777238, 0.058663546697002605, 0.05829520111627496, 0.058019458378357286, 0.05786276302771312, 0.057678835712609886, 0.05721489013034267, 0.05620972754199197, 0.05488023496470325, 0.05291870088860013, 0.05085359195424363, 0.04836971777146554, 0.045888993393773454, 0.04332790860019442, 0.040721243397433354, 0.03815348906679705, 0.03609755066086763, 0.03431153121207709, 0.03269994312791247, 0.03113246913067769, 0.029533434333839276, 0.02779284963423818, 0.02581340528028532, 0.023636664296078556, 0.021032966406022018, 0.018298152858289164, 0.015471223173718233, 0.012975006021594128, 0.011476514573927241, 0.011190786613452559, 0.012013514795745658, 0.013192708648177051, 0.0146026096239084, 0.016627808096549106, 0.019288816219412905, 0.022115031993867204, 0.024956066779425322, 0.027947127033299147, 0.030317719296220055, 0.03213024736687776, 0.033908117916643665, 0.035613155393420214, 0.03695858371541455, 0.0370883147011733, 0.035844860180821725, 0.03331269225961453, 0.030127822662769057, 0.026675716455458534, 0.02305094507263966, 0.019294584365168215, 0.016588874620184203, 0.013459760460278334, 0.010513659470637583, 0.008184205378854309, 0.005908681970234855, 0.003908372487361734, 0.002250880846271649, 0.001837561814419065, 0.003902446460586522, 0.00649131804032715, 0.008842266053540701, 0.011337576744963709, 0.013847821453172829, 0.016241515374979285, 0.018506880743639053, 0.020753891025054552, 0.022854281545735794, 0.025177910908837288, 0.027764777035113285, 0.0302577363231247, 0.032552204835272186, 0.033962244268502154, 0.03530995724171245, 0.036795414568091225, 0.03840706162943578, 0.039993850675796264, 0.04133645030179679, 0.04211247094820217, 0.04239213751353172, 0.042192499106345205, 0.04200269786908514, 0.041897190162155235, 0.041830932940717325, 0.04166737666619139, 0.04206882264734189, 0.0426127097658282, 0.042895687146734904, 0.04300135533202284, 0.04249799814293581, 0.041897582995049115, 0.04072077112408416, 0.03927976254850985, 0.037331499513228325, 0.035889992777759706, 0.03456359233645024, 0.033243529781910974, 0.03199033675126687, 0.03059935779738079, 0.029272240636492235, 0.027900707354997015, 0.02654938414970694, 0.02543173352052397, 0.024311103096379235, 0.023065212419431085, 0.021685454855791198, 0.02041159885695607, 0.019056064221564174, 0.017656707279948437, 0.01626614648165674, 0.015012383850973622, 0.013603567963072178, 0.012189757837366814, 0.010674529938407772, 0.009407142987148039, 0.008344525906195775, 0.007439054007672372, 0.0072034584519923735, 0.007775010970036668, 0.009047582903156274, 0.010731538882415681, 0.01253460028234948, 0.014333543563369548, 0.016070624592636203, 0.017817726146123574, 0.019557256660804743, 0.02116824086555951, 0.022529303997840977, 0.023628588936546305, 0.02391411988476377, 0.02359656311707365, 0.022355277074164143, 0.020961866673625245, 0.018393580144489934, 0.015660552711922182, 0.013874328661167971, 0.01254026736778108, 0.011812131260623127, 0.010800298354986543, 0.00961805971638548, 0.008471507575266851, 0.007656757785702683, 0.006719580941926242, 0.0056999472982024405, 0.005125787188458596, 0.00504686530895439, 0.005697178935649704, 0.006245540782853768, 0.0070976650798796875, 0.007900543705723831, 0.008755370167568399, 0.009807746909975117, 0.011209592216881203, 0.01276960312030194, 0.014467251258771754, 0.015865855510978952, 0.01751794577394112, 0.01978728846519214, 0.022540086452385207, 0.024859037758439572, 0.02589623397823137, 0.02611181133516041, 0.026565850619759173, 0.0272557734372972, 0.02776644526036269, 0.02799937699621002, 0.02818388188652303, 0.02806005928616626, 0.028083982827741123, 0.02781538632605852, 0.027763976455106594, 0.028120518002563644, 0.028688559534023904, 0.029389365084960088, 0.030059907204608147, 0.03052096911154336, 0.031053468449087778, 0.03142000488428638, 0.03173833045042581, 0.031892653890475096, 0.03198060527161537, 0.031944507243272385, 0.03180892531117334, 0.03180195743523648, 0.03175983113429147, 0.03185651864929952, 0.032146459060636644, 0.032526908876218445, 0.033087790299913135, 0.03370146462957083, 0.0342847740780508, 0.0344768243549477, 0.03441738754137779, 0.034008301029805295]",0.019110038324468673,0.03522665859118934,0.009035489919208842,0.016839046489707687,0.0,0.0,0.009778182058313434,0.03522665859118934,0.009035489919208842,0.016839046489707687,4.224,1717635304.927277,2024-06-06_10-55-04
0.5059,-0.022559999999999997,0.3853473421553627,0.47121289933642446,-0.031795778008027464,0.4012635488680738,0.5059,-0.022559999999999997,0.37578553164881956,0.47121289933642446,-0.031795778008027464,0.4012635488680738,0.018401772510693467,"[0.011315756658919754, 0.012192407496521018, 0.01288995615295488, 0.01359963525141729, 0.014321891165186378, 0.015181047888625853, 0.01592941522152252, 0.01673874496494045, 0.01751440457689525, 0.01835087734908702, 0.019202544572813795, 0.020070622325609303, 0.02095627718778323, 0.02186061264947246, 0.022737260153569413, 0.023681097053535004, 0.024646250751560458, 0.025633386418693636, 0.02659237614956749, 0.027623542314219474, 0.0286250346734827, 0.029647102596467904, 0.03056454213255984, 0.031680305841655834, 0.03263530150735364, 0.033606764937046466, 0.034593095597664145, 0.03536350794006898, 0.035930760474075646, 0.03631257033147624, 0.03661317474198803, 0.03688385713543919, 0.03738127616234113, 0.037934719347479336, 0.03858163380471939, 0.03921882339006296, 0.03999131852533767, 0.04074980907886149, 0.04127472956039594, 0.04151563832077664, 0.04151964454301027, 0.04123464219442919, 0.04096829512038153, 0.04056460486818273, 0.04028281736824196, 0.04000166841569801, 0.03919762289117317, 0.037812479337396496, 0.03622310391275238, 0.03453579653228067, 0.0330206041779641, 0.031565009966306234, 0.03054064037737075, 0.029904305612678588, 0.029394155816597912, 0.028896840658953926, 0.02825322628704274, 0.027685220830545497, 0.02666364029859006, 0.025486033827772144, 0.02414387260068274, 0.023028867611909868, 0.022681878550084772, 0.02299235797660897, 0.02387546679328945, 0.024738332374206702, 0.025547718436096926, 0.026640938816603423, 0.02759836215880636, 0.028240938725365098, 0.028199955208514017, 0.028168175430310402, 0.02767018559717724, 0.027414861073674215, 0.027239233260695786, 0.0274939869379551, 0.027874761581110984, 0.02868161073982207, 0.029514734605865275, 0.030345172291974937, 0.031248268714928727, 0.032298002681611045, 0.033509628354587276, 0.0348066615601669, 0.03569061118903811, 0.03631377821401384, 0.03654105211474412, 0.03646788532881584, 0.03572808397059345, 0.03427781350345514, 0.03309813106562172, 0.031639416134799855, 0.02970329439236902, 0.027599049067936567, 0.02603054913364457, 0.024090316372098155, 0.02220132238001286, 0.02051452966091278, 0.019044426362309692, 0.017805605247084858, 0.01643252777018217, 0.01523003850809785, 0.01424180324883461, 0.013706552220618947, 0.0130880570946912, 0.012988920737072255, 0.013178248200839212, 0.013386796436950147, 0.01359897371732897, 0.01439195864266014, 0.015495810506657983, 0.016686507754200334, 0.01807173050136072, 0.019341411872889052, 0.020370802976522343, 0.0213787239197115, 0.02262888584538598, 0.02401686851684336, 0.025523335513576738, 0.026670410326906566, 0.02758824337325398, 0.02810647098585074, 0.028219175888028712, 0.02804128716256827, 0.027840212128430745, 0.02799079668741686, 0.027988272685847155, 0.02831306909632167, 0.028434723397990712, 0.0285549391753426, 0.02832607944879636, 0.02800347501499142, 0.027460301198426997, 0.02681840364884072, 0.026203190519756815, 0.02552364346313934, 0.024940794741503684, 0.024553643852497812, 0.024009602077058226, 0.023587486328410737, 0.023053226444370627, 0.02237349941244249, 0.021247392964358097, 0.01948489409103017, 0.01759577829009665, 0.015969918059865678, 0.014849832783247986, 0.014164911869984548, 0.013546042864334782, 0.01328357500957488, 0.012905521640083246, 0.012806686101790404, 0.01256569256360443, 0.01270015008783326, 0.013333718053885597, 0.014364706842779438, 0.015230812921928084, 0.016214173123414017, 0.017422309714956504, 0.01848297873673576, 0.019690103784110968, 0.02062988015396428, 0.021304326954883004, 0.021542023987470748, 0.021445001132587415, 0.02128479356968176, 0.021154257299581803, 0.020548768777841446, 0.020419411659703072, 0.020346908766621045, 0.02018386842926173, 0.020060715556614095, 0.019970155121820186, 0.019905412966441507, 0.019860328269953802, 0.019689549628068632, 0.019110038324468673, 0.018401772510693467, 0.01773443768827515, 0.01691379473734185, 0.0163889904882787, 0.015891976533507178, 0.015695148472402557, 0.015634975895130635, 0.01548249397414641, 0.015250362203767827, 0.01446715870868431, 0.013690714184349355, 0.013111437378948002, 0.01280400987898366, 0.012789088065484542, 0.012885508256999974, 0.012645414791893052, 0.012533763320360268, 0.01300792748125149, 0.014045480441271196, 0.015593406388961941, 0.017496649938682926, 0.01947963017829757, 0.021814960986639112, 0.0244888991790445, 0.027455202671237973, 0.030462142682767764, 0.03347516022004274, 0.03632355277573078, 0.03911728575744543, 0.041489125175428104, 0.043617926344794986, 0.04507509866910146, 0.045973158335007626, 0.046666313335408376, 0.047747911364257295, 0.04910015737076979, 0.051170936172887156, 0.05323921785426519, 0.05484930583024696, 0.05598397968583077, 0.056516639752925084, 0.05678375349578094, 0.05655312215346535, 0.05709318659280136, 0.05753330561326649, 0.05822424761198231, 0.05856641837777238, 0.058663546697002605, 0.05829520111627496, 0.058019458378357286, 0.05786276302771312, 0.057678835712609886, 0.05721489013034267, 0.05620972754199197, 0.05488023496470325, 0.05291870088860013, 0.05085359195424363, 0.04836971777146554, 0.045888993393773454, 0.04332790860019442, 0.040721243397433354, 0.03815348906679705, 0.03609755066086763, 0.03431153121207709, 0.03269994312791247, 0.03113246913067769, 0.029533434333839276, 0.02779284963423818, 0.02581340528028532, 0.023636664296078556, 0.021032966406022018, 0.018298152858289164, 0.015471223173718233, 0.012975006021594128, 0.011476514573927241, 0.011190786613452559, 0.012013514795745658, 0.013192708648177051, 0.0146026096239084, 0.016627808096549106, 0.019288816219412905, 0.022115031993867204, 0.024956066779425322, 0.027947127033299147, 0.030317719296220055, 0.03213024736687776, 0.033908117916643665, 0.035613155393420214, 0.03695858371541455, 0.0370883147011733, 0.035844860180821725, 0.03331269225961453, 0.030127822662769057, 0.026675716455458534, 0.02305094507263966, 0.019294584365168215, 0.016588874620184203, 0.013459760460278334, 0.010513659470637583, 0.008184205378854309, 0.005908681970234855, 0.003908372487361734, 0.002250880846271649, 0.001837561814419065, 0.003902446460586522, 0.00649131804032715, 0.008842266053540701, 0.011337576744963709, 0.013847821453172829, 0.016241515374979285, 0.018506880743639053, 0.020753891025054552, 0.022854281545735794, 0.025177910908837288, 0.027764777035113285, 0.0302577363231247, 0.032552204835272186, 0.033962244268502154, 0.03530995724171245, 0.036795414568091225, 0.03840706162943578, 0.039993850675796264, 0.04133645030179679, 0.04211247094820217, 0.04239213751353172, 0.042192499106345205, 0.04200269786908514, 0.041897190162155235, 0.041830932940717325, 0.04166737666619139, 0.04206882264734189, 0.0426127097658282, 0.042895687146734904, 0.04300135533202284, 0.04249799814293581, 0.041897582995049115, 0.04072077112408416, 0.03927976254850985, 0.037331499513228325, 0.035889992777759706, 0.03456359233645024, 0.033243529781910974, 0.03199033675126687, 0.03059935779738079, 0.029272240636492235, 0.027900707354997015, 0.02654938414970694, 0.02543173352052397, 0.024311103096379235, 0.023065212419431085, 0.021685454855791198, 0.02041159885695607, 0.019056064221564174, 0.017656707279948437, 0.01626614648165674, 0.015012383850973622, 0.013603567963072178, 0.012189757837366814, 0.010674529938407772, 0.009407142987148039, 0.008344525906195775, 0.007439054007672372, 0.0072034584519923735, 0.007775010970036668, 0.009047582903156274, 0.010731538882415681, 0.01253460028234948, 0.014333543563369548, 0.016070624592636203, 0.017817726146123574, 0.019557256660804743, 0.02116824086555951, 0.022529303997840977, 0.023628588936546305, 0.02391411988476377, 0.02359656311707365, 0.022355277074164143, 0.020961866673625245, 0.018393580144489934, 0.015660552711922182, 0.013874328661167971, 0.01254026736778108, 0.011812131260623127, 0.010800298354986543, 0.00961805971638548, 0.008471507575266851, 0.007656757785702683, 0.006719580941926242, 0.0056999472982024405, 0.005125787188458596, 0.00504686530895439, 0.005697178935649704, 0.006245540782853768, 0.0070976650798796875, 0.007900543705723831, 0.008755370167568399, 0.009807746909975117, 0.011209592216881203, 0.01276960312030194, 0.014467251258771754, 0.015865855510978952, 0.01751794577394112, 0.01978728846519214, 0.022540086452385207, 0.024859037758439572, 0.02589623397823137, 0.02611181133516041, 0.026565850619759173, 0.0272557734372972, 0.02776644526036269, 0.02799937699621002, 0.02818388188652303, 0.02806005928616626, 0.028083982827741123, 0.02781538632605852, 0.027763976455106594, 0.028120518002563644, 0.028688559534023904, 0.029389365084960088, 0.030059907204608147, 0.03052096911154336, 0.031053468449087778, 0.03142000488428638, 0.03173833045042581, 0.031892653890475096, 0.03198060527161537, 0.031944507243272385, 0.03180892531117334, 0.03180195743523648, 0.03175983113429147, 0.03185651864929952, 0.032146459060636644, 0.032526908876218445, 0.033087790299913135, 0.03370146462957083, 0.0342847740780508, 0.0344768243549477, 0.03441738754137779, 0.034008301029805295]",0.018401772510693467,0.034687100663575554,0.009235778008027468,0.0159162067127111,0.0,0.0,0.009561810506543145,0.034687100663575554,0.009235778008027468,0.0159162067127111,4.248,1717635304.9511015,2024-06-06_10-55-04
0.5059,-0.02184,0.38433216104267487,0.47176586505342105,-0.03121360025365398,0.399386924355461,0.5059,-0.02184,0.3749867220879019,0.47176586505342105,-0.03121360025365398,0.399386924355461,0.01773443768827515,"[0.011315756658919754, 0.012192407496521018, 0.01288995615295488, 0.01359963525141729, 0.014321891165186378, 0.015181047888625853, 0.01592941522152252, 0.01673874496494045, 0.01751440457689525, 0.01835087734908702, 0.019202544572813795, 0.020070622325609303, 0.02095627718778323, 0.02186061264947246, 0.022737260153569413, 0.023681097053535004, 0.024646250751560458, 0.025633386418693636, 0.02659237614956749, 0.027623542314219474, 0.0286250346734827, 0.029647102596467904, 0.03056454213255984, 0.031680305841655834, 0.03263530150735364, 0.033606764937046466, 0.034593095597664145, 0.03536350794006898, 0.035930760474075646, 0.03631257033147624, 0.03661317474198803, 0.03688385713543919, 0.03738127616234113, 0.037934719347479336, 0.03858163380471939, 0.03921882339006296, 0.03999131852533767, 0.04074980907886149, 0.04127472956039594, 0.04151563832077664, 0.04151964454301027, 0.04123464219442919, 0.04096829512038153, 0.04056460486818273, 0.04028281736824196, 0.04000166841569801, 0.03919762289117317, 0.037812479337396496, 0.03622310391275238, 0.03453579653228067, 0.0330206041779641, 0.031565009966306234, 0.03054064037737075, 0.029904305612678588, 0.029394155816597912, 0.028896840658953926, 0.02825322628704274, 0.027685220830545497, 0.02666364029859006, 0.025486033827772144, 0.02414387260068274, 0.023028867611909868, 0.022681878550084772, 0.02299235797660897, 0.02387546679328945, 0.024738332374206702, 0.025547718436096926, 0.026640938816603423, 0.02759836215880636, 0.028240938725365098, 0.028199955208514017, 0.028168175430310402, 0.02767018559717724, 0.027414861073674215, 0.027239233260695786, 0.0274939869379551, 0.027874761581110984, 0.02868161073982207, 0.029514734605865275, 0.030345172291974937, 0.031248268714928727, 0.032298002681611045, 0.033509628354587276, 0.0348066615601669, 0.03569061118903811, 0.03631377821401384, 0.03654105211474412, 0.03646788532881584, 0.03572808397059345, 0.03427781350345514, 0.03309813106562172, 0.031639416134799855, 0.02970329439236902, 0.027599049067936567, 0.02603054913364457, 0.024090316372098155, 0.02220132238001286, 0.02051452966091278, 0.019044426362309692, 0.017805605247084858, 0.01643252777018217, 0.01523003850809785, 0.01424180324883461, 0.013706552220618947, 0.0130880570946912, 0.012988920737072255, 0.013178248200839212, 0.013386796436950147, 0.01359897371732897, 0.01439195864266014, 0.015495810506657983, 0.016686507754200334, 0.01807173050136072, 0.019341411872889052, 0.020370802976522343, 0.0213787239197115, 0.02262888584538598, 0.02401686851684336, 0.025523335513576738, 0.026670410326906566, 0.02758824337325398, 0.02810647098585074, 0.028219175888028712, 0.02804128716256827, 0.027840212128430745, 0.02799079668741686, 0.027988272685847155, 0.02831306909632167, 0.028434723397990712, 0.0285549391753426, 0.02832607944879636, 0.02800347501499142, 0.027460301198426997, 0.02681840364884072, 0.026203190519756815, 0.02552364346313934, 0.024940794741503684, 0.024553643852497812, 0.024009602077058226, 0.023587486328410737, 0.023053226444370627, 0.02237349941244249, 0.021247392964358097, 0.01948489409103017, 0.01759577829009665, 0.015969918059865678, 0.014849832783247986, 0.014164911869984548, 0.013546042864334782, 0.01328357500957488, 0.012905521640083246, 0.012806686101790404, 0.01256569256360443, 0.01270015008783326, 0.013333718053885597, 0.014364706842779438, 0.015230812921928084, 0.016214173123414017, 0.017422309714956504, 0.01848297873673576, 0.019690103784110968, 0.02062988015396428, 0.021304326954883004, 0.021542023987470748, 0.021445001132587415, 0.02128479356968176, 0.021154257299581803, 0.020548768777841446, 0.020419411659703072, 0.020346908766621045, 0.02018386842926173, 0.020060715556614095, 0.019970155121820186, 0.019905412966441507, 0.019860328269953802, 0.019689549628068632, 0.019110038324468673, 0.018401772510693467, 0.01773443768827515, 0.01691379473734185, 0.0163889904882787, 0.015891976533507178, 0.015695148472402557, 0.015634975895130635, 0.01548249397414641, 0.015250362203767827, 0.01446715870868431, 0.013690714184349355, 0.013111437378948002, 0.01280400987898366, 0.012789088065484542, 0.012885508256999974, 0.012645414791893052, 0.012533763320360268, 0.01300792748125149, 0.014045480441271196, 0.015593406388961941, 0.017496649938682926, 0.01947963017829757, 0.021814960986639112, 0.0244888991790445, 0.027455202671237973, 0.030462142682767764, 0.03347516022004274, 0.03632355277573078, 0.03911728575744543, 0.041489125175428104, 0.043617926344794986, 0.04507509866910146, 0.045973158335007626, 0.046666313335408376, 0.047747911364257295, 0.04910015737076979, 0.051170936172887156, 0.05323921785426519, 0.05484930583024696, 0.05598397968583077, 0.056516639752925084, 0.05678375349578094, 0.05655312215346535, 0.05709318659280136, 0.05753330561326649, 0.05822424761198231, 0.05856641837777238, 0.058663546697002605, 0.05829520111627496, 0.058019458378357286, 0.05786276302771312, 0.057678835712609886, 0.05721489013034267, 0.05620972754199197, 0.05488023496470325, 0.05291870088860013, 0.05085359195424363, 0.04836971777146554, 0.045888993393773454, 0.04332790860019442, 0.040721243397433354, 0.03815348906679705, 0.03609755066086763, 0.03431153121207709, 0.03269994312791247, 0.03113246913067769, 0.029533434333839276, 0.02779284963423818, 0.02581340528028532, 0.023636664296078556, 0.021032966406022018, 0.018298152858289164, 0.015471223173718233, 0.012975006021594128, 0.011476514573927241, 0.011190786613452559, 0.012013514795745658, 0.013192708648177051, 0.0146026096239084, 0.016627808096549106, 0.019288816219412905, 0.022115031993867204, 0.024956066779425322, 0.027947127033299147, 0.030317719296220055, 0.03213024736687776, 0.033908117916643665, 0.035613155393420214, 0.03695858371541455, 0.0370883147011733, 0.035844860180821725, 0.03331269225961453, 0.030127822662769057, 0.026675716455458534, 0.02305094507263966, 0.019294584365168215, 0.016588874620184203, 0.013459760460278334, 0.010513659470637583, 0.008184205378854309, 0.005908681970234855, 0.003908372487361734, 0.002250880846271649, 0.001837561814419065, 0.003902446460586522, 0.00649131804032715, 0.008842266053540701, 0.011337576744963709, 0.013847821453172829, 0.016241515374979285, 0.018506880743639053, 0.020753891025054552, 0.022854281545735794, 0.025177910908837288, 0.027764777035113285, 0.0302577363231247, 0.032552204835272186, 0.033962244268502154, 0.03530995724171245, 0.036795414568091225, 0.03840706162943578, 0.039993850675796264, 0.04133645030179679, 0.04211247094820217, 0.04239213751353172, 0.042192499106345205, 0.04200269786908514, 0.041897190162155235, 0.041830932940717325, 0.04166737666619139, 0.04206882264734189, 0.0426127097658282, 0.042895687146734904, 0.04300135533202284, 0.04249799814293581, 0.041897582995049115, 0.04072077112408416, 0.03927976254850985, 0.037331499513228325, 0.035889992777759706, 0.03456359233645024, 0.033243529781910974, 0.03199033675126687, 0.03059935779738079, 0.029272240636492235, 0.027900707354997015, 0.02654938414970694, 0.02543173352052397, 0.024311103096379235, 0.023065212419431085, 0.021685454855791198, 0.02041159885695607, 0.019056064221564174, 0.017656707279948437, 0.01626614648165674, 0.015012383850973622, 0.013603567963072178, 0.012189757837366814, 0.010674529938407772, 0.009407142987148039, 0.008344525906195775, 0.007439054007672372, 0.0072034584519923735, 0.007775010970036668, 0.009047582903156274, 0.010731538882415681, 0.01253460028234948, 0.014333543563369548, 0.016070624592636203, 0.017817726146123574, 0.019557256660804743, 0.02116824086555951, 0.022529303997840977, 0.023628588936546305, 0.02391411988476377, 0.02359656311707365, 0.022355277074164143, 0.020961866673625245, 0.018393580144489934, 0.015660552711922182, 0.013874328661167971, 0.01254026736778108, 0.011812131260623127, 0.010800298354986543, 0.00961805971638548, 0.008471507575266851, 0.007656757785702683, 0.006719580941926242, 0.0056999472982024405, 0.005125787188458596, 0.00504686530895439, 0.005697178935649704, 0.006245540782853768, 0.0070976650798796875, 0.007900543705723831, 0.008755370167568399, 0.009807746909975117, 0.011209592216881203, 0.01276960312030194, 0.014467251258771754, 0.015865855510978952, 0.01751794577394112, 0.01978728846519214, 0.022540086452385207, 0.024859037758439572, 0.02589623397823137, 0.02611181133516041, 0.026565850619759173, 0.0272557734372972, 0.02776644526036269, 0.02799937699621002, 0.02818388188652303, 0.02806005928616626, 0.028083982827741123, 0.02781538632605852, 0.027763976455106594, 0.028120518002563644, 0.028688559534023904, 0.029389365084960088, 0.030059907204608147, 0.03052096911154336, 0.031053468449087778, 0.03142000488428638, 0.03173833045042581, 0.031892653890475096, 0.03198060527161537, 0.031944507243272385, 0.03180892531117334, 0.03180195743523648, 0.03175983113429147, 0.03185651864929952, 0.032146459060636644, 0.032526908876218445, 0.033087790299913135, 0.03370146462957083, 0.0342847740780508, 0.0344768243549477, 0.03441738754137779, 0.034008301029805295]",0.01773443768827515,0.034134134946578965,0.009373600253653983,0.015054763312786157,0.0,0.0,0.009345438954772967,0.034134134946578965,0.009373600253653983,0.015054763312786157,4.272,1717635304.9752426,2024-06-06_10-55-04
0.5059,-0.02112,0.383487431884404,0.47225074775970355,-0.03072281560413202,0.3974108791906558,0.5059,-0.02112,0.37435836448140125,0.47225074775970355,-0.03072281560413202,0.3974108791906558,0.01691379473734185,"[0.011315756658919754, 0.012192407496521018, 0.01288995615295488, 0.01359963525141729, 0.014321891165186378, 0.015181047888625853, 0.01592941522152252, 0.01673874496494045, 0.01751440457689525, 0.01835087734908702, 0.019202544572813795, 0.020070622325609303, 0.02095627718778323, 0.02186061264947246, 0.022737260153569413, 0.023681097053535004, 0.024646250751560458, 0.025633386418693636, 0.02659237614956749, 0.027623542314219474, 0.0286250346734827, 0.029647102596467904, 0.03056454213255984, 0.031680305841655834, 0.03263530150735364, 0.033606764937046466, 0.034593095597664145, 0.03536350794006898, 0.035930760474075646, 0.03631257033147624, 0.03661317474198803, 0.03688385713543919, 0.03738127616234113, 0.037934719347479336, 0.03858163380471939, 0.03921882339006296, 0.03999131852533767, 0.04074980907886149, 0.04127472956039594, 0.04151563832077664, 0.04151964454301027, 0.04123464219442919, 0.04096829512038153, 0.04056460486818273, 0.04028281736824196, 0.04000166841569801, 0.03919762289117317, 0.037812479337396496, 0.03622310391275238, 0.03453579653228067, 0.0330206041779641, 0.031565009966306234, 0.03054064037737075, 0.029904305612678588, 0.029394155816597912, 0.028896840658953926, 0.02825322628704274, 0.027685220830545497, 0.02666364029859006, 0.025486033827772144, 0.02414387260068274, 0.023028867611909868, 0.022681878550084772, 0.02299235797660897, 0.02387546679328945, 0.024738332374206702, 0.025547718436096926, 0.026640938816603423, 0.02759836215880636, 0.028240938725365098, 0.028199955208514017, 0.028168175430310402, 0.02767018559717724, 0.027414861073674215, 0.027239233260695786, 0.0274939869379551, 0.027874761581110984, 0.02868161073982207, 0.029514734605865275, 0.030345172291974937, 0.031248268714928727, 0.032298002681611045, 0.033509628354587276, 0.0348066615601669, 0.03569061118903811, 0.03631377821401384, 0.03654105211474412, 0.03646788532881584, 0.03572808397059345, 0.03427781350345514, 0.03309813106562172, 0.031639416134799855, 0.02970329439236902, 0.027599049067936567, 0.02603054913364457, 0.024090316372098155, 0.02220132238001286, 0.02051452966091278, 0.019044426362309692, 0.017805605247084858, 0.01643252777018217, 0.01523003850809785, 0.01424180324883461, 0.013706552220618947, 0.0130880570946912, 0.012988920737072255, 0.013178248200839212, 0.013386796436950147, 0.01359897371732897, 0.01439195864266014, 0.015495810506657983, 0.016686507754200334, 0.01807173050136072, 0.019341411872889052, 0.020370802976522343, 0.0213787239197115, 0.02262888584538598, 0.02401686851684336, 0.025523335513576738, 0.026670410326906566, 0.02758824337325398, 0.02810647098585074, 0.028219175888028712, 0.02804128716256827, 0.027840212128430745, 0.02799079668741686, 0.027988272685847155, 0.02831306909632167, 0.028434723397990712, 0.0285549391753426, 0.02832607944879636, 0.02800347501499142, 0.027460301198426997, 0.02681840364884072, 0.026203190519756815, 0.02552364346313934, 0.024940794741503684, 0.024553643852497812, 0.024009602077058226, 0.023587486328410737, 0.023053226444370627, 0.02237349941244249, 0.021247392964358097, 0.01948489409103017, 0.01759577829009665, 0.015969918059865678, 0.014849832783247986, 0.014164911869984548, 0.013546042864334782, 0.01328357500957488, 0.012905521640083246, 0.012806686101790404, 0.01256569256360443, 0.01270015008783326, 0.013333718053885597, 0.014364706842779438, 0.015230812921928084, 0.016214173123414017, 0.017422309714956504, 0.01848297873673576, 0.019690103784110968, 0.02062988015396428, 0.021304326954883004, 0.021542023987470748, 0.021445001132587415, 0.02128479356968176, 0.021154257299581803, 0.020548768777841446, 0.020419411659703072, 0.020346908766621045, 0.02018386842926173, 0.020060715556614095, 0.019970155121820186, 0.019905412966441507, 0.019860328269953802, 0.019689549628068632, 0.019110038324468673, 0.018401772510693467, 0.01773443768827515, 0.01691379473734185, 0.0163889904882787, 0.015891976533507178, 0.015695148472402557, 0.015634975895130635, 0.01548249397414641, 0.015250362203767827, 0.01446715870868431, 0.013690714184349355, 0.013111437378948002, 0.01280400987898366, 0.012789088065484542, 0.012885508256999974, 0.012645414791893052, 0.012533763320360268, 0.01300792748125149, 0.014045480441271196, 0.015593406388961941, 0.017496649938682926, 0.01947963017829757, 0.021814960986639112, 0.0244888991790445, 0.027455202671237973, 0.030462142682767764, 0.03347516022004274, 0.03632355277573078, 0.03911728575744543, 0.041489125175428104, 0.043617926344794986, 0.04507509866910146, 0.045973158335007626, 0.046666313335408376, 0.047747911364257295, 0.04910015737076979, 0.051170936172887156, 0.05323921785426519, 0.05484930583024696, 0.05598397968583077, 0.056516639752925084, 0.05678375349578094, 0.05655312215346535, 0.05709318659280136, 0.05753330561326649, 0.05822424761198231, 0.05856641837777238, 0.058663546697002605, 0.05829520111627496, 0.058019458378357286, 0.05786276302771312, 0.057678835712609886, 0.05721489013034267, 0.05620972754199197, 0.05488023496470325, 0.05291870088860013, 0.05085359195424363, 0.04836971777146554, 0.045888993393773454, 0.04332790860019442, 0.040721243397433354, 0.03815348906679705, 0.03609755066086763, 0.03431153121207709, 0.03269994312791247, 0.03113246913067769, 0.029533434333839276, 0.02779284963423818, 0.02581340528028532, 0.023636664296078556, 0.021032966406022018, 0.018298152858289164, 0.015471223173718233, 0.012975006021594128, 0.011476514573927241, 0.011190786613452559, 0.012013514795745658, 0.013192708648177051, 0.0146026096239084, 0.016627808096549106, 0.019288816219412905, 0.022115031993867204, 0.024956066779425322, 0.027947127033299147, 0.030317719296220055, 0.03213024736687776, 0.033908117916643665, 0.035613155393420214, 0.03695858371541455, 0.0370883147011733, 0.035844860180821725, 0.03331269225961453, 0.030127822662769057, 0.026675716455458534, 0.02305094507263966, 0.019294584365168215, 0.016588874620184203, 0.013459760460278334, 0.010513659470637583, 0.008184205378854309, 0.005908681970234855, 0.003908372487361734, 0.002250880846271649, 0.001837561814419065, 0.003902446460586522, 0.00649131804032715, 0.008842266053540701, 0.011337576744963709, 0.013847821453172829, 0.016241515374979285, 0.018506880743639053, 0.020753891025054552, 0.022854281545735794, 0.025177910908837288, 0.027764777035113285, 0.0302577363231247, 0.032552204835272186, 0.033962244268502154, 0.03530995724171245, 0.036795414568091225, 0.03840706162943578, 0.039993850675796264, 0.04133645030179679, 0.04211247094820217, 0.04239213751353172, 0.042192499106345205, 0.04200269786908514, 0.041897190162155235, 0.041830932940717325, 0.04166737666619139, 0.04206882264734189, 0.0426127097658282, 0.042895687146734904, 0.04300135533202284, 0.04249799814293581, 0.041897582995049115, 0.04072077112408416, 0.03927976254850985, 0.037331499513228325, 0.035889992777759706, 0.03456359233645024, 0.033243529781910974, 0.03199033675126687, 0.03059935779738079, 0.029272240636492235, 0.027900707354997015, 0.02654938414970694, 0.02543173352052397, 0.024311103096379235, 0.023065212419431085, 0.021685454855791198, 0.02041159885695607, 0.019056064221564174, 0.017656707279948437, 0.01626614648165674, 0.015012383850973622, 0.013603567963072178, 0.012189757837366814, 0.010674529938407772, 0.009407142987148039, 0.008344525906195775, 0.007439054007672372, 0.0072034584519923735, 0.007775010970036668, 0.009047582903156274, 0.010731538882415681, 0.01253460028234948, 0.014333543563369548, 0.016070624592636203, 0.017817726146123574, 0.019557256660804743, 0.02116824086555951, 0.022529303997840977, 0.023628588936546305, 0.02391411988476377, 0.02359656311707365, 0.022355277074164143, 0.020961866673625245, 0.018393580144489934, 0.015660552711922182, 0.013874328661167971, 0.01254026736778108, 0.011812131260623127, 0.010800298354986543, 0.00961805971638548, 0.008471507575266851, 0.007656757785702683, 0.006719580941926242, 0.0056999472982024405, 0.005125787188458596, 0.00504686530895439, 0.005697178935649704, 0.006245540782853768, 0.0070976650798796875, 0.007900543705723831, 0.008755370167568399, 0.009807746909975117, 0.011209592216881203, 0.01276960312030194, 0.014467251258771754, 0.015865855510978952, 0.01751794577394112, 0.01978728846519214, 0.022540086452385207, 0.024859037758439572, 0.02589623397823137, 0.02611181133516041, 0.026565850619759173, 0.0272557734372972, 0.02776644526036269, 0.02799937699621002, 0.02818388188652303, 0.02806005928616626, 0.028083982827741123, 0.02781538632605852, 0.027763976455106594, 0.028120518002563644, 0.028688559534023904, 0.029389365084960088, 0.030059907204608147, 0.03052096911154336, 0.031053468449087778, 0.03142000488428638, 0.03173833045042581, 0.031892653890475096, 0.03198060527161537, 0.031944507243272385, 0.03180892531117334, 0.03180195743523648, 0.03175983113429147, 0.03185651864929952, 0.032146459060636644, 0.032526908876218445, 0.033087790299913135, 0.03370146462957083, 0.0342847740780508, 0.0344768243549477, 0.03441738754137779, 0.034008301029805295]",0.01691379473734185,0.03364925224029647,0.00960281560413202,0.013923447306251835,0.0,0.0,0.009129067403002733,0.03364925224029647,0.00960281560413202,0.013923447306251835,4.295999999999999,1717635304.9990642,2024-06-06_10-55-04
0.5059,-0.0204,0.3828191853613046,0.4726250640347884,-0.030335261825250735,0.3958533551349651,0.5059,-0.0204,0.3741434452298435,0.4726250640347884,-0.030335261825250735,0.3958533551349651,0.0163889904882787,"[0.011315756658919754, 0.012192407496521018, 0.01288995615295488, 0.01359963525141729, 0.014321891165186378, 0.015181047888625853, 0.01592941522152252, 0.01673874496494045, 0.01751440457689525, 0.01835087734908702, 0.019202544572813795, 0.020070622325609303, 0.02095627718778323, 0.02186061264947246, 0.022737260153569413, 0.023681097053535004, 0.024646250751560458, 0.025633386418693636, 0.02659237614956749, 0.027623542314219474, 0.0286250346734827, 0.029647102596467904, 0.03056454213255984, 0.031680305841655834, 0.03263530150735364, 0.033606764937046466, 0.034593095597664145, 0.03536350794006898, 0.035930760474075646, 0.03631257033147624, 0.03661317474198803, 0.03688385713543919, 0.03738127616234113, 0.037934719347479336, 0.03858163380471939, 0.03921882339006296, 0.03999131852533767, 0.04074980907886149, 0.04127472956039594, 0.04151563832077664, 0.04151964454301027, 0.04123464219442919, 0.04096829512038153, 0.04056460486818273, 0.04028281736824196, 0.04000166841569801, 0.03919762289117317, 0.037812479337396496, 0.03622310391275238, 0.03453579653228067, 0.0330206041779641, 0.031565009966306234, 0.03054064037737075, 0.029904305612678588, 0.029394155816597912, 0.028896840658953926, 0.02825322628704274, 0.027685220830545497, 0.02666364029859006, 0.025486033827772144, 0.02414387260068274, 0.023028867611909868, 0.022681878550084772, 0.02299235797660897, 0.02387546679328945, 0.024738332374206702, 0.025547718436096926, 0.026640938816603423, 0.02759836215880636, 0.028240938725365098, 0.028199955208514017, 0.028168175430310402, 0.02767018559717724, 0.027414861073674215, 0.027239233260695786, 0.0274939869379551, 0.027874761581110984, 0.02868161073982207, 0.029514734605865275, 0.030345172291974937, 0.031248268714928727, 0.032298002681611045, 0.033509628354587276, 0.0348066615601669, 0.03569061118903811, 0.03631377821401384, 0.03654105211474412, 0.03646788532881584, 0.03572808397059345, 0.03427781350345514, 0.03309813106562172, 0.031639416134799855, 0.02970329439236902, 0.027599049067936567, 0.02603054913364457, 0.024090316372098155, 0.02220132238001286, 0.02051452966091278, 0.019044426362309692, 0.017805605247084858, 0.01643252777018217, 0.01523003850809785, 0.01424180324883461, 0.013706552220618947, 0.0130880570946912, 0.012988920737072255, 0.013178248200839212, 0.013386796436950147, 0.01359897371732897, 0.01439195864266014, 0.015495810506657983, 0.016686507754200334, 0.01807173050136072, 0.019341411872889052, 0.020370802976522343, 0.0213787239197115, 0.02262888584538598, 0.02401686851684336, 0.025523335513576738, 0.026670410326906566, 0.02758824337325398, 0.02810647098585074, 0.028219175888028712, 0.02804128716256827, 0.027840212128430745, 0.02799079668741686, 0.027988272685847155, 0.02831306909632167, 0.028434723397990712, 0.0285549391753426, 0.02832607944879636, 0.02800347501499142, 0.027460301198426997, 0.02681840364884072, 0.026203190519756815, 0.02552364346313934, 0.024940794741503684, 0.024553643852497812, 0.024009602077058226, 0.023587486328410737, 0.023053226444370627, 0.02237349941244249, 0.021247392964358097, 0.01948489409103017, 0.01759577829009665, 0.015969918059865678, 0.014849832783247986, 0.014164911869984548, 0.013546042864334782, 0.01328357500957488, 0.012905521640083246, 0.012806686101790404, 0.01256569256360443, 0.01270015008783326, 0.013333718053885597, 0.014364706842779438, 0.015230812921928084, 0.016214173123414017, 0.017422309714956504, 0.01848297873673576, 0.019690103784110968, 0.02062988015396428, 0.021304326954883004, 0.021542023987470748, 0.021445001132587415, 0.02128479356968176, 0.021154257299581803, 0.020548768777841446, 0.020419411659703072, 0.020346908766621045, 0.02018386842926173, 0.020060715556614095, 0.019970155121820186, 0.019905412966441507, 0.019860328269953802, 0.019689549628068632, 0.019110038324468673, 0.018401772510693467, 0.01773443768827515, 0.01691379473734185, 0.0163889904882787, 0.015891976533507178, 0.015695148472402557, 0.015634975895130635, 0.01548249397414641, 0.015250362203767827, 0.01446715870868431, 0.013690714184349355, 0.013111437378948002, 0.01280400987898366, 0.012789088065484542, 0.012885508256999974, 0.012645414791893052, 0.012533763320360268, 0.01300792748125149, 0.014045480441271196, 0.015593406388961941, 0.017496649938682926, 0.01947963017829757, 0.021814960986639112, 0.0244888991790445, 0.027455202671237973, 0.030462142682767764, 0.03347516022004274, 0.03632355277573078, 0.03911728575744543, 0.041489125175428104, 0.043617926344794986, 0.04507509866910146, 0.045973158335007626, 0.046666313335408376, 0.047747911364257295, 0.04910015737076979, 0.051170936172887156, 0.05323921785426519, 0.05484930583024696, 0.05598397968583077, 0.056516639752925084, 0.05678375349578094, 0.05655312215346535, 0.05709318659280136, 0.05753330561326649, 0.05822424761198231, 0.05856641837777238, 0.058663546697002605, 0.05829520111627496, 0.058019458378357286, 0.05786276302771312, 0.057678835712609886, 0.05721489013034267, 0.05620972754199197, 0.05488023496470325, 0.05291870088860013, 0.05085359195424363, 0.04836971777146554, 0.045888993393773454, 0.04332790860019442, 0.040721243397433354, 0.03815348906679705, 0.03609755066086763, 0.03431153121207709, 0.03269994312791247, 0.03113246913067769, 0.029533434333839276, 0.02779284963423818, 0.02581340528028532, 0.023636664296078556, 0.021032966406022018, 0.018298152858289164, 0.015471223173718233, 0.012975006021594128, 0.011476514573927241, 0.011190786613452559, 0.012013514795745658, 0.013192708648177051, 0.0146026096239084, 0.016627808096549106, 0.019288816219412905, 0.022115031993867204, 0.024956066779425322, 0.027947127033299147, 0.030317719296220055, 0.03213024736687776, 0.033908117916643665, 0.035613155393420214, 0.03695858371541455, 0.0370883147011733, 0.035844860180821725, 0.03331269225961453, 0.030127822662769057, 0.026675716455458534, 0.02305094507263966, 0.019294584365168215, 0.016588874620184203, 0.013459760460278334, 0.010513659470637583, 0.008184205378854309, 0.005908681970234855, 0.003908372487361734, 0.002250880846271649, 0.001837561814419065, 0.003902446460586522, 0.00649131804032715, 0.008842266053540701, 0.011337576744963709, 0.013847821453172829, 0.016241515374979285, 0.018506880743639053, 0.020753891025054552, 0.022854281545735794, 0.025177910908837288, 0.027764777035113285, 0.0302577363231247, 0.032552204835272186, 0.033962244268502154, 0.03530995724171245, 0.036795414568091225, 0.03840706162943578, 0.039993850675796264, 0.04133645030179679, 0.04211247094820217, 0.04239213751353172, 0.042192499106345205, 0.04200269786908514, 0.041897190162155235, 0.041830932940717325, 0.04166737666619139, 0.04206882264734189, 0.0426127097658282, 0.042895687146734904, 0.04300135533202284, 0.04249799814293581, 0.041897582995049115, 0.04072077112408416, 0.03927976254850985, 0.037331499513228325, 0.035889992777759706, 0.03456359233645024, 0.033243529781910974, 0.03199033675126687, 0.03059935779738079, 0.029272240636492235, 0.027900707354997015, 0.02654938414970694, 0.02543173352052397, 0.024311103096379235, 0.023065212419431085, 0.021685454855791198, 0.02041159885695607, 0.019056064221564174, 0.017656707279948437, 0.01626614648165674, 0.015012383850973622, 0.013603567963072178, 0.012189757837366814, 0.010674529938407772, 0.009407142987148039, 0.008344525906195775, 0.007439054007672372, 0.0072034584519923735, 0.007775010970036668, 0.009047582903156274, 0.010731538882415681, 0.01253460028234948, 0.014333543563369548, 0.016070624592636203, 0.017817726146123574, 0.019557256660804743, 0.02116824086555951, 0.022529303997840977, 0.023628588936546305, 0.02391411988476377, 0.02359656311707365, 0.022355277074164143, 0.020961866673625245, 0.018393580144489934, 0.015660552711922182, 0.013874328661167971, 0.01254026736778108, 0.011812131260623127, 0.010800298354986543, 0.00961805971638548, 0.008471507575266851, 0.007656757785702683, 0.006719580941926242, 0.0056999472982024405, 0.005125787188458596, 0.00504686530895439, 0.005697178935649704, 0.006245540782853768, 0.0070976650798796875, 0.007900543705723831, 0.008755370167568399, 0.009807746909975117, 0.011209592216881203, 0.01276960312030194, 0.014467251258771754, 0.015865855510978952, 0.01751794577394112, 0.01978728846519214, 0.022540086452385207, 0.024859037758439572, 0.02589623397823137, 0.02611181133516041, 0.026565850619759173, 0.0272557734372972, 0.02776644526036269, 0.02799937699621002, 0.02818388188652303, 0.02806005928616626, 0.028083982827741123, 0.02781538632605852, 0.027763976455106594, 0.028120518002563644, 0.028688559534023904, 0.029389365084960088, 0.030059907204608147, 0.03052096911154336, 0.031053468449087778, 0.03142000488428638, 0.03173833045042581, 0.031892653890475096, 0.03198060527161537, 0.031944507243272385, 0.03180892531117334, 0.03180195743523648, 0.03175983113429147, 0.03185651864929952, 0.032146459060636644, 0.032526908876218445, 0.033087790299913135, 0.03370146462957083, 0.0342847740780508, 0.0344768243549477, 0.03441738754137779, 0.034008301029805295]",0.0163889904882787,0.03327493596521164,0.009935261825250733,0.013034169773660509,0.0,0.0,0.008675740131461107,0.03327493596521164,0.009935261825250733,0.013034169773660509,4.32,1717635305.0235302,2024-06-06_10-55-05
0.5059,-0.019680000000000003,0.38233266235313423,0.47296022270833044,-0.02998146195668776,0.39443368709058757,0.5059,-0.019680000000000003,0.374157640637169,0.47296022270833044,-0.02998146195668776,0.39443368709058757,0.015891976533507178,"[0.011315756658919754, 0.012192407496521018, 0.01288995615295488, 0.01359963525141729, 0.014321891165186378, 0.015181047888625853, 0.01592941522152252, 0.01673874496494045, 0.01751440457689525, 0.01835087734908702, 0.019202544572813795, 0.020070622325609303, 0.02095627718778323, 0.02186061264947246, 0.022737260153569413, 0.023681097053535004, 0.024646250751560458, 0.025633386418693636, 0.02659237614956749, 0.027623542314219474, 0.0286250346734827, 0.029647102596467904, 0.03056454213255984, 0.031680305841655834, 0.03263530150735364, 0.033606764937046466, 0.034593095597664145, 0.03536350794006898, 0.035930760474075646, 0.03631257033147624, 0.03661317474198803, 0.03688385713543919, 0.03738127616234113, 0.037934719347479336, 0.03858163380471939, 0.03921882339006296, 0.03999131852533767, 0.04074980907886149, 0.04127472956039594, 0.04151563832077664, 0.04151964454301027, 0.04123464219442919, 0.04096829512038153, 0.04056460486818273, 0.04028281736824196, 0.04000166841569801, 0.03919762289117317, 0.037812479337396496, 0.03622310391275238, 0.03453579653228067, 0.0330206041779641, 0.031565009966306234, 0.03054064037737075, 0.029904305612678588, 0.029394155816597912, 0.028896840658953926, 0.02825322628704274, 0.027685220830545497, 0.02666364029859006, 0.025486033827772144, 0.02414387260068274, 0.023028867611909868, 0.022681878550084772, 0.02299235797660897, 0.02387546679328945, 0.024738332374206702, 0.025547718436096926, 0.026640938816603423, 0.02759836215880636, 0.028240938725365098, 0.028199955208514017, 0.028168175430310402, 0.02767018559717724, 0.027414861073674215, 0.027239233260695786, 0.0274939869379551, 0.027874761581110984, 0.02868161073982207, 0.029514734605865275, 0.030345172291974937, 0.031248268714928727, 0.032298002681611045, 0.033509628354587276, 0.0348066615601669, 0.03569061118903811, 0.03631377821401384, 0.03654105211474412, 0.03646788532881584, 0.03572808397059345, 0.03427781350345514, 0.03309813106562172, 0.031639416134799855, 0.02970329439236902, 0.027599049067936567, 0.02603054913364457, 0.024090316372098155, 0.02220132238001286, 0.02051452966091278, 0.019044426362309692, 0.017805605247084858, 0.01643252777018217, 0.01523003850809785, 0.01424180324883461, 0.013706552220618947, 0.0130880570946912, 0.012988920737072255, 0.013178248200839212, 0.013386796436950147, 0.01359897371732897, 0.01439195864266014, 0.015495810506657983, 0.016686507754200334, 0.01807173050136072, 0.019341411872889052, 0.020370802976522343, 0.0213787239197115, 0.02262888584538598, 0.02401686851684336, 0.025523335513576738, 0.026670410326906566, 0.02758824337325398, 0.02810647098585074, 0.028219175888028712, 0.02804128716256827, 0.027840212128430745, 0.02799079668741686, 0.027988272685847155, 0.02831306909632167, 0.028434723397990712, 0.0285549391753426, 0.02832607944879636, 0.02800347501499142, 0.027460301198426997, 0.02681840364884072, 0.026203190519756815, 0.02552364346313934, 0.024940794741503684, 0.024553643852497812, 0.024009602077058226, 0.023587486328410737, 0.023053226444370627, 0.02237349941244249, 0.021247392964358097, 0.01948489409103017, 0.01759577829009665, 0.015969918059865678, 0.014849832783247986, 0.014164911869984548, 0.013546042864334782, 0.01328357500957488, 0.012905521640083246, 0.012806686101790404, 0.01256569256360443, 0.01270015008783326, 0.013333718053885597, 0.014364706842779438, 0.015230812921928084, 0.016214173123414017, 0.017422309714956504, 0.01848297873673576, 0.019690103784110968, 0.02062988015396428, 0.021304326954883004, 0.021542023987470748, 0.021445001132587415, 0.02128479356968176, 0.021154257299581803, 0.020548768777841446, 0.020419411659703072, 0.020346908766621045, 0.02018386842926173, 0.020060715556614095, 0.019970155121820186, 0.019905412966441507, 0.019860328269953802, 0.019689549628068632, 0.019110038324468673, 0.018401772510693467, 0.01773443768827515, 0.01691379473734185, 0.0163889904882787, 0.015891976533507178, 0.015695148472402557, 0.015634975895130635, 0.01548249397414641, 0.015250362203767827, 0.01446715870868431, 0.013690714184349355, 0.013111437378948002, 0.01280400987898366, 0.012789088065484542, 0.012885508256999974, 0.012645414791893052, 0.012533763320360268, 0.01300792748125149, 0.014045480441271196, 0.015593406388961941, 0.017496649938682926, 0.01947963017829757, 0.021814960986639112, 0.0244888991790445, 0.027455202671237973, 0.030462142682767764, 0.03347516022004274, 0.03632355277573078, 0.03911728575744543, 0.041489125175428104, 0.043617926344794986, 0.04507509866910146, 0.045973158335007626, 0.046666313335408376, 0.047747911364257295, 0.04910015737076979, 0.051170936172887156, 0.05323921785426519, 0.05484930583024696, 0.05598397968583077, 0.056516639752925084, 0.05678375349578094, 0.05655312215346535, 0.05709318659280136, 0.05753330561326649, 0.05822424761198231, 0.05856641837777238, 0.058663546697002605, 0.05829520111627496, 0.058019458378357286, 0.05786276302771312, 0.057678835712609886, 0.05721489013034267, 0.05620972754199197, 0.05488023496470325, 0.05291870088860013, 0.05085359195424363, 0.04836971777146554, 0.045888993393773454, 0.04332790860019442, 0.040721243397433354, 0.03815348906679705, 0.03609755066086763, 0.03431153121207709, 0.03269994312791247, 0.03113246913067769, 0.029533434333839276, 0.02779284963423818, 0.02581340528028532, 0.023636664296078556, 0.021032966406022018, 0.018298152858289164, 0.015471223173718233, 0.012975006021594128, 0.011476514573927241, 0.011190786613452559, 0.012013514795745658, 0.013192708648177051, 0.0146026096239084, 0.016627808096549106, 0.019288816219412905, 0.022115031993867204, 0.024956066779425322, 0.027947127033299147, 0.030317719296220055, 0.03213024736687776, 0.033908117916643665, 0.035613155393420214, 0.03695858371541455, 0.0370883147011733, 0.035844860180821725, 0.03331269225961453, 0.030127822662769057, 0.026675716455458534, 0.02305094507263966, 0.019294584365168215, 0.016588874620184203, 0.013459760460278334, 0.010513659470637583, 0.008184205378854309, 0.005908681970234855, 0.003908372487361734, 0.002250880846271649, 0.001837561814419065, 0.003902446460586522, 0.00649131804032715, 0.008842266053540701, 0.011337576744963709, 0.013847821453172829, 0.016241515374979285, 0.018506880743639053, 0.020753891025054552, 0.022854281545735794, 0.025177910908837288, 0.027764777035113285, 0.0302577363231247, 0.032552204835272186, 0.033962244268502154, 0.03530995724171245, 0.036795414568091225, 0.03840706162943578, 0.039993850675796264, 0.04133645030179679, 0.04211247094820217, 0.04239213751353172, 0.042192499106345205, 0.04200269786908514, 0.041897190162155235, 0.041830932940717325, 0.04166737666619139, 0.04206882264734189, 0.0426127097658282, 0.042895687146734904, 0.04300135533202284, 0.04249799814293581, 0.041897582995049115, 0.04072077112408416, 0.03927976254850985, 0.037331499513228325, 0.035889992777759706, 0.03456359233645024, 0.033243529781910974, 0.03199033675126687, 0.03059935779738079, 0.029272240636492235, 0.027900707354997015, 0.02654938414970694, 0.02543173352052397, 0.024311103096379235, 0.023065212419431085, 0.021685454855791198, 0.02041159885695607, 0.019056064221564174, 0.017656707279948437, 0.01626614648165674, 0.015012383850973622, 0.013603567963072178, 0.012189757837366814, 0.010674529938407772, 0.009407142987148039, 0.008344525906195775, 0.007439054007672372, 0.0072034584519923735, 0.007775010970036668, 0.009047582903156274, 0.010731538882415681, 0.01253460028234948, 0.014333543563369548, 0.016070624592636203, 0.017817726146123574, 0.019557256660804743, 0.02116824086555951, 0.022529303997840977, 0.023628588936546305, 0.02391411988476377, 0.02359656311707365, 0.022355277074164143, 0.020961866673625245, 0.018393580144489934, 0.015660552711922182, 0.013874328661167971, 0.01254026736778108, 0.011812131260623127, 0.010800298354986543, 0.00961805971638548, 0.008471507575266851, 0.007656757785702683, 0.006719580941926242, 0.0056999472982024405, 0.005125787188458596, 0.00504686530895439, 0.005697178935649704, 0.006245540782853768, 0.0070976650798796875, 0.007900543705723831, 0.008755370167568399, 0.009807746909975117, 0.011209592216881203, 0.01276960312030194, 0.014467251258771754, 0.015865855510978952, 0.01751794577394112, 0.01978728846519214, 0.022540086452385207, 0.024859037758439572, 0.02589623397823137, 0.02611181133516041, 0.026565850619759173, 0.0272557734372972, 0.02776644526036269, 0.02799937699621002, 0.02818388188652303, 0.02806005928616626, 0.028083982827741123, 0.02781538632605852, 0.027763976455106594, 0.028120518002563644, 0.028688559534023904, 0.029389365084960088, 0.030059907204608147, 0.03052096911154336, 0.031053468449087778, 0.03142000488428638, 0.03173833045042581, 0.031892653890475096, 0.03198060527161537, 0.031944507243272385, 0.03180892531117334, 0.03180195743523648, 0.03175983113429147, 0.03185651864929952, 0.032146459060636644, 0.032526908876218445, 0.033087790299913135, 0.03370146462957083, 0.0342847740780508, 0.0344768243549477, 0.03441738754137779, 0.034008301029805295]",0.015891976533507178,0.03293977729166958,0.010301461956687758,0.012101024737453336,0.0,0.0,0.008175021715965236,0.03293977729166958,0.010301461956687758,0.012101024737453336,4.344,1717635305.0470567,2024-06-06_10-55-05
0.5059,-0.018960000000000005,0.38203228397341843,0.47331200652002664,-0.029543865368649884,0.3936219120705169,0.5059,-0.018960000000000005,0.37435798067294906,0.47331200652002664,-0.029543865368649884,0.3936219120705169,0.015695148472402557,"[0.011315756658919754, 0.012192407496521018, 0.01288995615295488, 0.01359963525141729, 0.014321891165186378, 0.015181047888625853, 0.01592941522152252, 0.01673874496494045, 0.01751440457689525, 0.01835087734908702, 0.019202544572813795, 0.020070622325609303, 0.02095627718778323, 0.02186061264947246, 0.022737260153569413, 0.023681097053535004, 0.024646250751560458, 0.025633386418693636, 0.02659237614956749, 0.027623542314219474, 0.0286250346734827, 0.029647102596467904, 0.03056454213255984, 0.031680305841655834, 0.03263530150735364, 0.033606764937046466, 0.034593095597664145, 0.03536350794006898, 0.035930760474075646, 0.03631257033147624, 0.03661317474198803, 0.03688385713543919, 0.03738127616234113, 0.037934719347479336, 0.03858163380471939, 0.03921882339006296, 0.03999131852533767, 0.04074980907886149, 0.04127472956039594, 0.04151563832077664, 0.04151964454301027, 0.04123464219442919, 0.04096829512038153, 0.04056460486818273, 0.04028281736824196, 0.04000166841569801, 0.03919762289117317, 0.037812479337396496, 0.03622310391275238, 0.03453579653228067, 0.0330206041779641, 0.031565009966306234, 0.03054064037737075, 0.029904305612678588, 0.029394155816597912, 0.028896840658953926, 0.02825322628704274, 0.027685220830545497, 0.02666364029859006, 0.025486033827772144, 0.02414387260068274, 0.023028867611909868, 0.022681878550084772, 0.02299235797660897, 0.02387546679328945, 0.024738332374206702, 0.025547718436096926, 0.026640938816603423, 0.02759836215880636, 0.028240938725365098, 0.028199955208514017, 0.028168175430310402, 0.02767018559717724, 0.027414861073674215, 0.027239233260695786, 0.0274939869379551, 0.027874761581110984, 0.02868161073982207, 0.029514734605865275, 0.030345172291974937, 0.031248268714928727, 0.032298002681611045, 0.033509628354587276, 0.0348066615601669, 0.03569061118903811, 0.03631377821401384, 0.03654105211474412, 0.03646788532881584, 0.03572808397059345, 0.03427781350345514, 0.03309813106562172, 0.031639416134799855, 0.02970329439236902, 0.027599049067936567, 0.02603054913364457, 0.024090316372098155, 0.02220132238001286, 0.02051452966091278, 0.019044426362309692, 0.017805605247084858, 0.01643252777018217, 0.01523003850809785, 0.01424180324883461, 0.013706552220618947, 0.0130880570946912, 0.012988920737072255, 0.013178248200839212, 0.013386796436950147, 0.01359897371732897, 0.01439195864266014, 0.015495810506657983, 0.016686507754200334, 0.01807173050136072, 0.019341411872889052, 0.020370802976522343, 0.0213787239197115, 0.02262888584538598, 0.02401686851684336, 0.025523335513576738, 0.026670410326906566, 0.02758824337325398, 0.02810647098585074, 0.028219175888028712, 0.02804128716256827, 0.027840212128430745, 0.02799079668741686, 0.027988272685847155, 0.02831306909632167, 0.028434723397990712, 0.0285549391753426, 0.02832607944879636, 0.02800347501499142, 0.027460301198426997, 0.02681840364884072, 0.026203190519756815, 0.02552364346313934, 0.024940794741503684, 0.024553643852497812, 0.024009602077058226, 0.023587486328410737, 0.023053226444370627, 0.02237349941244249, 0.021247392964358097, 0.01948489409103017, 0.01759577829009665, 0.015969918059865678, 0.014849832783247986, 0.014164911869984548, 0.013546042864334782, 0.01328357500957488, 0.012905521640083246, 0.012806686101790404, 0.01256569256360443, 0.01270015008783326, 0.013333718053885597, 0.014364706842779438, 0.015230812921928084, 0.016214173123414017, 0.017422309714956504, 0.01848297873673576, 0.019690103784110968, 0.02062988015396428, 0.021304326954883004, 0.021542023987470748, 0.021445001132587415, 0.02128479356968176, 0.021154257299581803, 0.020548768777841446, 0.020419411659703072, 0.020346908766621045, 0.02018386842926173, 0.020060715556614095, 0.019970155121820186, 0.019905412966441507, 0.019860328269953802, 0.019689549628068632, 0.019110038324468673, 0.018401772510693467, 0.01773443768827515, 0.01691379473734185, 0.0163889904882787, 0.015891976533507178, 0.015695148472402557, 0.015634975895130635, 0.01548249397414641, 0.015250362203767827, 0.01446715870868431, 0.013690714184349355, 0.013111437378948002, 0.01280400987898366, 0.012789088065484542, 0.012885508256999974, 0.012645414791893052, 0.012533763320360268, 0.01300792748125149, 0.014045480441271196, 0.015593406388961941, 0.017496649938682926, 0.01947963017829757, 0.021814960986639112, 0.0244888991790445, 0.027455202671237973, 0.030462142682767764, 0.03347516022004274, 0.03632355277573078, 0.03911728575744543, 0.041489125175428104, 0.043617926344794986, 0.04507509866910146, 0.045973158335007626, 0.046666313335408376, 0.047747911364257295, 0.04910015737076979, 0.051170936172887156, 0.05323921785426519, 0.05484930583024696, 0.05598397968583077, 0.056516639752925084, 0.05678375349578094, 0.05655312215346535, 0.05709318659280136, 0.05753330561326649, 0.05822424761198231, 0.05856641837777238, 0.058663546697002605, 0.05829520111627496, 0.058019458378357286, 0.05786276302771312, 0.057678835712609886, 0.05721489013034267, 0.05620972754199197, 0.05488023496470325, 0.05291870088860013, 0.05085359195424363, 0.04836971777146554, 0.045888993393773454, 0.04332790860019442, 0.040721243397433354, 0.03815348906679705, 0.03609755066086763, 0.03431153121207709, 0.03269994312791247, 0.03113246913067769, 0.029533434333839276, 0.02779284963423818, 0.02581340528028532, 0.023636664296078556, 0.021032966406022018, 0.018298152858289164, 0.015471223173718233, 0.012975006021594128, 0.011476514573927241, 0.011190786613452559, 0.012013514795745658, 0.013192708648177051, 0.0146026096239084, 0.016627808096549106, 0.019288816219412905, 0.022115031993867204, 0.024956066779425322, 0.027947127033299147, 0.030317719296220055, 0.03213024736687776, 0.033908117916643665, 0.035613155393420214, 0.03695858371541455, 0.0370883147011733, 0.035844860180821725, 0.03331269225961453, 0.030127822662769057, 0.026675716455458534, 0.02305094507263966, 0.019294584365168215, 0.016588874620184203, 0.013459760460278334, 0.010513659470637583, 0.008184205378854309, 0.005908681970234855, 0.003908372487361734, 0.002250880846271649, 0.001837561814419065, 0.003902446460586522, 0.00649131804032715, 0.008842266053540701, 0.011337576744963709, 0.013847821453172829, 0.016241515374979285, 0.018506880743639053, 0.020753891025054552, 0.022854281545735794, 0.025177910908837288, 0.027764777035113285, 0.0302577363231247, 0.032552204835272186, 0.033962244268502154, 0.03530995724171245, 0.036795414568091225, 0.03840706162943578, 0.039993850675796264, 0.04133645030179679, 0.04211247094820217, 0.04239213751353172, 0.042192499106345205, 0.04200269786908514, 0.041897190162155235, 0.041830932940717325, 0.04166737666619139, 0.04206882264734189, 0.0426127097658282, 0.042895687146734904, 0.04300135533202284, 0.04249799814293581, 0.041897582995049115, 0.04072077112408416, 0.03927976254850985, 0.037331499513228325, 0.035889992777759706, 0.03456359233645024, 0.033243529781910974, 0.03199033675126687, 0.03059935779738079, 0.029272240636492235, 0.027900707354997015, 0.02654938414970694, 0.02543173352052397, 0.024311103096379235, 0.023065212419431085, 0.021685454855791198, 0.02041159885695607, 0.019056064221564174, 0.017656707279948437, 0.01626614648165674, 0.015012383850973622, 0.013603567963072178, 0.012189757837366814, 0.010674529938407772, 0.009407142987148039, 0.008344525906195775, 0.007439054007672372, 0.0072034584519923735, 0.007775010970036668, 0.009047582903156274, 0.010731538882415681, 0.01253460028234948, 0.014333543563369548, 0.016070624592636203, 0.017817726146123574, 0.019557256660804743, 0.02116824086555951, 0.022529303997840977, 0.023628588936546305, 0.02391411988476377, 0.02359656311707365, 0.022355277074164143, 0.020961866673625245, 0.018393580144489934, 0.015660552711922182, 0.013874328661167971, 0.01254026736778108, 0.011812131260623127, 0.010800298354986543, 0.00961805971638548, 0.008471507575266851, 0.007656757785702683, 0.006719580941926242, 0.0056999472982024405, 0.005125787188458596, 0.00504686530895439, 0.005697178935649704, 0.006245540782853768, 0.0070976650798796875, 0.007900543705723831, 0.008755370167568399, 0.009807746909975117, 0.011209592216881203, 0.01276960312030194, 0.014467251258771754, 0.015865855510978952, 0.01751794577394112, 0.01978728846519214, 0.022540086452385207, 0.024859037758439572, 0.02589623397823137, 0.02611181133516041, 0.026565850619759173, 0.0272557734372972, 0.02776644526036269, 0.02799937699621002, 0.02818388188652303, 0.02806005928616626, 0.028083982827741123, 0.02781538632605852, 0.027763976455106594, 0.028120518002563644, 0.028688559534023904, 0.029389365084960088, 0.030059907204608147, 0.03052096911154336, 0.031053468449087778, 0.03142000488428638, 0.03173833045042581, 0.031892653890475096, 0.03198060527161537, 0.031944507243272385, 0.03180892531117334, 0.03180195743523648, 0.03175983113429147, 0.03185651864929952, 0.032146459060636644, 0.032526908876218445, 0.033087790299913135, 0.03370146462957083, 0.0342847740780508, 0.0344768243549477, 0.03441738754137779, 0.034008301029805295]",0.015695148472402557,0.032587993479973376,0.01058386536864988,0.011589628097098459,0.0,0.0,0.007674303300469365,0.032587993479973376,0.01058386536864988,0.011589628097098459,4.368,1717635305.0710459,2024-06-06_10-55-05
0.5059,-0.018240000000000034,0.3819216256668189,0.47353638992505204,-0.029271261265270833,0.3930015059070856,0.5059,-0.018240000000000034,0.3747480407818454,0.47353638992505204,-0.029271261265270833,0.3930015059070856,0.015634975895130635,"[0.011315756658919754, 0.012192407496521018, 0.01288995615295488, 0.01359963525141729, 0.014321891165186378, 0.015181047888625853, 0.01592941522152252, 0.01673874496494045, 0.01751440457689525, 0.01835087734908702, 0.019202544572813795, 0.020070622325609303, 0.02095627718778323, 0.02186061264947246, 0.022737260153569413, 0.023681097053535004, 0.024646250751560458, 0.025633386418693636, 0.02659237614956749, 0.027623542314219474, 0.0286250346734827, 0.029647102596467904, 0.03056454213255984, 0.031680305841655834, 0.03263530150735364, 0.033606764937046466, 0.034593095597664145, 0.03536350794006898, 0.035930760474075646, 0.03631257033147624, 0.03661317474198803, 0.03688385713543919, 0.03738127616234113, 0.037934719347479336, 0.03858163380471939, 0.03921882339006296, 0.03999131852533767, 0.04074980907886149, 0.04127472956039594, 0.04151563832077664, 0.04151964454301027, 0.04123464219442919, 0.04096829512038153, 0.04056460486818273, 0.04028281736824196, 0.04000166841569801, 0.03919762289117317, 0.037812479337396496, 0.03622310391275238, 0.03453579653228067, 0.0330206041779641, 0.031565009966306234, 0.03054064037737075, 0.029904305612678588, 0.029394155816597912, 0.028896840658953926, 0.02825322628704274, 0.027685220830545497, 0.02666364029859006, 0.025486033827772144, 0.02414387260068274, 0.023028867611909868, 0.022681878550084772, 0.02299235797660897, 0.02387546679328945, 0.024738332374206702, 0.025547718436096926, 0.026640938816603423, 0.02759836215880636, 0.028240938725365098, 0.028199955208514017, 0.028168175430310402, 0.02767018559717724, 0.027414861073674215, 0.027239233260695786, 0.0274939869379551, 0.027874761581110984, 0.02868161073982207, 0.029514734605865275, 0.030345172291974937, 0.031248268714928727, 0.032298002681611045, 0.033509628354587276, 0.0348066615601669, 0.03569061118903811, 0.03631377821401384, 0.03654105211474412, 0.03646788532881584, 0.03572808397059345, 0.03427781350345514, 0.03309813106562172, 0.031639416134799855, 0.02970329439236902, 0.027599049067936567, 0.02603054913364457, 0.024090316372098155, 0.02220132238001286, 0.02051452966091278, 0.019044426362309692, 0.017805605247084858, 0.01643252777018217, 0.01523003850809785, 0.01424180324883461, 0.013706552220618947, 0.0130880570946912, 0.012988920737072255, 0.013178248200839212, 0.013386796436950147, 0.01359897371732897, 0.01439195864266014, 0.015495810506657983, 0.016686507754200334, 0.01807173050136072, 0.019341411872889052, 0.020370802976522343, 0.0213787239197115, 0.02262888584538598, 0.02401686851684336, 0.025523335513576738, 0.026670410326906566, 0.02758824337325398, 0.02810647098585074, 0.028219175888028712, 0.02804128716256827, 0.027840212128430745, 0.02799079668741686, 0.027988272685847155, 0.02831306909632167, 0.028434723397990712, 0.0285549391753426, 0.02832607944879636, 0.02800347501499142, 0.027460301198426997, 0.02681840364884072, 0.026203190519756815, 0.02552364346313934, 0.024940794741503684, 0.024553643852497812, 0.024009602077058226, 0.023587486328410737, 0.023053226444370627, 0.02237349941244249, 0.021247392964358097, 0.01948489409103017, 0.01759577829009665, 0.015969918059865678, 0.014849832783247986, 0.014164911869984548, 0.013546042864334782, 0.01328357500957488, 0.012905521640083246, 0.012806686101790404, 0.01256569256360443, 0.01270015008783326, 0.013333718053885597, 0.014364706842779438, 0.015230812921928084, 0.016214173123414017, 0.017422309714956504, 0.01848297873673576, 0.019690103784110968, 0.02062988015396428, 0.021304326954883004, 0.021542023987470748, 0.021445001132587415, 0.02128479356968176, 0.021154257299581803, 0.020548768777841446, 0.020419411659703072, 0.020346908766621045, 0.02018386842926173, 0.020060715556614095, 0.019970155121820186, 0.019905412966441507, 0.019860328269953802, 0.019689549628068632, 0.019110038324468673, 0.018401772510693467, 0.01773443768827515, 0.01691379473734185, 0.0163889904882787, 0.015891976533507178, 0.015695148472402557, 0.015634975895130635, 0.01548249397414641, 0.015250362203767827, 0.01446715870868431, 0.013690714184349355, 0.013111437378948002, 0.01280400987898366, 0.012789088065484542, 0.012885508256999974, 0.012645414791893052, 0.012533763320360268, 0.01300792748125149, 0.014045480441271196, 0.015593406388961941, 0.017496649938682926, 0.01947963017829757, 0.021814960986639112, 0.0244888991790445, 0.027455202671237973, 0.030462142682767764, 0.03347516022004274, 0.03632355277573078, 0.03911728575744543, 0.041489125175428104, 0.043617926344794986, 0.04507509866910146, 0.045973158335007626, 0.046666313335408376, 0.047747911364257295, 0.04910015737076979, 0.051170936172887156, 0.05323921785426519, 0.05484930583024696, 0.05598397968583077, 0.056516639752925084, 0.05678375349578094, 0.05655312215346535, 0.05709318659280136, 0.05753330561326649, 0.05822424761198231, 0.05856641837777238, 0.058663546697002605, 0.05829520111627496, 0.058019458378357286, 0.05786276302771312, 0.057678835712609886, 0.05721489013034267, 0.05620972754199197, 0.05488023496470325, 0.05291870088860013, 0.05085359195424363, 0.04836971777146554, 0.045888993393773454, 0.04332790860019442, 0.040721243397433354, 0.03815348906679705, 0.03609755066086763, 0.03431153121207709, 0.03269994312791247, 0.03113246913067769, 0.029533434333839276, 0.02779284963423818, 0.02581340528028532, 0.023636664296078556, 0.021032966406022018, 0.018298152858289164, 0.015471223173718233, 0.012975006021594128, 0.011476514573927241, 0.011190786613452559, 0.012013514795745658, 0.013192708648177051, 0.0146026096239084, 0.016627808096549106, 0.019288816219412905, 0.022115031993867204, 0.024956066779425322, 0.027947127033299147, 0.030317719296220055, 0.03213024736687776, 0.033908117916643665, 0.035613155393420214, 0.03695858371541455, 0.0370883147011733, 0.035844860180821725, 0.03331269225961453, 0.030127822662769057, 0.026675716455458534, 0.02305094507263966, 0.019294584365168215, 0.016588874620184203, 0.013459760460278334, 0.010513659470637583, 0.008184205378854309, 0.005908681970234855, 0.003908372487361734, 0.002250880846271649, 0.001837561814419065, 0.003902446460586522, 0.00649131804032715, 0.008842266053540701, 0.011337576744963709, 0.013847821453172829, 0.016241515374979285, 0.018506880743639053, 0.020753891025054552, 0.022854281545735794, 0.025177910908837288, 0.027764777035113285, 0.0302577363231247, 0.032552204835272186, 0.033962244268502154, 0.03530995724171245, 0.036795414568091225, 0.03840706162943578, 0.039993850675796264, 0.04133645030179679, 0.04211247094820217, 0.04239213751353172, 0.042192499106345205, 0.04200269786908514, 0.041897190162155235, 0.041830932940717325, 0.04166737666619139, 0.04206882264734189, 0.0426127097658282, 0.042895687146734904, 0.04300135533202284, 0.04249799814293581, 0.041897582995049115, 0.04072077112408416, 0.03927976254850985, 0.037331499513228325, 0.035889992777759706, 0.03456359233645024, 0.033243529781910974, 0.03199033675126687, 0.03059935779738079, 0.029272240636492235, 0.027900707354997015, 0.02654938414970694, 0.02543173352052397, 0.024311103096379235, 0.023065212419431085, 0.021685454855791198, 0.02041159885695607, 0.019056064221564174, 0.017656707279948437, 0.01626614648165674, 0.015012383850973622, 0.013603567963072178, 0.012189757837366814, 0.010674529938407772, 0.009407142987148039, 0.008344525906195775, 0.007439054007672372, 0.0072034584519923735, 0.007775010970036668, 0.009047582903156274, 0.010731538882415681, 0.01253460028234948, 0.014333543563369548, 0.016070624592636203, 0.017817726146123574, 0.019557256660804743, 0.02116824086555951, 0.022529303997840977, 0.023628588936546305, 0.02391411988476377, 0.02359656311707365, 0.022355277074164143, 0.020961866673625245, 0.018393580144489934, 0.015660552711922182, 0.013874328661167971, 0.01254026736778108, 0.011812131260623127, 0.010800298354986543, 0.00961805971638548, 0.008471507575266851, 0.007656757785702683, 0.006719580941926242, 0.0056999472982024405, 0.005125787188458596, 0.00504686530895439, 0.005697178935649704, 0.006245540782853768, 0.0070976650798796875, 0.007900543705723831, 0.008755370167568399, 0.009807746909975117, 0.011209592216881203, 0.01276960312030194, 0.014467251258771754, 0.015865855510978952, 0.01751794577394112, 0.01978728846519214, 0.022540086452385207, 0.024859037758439572, 0.02589623397823137, 0.02611181133516041, 0.026565850619759173, 0.0272557734372972, 0.02776644526036269, 0.02799937699621002, 0.02818388188652303, 0.02806005928616626, 0.028083982827741123, 0.02781538632605852, 0.027763976455106594, 0.028120518002563644, 0.028688559534023904, 0.029389365084960088, 0.030059907204608147, 0.03052096911154336, 0.031053468449087778, 0.03142000488428638, 0.03173833045042581, 0.031892653890475096, 0.03198060527161537, 0.031944507243272385, 0.03180892531117334, 0.03180195743523648, 0.03175983113429147, 0.03185651864929952, 0.032146459060636644, 0.032526908876218445, 0.033087790299913135, 0.03370146462957083, 0.0342847740780508, 0.0344768243549477, 0.03441738754137779, 0.034008301029805295]",0.015634975895130635,0.03236361007494798,0.011031261265270799,0.011079880240266682,0.0,0.0,0.007173584884973494,0.03236361007494798,0.011031261265270799,0.011079880240266682,4.3919999999999995,1717635305.0951579,2024-06-06_10-55-05
0.5059,-0.017520000000000008,0.3820033955143613,0.4736995398984314,-0.0290929036220976,0.3922881182336727,0.5059,-0.017520000000000008,0.3755897401162017,0.4736995398984314,-0.0290929036220976,0.3922881182336727,0.01548249397414641,"[0.011315756658919754, 0.012192407496521018, 0.01288995615295488, 0.01359963525141729, 0.014321891165186378, 0.015181047888625853, 0.01592941522152252, 0.01673874496494045, 0.01751440457689525, 0.01835087734908702, 0.019202544572813795, 0.020070622325609303, 0.02095627718778323, 0.02186061264947246, 0.022737260153569413, 0.023681097053535004, 0.024646250751560458, 0.025633386418693636, 0.02659237614956749, 0.027623542314219474, 0.0286250346734827, 0.029647102596467904, 0.03056454213255984, 0.031680305841655834, 0.03263530150735364, 0.033606764937046466, 0.034593095597664145, 0.03536350794006898, 0.035930760474075646, 0.03631257033147624, 0.03661317474198803, 0.03688385713543919, 0.03738127616234113, 0.037934719347479336, 0.03858163380471939, 0.03921882339006296, 0.03999131852533767, 0.04074980907886149, 0.04127472956039594, 0.04151563832077664, 0.04151964454301027, 0.04123464219442919, 0.04096829512038153, 0.04056460486818273, 0.04028281736824196, 0.04000166841569801, 0.03919762289117317, 0.037812479337396496, 0.03622310391275238, 0.03453579653228067, 0.0330206041779641, 0.031565009966306234, 0.03054064037737075, 0.029904305612678588, 0.029394155816597912, 0.028896840658953926, 0.02825322628704274, 0.027685220830545497, 0.02666364029859006, 0.025486033827772144, 0.02414387260068274, 0.023028867611909868, 0.022681878550084772, 0.02299235797660897, 0.02387546679328945, 0.024738332374206702, 0.025547718436096926, 0.026640938816603423, 0.02759836215880636, 0.028240938725365098, 0.028199955208514017, 0.028168175430310402, 0.02767018559717724, 0.027414861073674215, 0.027239233260695786, 0.0274939869379551, 0.027874761581110984, 0.02868161073982207, 0.029514734605865275, 0.030345172291974937, 0.031248268714928727, 0.032298002681611045, 0.033509628354587276, 0.0348066615601669, 0.03569061118903811, 0.03631377821401384, 0.03654105211474412, 0.03646788532881584, 0.03572808397059345, 0.03427781350345514, 0.03309813106562172, 0.031639416134799855, 0.02970329439236902, 0.027599049067936567, 0.02603054913364457, 0.024090316372098155, 0.02220132238001286, 0.02051452966091278, 0.019044426362309692, 0.017805605247084858, 0.01643252777018217, 0.01523003850809785, 0.01424180324883461, 0.013706552220618947, 0.0130880570946912, 0.012988920737072255, 0.013178248200839212, 0.013386796436950147, 0.01359897371732897, 0.01439195864266014, 0.015495810506657983, 0.016686507754200334, 0.01807173050136072, 0.019341411872889052, 0.020370802976522343, 0.0213787239197115, 0.02262888584538598, 0.02401686851684336, 0.025523335513576738, 0.026670410326906566, 0.02758824337325398, 0.02810647098585074, 0.028219175888028712, 0.02804128716256827, 0.027840212128430745, 0.02799079668741686, 0.027988272685847155, 0.02831306909632167, 0.028434723397990712, 0.0285549391753426, 0.02832607944879636, 0.02800347501499142, 0.027460301198426997, 0.02681840364884072, 0.026203190519756815, 0.02552364346313934, 0.024940794741503684, 0.024553643852497812, 0.024009602077058226, 0.023587486328410737, 0.023053226444370627, 0.02237349941244249, 0.021247392964358097, 0.01948489409103017, 0.01759577829009665, 0.015969918059865678, 0.014849832783247986, 0.014164911869984548, 0.013546042864334782, 0.01328357500957488, 0.012905521640083246, 0.012806686101790404, 0.01256569256360443, 0.01270015008783326, 0.013333718053885597, 0.014364706842779438, 0.015230812921928084, 0.016214173123414017, 0.017422309714956504, 0.01848297873673576, 0.019690103784110968, 0.02062988015396428, 0.021304326954883004, 0.021542023987470748, 0.021445001132587415, 0.02128479356968176, 0.021154257299581803, 0.020548768777841446, 0.020419411659703072, 0.020346908766621045, 0.02018386842926173, 0.020060715556614095, 0.019970155121820186, 0.019905412966441507, 0.019860328269953802, 0.019689549628068632, 0.019110038324468673, 0.018401772510693467, 0.01773443768827515, 0.01691379473734185, 0.0163889904882787, 0.015891976533507178, 0.015695148472402557, 0.015634975895130635, 0.01548249397414641, 0.015250362203767827, 0.01446715870868431, 0.013690714184349355, 0.013111437378948002, 0.01280400987898366, 0.012789088065484542, 0.012885508256999974, 0.012645414791893052, 0.012533763320360268, 0.01300792748125149, 0.014045480441271196, 0.015593406388961941, 0.017496649938682926, 0.01947963017829757, 0.021814960986639112, 0.0244888991790445, 0.027455202671237973, 0.030462142682767764, 0.03347516022004274, 0.03632355277573078, 0.03911728575744543, 0.041489125175428104, 0.043617926344794986, 0.04507509866910146, 0.045973158335007626, 0.046666313335408376, 0.047747911364257295, 0.04910015737076979, 0.051170936172887156, 0.05323921785426519, 0.05484930583024696, 0.05598397968583077, 0.056516639752925084, 0.05678375349578094, 0.05655312215346535, 0.05709318659280136, 0.05753330561326649, 0.05822424761198231, 0.05856641837777238, 0.058663546697002605, 0.05829520111627496, 0.058019458378357286, 0.05786276302771312, 0.057678835712609886, 0.05721489013034267, 0.05620972754199197, 0.05488023496470325, 0.05291870088860013, 0.05085359195424363, 0.04836971777146554, 0.045888993393773454, 0.04332790860019442, 0.040721243397433354, 0.03815348906679705, 0.03609755066086763, 0.03431153121207709, 0.03269994312791247, 0.03113246913067769, 0.029533434333839276, 0.02779284963423818, 0.02581340528028532, 0.023636664296078556, 0.021032966406022018, 0.018298152858289164, 0.015471223173718233, 0.012975006021594128, 0.011476514573927241, 0.011190786613452559, 0.012013514795745658, 0.013192708648177051, 0.0146026096239084, 0.016627808096549106, 0.019288816219412905, 0.022115031993867204, 0.024956066779425322, 0.027947127033299147, 0.030317719296220055, 0.03213024736687776, 0.033908117916643665, 0.035613155393420214, 0.03695858371541455, 0.0370883147011733, 0.035844860180821725, 0.03331269225961453, 0.030127822662769057, 0.026675716455458534, 0.02305094507263966, 0.019294584365168215, 0.016588874620184203, 0.013459760460278334, 0.010513659470637583, 0.008184205378854309, 0.005908681970234855, 0.003908372487361734, 0.002250880846271649, 0.001837561814419065, 0.003902446460586522, 0.00649131804032715, 0.008842266053540701, 0.011337576744963709, 0.013847821453172829, 0.016241515374979285, 0.018506880743639053, 0.020753891025054552, 0.022854281545735794, 0.025177910908837288, 0.027764777035113285, 0.0302577363231247, 0.032552204835272186, 0.033962244268502154, 0.03530995724171245, 0.036795414568091225, 0.03840706162943578, 0.039993850675796264, 0.04133645030179679, 0.04211247094820217, 0.04239213751353172, 0.042192499106345205, 0.04200269786908514, 0.041897190162155235, 0.041830932940717325, 0.04166737666619139, 0.04206882264734189, 0.0426127097658282, 0.042895687146734904, 0.04300135533202284, 0.04249799814293581, 0.041897582995049115, 0.04072077112408416, 0.03927976254850985, 0.037331499513228325, 0.035889992777759706, 0.03456359233645024, 0.033243529781910974, 0.03199033675126687, 0.03059935779738079, 0.029272240636492235, 0.027900707354997015, 0.02654938414970694, 0.02543173352052397, 0.024311103096379235, 0.023065212419431085, 0.021685454855791198, 0.02041159885695607, 0.019056064221564174, 0.017656707279948437, 0.01626614648165674, 0.015012383850973622, 0.013603567963072178, 0.012189757837366814, 0.010674529938407772, 0.009407142987148039, 0.008344525906195775, 0.007439054007672372, 0.0072034584519923735, 0.007775010970036668, 0.009047582903156274, 0.010731538882415681, 0.01253460028234948, 0.014333543563369548, 0.016070624592636203, 0.017817726146123574, 0.019557256660804743, 0.02116824086555951, 0.022529303997840977, 0.023628588936546305, 0.02391411988476377, 0.02359656311707365, 0.022355277074164143, 0.020961866673625245, 0.018393580144489934, 0.015660552711922182, 0.013874328661167971, 0.01254026736778108, 0.011812131260623127, 0.010800298354986543, 0.00961805971638548, 0.008471507575266851, 0.007656757785702683, 0.006719580941926242, 0.0056999472982024405, 0.005125787188458596, 0.00504686530895439, 0.005697178935649704, 0.006245540782853768, 0.0070976650798796875, 0.007900543705723831, 0.008755370167568399, 0.009807746909975117, 0.011209592216881203, 0.01276960312030194, 0.014467251258771754, 0.015865855510978952, 0.01751794577394112, 0.01978728846519214, 0.022540086452385207, 0.024859037758439572, 0.02589623397823137, 0.02611181133516041, 0.026565850619759173, 0.0272557734372972, 0.02776644526036269, 0.02799937699621002, 0.02818388188652303, 0.02806005928616626, 0.028083982827741123, 0.02781538632605852, 0.027763976455106594, 0.028120518002563644, 0.028688559534023904, 0.029389365084960088, 0.030059907204608147, 0.03052096911154336, 0.031053468449087778, 0.03142000488428638, 0.03173833045042581, 0.031892653890475096, 0.03198060527161537, 0.031944507243272385, 0.03180892531117334, 0.03180195743523648, 0.03175983113429147, 0.03185651864929952, 0.032146459060636644, 0.032526908876218445, 0.033087790299913135, 0.03370146462957083, 0.0342847740780508, 0.0344768243549477, 0.03441738754137779, 0.034008301029805295]",0.01548249397414641,0.03220046010156863,0.011572903622097591,0.010284722719311412,0.0,0.0,0.006413655398159579,0.03220046010156863,0.011572903622097591,0.010284722719311412,4.416,1717635305.119522,2024-06-06_10-55-05
0.5059,-0.01680000000000001,0.38227941686988,0.473921783486181,-0.028819480722095624,0.3916658768265027,0.5059,-0.01680000000000001,0.3767552964941933,0.473921783486181,-0.028819480722095624,0.3916658768265027,0.015250362203767827,"[0.011315756658919754, 0.012192407496521018, 0.01288995615295488, 0.01359963525141729, 0.014321891165186378, 0.015181047888625853, 0.01592941522152252, 0.01673874496494045, 0.01751440457689525, 0.01835087734908702, 0.019202544572813795, 0.020070622325609303, 0.02095627718778323, 0.02186061264947246, 0.022737260153569413, 0.023681097053535004, 0.024646250751560458, 0.025633386418693636, 0.02659237614956749, 0.027623542314219474, 0.0286250346734827, 0.029647102596467904, 0.03056454213255984, 0.031680305841655834, 0.03263530150735364, 0.033606764937046466, 0.034593095597664145, 0.03536350794006898, 0.035930760474075646, 0.03631257033147624, 0.03661317474198803, 0.03688385713543919, 0.03738127616234113, 0.037934719347479336, 0.03858163380471939, 0.03921882339006296, 0.03999131852533767, 0.04074980907886149, 0.04127472956039594, 0.04151563832077664, 0.04151964454301027, 0.04123464219442919, 0.04096829512038153, 0.04056460486818273, 0.04028281736824196, 0.04000166841569801, 0.03919762289117317, 0.037812479337396496, 0.03622310391275238, 0.03453579653228067, 0.0330206041779641, 0.031565009966306234, 0.03054064037737075, 0.029904305612678588, 0.029394155816597912, 0.028896840658953926, 0.02825322628704274, 0.027685220830545497, 0.02666364029859006, 0.025486033827772144, 0.02414387260068274, 0.023028867611909868, 0.022681878550084772, 0.02299235797660897, 0.02387546679328945, 0.024738332374206702, 0.025547718436096926, 0.026640938816603423, 0.02759836215880636, 0.028240938725365098, 0.028199955208514017, 0.028168175430310402, 0.02767018559717724, 0.027414861073674215, 0.027239233260695786, 0.0274939869379551, 0.027874761581110984, 0.02868161073982207, 0.029514734605865275, 0.030345172291974937, 0.031248268714928727, 0.032298002681611045, 0.033509628354587276, 0.0348066615601669, 0.03569061118903811, 0.03631377821401384, 0.03654105211474412, 0.03646788532881584, 0.03572808397059345, 0.03427781350345514, 0.03309813106562172, 0.031639416134799855, 0.02970329439236902, 0.027599049067936567, 0.02603054913364457, 0.024090316372098155, 0.02220132238001286, 0.02051452966091278, 0.019044426362309692, 0.017805605247084858, 0.01643252777018217, 0.01523003850809785, 0.01424180324883461, 0.013706552220618947, 0.0130880570946912, 0.012988920737072255, 0.013178248200839212, 0.013386796436950147, 0.01359897371732897, 0.01439195864266014, 0.015495810506657983, 0.016686507754200334, 0.01807173050136072, 0.019341411872889052, 0.020370802976522343, 0.0213787239197115, 0.02262888584538598, 0.02401686851684336, 0.025523335513576738, 0.026670410326906566, 0.02758824337325398, 0.02810647098585074, 0.028219175888028712, 0.02804128716256827, 0.027840212128430745, 0.02799079668741686, 0.027988272685847155, 0.02831306909632167, 0.028434723397990712, 0.0285549391753426, 0.02832607944879636, 0.02800347501499142, 0.027460301198426997, 0.02681840364884072, 0.026203190519756815, 0.02552364346313934, 0.024940794741503684, 0.024553643852497812, 0.024009602077058226, 0.023587486328410737, 0.023053226444370627, 0.02237349941244249, 0.021247392964358097, 0.01948489409103017, 0.01759577829009665, 0.015969918059865678, 0.014849832783247986, 0.014164911869984548, 0.013546042864334782, 0.01328357500957488, 0.012905521640083246, 0.012806686101790404, 0.01256569256360443, 0.01270015008783326, 0.013333718053885597, 0.014364706842779438, 0.015230812921928084, 0.016214173123414017, 0.017422309714956504, 0.01848297873673576, 0.019690103784110968, 0.02062988015396428, 0.021304326954883004, 0.021542023987470748, 0.021445001132587415, 0.02128479356968176, 0.021154257299581803, 0.020548768777841446, 0.020419411659703072, 0.020346908766621045, 0.02018386842926173, 0.020060715556614095, 0.019970155121820186, 0.019905412966441507, 0.019860328269953802, 0.019689549628068632, 0.019110038324468673, 0.018401772510693467, 0.01773443768827515, 0.01691379473734185, 0.0163889904882787, 0.015891976533507178, 0.015695148472402557, 0.015634975895130635, 0.01548249397414641, 0.015250362203767827, 0.01446715870868431, 0.013690714184349355, 0.013111437378948002, 0.01280400987898366, 0.012789088065484542, 0.012885508256999974, 0.012645414791893052, 0.012533763320360268, 0.01300792748125149, 0.014045480441271196, 0.015593406388961941, 0.017496649938682926, 0.01947963017829757, 0.021814960986639112, 0.0244888991790445, 0.027455202671237973, 0.030462142682767764, 0.03347516022004274, 0.03632355277573078, 0.03911728575744543, 0.041489125175428104, 0.043617926344794986, 0.04507509866910146, 0.045973158335007626, 0.046666313335408376, 0.047747911364257295, 0.04910015737076979, 0.051170936172887156, 0.05323921785426519, 0.05484930583024696, 0.05598397968583077, 0.056516639752925084, 0.05678375349578094, 0.05655312215346535, 0.05709318659280136, 0.05753330561326649, 0.05822424761198231, 0.05856641837777238, 0.058663546697002605, 0.05829520111627496, 0.058019458378357286, 0.05786276302771312, 0.057678835712609886, 0.05721489013034267, 0.05620972754199197, 0.05488023496470325, 0.05291870088860013, 0.05085359195424363, 0.04836971777146554, 0.045888993393773454, 0.04332790860019442, 0.040721243397433354, 0.03815348906679705, 0.03609755066086763, 0.03431153121207709, 0.03269994312791247, 0.03113246913067769, 0.029533434333839276, 0.02779284963423818, 0.02581340528028532, 0.023636664296078556, 0.021032966406022018, 0.018298152858289164, 0.015471223173718233, 0.012975006021594128, 0.011476514573927241, 0.011190786613452559, 0.012013514795745658, 0.013192708648177051, 0.0146026096239084, 0.016627808096549106, 0.019288816219412905, 0.022115031993867204, 0.024956066779425322, 0.027947127033299147, 0.030317719296220055, 0.03213024736687776, 0.033908117916643665, 0.035613155393420214, 0.03695858371541455, 0.0370883147011733, 0.035844860180821725, 0.03331269225961453, 0.030127822662769057, 0.026675716455458534, 0.02305094507263966, 0.019294584365168215, 0.016588874620184203, 0.013459760460278334, 0.010513659470637583, 0.008184205378854309, 0.005908681970234855, 0.003908372487361734, 0.002250880846271649, 0.001837561814419065, 0.003902446460586522, 0.00649131804032715, 0.008842266053540701, 0.011337576744963709, 0.013847821453172829, 0.016241515374979285, 0.018506880743639053, 0.020753891025054552, 0.022854281545735794, 0.025177910908837288, 0.027764777035113285, 0.0302577363231247, 0.032552204835272186, 0.033962244268502154, 0.03530995724171245, 0.036795414568091225, 0.03840706162943578, 0.039993850675796264, 0.04133645030179679, 0.04211247094820217, 0.04239213751353172, 0.042192499106345205, 0.04200269786908514, 0.041897190162155235, 0.041830932940717325, 0.04166737666619139, 0.04206882264734189, 0.0426127097658282, 0.042895687146734904, 0.04300135533202284, 0.04249799814293581, 0.041897582995049115, 0.04072077112408416, 0.03927976254850985, 0.037331499513228325, 0.035889992777759706, 0.03456359233645024, 0.033243529781910974, 0.03199033675126687, 0.03059935779738079, 0.029272240636492235, 0.027900707354997015, 0.02654938414970694, 0.02543173352052397, 0.024311103096379235, 0.023065212419431085, 0.021685454855791198, 0.02041159885695607, 0.019056064221564174, 0.017656707279948437, 0.01626614648165674, 0.015012383850973622, 0.013603567963072178, 0.012189757837366814, 0.010674529938407772, 0.009407142987148039, 0.008344525906195775, 0.007439054007672372, 0.0072034584519923735, 0.007775010970036668, 0.009047582903156274, 0.010731538882415681, 0.01253460028234948, 0.014333543563369548, 0.016070624592636203, 0.017817726146123574, 0.019557256660804743, 0.02116824086555951, 0.022529303997840977, 0.023628588936546305, 0.02391411988476377, 0.02359656311707365, 0.022355277074164143, 0.020961866673625245, 0.018393580144489934, 0.015660552711922182, 0.013874328661167971, 0.01254026736778108, 0.011812131260623127, 0.010800298354986543, 0.00961805971638548, 0.008471507575266851, 0.007656757785702683, 0.006719580941926242, 0.0056999472982024405, 0.005125787188458596, 0.00504686530895439, 0.005697178935649704, 0.006245540782853768, 0.0070976650798796875, 0.007900543705723831, 0.008755370167568399, 0.009807746909975117, 0.011209592216881203, 0.01276960312030194, 0.014467251258771754, 0.015865855510978952, 0.01751794577394112, 0.01978728846519214, 0.022540086452385207, 0.024859037758439572, 0.02589623397823137, 0.02611181133516041, 0.026565850619759173, 0.0272557734372972, 0.02776644526036269, 0.02799937699621002, 0.02818388188652303, 0.02806005928616626, 0.028083982827741123, 0.02781538632605852, 0.027763976455106594, 0.028120518002563644, 0.028688559534023904, 0.029389365084960088, 0.030059907204608147, 0.03052096911154336, 0.031053468449087778, 0.03142000488428638, 0.03173833045042581, 0.031892653890475096, 0.03198060527161537, 0.031944507243272385, 0.03180892531117334, 0.03180195743523648, 0.03175983113429147, 0.03185651864929952, 0.032146459060636644, 0.032526908876218445, 0.033087790299913135, 0.03370146462957083, 0.0342847740780508, 0.0344768243549477, 0.03441738754137779, 0.034008301029805295]",0.015250362203767827,0.03197821651381899,0.012019480722095615,0.009386459956622739,0.0,0.0,0.00552412037568667,0.03197821651381899,0.012019480722095615,0.009386459956622739,4.44,1717635305.1429658,2024-06-06_10-55-05
0.5059,-0.016079999999999983,0.38275061542844985,0.4742420991497481,-0.028460957836609728,0.39023463601569786,0.5059,-0.016079999999999983,0.3781160300752361,0.4742420991497481,-0.028460957836609728,0.39023463601569786,0.01446715870868431,"[0.011315756658919754, 0.012192407496521018, 0.01288995615295488, 0.01359963525141729, 0.014321891165186378, 0.015181047888625853, 0.01592941522152252, 0.01673874496494045, 0.01751440457689525, 0.01835087734908702, 0.019202544572813795, 0.020070622325609303, 0.02095627718778323, 0.02186061264947246, 0.022737260153569413, 0.023681097053535004, 0.024646250751560458, 0.025633386418693636, 0.02659237614956749, 0.027623542314219474, 0.0286250346734827, 0.029647102596467904, 0.03056454213255984, 0.031680305841655834, 0.03263530150735364, 0.033606764937046466, 0.034593095597664145, 0.03536350794006898, 0.035930760474075646, 0.03631257033147624, 0.03661317474198803, 0.03688385713543919, 0.03738127616234113, 0.037934719347479336, 0.03858163380471939, 0.03921882339006296, 0.03999131852533767, 0.04074980907886149, 0.04127472956039594, 0.04151563832077664, 0.04151964454301027, 0.04123464219442919, 0.04096829512038153, 0.04056460486818273, 0.04028281736824196, 0.04000166841569801, 0.03919762289117317, 0.037812479337396496, 0.03622310391275238, 0.03453579653228067, 0.0330206041779641, 0.031565009966306234, 0.03054064037737075, 0.029904305612678588, 0.029394155816597912, 0.028896840658953926, 0.02825322628704274, 0.027685220830545497, 0.02666364029859006, 0.025486033827772144, 0.02414387260068274, 0.023028867611909868, 0.022681878550084772, 0.02299235797660897, 0.02387546679328945, 0.024738332374206702, 0.025547718436096926, 0.026640938816603423, 0.02759836215880636, 0.028240938725365098, 0.028199955208514017, 0.028168175430310402, 0.02767018559717724, 0.027414861073674215, 0.027239233260695786, 0.0274939869379551, 0.027874761581110984, 0.02868161073982207, 0.029514734605865275, 0.030345172291974937, 0.031248268714928727, 0.032298002681611045, 0.033509628354587276, 0.0348066615601669, 0.03569061118903811, 0.03631377821401384, 0.03654105211474412, 0.03646788532881584, 0.03572808397059345, 0.03427781350345514, 0.03309813106562172, 0.031639416134799855, 0.02970329439236902, 0.027599049067936567, 0.02603054913364457, 0.024090316372098155, 0.02220132238001286, 0.02051452966091278, 0.019044426362309692, 0.017805605247084858, 0.01643252777018217, 0.01523003850809785, 0.01424180324883461, 0.013706552220618947, 0.0130880570946912, 0.012988920737072255, 0.013178248200839212, 0.013386796436950147, 0.01359897371732897, 0.01439195864266014, 0.015495810506657983, 0.016686507754200334, 0.01807173050136072, 0.019341411872889052, 0.020370802976522343, 0.0213787239197115, 0.02262888584538598, 0.02401686851684336, 0.025523335513576738, 0.026670410326906566, 0.02758824337325398, 0.02810647098585074, 0.028219175888028712, 0.02804128716256827, 0.027840212128430745, 0.02799079668741686, 0.027988272685847155, 0.02831306909632167, 0.028434723397990712, 0.0285549391753426, 0.02832607944879636, 0.02800347501499142, 0.027460301198426997, 0.02681840364884072, 0.026203190519756815, 0.02552364346313934, 0.024940794741503684, 0.024553643852497812, 0.024009602077058226, 0.023587486328410737, 0.023053226444370627, 0.02237349941244249, 0.021247392964358097, 0.01948489409103017, 0.01759577829009665, 0.015969918059865678, 0.014849832783247986, 0.014164911869984548, 0.013546042864334782, 0.01328357500957488, 0.012905521640083246, 0.012806686101790404, 0.01256569256360443, 0.01270015008783326, 0.013333718053885597, 0.014364706842779438, 0.015230812921928084, 0.016214173123414017, 0.017422309714956504, 0.01848297873673576, 0.019690103784110968, 0.02062988015396428, 0.021304326954883004, 0.021542023987470748, 0.021445001132587415, 0.02128479356968176, 0.021154257299581803, 0.020548768777841446, 0.020419411659703072, 0.020346908766621045, 0.02018386842926173, 0.020060715556614095, 0.019970155121820186, 0.019905412966441507, 0.019860328269953802, 0.019689549628068632, 0.019110038324468673, 0.018401772510693467, 0.01773443768827515, 0.01691379473734185, 0.0163889904882787, 0.015891976533507178, 0.015695148472402557, 0.015634975895130635, 0.01548249397414641, 0.015250362203767827, 0.01446715870868431, 0.013690714184349355, 0.013111437378948002, 0.01280400987898366, 0.012789088065484542, 0.012885508256999974, 0.012645414791893052, 0.012533763320360268, 0.01300792748125149, 0.014045480441271196, 0.015593406388961941, 0.017496649938682926, 0.01947963017829757, 0.021814960986639112, 0.0244888991790445, 0.027455202671237973, 0.030462142682767764, 0.03347516022004274, 0.03632355277573078, 0.03911728575744543, 0.041489125175428104, 0.043617926344794986, 0.04507509866910146, 0.045973158335007626, 0.046666313335408376, 0.047747911364257295, 0.04910015737076979, 0.051170936172887156, 0.05323921785426519, 0.05484930583024696, 0.05598397968583077, 0.056516639752925084, 0.05678375349578094, 0.05655312215346535, 0.05709318659280136, 0.05753330561326649, 0.05822424761198231, 0.05856641837777238, 0.058663546697002605, 0.05829520111627496, 0.058019458378357286, 0.05786276302771312, 0.057678835712609886, 0.05721489013034267, 0.05620972754199197, 0.05488023496470325, 0.05291870088860013, 0.05085359195424363, 0.04836971777146554, 0.045888993393773454, 0.04332790860019442, 0.040721243397433354, 0.03815348906679705, 0.03609755066086763, 0.03431153121207709, 0.03269994312791247, 0.03113246913067769, 0.029533434333839276, 0.02779284963423818, 0.02581340528028532, 0.023636664296078556, 0.021032966406022018, 0.018298152858289164, 0.015471223173718233, 0.012975006021594128, 0.011476514573927241, 0.011190786613452559, 0.012013514795745658, 0.013192708648177051, 0.0146026096239084, 0.016627808096549106, 0.019288816219412905, 0.022115031993867204, 0.024956066779425322, 0.027947127033299147, 0.030317719296220055, 0.03213024736687776, 0.033908117916643665, 0.035613155393420214, 0.03695858371541455, 0.0370883147011733, 0.035844860180821725, 0.03331269225961453, 0.030127822662769057, 0.026675716455458534, 0.02305094507263966, 0.019294584365168215, 0.016588874620184203, 0.013459760460278334, 0.010513659470637583, 0.008184205378854309, 0.005908681970234855, 0.003908372487361734, 0.002250880846271649, 0.001837561814419065, 0.003902446460586522, 0.00649131804032715, 0.008842266053540701, 0.011337576744963709, 0.013847821453172829, 0.016241515374979285, 0.018506880743639053, 0.020753891025054552, 0.022854281545735794, 0.025177910908837288, 0.027764777035113285, 0.0302577363231247, 0.032552204835272186, 0.033962244268502154, 0.03530995724171245, 0.036795414568091225, 0.03840706162943578, 0.039993850675796264, 0.04133645030179679, 0.04211247094820217, 0.04239213751353172, 0.042192499106345205, 0.04200269786908514, 0.041897190162155235, 0.041830932940717325, 0.04166737666619139, 0.04206882264734189, 0.0426127097658282, 0.042895687146734904, 0.04300135533202284, 0.04249799814293581, 0.041897582995049115, 0.04072077112408416, 0.03927976254850985, 0.037331499513228325, 0.035889992777759706, 0.03456359233645024, 0.033243529781910974, 0.03199033675126687, 0.03059935779738079, 0.029272240636492235, 0.027900707354997015, 0.02654938414970694, 0.02543173352052397, 0.024311103096379235, 0.023065212419431085, 0.021685454855791198, 0.02041159885695607, 0.019056064221564174, 0.017656707279948437, 0.01626614648165674, 0.015012383850973622, 0.013603567963072178, 0.012189757837366814, 0.010674529938407772, 0.009407142987148039, 0.008344525906195775, 0.007439054007672372, 0.0072034584519923735, 0.007775010970036668, 0.009047582903156274, 0.010731538882415681, 0.01253460028234948, 0.014333543563369548, 0.016070624592636203, 0.017817726146123574, 0.019557256660804743, 0.02116824086555951, 0.022529303997840977, 0.023628588936546305, 0.02391411988476377, 0.02359656311707365, 0.022355277074164143, 0.020961866673625245, 0.018393580144489934, 0.015660552711922182, 0.013874328661167971, 0.01254026736778108, 0.011812131260623127, 0.010800298354986543, 0.00961805971638548, 0.008471507575266851, 0.007656757785702683, 0.006719580941926242, 0.0056999472982024405, 0.005125787188458596, 0.00504686530895439, 0.005697178935649704, 0.006245540782853768, 0.0070976650798796875, 0.007900543705723831, 0.008755370167568399, 0.009807746909975117, 0.011209592216881203, 0.01276960312030194, 0.014467251258771754, 0.015865855510978952, 0.01751794577394112, 0.01978728846519214, 0.022540086452385207, 0.024859037758439572, 0.02589623397823137, 0.02611181133516041, 0.026565850619759173, 0.0272557734372972, 0.02776644526036269, 0.02799937699621002, 0.02818388188652303, 0.02806005928616626, 0.028083982827741123, 0.02781538632605852, 0.027763976455106594, 0.028120518002563644, 0.028688559534023904, 0.029389365084960088, 0.030059907204608147, 0.03052096911154336, 0.031053468449087778, 0.03142000488428638, 0.03173833045042581, 0.031892653890475096, 0.03198060527161537, 0.031944507243272385, 0.03180892531117334, 0.03180195743523648, 0.03175983113429147, 0.03185651864929952, 0.032146459060636644, 0.032526908876218445, 0.033087790299913135, 0.03370146462957083, 0.0342847740780508, 0.0344768243549477, 0.03441738754137779, 0.034008301029805295]",0.01446715870868431,0.03165790085025194,0.012380957836609745,0.007484020587248008,0.0,0.0,0.00463458535321376,0.03165790085025194,0.012380957836609745,0.007484020587248008,4.464,1717635305.1669018,2024-06-06_10-55-05
0.5059,-0.015360000000000013,0.3834170108044034,0.47464947142685115,-0.027970104473009724,0.3887481382702707,0.5059,-0.015360000000000013,0.3796719604736626,0.47464947142685115,-0.027970104473009724,0.3887481382702707,0.013690714184349355,"[0.011315756658919754, 0.012192407496521018, 0.01288995615295488, 0.01359963525141729, 0.014321891165186378, 0.015181047888625853, 0.01592941522152252, 0.01673874496494045, 0.01751440457689525, 0.01835087734908702, 0.019202544572813795, 0.020070622325609303, 0.02095627718778323, 0.02186061264947246, 0.022737260153569413, 0.023681097053535004, 0.024646250751560458, 0.025633386418693636, 0.02659237614956749, 0.027623542314219474, 0.0286250346734827, 0.029647102596467904, 0.03056454213255984, 0.031680305841655834, 0.03263530150735364, 0.033606764937046466, 0.034593095597664145, 0.03536350794006898, 0.035930760474075646, 0.03631257033147624, 0.03661317474198803, 0.03688385713543919, 0.03738127616234113, 0.037934719347479336, 0.03858163380471939, 0.03921882339006296, 0.03999131852533767, 0.04074980907886149, 0.04127472956039594, 0.04151563832077664, 0.04151964454301027, 0.04123464219442919, 0.04096829512038153, 0.04056460486818273, 0.04028281736824196, 0.04000166841569801, 0.03919762289117317, 0.037812479337396496, 0.03622310391275238, 0.03453579653228067, 0.0330206041779641, 0.031565009966306234, 0.03054064037737075, 0.029904305612678588, 0.029394155816597912, 0.028896840658953926, 0.02825322628704274, 0.027685220830545497, 0.02666364029859006, 0.025486033827772144, 0.02414387260068274, 0.023028867611909868, 0.022681878550084772, 0.02299235797660897, 0.02387546679328945, 0.024738332374206702, 0.025547718436096926, 0.026640938816603423, 0.02759836215880636, 0.028240938725365098, 0.028199955208514017, 0.028168175430310402, 0.02767018559717724, 0.027414861073674215, 0.027239233260695786, 0.0274939869379551, 0.027874761581110984, 0.02868161073982207, 0.029514734605865275, 0.030345172291974937, 0.031248268714928727, 0.032298002681611045, 0.033509628354587276, 0.0348066615601669, 0.03569061118903811, 0.03631377821401384, 0.03654105211474412, 0.03646788532881584, 0.03572808397059345, 0.03427781350345514, 0.03309813106562172, 0.031639416134799855, 0.02970329439236902, 0.027599049067936567, 0.02603054913364457, 0.024090316372098155, 0.02220132238001286, 0.02051452966091278, 0.019044426362309692, 0.017805605247084858, 0.01643252777018217, 0.01523003850809785, 0.01424180324883461, 0.013706552220618947, 0.0130880570946912, 0.012988920737072255, 0.013178248200839212, 0.013386796436950147, 0.01359897371732897, 0.01439195864266014, 0.015495810506657983, 0.016686507754200334, 0.01807173050136072, 0.019341411872889052, 0.020370802976522343, 0.0213787239197115, 0.02262888584538598, 0.02401686851684336, 0.025523335513576738, 0.026670410326906566, 0.02758824337325398, 0.02810647098585074, 0.028219175888028712, 0.02804128716256827, 0.027840212128430745, 0.02799079668741686, 0.027988272685847155, 0.02831306909632167, 0.028434723397990712, 0.0285549391753426, 0.02832607944879636, 0.02800347501499142, 0.027460301198426997, 0.02681840364884072, 0.026203190519756815, 0.02552364346313934, 0.024940794741503684, 0.024553643852497812, 0.024009602077058226, 0.023587486328410737, 0.023053226444370627, 0.02237349941244249, 0.021247392964358097, 0.01948489409103017, 0.01759577829009665, 0.015969918059865678, 0.014849832783247986, 0.014164911869984548, 0.013546042864334782, 0.01328357500957488, 0.012905521640083246, 0.012806686101790404, 0.01256569256360443, 0.01270015008783326, 0.013333718053885597, 0.014364706842779438, 0.015230812921928084, 0.016214173123414017, 0.017422309714956504, 0.01848297873673576, 0.019690103784110968, 0.02062988015396428, 0.021304326954883004, 0.021542023987470748, 0.021445001132587415, 0.02128479356968176, 0.021154257299581803, 0.020548768777841446, 0.020419411659703072, 0.020346908766621045, 0.02018386842926173, 0.020060715556614095, 0.019970155121820186, 0.019905412966441507, 0.019860328269953802, 0.019689549628068632, 0.019110038324468673, 0.018401772510693467, 0.01773443768827515, 0.01691379473734185, 0.0163889904882787, 0.015891976533507178, 0.015695148472402557, 0.015634975895130635, 0.01548249397414641, 0.015250362203767827, 0.01446715870868431, 0.013690714184349355, 0.013111437378948002, 0.01280400987898366, 0.012789088065484542, 0.012885508256999974, 0.012645414791893052, 0.012533763320360268, 0.01300792748125149, 0.014045480441271196, 0.015593406388961941, 0.017496649938682926, 0.01947963017829757, 0.021814960986639112, 0.0244888991790445, 0.027455202671237973, 0.030462142682767764, 0.03347516022004274, 0.03632355277573078, 0.03911728575744543, 0.041489125175428104, 0.043617926344794986, 0.04507509866910146, 0.045973158335007626, 0.046666313335408376, 0.047747911364257295, 0.04910015737076979, 0.051170936172887156, 0.05323921785426519, 0.05484930583024696, 0.05598397968583077, 0.056516639752925084, 0.05678375349578094, 0.05655312215346535, 0.05709318659280136, 0.05753330561326649, 0.05822424761198231, 0.05856641837777238, 0.058663546697002605, 0.05829520111627496, 0.058019458378357286, 0.05786276302771312, 0.057678835712609886, 0.05721489013034267, 0.05620972754199197, 0.05488023496470325, 0.05291870088860013, 0.05085359195424363, 0.04836971777146554, 0.045888993393773454, 0.04332790860019442, 0.040721243397433354, 0.03815348906679705, 0.03609755066086763, 0.03431153121207709, 0.03269994312791247, 0.03113246913067769, 0.029533434333839276, 0.02779284963423818, 0.02581340528028532, 0.023636664296078556, 0.021032966406022018, 0.018298152858289164, 0.015471223173718233, 0.012975006021594128, 0.011476514573927241, 0.011190786613452559, 0.012013514795745658, 0.013192708648177051, 0.0146026096239084, 0.016627808096549106, 0.019288816219412905, 0.022115031993867204, 0.024956066779425322, 0.027947127033299147, 0.030317719296220055, 0.03213024736687776, 0.033908117916643665, 0.035613155393420214, 0.03695858371541455, 0.0370883147011733, 0.035844860180821725, 0.03331269225961453, 0.030127822662769057, 0.026675716455458534, 0.02305094507263966, 0.019294584365168215, 0.016588874620184203, 0.013459760460278334, 0.010513659470637583, 0.008184205378854309, 0.005908681970234855, 0.003908372487361734, 0.002250880846271649, 0.001837561814419065, 0.003902446460586522, 0.00649131804032715, 0.008842266053540701, 0.011337576744963709, 0.013847821453172829, 0.016241515374979285, 0.018506880743639053, 0.020753891025054552, 0.022854281545735794, 0.025177910908837288, 0.027764777035113285, 0.0302577363231247, 0.032552204835272186, 0.033962244268502154, 0.03530995724171245, 0.036795414568091225, 0.03840706162943578, 0.039993850675796264, 0.04133645030179679, 0.04211247094820217, 0.04239213751353172, 0.042192499106345205, 0.04200269786908514, 0.041897190162155235, 0.041830932940717325, 0.04166737666619139, 0.04206882264734189, 0.0426127097658282, 0.042895687146734904, 0.04300135533202284, 0.04249799814293581, 0.041897582995049115, 0.04072077112408416, 0.03927976254850985, 0.037331499513228325, 0.035889992777759706, 0.03456359233645024, 0.033243529781910974, 0.03199033675126687, 0.03059935779738079, 0.029272240636492235, 0.027900707354997015, 0.02654938414970694, 0.02543173352052397, 0.024311103096379235, 0.023065212419431085, 0.021685454855791198, 0.02041159885695607, 0.019056064221564174, 0.017656707279948437, 0.01626614648165674, 0.015012383850973622, 0.013603567963072178, 0.012189757837366814, 0.010674529938407772, 0.009407142987148039, 0.008344525906195775, 0.007439054007672372, 0.0072034584519923735, 0.007775010970036668, 0.009047582903156274, 0.010731538882415681, 0.01253460028234948, 0.014333543563369548, 0.016070624592636203, 0.017817726146123574, 0.019557256660804743, 0.02116824086555951, 0.022529303997840977, 0.023628588936546305, 0.02391411988476377, 0.02359656311707365, 0.022355277074164143, 0.020961866673625245, 0.018393580144489934, 0.015660552711922182, 0.013874328661167971, 0.01254026736778108, 0.011812131260623127, 0.010800298354986543, 0.00961805971638548, 0.008471507575266851, 0.007656757785702683, 0.006719580941926242, 0.0056999472982024405, 0.005125787188458596, 0.00504686530895439, 0.005697178935649704, 0.006245540782853768, 0.0070976650798796875, 0.007900543705723831, 0.008755370167568399, 0.009807746909975117, 0.011209592216881203, 0.01276960312030194, 0.014467251258771754, 0.015865855510978952, 0.01751794577394112, 0.01978728846519214, 0.022540086452385207, 0.024859037758439572, 0.02589623397823137, 0.02611181133516041, 0.026565850619759173, 0.0272557734372972, 0.02776644526036269, 0.02799937699621002, 0.02818388188652303, 0.02806005928616626, 0.028083982827741123, 0.02781538632605852, 0.027763976455106594, 0.028120518002563644, 0.028688559534023904, 0.029389365084960088, 0.030059907204608147, 0.03052096911154336, 0.031053468449087778, 0.03142000488428638, 0.03173833045042581, 0.031892653890475096, 0.03198060527161537, 0.031944507243272385, 0.03180892531117334, 0.03180195743523648, 0.03175983113429147, 0.03185651864929952, 0.032146459060636644, 0.032526908876218445, 0.033087790299913135, 0.03370146462957083, 0.0342847740780508, 0.0344768243549477, 0.03441738754137779, 0.034008301029805295]",0.013690714184349355,0.03125052857314886,0.012610104473009712,0.005331127465867336,0.0,0.0,0.0037450503307407956,0.03125052857314886,0.012610104473009712,0.005331127465867336,4.4879999999999995,1717635305.1908443,2024-06-06_10-55-05
0.5059,-0.014640000000000014,0.38427771267291544,0.47508192639201186,-0.027441163944816563,0.38711320060270876,0.5059,-0.014640000000000014,0.38163618996121557,0.47508192639201186,-0.027441163944816563,0.38711320060270876,0.013111437378948002,"[0.011315756658919754, 0.012192407496521018, 0.01288995615295488, 0.01359963525141729, 0.014321891165186378, 0.015181047888625853, 0.01592941522152252, 0.01673874496494045, 0.01751440457689525, 0.01835087734908702, 0.019202544572813795, 0.020070622325609303, 0.02095627718778323, 0.02186061264947246, 0.022737260153569413, 0.023681097053535004, 0.024646250751560458, 0.025633386418693636, 0.02659237614956749, 0.027623542314219474, 0.0286250346734827, 0.029647102596467904, 0.03056454213255984, 0.031680305841655834, 0.03263530150735364, 0.033606764937046466, 0.034593095597664145, 0.03536350794006898, 0.035930760474075646, 0.03631257033147624, 0.03661317474198803, 0.03688385713543919, 0.03738127616234113, 0.037934719347479336, 0.03858163380471939, 0.03921882339006296, 0.03999131852533767, 0.04074980907886149, 0.04127472956039594, 0.04151563832077664, 0.04151964454301027, 0.04123464219442919, 0.04096829512038153, 0.04056460486818273, 0.04028281736824196, 0.04000166841569801, 0.03919762289117317, 0.037812479337396496, 0.03622310391275238, 0.03453579653228067, 0.0330206041779641, 0.031565009966306234, 0.03054064037737075, 0.029904305612678588, 0.029394155816597912, 0.028896840658953926, 0.02825322628704274, 0.027685220830545497, 0.02666364029859006, 0.025486033827772144, 0.02414387260068274, 0.023028867611909868, 0.022681878550084772, 0.02299235797660897, 0.02387546679328945, 0.024738332374206702, 0.025547718436096926, 0.026640938816603423, 0.02759836215880636, 0.028240938725365098, 0.028199955208514017, 0.028168175430310402, 0.02767018559717724, 0.027414861073674215, 0.027239233260695786, 0.0274939869379551, 0.027874761581110984, 0.02868161073982207, 0.029514734605865275, 0.030345172291974937, 0.031248268714928727, 0.032298002681611045, 0.033509628354587276, 0.0348066615601669, 0.03569061118903811, 0.03631377821401384, 0.03654105211474412, 0.03646788532881584, 0.03572808397059345, 0.03427781350345514, 0.03309813106562172, 0.031639416134799855, 0.02970329439236902, 0.027599049067936567, 0.02603054913364457, 0.024090316372098155, 0.02220132238001286, 0.02051452966091278, 0.019044426362309692, 0.017805605247084858, 0.01643252777018217, 0.01523003850809785, 0.01424180324883461, 0.013706552220618947, 0.0130880570946912, 0.012988920737072255, 0.013178248200839212, 0.013386796436950147, 0.01359897371732897, 0.01439195864266014, 0.015495810506657983, 0.016686507754200334, 0.01807173050136072, 0.019341411872889052, 0.020370802976522343, 0.0213787239197115, 0.02262888584538598, 0.02401686851684336, 0.025523335513576738, 0.026670410326906566, 0.02758824337325398, 0.02810647098585074, 0.028219175888028712, 0.02804128716256827, 0.027840212128430745, 0.02799079668741686, 0.027988272685847155, 0.02831306909632167, 0.028434723397990712, 0.0285549391753426, 0.02832607944879636, 0.02800347501499142, 0.027460301198426997, 0.02681840364884072, 0.026203190519756815, 0.02552364346313934, 0.024940794741503684, 0.024553643852497812, 0.024009602077058226, 0.023587486328410737, 0.023053226444370627, 0.02237349941244249, 0.021247392964358097, 0.01948489409103017, 0.01759577829009665, 0.015969918059865678, 0.014849832783247986, 0.014164911869984548, 0.013546042864334782, 0.01328357500957488, 0.012905521640083246, 0.012806686101790404, 0.01256569256360443, 0.01270015008783326, 0.013333718053885597, 0.014364706842779438, 0.015230812921928084, 0.016214173123414017, 0.017422309714956504, 0.01848297873673576, 0.019690103784110968, 0.02062988015396428, 0.021304326954883004, 0.021542023987470748, 0.021445001132587415, 0.02128479356968176, 0.021154257299581803, 0.020548768777841446, 0.020419411659703072, 0.020346908766621045, 0.02018386842926173, 0.020060715556614095, 0.019970155121820186, 0.019905412966441507, 0.019860328269953802, 0.019689549628068632, 0.019110038324468673, 0.018401772510693467, 0.01773443768827515, 0.01691379473734185, 0.0163889904882787, 0.015891976533507178, 0.015695148472402557, 0.015634975895130635, 0.01548249397414641, 0.015250362203767827, 0.01446715870868431, 0.013690714184349355, 0.013111437378948002, 0.01280400987898366, 0.012789088065484542, 0.012885508256999974, 0.012645414791893052, 0.012533763320360268, 0.01300792748125149, 0.014045480441271196, 0.015593406388961941, 0.017496649938682926, 0.01947963017829757, 0.021814960986639112, 0.0244888991790445, 0.027455202671237973, 0.030462142682767764, 0.03347516022004274, 0.03632355277573078, 0.03911728575744543, 0.041489125175428104, 0.043617926344794986, 0.04507509866910146, 0.045973158335007626, 0.046666313335408376, 0.047747911364257295, 0.04910015737076979, 0.051170936172887156, 0.05323921785426519, 0.05484930583024696, 0.05598397968583077, 0.056516639752925084, 0.05678375349578094, 0.05655312215346535, 0.05709318659280136, 0.05753330561326649, 0.05822424761198231, 0.05856641837777238, 0.058663546697002605, 0.05829520111627496, 0.058019458378357286, 0.05786276302771312, 0.057678835712609886, 0.05721489013034267, 0.05620972754199197, 0.05488023496470325, 0.05291870088860013, 0.05085359195424363, 0.04836971777146554, 0.045888993393773454, 0.04332790860019442, 0.040721243397433354, 0.03815348906679705, 0.03609755066086763, 0.03431153121207709, 0.03269994312791247, 0.03113246913067769, 0.029533434333839276, 0.02779284963423818, 0.02581340528028532, 0.023636664296078556, 0.021032966406022018, 0.018298152858289164, 0.015471223173718233, 0.012975006021594128, 0.011476514573927241, 0.011190786613452559, 0.012013514795745658, 0.013192708648177051, 0.0146026096239084, 0.016627808096549106, 0.019288816219412905, 0.022115031993867204, 0.024956066779425322, 0.027947127033299147, 0.030317719296220055, 0.03213024736687776, 0.033908117916643665, 0.035613155393420214, 0.03695858371541455, 0.0370883147011733, 0.035844860180821725, 0.03331269225961453, 0.030127822662769057, 0.026675716455458534, 0.02305094507263966, 0.019294584365168215, 0.016588874620184203, 0.013459760460278334, 0.010513659470637583, 0.008184205378854309, 0.005908681970234855, 0.003908372487361734, 0.002250880846271649, 0.001837561814419065, 0.003902446460586522, 0.00649131804032715, 0.008842266053540701, 0.011337576744963709, 0.013847821453172829, 0.016241515374979285, 0.018506880743639053, 0.020753891025054552, 0.022854281545735794, 0.025177910908837288, 0.027764777035113285, 0.0302577363231247, 0.032552204835272186, 0.033962244268502154, 0.03530995724171245, 0.036795414568091225, 0.03840706162943578, 0.039993850675796264, 0.04133645030179679, 0.04211247094820217, 0.04239213751353172, 0.042192499106345205, 0.04200269786908514, 0.041897190162155235, 0.041830932940717325, 0.04166737666619139, 0.04206882264734189, 0.0426127097658282, 0.042895687146734904, 0.04300135533202284, 0.04249799814293581, 0.041897582995049115, 0.04072077112408416, 0.03927976254850985, 0.037331499513228325, 0.035889992777759706, 0.03456359233645024, 0.033243529781910974, 0.03199033675126687, 0.03059935779738079, 0.029272240636492235, 0.027900707354997015, 0.02654938414970694, 0.02543173352052397, 0.024311103096379235, 0.023065212419431085, 0.021685454855791198, 0.02041159885695607, 0.019056064221564174, 0.017656707279948437, 0.01626614648165674, 0.015012383850973622, 0.013603567963072178, 0.012189757837366814, 0.010674529938407772, 0.009407142987148039, 0.008344525906195775, 0.007439054007672372, 0.0072034584519923735, 0.007775010970036668, 0.009047582903156274, 0.010731538882415681, 0.01253460028234948, 0.014333543563369548, 0.016070624592636203, 0.017817726146123574, 0.019557256660804743, 0.02116824086555951, 0.022529303997840977, 0.023628588936546305, 0.02391411988476377, 0.02359656311707365, 0.022355277074164143, 0.020961866673625245, 0.018393580144489934, 0.015660552711922182, 0.013874328661167971, 0.01254026736778108, 0.011812131260623127, 0.010800298354986543, 0.00961805971638548, 0.008471507575266851, 0.007656757785702683, 0.006719580941926242, 0.0056999472982024405, 0.005125787188458596, 0.00504686530895439, 0.005697178935649704, 0.006245540782853768, 0.0070976650798796875, 0.007900543705723831, 0.008755370167568399, 0.009807746909975117, 0.011209592216881203, 0.01276960312030194, 0.014467251258771754, 0.015865855510978952, 0.01751794577394112, 0.01978728846519214, 0.022540086452385207, 0.024859037758439572, 0.02589623397823137, 0.02611181133516041, 0.026565850619759173, 0.0272557734372972, 0.02776644526036269, 0.02799937699621002, 0.02818388188652303, 0.02806005928616626, 0.028083982827741123, 0.02781538632605852, 0.027763976455106594, 0.028120518002563644, 0.028688559534023904, 0.029389365084960088, 0.030059907204608147, 0.03052096911154336, 0.031053468449087778, 0.03142000488428638, 0.03173833045042581, 0.031892653890475096, 0.03198060527161537, 0.031944507243272385, 0.03180892531117334, 0.03180195743523648, 0.03175983113429147, 0.03185651864929952, 0.032146459060636644, 0.032526908876218445, 0.033087790299913135, 0.03370146462957083, 0.0342847740780508, 0.0344768243549477, 0.03441738754137779, 0.034008301029805295]",0.013111437378948002,0.03081807360798816,0.012801163944816549,0.0028354879297933233,0.0,0.0,0.002641522711699873,0.03081807360798816,0.012801163944816549,0.0028354879297933233,4.512,1717635305.215344,2024-06-06_10-55-05
0.5059,-0.013919999999999988,0.38533092150519344,0.4756302167664433,-0.026719861682956543,0.3856568200757514,0.5059,-0.013919999999999988,0.3840069190091025,0.4756302167664433,-0.026719861682956543,0.3856568200757514,0.01280400987898366,"[0.011315756658919754, 0.012192407496521018, 0.01288995615295488, 0.01359963525141729, 0.014321891165186378, 0.015181047888625853, 0.01592941522152252, 0.01673874496494045, 0.01751440457689525, 0.01835087734908702, 0.019202544572813795, 0.020070622325609303, 0.02095627718778323, 0.02186061264947246, 0.022737260153569413, 0.023681097053535004, 0.024646250751560458, 0.025633386418693636, 0.02659237614956749, 0.027623542314219474, 0.0286250346734827, 0.029647102596467904, 0.03056454213255984, 0.031680305841655834, 0.03263530150735364, 0.033606764937046466, 0.034593095597664145, 0.03536350794006898, 0.035930760474075646, 0.03631257033147624, 0.03661317474198803, 0.03688385713543919, 0.03738127616234113, 0.037934719347479336, 0.03858163380471939, 0.03921882339006296, 0.03999131852533767, 0.04074980907886149, 0.04127472956039594, 0.04151563832077664, 0.04151964454301027, 0.04123464219442919, 0.04096829512038153, 0.04056460486818273, 0.04028281736824196, 0.04000166841569801, 0.03919762289117317, 0.037812479337396496, 0.03622310391275238, 0.03453579653228067, 0.0330206041779641, 0.031565009966306234, 0.03054064037737075, 0.029904305612678588, 0.029394155816597912, 0.028896840658953926, 0.02825322628704274, 0.027685220830545497, 0.02666364029859006, 0.025486033827772144, 0.02414387260068274, 0.023028867611909868, 0.022681878550084772, 0.02299235797660897, 0.02387546679328945, 0.024738332374206702, 0.025547718436096926, 0.026640938816603423, 0.02759836215880636, 0.028240938725365098, 0.028199955208514017, 0.028168175430310402, 0.02767018559717724, 0.027414861073674215, 0.027239233260695786, 0.0274939869379551, 0.027874761581110984, 0.02868161073982207, 0.029514734605865275, 0.030345172291974937, 0.031248268714928727, 0.032298002681611045, 0.033509628354587276, 0.0348066615601669, 0.03569061118903811, 0.03631377821401384, 0.03654105211474412, 0.03646788532881584, 0.03572808397059345, 0.03427781350345514, 0.03309813106562172, 0.031639416134799855, 0.02970329439236902, 0.027599049067936567, 0.02603054913364457, 0.024090316372098155, 0.02220132238001286, 0.02051452966091278, 0.019044426362309692, 0.017805605247084858, 0.01643252777018217, 0.01523003850809785, 0.01424180324883461, 0.013706552220618947, 0.0130880570946912, 0.012988920737072255, 0.013178248200839212, 0.013386796436950147, 0.01359897371732897, 0.01439195864266014, 0.015495810506657983, 0.016686507754200334, 0.01807173050136072, 0.019341411872889052, 0.020370802976522343, 0.0213787239197115, 0.02262888584538598, 0.02401686851684336, 0.025523335513576738, 0.026670410326906566, 0.02758824337325398, 0.02810647098585074, 0.028219175888028712, 0.02804128716256827, 0.027840212128430745, 0.02799079668741686, 0.027988272685847155, 0.02831306909632167, 0.028434723397990712, 0.0285549391753426, 0.02832607944879636, 0.02800347501499142, 0.027460301198426997, 0.02681840364884072, 0.026203190519756815, 0.02552364346313934, 0.024940794741503684, 0.024553643852497812, 0.024009602077058226, 0.023587486328410737, 0.023053226444370627, 0.02237349941244249, 0.021247392964358097, 0.01948489409103017, 0.01759577829009665, 0.015969918059865678, 0.014849832783247986, 0.014164911869984548, 0.013546042864334782, 0.01328357500957488, 0.012905521640083246, 0.012806686101790404, 0.01256569256360443, 0.01270015008783326, 0.013333718053885597, 0.014364706842779438, 0.015230812921928084, 0.016214173123414017, 0.017422309714956504, 0.01848297873673576, 0.019690103784110968, 0.02062988015396428, 0.021304326954883004, 0.021542023987470748, 0.021445001132587415, 0.02128479356968176, 0.021154257299581803, 0.020548768777841446, 0.020419411659703072, 0.020346908766621045, 0.02018386842926173, 0.020060715556614095, 0.019970155121820186, 0.019905412966441507, 0.019860328269953802, 0.019689549628068632, 0.019110038324468673, 0.018401772510693467, 0.01773443768827515, 0.01691379473734185, 0.0163889904882787, 0.015891976533507178, 0.015695148472402557, 0.015634975895130635, 0.01548249397414641, 0.015250362203767827, 0.01446715870868431, 0.013690714184349355, 0.013111437378948002, 0.01280400987898366, 0.012789088065484542, 0.012885508256999974, 0.012645414791893052, 0.012533763320360268, 0.01300792748125149, 0.014045480441271196, 0.015593406388961941, 0.017496649938682926, 0.01947963017829757, 0.021814960986639112, 0.0244888991790445, 0.027455202671237973, 0.030462142682767764, 0.03347516022004274, 0.03632355277573078, 0.03911728575744543, 0.041489125175428104, 0.043617926344794986, 0.04507509866910146, 0.045973158335007626, 0.046666313335408376, 0.047747911364257295, 0.04910015737076979, 0.051170936172887156, 0.05323921785426519, 0.05484930583024696, 0.05598397968583077, 0.056516639752925084, 0.05678375349578094, 0.05655312215346535, 0.05709318659280136, 0.05753330561326649, 0.05822424761198231, 0.05856641837777238, 0.058663546697002605, 0.05829520111627496, 0.058019458378357286, 0.05786276302771312, 0.057678835712609886, 0.05721489013034267, 0.05620972754199197, 0.05488023496470325, 0.05291870088860013, 0.05085359195424363, 0.04836971777146554, 0.045888993393773454, 0.04332790860019442, 0.040721243397433354, 0.03815348906679705, 0.03609755066086763, 0.03431153121207709, 0.03269994312791247, 0.03113246913067769, 0.029533434333839276, 0.02779284963423818, 0.02581340528028532, 0.023636664296078556, 0.021032966406022018, 0.018298152858289164, 0.015471223173718233, 0.012975006021594128, 0.011476514573927241, 0.011190786613452559, 0.012013514795745658, 0.013192708648177051, 0.0146026096239084, 0.016627808096549106, 0.019288816219412905, 0.022115031993867204, 0.024956066779425322, 0.027947127033299147, 0.030317719296220055, 0.03213024736687776, 0.033908117916643665, 0.035613155393420214, 0.03695858371541455, 0.0370883147011733, 0.035844860180821725, 0.03331269225961453, 0.030127822662769057, 0.026675716455458534, 0.02305094507263966, 0.019294584365168215, 0.016588874620184203, 0.013459760460278334, 0.010513659470637583, 0.008184205378854309, 0.005908681970234855, 0.003908372487361734, 0.002250880846271649, 0.001837561814419065, 0.003902446460586522, 0.00649131804032715, 0.008842266053540701, 0.011337576744963709, 0.013847821453172829, 0.016241515374979285, 0.018506880743639053, 0.020753891025054552, 0.022854281545735794, 0.025177910908837288, 0.027764777035113285, 0.0302577363231247, 0.032552204835272186, 0.033962244268502154, 0.03530995724171245, 0.036795414568091225, 0.03840706162943578, 0.039993850675796264, 0.04133645030179679, 0.04211247094820217, 0.04239213751353172, 0.042192499106345205, 0.04200269786908514, 0.041897190162155235, 0.041830932940717325, 0.04166737666619139, 0.04206882264734189, 0.0426127097658282, 0.042895687146734904, 0.04300135533202284, 0.04249799814293581, 0.041897582995049115, 0.04072077112408416, 0.03927976254850985, 0.037331499513228325, 0.035889992777759706, 0.03456359233645024, 0.033243529781910974, 0.03199033675126687, 0.03059935779738079, 0.029272240636492235, 0.027900707354997015, 0.02654938414970694, 0.02543173352052397, 0.024311103096379235, 0.023065212419431085, 0.021685454855791198, 0.02041159885695607, 0.019056064221564174, 0.017656707279948437, 0.01626614648165674, 0.015012383850973622, 0.013603567963072178, 0.012189757837366814, 0.010674529938407772, 0.009407142987148039, 0.008344525906195775, 0.007439054007672372, 0.0072034584519923735, 0.007775010970036668, 0.009047582903156274, 0.010731538882415681, 0.01253460028234948, 0.014333543563369548, 0.016070624592636203, 0.017817726146123574, 0.019557256660804743, 0.02116824086555951, 0.022529303997840977, 0.023628588936546305, 0.02391411988476377, 0.02359656311707365, 0.022355277074164143, 0.020961866673625245, 0.018393580144489934, 0.015660552711922182, 0.013874328661167971, 0.01254026736778108, 0.011812131260623127, 0.010800298354986543, 0.00961805971638548, 0.008471507575266851, 0.007656757785702683, 0.006719580941926242, 0.0056999472982024405, 0.005125787188458596, 0.00504686530895439, 0.005697178935649704, 0.006245540782853768, 0.0070976650798796875, 0.007900543705723831, 0.008755370167568399, 0.009807746909975117, 0.011209592216881203, 0.01276960312030194, 0.014467251258771754, 0.015865855510978952, 0.01751794577394112, 0.01978728846519214, 0.022540086452385207, 0.024859037758439572, 0.02589623397823137, 0.02611181133516041, 0.026565850619759173, 0.0272557734372972, 0.02776644526036269, 0.02799937699621002, 0.02818388188652303, 0.02806005928616626, 0.028083982827741123, 0.02781538632605852, 0.027763976455106594, 0.028120518002563644, 0.028688559534023904, 0.029389365084960088, 0.030059907204608147, 0.03052096911154336, 0.031053468449087778, 0.03142000488428638, 0.03173833045042581, 0.031892653890475096, 0.03198060527161537, 0.031944507243272385, 0.03180892531117334, 0.03180195743523648, 0.03175983113429147, 0.03185651864929952, 0.032146459060636644, 0.032526908876218445, 0.033087790299913135, 0.03370146462957083, 0.0342847740780508, 0.0344768243549477, 0.03441738754137779, 0.034008301029805295]",0.01280400987898366,0.030269783233556724,0.012799861682956555,0.0003258985705579809,0.0,0.0,0.001324002496090937,0.030269783233556724,0.012799861682956555,0.0003258985705579809,4.536,1717635305.2390966,2024-06-06_10-55-05
0.5059,-0.01319999999999999,0.386573933903175,0.4761779177184095,-0.02592946875213995,0.38534048393053266,0.5059,-0.01319999999999999,0.386567451622693,0.4761779177184095,-0.02592946875213995,0.38534048393053266,0.012789088065484542,"[0.011315756658919754, 0.012192407496521018, 0.01288995615295488, 0.01359963525141729, 0.014321891165186378, 0.015181047888625853, 0.01592941522152252, 0.01673874496494045, 0.01751440457689525, 0.01835087734908702, 0.019202544572813795, 0.020070622325609303, 0.02095627718778323, 0.02186061264947246, 0.022737260153569413, 0.023681097053535004, 0.024646250751560458, 0.025633386418693636, 0.02659237614956749, 0.027623542314219474, 0.0286250346734827, 0.029647102596467904, 0.03056454213255984, 0.031680305841655834, 0.03263530150735364, 0.033606764937046466, 0.034593095597664145, 0.03536350794006898, 0.035930760474075646, 0.03631257033147624, 0.03661317474198803, 0.03688385713543919, 0.03738127616234113, 0.037934719347479336, 0.03858163380471939, 0.03921882339006296, 0.03999131852533767, 0.04074980907886149, 0.04127472956039594, 0.04151563832077664, 0.04151964454301027, 0.04123464219442919, 0.04096829512038153, 0.04056460486818273, 0.04028281736824196, 0.04000166841569801, 0.03919762289117317, 0.037812479337396496, 0.03622310391275238, 0.03453579653228067, 0.0330206041779641, 0.031565009966306234, 0.03054064037737075, 0.029904305612678588, 0.029394155816597912, 0.028896840658953926, 0.02825322628704274, 0.027685220830545497, 0.02666364029859006, 0.025486033827772144, 0.02414387260068274, 0.023028867611909868, 0.022681878550084772, 0.02299235797660897, 0.02387546679328945, 0.024738332374206702, 0.025547718436096926, 0.026640938816603423, 0.02759836215880636, 0.028240938725365098, 0.028199955208514017, 0.028168175430310402, 0.02767018559717724, 0.027414861073674215, 0.027239233260695786, 0.0274939869379551, 0.027874761581110984, 0.02868161073982207, 0.029514734605865275, 0.030345172291974937, 0.031248268714928727, 0.032298002681611045, 0.033509628354587276, 0.0348066615601669, 0.03569061118903811, 0.03631377821401384, 0.03654105211474412, 0.03646788532881584, 0.03572808397059345, 0.03427781350345514, 0.03309813106562172, 0.031639416134799855, 0.02970329439236902, 0.027599049067936567, 0.02603054913364457, 0.024090316372098155, 0.02220132238001286, 0.02051452966091278, 0.019044426362309692, 0.017805605247084858, 0.01643252777018217, 0.01523003850809785, 0.01424180324883461, 0.013706552220618947, 0.0130880570946912, 0.012988920737072255, 0.013178248200839212, 0.013386796436950147, 0.01359897371732897, 0.01439195864266014, 0.015495810506657983, 0.016686507754200334, 0.01807173050136072, 0.019341411872889052, 0.020370802976522343, 0.0213787239197115, 0.02262888584538598, 0.02401686851684336, 0.025523335513576738, 0.026670410326906566, 0.02758824337325398, 0.02810647098585074, 0.028219175888028712, 0.02804128716256827, 0.027840212128430745, 0.02799079668741686, 0.027988272685847155, 0.02831306909632167, 0.028434723397990712, 0.0285549391753426, 0.02832607944879636, 0.02800347501499142, 0.027460301198426997, 0.02681840364884072, 0.026203190519756815, 0.02552364346313934, 0.024940794741503684, 0.024553643852497812, 0.024009602077058226, 0.023587486328410737, 0.023053226444370627, 0.02237349941244249, 0.021247392964358097, 0.01948489409103017, 0.01759577829009665, 0.015969918059865678, 0.014849832783247986, 0.014164911869984548, 0.013546042864334782, 0.01328357500957488, 0.012905521640083246, 0.012806686101790404, 0.01256569256360443, 0.01270015008783326, 0.013333718053885597, 0.014364706842779438, 0.015230812921928084, 0.016214173123414017, 0.017422309714956504, 0.01848297873673576, 0.019690103784110968, 0.02062988015396428, 0.021304326954883004, 0.021542023987470748, 0.021445001132587415, 0.02128479356968176, 0.021154257299581803, 0.020548768777841446, 0.020419411659703072, 0.020346908766621045, 0.02018386842926173, 0.020060715556614095, 0.019970155121820186, 0.019905412966441507, 0.019860328269953802, 0.019689549628068632, 0.019110038324468673, 0.018401772510693467, 0.01773443768827515, 0.01691379473734185, 0.0163889904882787, 0.015891976533507178, 0.015695148472402557, 0.015634975895130635, 0.01548249397414641, 0.015250362203767827, 0.01446715870868431, 0.013690714184349355, 0.013111437378948002, 0.01280400987898366, 0.012789088065484542, 0.012885508256999974, 0.012645414791893052, 0.012533763320360268, 0.01300792748125149, 0.014045480441271196, 0.015593406388961941, 0.017496649938682926, 0.01947963017829757, 0.021814960986639112, 0.0244888991790445, 0.027455202671237973, 0.030462142682767764, 0.03347516022004274, 0.03632355277573078, 0.03911728575744543, 0.041489125175428104, 0.043617926344794986, 0.04507509866910146, 0.045973158335007626, 0.046666313335408376, 0.047747911364257295, 0.04910015737076979, 0.051170936172887156, 0.05323921785426519, 0.05484930583024696, 0.05598397968583077, 0.056516639752925084, 0.05678375349578094, 0.05655312215346535, 0.05709318659280136, 0.05753330561326649, 0.05822424761198231, 0.05856641837777238, 0.058663546697002605, 0.05829520111627496, 0.058019458378357286, 0.05786276302771312, 0.057678835712609886, 0.05721489013034267, 0.05620972754199197, 0.05488023496470325, 0.05291870088860013, 0.05085359195424363, 0.04836971777146554, 0.045888993393773454, 0.04332790860019442, 0.040721243397433354, 0.03815348906679705, 0.03609755066086763, 0.03431153121207709, 0.03269994312791247, 0.03113246913067769, 0.029533434333839276, 0.02779284963423818, 0.02581340528028532, 0.023636664296078556, 0.021032966406022018, 0.018298152858289164, 0.015471223173718233, 0.012975006021594128, 0.011476514573927241, 0.011190786613452559, 0.012013514795745658, 0.013192708648177051, 0.0146026096239084, 0.016627808096549106, 0.019288816219412905, 0.022115031993867204, 0.024956066779425322, 0.027947127033299147, 0.030317719296220055, 0.03213024736687776, 0.033908117916643665, 0.035613155393420214, 0.03695858371541455, 0.0370883147011733, 0.035844860180821725, 0.03331269225961453, 0.030127822662769057, 0.026675716455458534, 0.02305094507263966, 0.019294584365168215, 0.016588874620184203, 0.013459760460278334, 0.010513659470637583, 0.008184205378854309, 0.005908681970234855, 0.003908372487361734, 0.002250880846271649, 0.001837561814419065, 0.003902446460586522, 0.00649131804032715, 0.008842266053540701, 0.011337576744963709, 0.013847821453172829, 0.016241515374979285, 0.018506880743639053, 0.020753891025054552, 0.022854281545735794, 0.025177910908837288, 0.027764777035113285, 0.0302577363231247, 0.032552204835272186, 0.033962244268502154, 0.03530995724171245, 0.036795414568091225, 0.03840706162943578, 0.039993850675796264, 0.04133645030179679, 0.04211247094820217, 0.04239213751353172, 0.042192499106345205, 0.04200269786908514, 0.041897190162155235, 0.041830932940717325, 0.04166737666619139, 0.04206882264734189, 0.0426127097658282, 0.042895687146734904, 0.04300135533202284, 0.04249799814293581, 0.041897582995049115, 0.04072077112408416, 0.03927976254850985, 0.037331499513228325, 0.035889992777759706, 0.03456359233645024, 0.033243529781910974, 0.03199033675126687, 0.03059935779738079, 0.029272240636492235, 0.027900707354997015, 0.02654938414970694, 0.02543173352052397, 0.024311103096379235, 0.023065212419431085, 0.021685454855791198, 0.02041159885695607, 0.019056064221564174, 0.017656707279948437, 0.01626614648165674, 0.015012383850973622, 0.013603567963072178, 0.012189757837366814, 0.010674529938407772, 0.009407142987148039, 0.008344525906195775, 0.007439054007672372, 0.0072034584519923735, 0.007775010970036668, 0.009047582903156274, 0.010731538882415681, 0.01253460028234948, 0.014333543563369548, 0.016070624592636203, 0.017817726146123574, 0.019557256660804743, 0.02116824086555951, 0.022529303997840977, 0.023628588936546305, 0.02391411988476377, 0.02359656311707365, 0.022355277074164143, 0.020961866673625245, 0.018393580144489934, 0.015660552711922182, 0.013874328661167971, 0.01254026736778108, 0.011812131260623127, 0.010800298354986543, 0.00961805971638548, 0.008471507575266851, 0.007656757785702683, 0.006719580941926242, 0.0056999472982024405, 0.005125787188458596, 0.00504686530895439, 0.005697178935649704, 0.006245540782853768, 0.0070976650798796875, 0.007900543705723831, 0.008755370167568399, 0.009807746909975117, 0.011209592216881203, 0.01276960312030194, 0.014467251258771754, 0.015865855510978952, 0.01751794577394112, 0.01978728846519214, 0.022540086452385207, 0.024859037758439572, 0.02589623397823137, 0.02611181133516041, 0.026565850619759173, 0.0272557734372972, 0.02776644526036269, 0.02799937699621002, 0.02818388188652303, 0.02806005928616626, 0.028083982827741123, 0.02781538632605852, 0.027763976455106594, 0.028120518002563644, 0.028688559534023904, 0.029389365084960088, 0.030059907204608147, 0.03052096911154336, 0.031053468449087778, 0.03142000488428638, 0.03173833045042581, 0.031892653890475096, 0.03198060527161537, 0.031944507243272385, 0.03180892531117334, 0.03180195743523648, 0.03175983113429147, 0.03185651864929952, 0.032146459060636644, 0.032526908876218445, 0.033087790299913135, 0.03370146462957083, 0.0342847740780508, 0.0344768243549477, 0.03441738754137779, 0.034008301029805295]",0.012789088065484542,0.02972208228159051,0.012729468752139962,0.0012334499726423531,0.0,0.0,6.482280482000835e-06,0.02972208228159051,0.012729468752139962,0.0012334499726423531,4.5600000000000005,1717635305.263113,2024-06-06_10-55-05
0.5059,-0.012480000000000019,0.3880031525154285,0.4764333765389327,-0.025136191864106025,0.38558300158208747,0.5059,-0.012480000000000019,0.38931419045055543,0.4764333765389327,-0.025136191864106025,0.38558300158208747,0.012885508256999974,"[0.011315756658919754, 0.012192407496521018, 0.01288995615295488, 0.01359963525141729, 0.014321891165186378, 0.015181047888625853, 0.01592941522152252, 0.01673874496494045, 0.01751440457689525, 0.01835087734908702, 0.019202544572813795, 0.020070622325609303, 0.02095627718778323, 0.02186061264947246, 0.022737260153569413, 0.023681097053535004, 0.024646250751560458, 0.025633386418693636, 0.02659237614956749, 0.027623542314219474, 0.0286250346734827, 0.029647102596467904, 0.03056454213255984, 0.031680305841655834, 0.03263530150735364, 0.033606764937046466, 0.034593095597664145, 0.03536350794006898, 0.035930760474075646, 0.03631257033147624, 0.03661317474198803, 0.03688385713543919, 0.03738127616234113, 0.037934719347479336, 0.03858163380471939, 0.03921882339006296, 0.03999131852533767, 0.04074980907886149, 0.04127472956039594, 0.04151563832077664, 0.04151964454301027, 0.04123464219442919, 0.04096829512038153, 0.04056460486818273, 0.04028281736824196, 0.04000166841569801, 0.03919762289117317, 0.037812479337396496, 0.03622310391275238, 0.03453579653228067, 0.0330206041779641, 0.031565009966306234, 0.03054064037737075, 0.029904305612678588, 0.029394155816597912, 0.028896840658953926, 0.02825322628704274, 0.027685220830545497, 0.02666364029859006, 0.025486033827772144, 0.02414387260068274, 0.023028867611909868, 0.022681878550084772, 0.02299235797660897, 0.02387546679328945, 0.024738332374206702, 0.025547718436096926, 0.026640938816603423, 0.02759836215880636, 0.028240938725365098, 0.028199955208514017, 0.028168175430310402, 0.02767018559717724, 0.027414861073674215, 0.027239233260695786, 0.0274939869379551, 0.027874761581110984, 0.02868161073982207, 0.029514734605865275, 0.030345172291974937, 0.031248268714928727, 0.032298002681611045, 0.033509628354587276, 0.0348066615601669, 0.03569061118903811, 0.03631377821401384, 0.03654105211474412, 0.03646788532881584, 0.03572808397059345, 0.03427781350345514, 0.03309813106562172, 0.031639416134799855, 0.02970329439236902, 0.027599049067936567, 0.02603054913364457, 0.024090316372098155, 0.02220132238001286, 0.02051452966091278, 0.019044426362309692, 0.017805605247084858, 0.01643252777018217, 0.01523003850809785, 0.01424180324883461, 0.013706552220618947, 0.0130880570946912, 0.012988920737072255, 0.013178248200839212, 0.013386796436950147, 0.01359897371732897, 0.01439195864266014, 0.015495810506657983, 0.016686507754200334, 0.01807173050136072, 0.019341411872889052, 0.020370802976522343, 0.0213787239197115, 0.02262888584538598, 0.02401686851684336, 0.025523335513576738, 0.026670410326906566, 0.02758824337325398, 0.02810647098585074, 0.028219175888028712, 0.02804128716256827, 0.027840212128430745, 0.02799079668741686, 0.027988272685847155, 0.02831306909632167, 0.028434723397990712, 0.0285549391753426, 0.02832607944879636, 0.02800347501499142, 0.027460301198426997, 0.02681840364884072, 0.026203190519756815, 0.02552364346313934, 0.024940794741503684, 0.024553643852497812, 0.024009602077058226, 0.023587486328410737, 0.023053226444370627, 0.02237349941244249, 0.021247392964358097, 0.01948489409103017, 0.01759577829009665, 0.015969918059865678, 0.014849832783247986, 0.014164911869984548, 0.013546042864334782, 0.01328357500957488, 0.012905521640083246, 0.012806686101790404, 0.01256569256360443, 0.01270015008783326, 0.013333718053885597, 0.014364706842779438, 0.015230812921928084, 0.016214173123414017, 0.017422309714956504, 0.01848297873673576, 0.019690103784110968, 0.02062988015396428, 0.021304326954883004, 0.021542023987470748, 0.021445001132587415, 0.02128479356968176, 0.021154257299581803, 0.020548768777841446, 0.020419411659703072, 0.020346908766621045, 0.02018386842926173, 0.020060715556614095, 0.019970155121820186, 0.019905412966441507, 0.019860328269953802, 0.019689549628068632, 0.019110038324468673, 0.018401772510693467, 0.01773443768827515, 0.01691379473734185, 0.0163889904882787, 0.015891976533507178, 0.015695148472402557, 0.015634975895130635, 0.01548249397414641, 0.015250362203767827, 0.01446715870868431, 0.013690714184349355, 0.013111437378948002, 0.01280400987898366, 0.012789088065484542, 0.012885508256999974, 0.012645414791893052, 0.012533763320360268, 0.01300792748125149, 0.014045480441271196, 0.015593406388961941, 0.017496649938682926, 0.01947963017829757, 0.021814960986639112, 0.0244888991790445, 0.027455202671237973, 0.030462142682767764, 0.03347516022004274, 0.03632355277573078, 0.03911728575744543, 0.041489125175428104, 0.043617926344794986, 0.04507509866910146, 0.045973158335007626, 0.046666313335408376, 0.047747911364257295, 0.04910015737076979, 0.051170936172887156, 0.05323921785426519, 0.05484930583024696, 0.05598397968583077, 0.056516639752925084, 0.05678375349578094, 0.05655312215346535, 0.05709318659280136, 0.05753330561326649, 0.05822424761198231, 0.05856641837777238, 0.058663546697002605, 0.05829520111627496, 0.058019458378357286, 0.05786276302771312, 0.057678835712609886, 0.05721489013034267, 0.05620972754199197, 0.05488023496470325, 0.05291870088860013, 0.05085359195424363, 0.04836971777146554, 0.045888993393773454, 0.04332790860019442, 0.040721243397433354, 0.03815348906679705, 0.03609755066086763, 0.03431153121207709, 0.03269994312791247, 0.03113246913067769, 0.029533434333839276, 0.02779284963423818, 0.02581340528028532, 0.023636664296078556, 0.021032966406022018, 0.018298152858289164, 0.015471223173718233, 0.012975006021594128, 0.011476514573927241, 0.011190786613452559, 0.012013514795745658, 0.013192708648177051, 0.0146026096239084, 0.016627808096549106, 0.019288816219412905, 0.022115031993867204, 0.024956066779425322, 0.027947127033299147, 0.030317719296220055, 0.03213024736687776, 0.033908117916643665, 0.035613155393420214, 0.03695858371541455, 0.0370883147011733, 0.035844860180821725, 0.03331269225961453, 0.030127822662769057, 0.026675716455458534, 0.02305094507263966, 0.019294584365168215, 0.016588874620184203, 0.013459760460278334, 0.010513659470637583, 0.008184205378854309, 0.005908681970234855, 0.003908372487361734, 0.002250880846271649, 0.001837561814419065, 0.003902446460586522, 0.00649131804032715, 0.008842266053540701, 0.011337576744963709, 0.013847821453172829, 0.016241515374979285, 0.018506880743639053, 0.020753891025054552, 0.022854281545735794, 0.025177910908837288, 0.027764777035113285, 0.0302577363231247, 0.032552204835272186, 0.033962244268502154, 0.03530995724171245, 0.036795414568091225, 0.03840706162943578, 0.039993850675796264, 0.04133645030179679, 0.04211247094820217, 0.04239213751353172, 0.042192499106345205, 0.04200269786908514, 0.041897190162155235, 0.041830932940717325, 0.04166737666619139, 0.04206882264734189, 0.0426127097658282, 0.042895687146734904, 0.04300135533202284, 0.04249799814293581, 0.041897582995049115, 0.04072077112408416, 0.03927976254850985, 0.037331499513228325, 0.035889992777759706, 0.03456359233645024, 0.033243529781910974, 0.03199033675126687, 0.03059935779738079, 0.029272240636492235, 0.027900707354997015, 0.02654938414970694, 0.02543173352052397, 0.024311103096379235, 0.023065212419431085, 0.021685454855791198, 0.02041159885695607, 0.019056064221564174, 0.017656707279948437, 0.01626614648165674, 0.015012383850973622, 0.013603567963072178, 0.012189757837366814, 0.010674529938407772, 0.009407142987148039, 0.008344525906195775, 0.007439054007672372, 0.0072034584519923735, 0.007775010970036668, 0.009047582903156274, 0.010731538882415681, 0.01253460028234948, 0.014333543563369548, 0.016070624592636203, 0.017817726146123574, 0.019557256660804743, 0.02116824086555951, 0.022529303997840977, 0.023628588936546305, 0.02391411988476377, 0.02359656311707365, 0.022355277074164143, 0.020961866673625245, 0.018393580144489934, 0.015660552711922182, 0.013874328661167971, 0.01254026736778108, 0.011812131260623127, 0.010800298354986543, 0.00961805971638548, 0.008471507575266851, 0.007656757785702683, 0.006719580941926242, 0.0056999472982024405, 0.005125787188458596, 0.00504686530895439, 0.005697178935649704, 0.006245540782853768, 0.0070976650798796875, 0.007900543705723831, 0.008755370167568399, 0.009807746909975117, 0.011209592216881203, 0.01276960312030194, 0.014467251258771754, 0.015865855510978952, 0.01751794577394112, 0.01978728846519214, 0.022540086452385207, 0.024859037758439572, 0.02589623397823137, 0.02611181133516041, 0.026565850619759173, 0.0272557734372972, 0.02776644526036269, 0.02799937699621002, 0.02818388188652303, 0.02806005928616626, 0.028083982827741123, 0.02781538632605852, 0.027763976455106594, 0.028120518002563644, 0.028688559534023904, 0.029389365084960088, 0.030059907204608147, 0.03052096911154336, 0.031053468449087778, 0.03142000488428638, 0.03173833045042581, 0.031892653890475096, 0.03198060527161537, 0.031944507243272385, 0.03180892531117334, 0.03180195743523648, 0.03175983113429147, 0.03185651864929952, 0.032146459060636644, 0.032526908876218445, 0.033087790299913135, 0.03370146462957083, 0.0342847740780508, 0.0344768243549477, 0.03441738754137779, 0.034008301029805295]",0.012885508256999974,0.02946662346106732,0.012656191864106006,0.0024201509333410254,0.0,0.0,0.0013110379351269352,0.02946662346106732,0.012656191864106006,0.0024201509333410254,4.584,1717635305.288497,2024-06-06_10-55-05
0.5059,-0.011759999999999993,0.3896141004918194,0.47659664074808417,-0.023864064707965663,0.3859537544966425,0.5059,-0.011759999999999993,0.3923665359055441,0.47659664074808417,-0.023864064707965663,0.3859537544966425,0.012645414791893052,"[0.011315756658919754, 0.012192407496521018, 0.01288995615295488, 0.01359963525141729, 0.014321891165186378, 0.015181047888625853, 0.01592941522152252, 0.01673874496494045, 0.01751440457689525, 0.01835087734908702, 0.019202544572813795, 0.020070622325609303, 0.02095627718778323, 0.02186061264947246, 0.022737260153569413, 0.023681097053535004, 0.024646250751560458, 0.025633386418693636, 0.02659237614956749, 0.027623542314219474, 0.0286250346734827, 0.029647102596467904, 0.03056454213255984, 0.031680305841655834, 0.03263530150735364, 0.033606764937046466, 0.034593095597664145, 0.03536350794006898, 0.035930760474075646, 0.03631257033147624, 0.03661317474198803, 0.03688385713543919, 0.03738127616234113, 0.037934719347479336, 0.03858163380471939, 0.03921882339006296, 0.03999131852533767, 0.04074980907886149, 0.04127472956039594, 0.04151563832077664, 0.04151964454301027, 0.04123464219442919, 0.04096829512038153, 0.04056460486818273, 0.04028281736824196, 0.04000166841569801, 0.03919762289117317, 0.037812479337396496, 0.03622310391275238, 0.03453579653228067, 0.0330206041779641, 0.031565009966306234, 0.03054064037737075, 0.029904305612678588, 0.029394155816597912, 0.028896840658953926, 0.02825322628704274, 0.027685220830545497, 0.02666364029859006, 0.025486033827772144, 0.02414387260068274, 0.023028867611909868, 0.022681878550084772, 0.02299235797660897, 0.02387546679328945, 0.024738332374206702, 0.025547718436096926, 0.026640938816603423, 0.02759836215880636, 0.028240938725365098, 0.028199955208514017, 0.028168175430310402, 0.02767018559717724, 0.027414861073674215, 0.027239233260695786, 0.0274939869379551, 0.027874761581110984, 0.02868161073982207, 0.029514734605865275, 0.030345172291974937, 0.031248268714928727, 0.032298002681611045, 0.033509628354587276, 0.0348066615601669, 0.03569061118903811, 0.03631377821401384, 0.03654105211474412, 0.03646788532881584, 0.03572808397059345, 0.03427781350345514, 0.03309813106562172, 0.031639416134799855, 0.02970329439236902, 0.027599049067936567, 0.02603054913364457, 0.024090316372098155, 0.02220132238001286, 0.02051452966091278, 0.019044426362309692, 0.017805605247084858, 0.01643252777018217, 0.01523003850809785, 0.01424180324883461, 0.013706552220618947, 0.0130880570946912, 0.012988920737072255, 0.013178248200839212, 0.013386796436950147, 0.01359897371732897, 0.01439195864266014, 0.015495810506657983, 0.016686507754200334, 0.01807173050136072, 0.019341411872889052, 0.020370802976522343, 0.0213787239197115, 0.02262888584538598, 0.02401686851684336, 0.025523335513576738, 0.026670410326906566, 0.02758824337325398, 0.02810647098585074, 0.028219175888028712, 0.02804128716256827, 0.027840212128430745, 0.02799079668741686, 0.027988272685847155, 0.02831306909632167, 0.028434723397990712, 0.0285549391753426, 0.02832607944879636, 0.02800347501499142, 0.027460301198426997, 0.02681840364884072, 0.026203190519756815, 0.02552364346313934, 0.024940794741503684, 0.024553643852497812, 0.024009602077058226, 0.023587486328410737, 0.023053226444370627, 0.02237349941244249, 0.021247392964358097, 0.01948489409103017, 0.01759577829009665, 0.015969918059865678, 0.014849832783247986, 0.014164911869984548, 0.013546042864334782, 0.01328357500957488, 0.012905521640083246, 0.012806686101790404, 0.01256569256360443, 0.01270015008783326, 0.013333718053885597, 0.014364706842779438, 0.015230812921928084, 0.016214173123414017, 0.017422309714956504, 0.01848297873673576, 0.019690103784110968, 0.02062988015396428, 0.021304326954883004, 0.021542023987470748, 0.021445001132587415, 0.02128479356968176, 0.021154257299581803, 0.020548768777841446, 0.020419411659703072, 0.020346908766621045, 0.02018386842926173, 0.020060715556614095, 0.019970155121820186, 0.019905412966441507, 0.019860328269953802, 0.019689549628068632, 0.019110038324468673, 0.018401772510693467, 0.01773443768827515, 0.01691379473734185, 0.0163889904882787, 0.015891976533507178, 0.015695148472402557, 0.015634975895130635, 0.01548249397414641, 0.015250362203767827, 0.01446715870868431, 0.013690714184349355, 0.013111437378948002, 0.01280400987898366, 0.012789088065484542, 0.012885508256999974, 0.012645414791893052, 0.012533763320360268, 0.01300792748125149, 0.014045480441271196, 0.015593406388961941, 0.017496649938682926, 0.01947963017829757, 0.021814960986639112, 0.0244888991790445, 0.027455202671237973, 0.030462142682767764, 0.03347516022004274, 0.03632355277573078, 0.03911728575744543, 0.041489125175428104, 0.043617926344794986, 0.04507509866910146, 0.045973158335007626, 0.046666313335408376, 0.047747911364257295, 0.04910015737076979, 0.051170936172887156, 0.05323921785426519, 0.05484930583024696, 0.05598397968583077, 0.056516639752925084, 0.05678375349578094, 0.05655312215346535, 0.05709318659280136, 0.05753330561326649, 0.05822424761198231, 0.05856641837777238, 0.058663546697002605, 0.05829520111627496, 0.058019458378357286, 0.05786276302771312, 0.057678835712609886, 0.05721489013034267, 0.05620972754199197, 0.05488023496470325, 0.05291870088860013, 0.05085359195424363, 0.04836971777146554, 0.045888993393773454, 0.04332790860019442, 0.040721243397433354, 0.03815348906679705, 0.03609755066086763, 0.03431153121207709, 0.03269994312791247, 0.03113246913067769, 0.029533434333839276, 0.02779284963423818, 0.02581340528028532, 0.023636664296078556, 0.021032966406022018, 0.018298152858289164, 0.015471223173718233, 0.012975006021594128, 0.011476514573927241, 0.011190786613452559, 0.012013514795745658, 0.013192708648177051, 0.0146026096239084, 0.016627808096549106, 0.019288816219412905, 0.022115031993867204, 0.024956066779425322, 0.027947127033299147, 0.030317719296220055, 0.03213024736687776, 0.033908117916643665, 0.035613155393420214, 0.03695858371541455, 0.0370883147011733, 0.035844860180821725, 0.03331269225961453, 0.030127822662769057, 0.026675716455458534, 0.02305094507263966, 0.019294584365168215, 0.016588874620184203, 0.013459760460278334, 0.010513659470637583, 0.008184205378854309, 0.005908681970234855, 0.003908372487361734, 0.002250880846271649, 0.001837561814419065, 0.003902446460586522, 0.00649131804032715, 0.008842266053540701, 0.011337576744963709, 0.013847821453172829, 0.016241515374979285, 0.018506880743639053, 0.020753891025054552, 0.022854281545735794, 0.025177910908837288, 0.027764777035113285, 0.0302577363231247, 0.032552204835272186, 0.033962244268502154, 0.03530995724171245, 0.036795414568091225, 0.03840706162943578, 0.039993850675796264, 0.04133645030179679, 0.04211247094820217, 0.04239213751353172, 0.042192499106345205, 0.04200269786908514, 0.041897190162155235, 0.041830932940717325, 0.04166737666619139, 0.04206882264734189, 0.0426127097658282, 0.042895687146734904, 0.04300135533202284, 0.04249799814293581, 0.041897582995049115, 0.04072077112408416, 0.03927976254850985, 0.037331499513228325, 0.035889992777759706, 0.03456359233645024, 0.033243529781910974, 0.03199033675126687, 0.03059935779738079, 0.029272240636492235, 0.027900707354997015, 0.02654938414970694, 0.02543173352052397, 0.024311103096379235, 0.023065212419431085, 0.021685454855791198, 0.02041159885695607, 0.019056064221564174, 0.017656707279948437, 0.01626614648165674, 0.015012383850973622, 0.013603567963072178, 0.012189757837366814, 0.010674529938407772, 0.009407142987148039, 0.008344525906195775, 0.007439054007672372, 0.0072034584519923735, 0.007775010970036668, 0.009047582903156274, 0.010731538882415681, 0.01253460028234948, 0.014333543563369548, 0.016070624592636203, 0.017817726146123574, 0.019557256660804743, 0.02116824086555951, 0.022529303997840977, 0.023628588936546305, 0.02391411988476377, 0.02359656311707365, 0.022355277074164143, 0.020961866673625245, 0.018393580144489934, 0.015660552711922182, 0.013874328661167971, 0.01254026736778108, 0.011812131260623127, 0.010800298354986543, 0.00961805971638548, 0.008471507575266851, 0.007656757785702683, 0.006719580941926242, 0.0056999472982024405, 0.005125787188458596, 0.00504686530895439, 0.005697178935649704, 0.006245540782853768, 0.0070976650798796875, 0.007900543705723831, 0.008755370167568399, 0.009807746909975117, 0.011209592216881203, 0.01276960312030194, 0.014467251258771754, 0.015865855510978952, 0.01751794577394112, 0.01978728846519214, 0.022540086452385207, 0.024859037758439572, 0.02589623397823137, 0.02611181133516041, 0.026565850619759173, 0.0272557734372972, 0.02776644526036269, 0.02799937699621002, 0.02818388188652303, 0.02806005928616626, 0.028083982827741123, 0.02781538632605852, 0.027763976455106594, 0.028120518002563644, 0.028688559534023904, 0.029389365084960088, 0.030059907204608147, 0.03052096911154336, 0.031053468449087778, 0.03142000488428638, 0.03173833045042581, 0.031892653890475096, 0.03198060527161537, 0.031944507243272385, 0.03180892531117334, 0.03180195743523648, 0.03175983113429147, 0.03185651864929952, 0.032146459060636644, 0.032526908876218445, 0.033087790299913135, 0.03370146462957083, 0.0342847740780508, 0.0344768243549477, 0.03441738754137779, 0.034008301029805295]",0.012645414791893052,0.02930335925191585,0.01210406470796567,0.0036603459951768946,0.0,0.0,0.0027524354137247187,0.02930335925191585,0.01210406470796567,0.0036603459951768946,4.608,1717635305.3112192,2024-06-06_10-55-05
0.5059,-0.011039999999999994,0.391401440410557,0.47651241688196366,-0.022365098994130618,0.3860313979764649,0.5059,-0.011039999999999994,0.39584302782885744,0.47651241688196366,-0.022365098994130618,0.3860313979764649,0.012533763320360268,"[0.011315756658919754, 0.012192407496521018, 0.01288995615295488, 0.01359963525141729, 0.014321891165186378, 0.015181047888625853, 0.01592941522152252, 0.01673874496494045, 0.01751440457689525, 0.01835087734908702, 0.019202544572813795, 0.020070622325609303, 0.02095627718778323, 0.02186061264947246, 0.022737260153569413, 0.023681097053535004, 0.024646250751560458, 0.025633386418693636, 0.02659237614956749, 0.027623542314219474, 0.0286250346734827, 0.029647102596467904, 0.03056454213255984, 0.031680305841655834, 0.03263530150735364, 0.033606764937046466, 0.034593095597664145, 0.03536350794006898, 0.035930760474075646, 0.03631257033147624, 0.03661317474198803, 0.03688385713543919, 0.03738127616234113, 0.037934719347479336, 0.03858163380471939, 0.03921882339006296, 0.03999131852533767, 0.04074980907886149, 0.04127472956039594, 0.04151563832077664, 0.04151964454301027, 0.04123464219442919, 0.04096829512038153, 0.04056460486818273, 0.04028281736824196, 0.04000166841569801, 0.03919762289117317, 0.037812479337396496, 0.03622310391275238, 0.03453579653228067, 0.0330206041779641, 0.031565009966306234, 0.03054064037737075, 0.029904305612678588, 0.029394155816597912, 0.028896840658953926, 0.02825322628704274, 0.027685220830545497, 0.02666364029859006, 0.025486033827772144, 0.02414387260068274, 0.023028867611909868, 0.022681878550084772, 0.02299235797660897, 0.02387546679328945, 0.024738332374206702, 0.025547718436096926, 0.026640938816603423, 0.02759836215880636, 0.028240938725365098, 0.028199955208514017, 0.028168175430310402, 0.02767018559717724, 0.027414861073674215, 0.027239233260695786, 0.0274939869379551, 0.027874761581110984, 0.02868161073982207, 0.029514734605865275, 0.030345172291974937, 0.031248268714928727, 0.032298002681611045, 0.033509628354587276, 0.0348066615601669, 0.03569061118903811, 0.03631377821401384, 0.03654105211474412, 0.03646788532881584, 0.03572808397059345, 0.03427781350345514, 0.03309813106562172, 0.031639416134799855, 0.02970329439236902, 0.027599049067936567, 0.02603054913364457, 0.024090316372098155, 0.02220132238001286, 0.02051452966091278, 0.019044426362309692, 0.017805605247084858, 0.01643252777018217, 0.01523003850809785, 0.01424180324883461, 0.013706552220618947, 0.0130880570946912, 0.012988920737072255, 0.013178248200839212, 0.013386796436950147, 0.01359897371732897, 0.01439195864266014, 0.015495810506657983, 0.016686507754200334, 0.01807173050136072, 0.019341411872889052, 0.020370802976522343, 0.0213787239197115, 0.02262888584538598, 0.02401686851684336, 0.025523335513576738, 0.026670410326906566, 0.02758824337325398, 0.02810647098585074, 0.028219175888028712, 0.02804128716256827, 0.027840212128430745, 0.02799079668741686, 0.027988272685847155, 0.02831306909632167, 0.028434723397990712, 0.0285549391753426, 0.02832607944879636, 0.02800347501499142, 0.027460301198426997, 0.02681840364884072, 0.026203190519756815, 0.02552364346313934, 0.024940794741503684, 0.024553643852497812, 0.024009602077058226, 0.023587486328410737, 0.023053226444370627, 0.02237349941244249, 0.021247392964358097, 0.01948489409103017, 0.01759577829009665, 0.015969918059865678, 0.014849832783247986, 0.014164911869984548, 0.013546042864334782, 0.01328357500957488, 0.012905521640083246, 0.012806686101790404, 0.01256569256360443, 0.01270015008783326, 0.013333718053885597, 0.014364706842779438, 0.015230812921928084, 0.016214173123414017, 0.017422309714956504, 0.01848297873673576, 0.019690103784110968, 0.02062988015396428, 0.021304326954883004, 0.021542023987470748, 0.021445001132587415, 0.02128479356968176, 0.021154257299581803, 0.020548768777841446, 0.020419411659703072, 0.020346908766621045, 0.02018386842926173, 0.020060715556614095, 0.019970155121820186, 0.019905412966441507, 0.019860328269953802, 0.019689549628068632, 0.019110038324468673, 0.018401772510693467, 0.01773443768827515, 0.01691379473734185, 0.0163889904882787, 0.015891976533507178, 0.015695148472402557, 0.015634975895130635, 0.01548249397414641, 0.015250362203767827, 0.01446715870868431, 0.013690714184349355, 0.013111437378948002, 0.01280400987898366, 0.012789088065484542, 0.012885508256999974, 0.012645414791893052, 0.012533763320360268, 0.01300792748125149, 0.014045480441271196, 0.015593406388961941, 0.017496649938682926, 0.01947963017829757, 0.021814960986639112, 0.0244888991790445, 0.027455202671237973, 0.030462142682767764, 0.03347516022004274, 0.03632355277573078, 0.03911728575744543, 0.041489125175428104, 0.043617926344794986, 0.04507509866910146, 0.045973158335007626, 0.046666313335408376, 0.047747911364257295, 0.04910015737076979, 0.051170936172887156, 0.05323921785426519, 0.05484930583024696, 0.05598397968583077, 0.056516639752925084, 0.05678375349578094, 0.05655312215346535, 0.05709318659280136, 0.05753330561326649, 0.05822424761198231, 0.05856641837777238, 0.058663546697002605, 0.05829520111627496, 0.058019458378357286, 0.05786276302771312, 0.057678835712609886, 0.05721489013034267, 0.05620972754199197, 0.05488023496470325, 0.05291870088860013, 0.05085359195424363, 0.04836971777146554, 0.045888993393773454, 0.04332790860019442, 0.040721243397433354, 0.03815348906679705, 0.03609755066086763, 0.03431153121207709, 0.03269994312791247, 0.03113246913067769, 0.029533434333839276, 0.02779284963423818, 0.02581340528028532, 0.023636664296078556, 0.021032966406022018, 0.018298152858289164, 0.015471223173718233, 0.012975006021594128, 0.011476514573927241, 0.011190786613452559, 0.012013514795745658, 0.013192708648177051, 0.0146026096239084, 0.016627808096549106, 0.019288816219412905, 0.022115031993867204, 0.024956066779425322, 0.027947127033299147, 0.030317719296220055, 0.03213024736687776, 0.033908117916643665, 0.035613155393420214, 0.03695858371541455, 0.0370883147011733, 0.035844860180821725, 0.03331269225961453, 0.030127822662769057, 0.026675716455458534, 0.02305094507263966, 0.019294584365168215, 0.016588874620184203, 0.013459760460278334, 0.010513659470637583, 0.008184205378854309, 0.005908681970234855, 0.003908372487361734, 0.002250880846271649, 0.001837561814419065, 0.003902446460586522, 0.00649131804032715, 0.008842266053540701, 0.011337576744963709, 0.013847821453172829, 0.016241515374979285, 0.018506880743639053, 0.020753891025054552, 0.022854281545735794, 0.025177910908837288, 0.027764777035113285, 0.0302577363231247, 0.032552204835272186, 0.033962244268502154, 0.03530995724171245, 0.036795414568091225, 0.03840706162943578, 0.039993850675796264, 0.04133645030179679, 0.04211247094820217, 0.04239213751353172, 0.042192499106345205, 0.04200269786908514, 0.041897190162155235, 0.041830932940717325, 0.04166737666619139, 0.04206882264734189, 0.0426127097658282, 0.042895687146734904, 0.04300135533202284, 0.04249799814293581, 0.041897582995049115, 0.04072077112408416, 0.03927976254850985, 0.037331499513228325, 0.035889992777759706, 0.03456359233645024, 0.033243529781910974, 0.03199033675126687, 0.03059935779738079, 0.029272240636492235, 0.027900707354997015, 0.02654938414970694, 0.02543173352052397, 0.024311103096379235, 0.023065212419431085, 0.021685454855791198, 0.02041159885695607, 0.019056064221564174, 0.017656707279948437, 0.01626614648165674, 0.015012383850973622, 0.013603567963072178, 0.012189757837366814, 0.010674529938407772, 0.009407142987148039, 0.008344525906195775, 0.007439054007672372, 0.0072034584519923735, 0.007775010970036668, 0.009047582903156274, 0.010731538882415681, 0.01253460028234948, 0.014333543563369548, 0.016070624592636203, 0.017817726146123574, 0.019557256660804743, 0.02116824086555951, 0.022529303997840977, 0.023628588936546305, 0.02391411988476377, 0.02359656311707365, 0.022355277074164143, 0.020961866673625245, 0.018393580144489934, 0.015660552711922182, 0.013874328661167971, 0.01254026736778108, 0.011812131260623127, 0.010800298354986543, 0.00961805971638548, 0.008471507575266851, 0.007656757785702683, 0.006719580941926242, 0.0056999472982024405, 0.005125787188458596, 0.00504686530895439, 0.005697178935649704, 0.006245540782853768, 0.0070976650798796875, 0.007900543705723831, 0.008755370167568399, 0.009807746909975117, 0.011209592216881203, 0.01276960312030194, 0.014467251258771754, 0.015865855510978952, 0.01751794577394112, 0.01978728846519214, 0.022540086452385207, 0.024859037758439572, 0.02589623397823137, 0.02611181133516041, 0.026565850619759173, 0.0272557734372972, 0.02776644526036269, 0.02799937699621002, 0.02818388188652303, 0.02806005928616626, 0.028083982827741123, 0.02781538632605852, 0.027763976455106594, 0.028120518002563644, 0.028688559534023904, 0.029389365084960088, 0.030059907204608147, 0.03052096911154336, 0.031053468449087778, 0.03142000488428638, 0.03173833045042581, 0.031892653890475096, 0.03198060527161537, 0.031944507243272385, 0.03180892531117334, 0.03180195743523648, 0.03175983113429147, 0.03185651864929952, 0.032146459060636644, 0.032526908876218445, 0.033087790299913135, 0.03370146462957083, 0.0342847740780508, 0.0344768243549477, 0.03441738754137779, 0.034008301029805295]",0.012533763320360268,0.029387583118036353,0.011325098994130624,0.005370042434092115,0.0,0.0,0.004441587418300419,0.029387583118036353,0.011325098994130624,0.005370042434092115,4.632,1717635305.3351252,2024-06-06_10-55-05
0.5059,-0.010319999999999968,0.3933589975876288,0.4761601819384187,-0.020877734143448585,0.3857602853866202,0.5059,-0.010319999999999968,0.3994897370105049,0.4761601819384187,-0.020877734143448585,0.3857602853866202,0.01300792748125149,"[0.011315756658919754, 0.012192407496521018, 0.01288995615295488, 0.01359963525141729, 0.014321891165186378, 0.015181047888625853, 0.01592941522152252, 0.01673874496494045, 0.01751440457689525, 0.01835087734908702, 0.019202544572813795, 0.020070622325609303, 0.02095627718778323, 0.02186061264947246, 0.022737260153569413, 0.023681097053535004, 0.024646250751560458, 0.025633386418693636, 0.02659237614956749, 0.027623542314219474, 0.0286250346734827, 0.029647102596467904, 0.03056454213255984, 0.031680305841655834, 0.03263530150735364, 0.033606764937046466, 0.034593095597664145, 0.03536350794006898, 0.035930760474075646, 0.03631257033147624, 0.03661317474198803, 0.03688385713543919, 0.03738127616234113, 0.037934719347479336, 0.03858163380471939, 0.03921882339006296, 0.03999131852533767, 0.04074980907886149, 0.04127472956039594, 0.04151563832077664, 0.04151964454301027, 0.04123464219442919, 0.04096829512038153, 0.04056460486818273, 0.04028281736824196, 0.04000166841569801, 0.03919762289117317, 0.037812479337396496, 0.03622310391275238, 0.03453579653228067, 0.0330206041779641, 0.031565009966306234, 0.03054064037737075, 0.029904305612678588, 0.029394155816597912, 0.028896840658953926, 0.02825322628704274, 0.027685220830545497, 0.02666364029859006, 0.025486033827772144, 0.02414387260068274, 0.023028867611909868, 0.022681878550084772, 0.02299235797660897, 0.02387546679328945, 0.024738332374206702, 0.025547718436096926, 0.026640938816603423, 0.02759836215880636, 0.028240938725365098, 0.028199955208514017, 0.028168175430310402, 0.02767018559717724, 0.027414861073674215, 0.027239233260695786, 0.0274939869379551, 0.027874761581110984, 0.02868161073982207, 0.029514734605865275, 0.030345172291974937, 0.031248268714928727, 0.032298002681611045, 0.033509628354587276, 0.0348066615601669, 0.03569061118903811, 0.03631377821401384, 0.03654105211474412, 0.03646788532881584, 0.03572808397059345, 0.03427781350345514, 0.03309813106562172, 0.031639416134799855, 0.02970329439236902, 0.027599049067936567, 0.02603054913364457, 0.024090316372098155, 0.02220132238001286, 0.02051452966091278, 0.019044426362309692, 0.017805605247084858, 0.01643252777018217, 0.01523003850809785, 0.01424180324883461, 0.013706552220618947, 0.0130880570946912, 0.012988920737072255, 0.013178248200839212, 0.013386796436950147, 0.01359897371732897, 0.01439195864266014, 0.015495810506657983, 0.016686507754200334, 0.01807173050136072, 0.019341411872889052, 0.020370802976522343, 0.0213787239197115, 0.02262888584538598, 0.02401686851684336, 0.025523335513576738, 0.026670410326906566, 0.02758824337325398, 0.02810647098585074, 0.028219175888028712, 0.02804128716256827, 0.027840212128430745, 0.02799079668741686, 0.027988272685847155, 0.02831306909632167, 0.028434723397990712, 0.0285549391753426, 0.02832607944879636, 0.02800347501499142, 0.027460301198426997, 0.02681840364884072, 0.026203190519756815, 0.02552364346313934, 0.024940794741503684, 0.024553643852497812, 0.024009602077058226, 0.023587486328410737, 0.023053226444370627, 0.02237349941244249, 0.021247392964358097, 0.01948489409103017, 0.01759577829009665, 0.015969918059865678, 0.014849832783247986, 0.014164911869984548, 0.013546042864334782, 0.01328357500957488, 0.012905521640083246, 0.012806686101790404, 0.01256569256360443, 0.01270015008783326, 0.013333718053885597, 0.014364706842779438, 0.015230812921928084, 0.016214173123414017, 0.017422309714956504, 0.01848297873673576, 0.019690103784110968, 0.02062988015396428, 0.021304326954883004, 0.021542023987470748, 0.021445001132587415, 0.02128479356968176, 0.021154257299581803, 0.020548768777841446, 0.020419411659703072, 0.020346908766621045, 0.02018386842926173, 0.020060715556614095, 0.019970155121820186, 0.019905412966441507, 0.019860328269953802, 0.019689549628068632, 0.019110038324468673, 0.018401772510693467, 0.01773443768827515, 0.01691379473734185, 0.0163889904882787, 0.015891976533507178, 0.015695148472402557, 0.015634975895130635, 0.01548249397414641, 0.015250362203767827, 0.01446715870868431, 0.013690714184349355, 0.013111437378948002, 0.01280400987898366, 0.012789088065484542, 0.012885508256999974, 0.012645414791893052, 0.012533763320360268, 0.01300792748125149, 0.014045480441271196, 0.015593406388961941, 0.017496649938682926, 0.01947963017829757, 0.021814960986639112, 0.0244888991790445, 0.027455202671237973, 0.030462142682767764, 0.03347516022004274, 0.03632355277573078, 0.03911728575744543, 0.041489125175428104, 0.043617926344794986, 0.04507509866910146, 0.045973158335007626, 0.046666313335408376, 0.047747911364257295, 0.04910015737076979, 0.051170936172887156, 0.05323921785426519, 0.05484930583024696, 0.05598397968583077, 0.056516639752925084, 0.05678375349578094, 0.05655312215346535, 0.05709318659280136, 0.05753330561326649, 0.05822424761198231, 0.05856641837777238, 0.058663546697002605, 0.05829520111627496, 0.058019458378357286, 0.05786276302771312, 0.057678835712609886, 0.05721489013034267, 0.05620972754199197, 0.05488023496470325, 0.05291870088860013, 0.05085359195424363, 0.04836971777146554, 0.045888993393773454, 0.04332790860019442, 0.040721243397433354, 0.03815348906679705, 0.03609755066086763, 0.03431153121207709, 0.03269994312791247, 0.03113246913067769, 0.029533434333839276, 0.02779284963423818, 0.02581340528028532, 0.023636664296078556, 0.021032966406022018, 0.018298152858289164, 0.015471223173718233, 0.012975006021594128, 0.011476514573927241, 0.011190786613452559, 0.012013514795745658, 0.013192708648177051, 0.0146026096239084, 0.016627808096549106, 0.019288816219412905, 0.022115031993867204, 0.024956066779425322, 0.027947127033299147, 0.030317719296220055, 0.03213024736687776, 0.033908117916643665, 0.035613155393420214, 0.03695858371541455, 0.0370883147011733, 0.035844860180821725, 0.03331269225961453, 0.030127822662769057, 0.026675716455458534, 0.02305094507263966, 0.019294584365168215, 0.016588874620184203, 0.013459760460278334, 0.010513659470637583, 0.008184205378854309, 0.005908681970234855, 0.003908372487361734, 0.002250880846271649, 0.001837561814419065, 0.003902446460586522, 0.00649131804032715, 0.008842266053540701, 0.011337576744963709, 0.013847821453172829, 0.016241515374979285, 0.018506880743639053, 0.020753891025054552, 0.022854281545735794, 0.025177910908837288, 0.027764777035113285, 0.0302577363231247, 0.032552204835272186, 0.033962244268502154, 0.03530995724171245, 0.036795414568091225, 0.03840706162943578, 0.039993850675796264, 0.04133645030179679, 0.04211247094820217, 0.04239213751353172, 0.042192499106345205, 0.04200269786908514, 0.041897190162155235, 0.041830932940717325, 0.04166737666619139, 0.04206882264734189, 0.0426127097658282, 0.042895687146734904, 0.04300135533202284, 0.04249799814293581, 0.041897582995049115, 0.04072077112408416, 0.03927976254850985, 0.037331499513228325, 0.035889992777759706, 0.03456359233645024, 0.033243529781910974, 0.03199033675126687, 0.03059935779738079, 0.029272240636492235, 0.027900707354997015, 0.02654938414970694, 0.02543173352052397, 0.024311103096379235, 0.023065212419431085, 0.021685454855791198, 0.02041159885695607, 0.019056064221564174, 0.017656707279948437, 0.01626614648165674, 0.015012383850973622, 0.013603567963072178, 0.012189757837366814, 0.010674529938407772, 0.009407142987148039, 0.008344525906195775, 0.007439054007672372, 0.0072034584519923735, 0.007775010970036668, 0.009047582903156274, 0.010731538882415681, 0.01253460028234948, 0.014333543563369548, 0.016070624592636203, 0.017817726146123574, 0.019557256660804743, 0.02116824086555951, 0.022529303997840977, 0.023628588936546305, 0.02391411988476377, 0.02359656311707365, 0.022355277074164143, 0.020961866673625245, 0.018393580144489934, 0.015660552711922182, 0.013874328661167971, 0.01254026736778108, 0.011812131260623127, 0.010800298354986543, 0.00961805971638548, 0.008471507575266851, 0.007656757785702683, 0.006719580941926242, 0.0056999472982024405, 0.005125787188458596, 0.00504686530895439, 0.005697178935649704, 0.006245540782853768, 0.0070976650798796875, 0.007900543705723831, 0.008755370167568399, 0.009807746909975117, 0.011209592216881203, 0.01276960312030194, 0.014467251258771754, 0.015865855510978952, 0.01751794577394112, 0.01978728846519214, 0.022540086452385207, 0.024859037758439572, 0.02589623397823137, 0.02611181133516041, 0.026565850619759173, 0.0272557734372972, 0.02776644526036269, 0.02799937699621002, 0.02818388188652303, 0.02806005928616626, 0.028083982827741123, 0.02781538632605852, 0.027763976455106594, 0.028120518002563644, 0.028688559534023904, 0.029389365084960088, 0.030059907204608147, 0.03052096911154336, 0.031053468449087778, 0.03142000488428638, 0.03173833045042581, 0.031892653890475096, 0.03198060527161537, 0.031944507243272385, 0.03180892531117334, 0.03180195743523648, 0.03175983113429147, 0.03185651864929952, 0.032146459060636644, 0.032526908876218445, 0.033087790299913135, 0.03370146462957083, 0.0342847740780508, 0.0344768243549477, 0.03441738754137779, 0.034008301029805295]",0.01300792748125149,0.029739818061581325,0.010557734143448617,0.007598712201008606,0.0,0.0,0.006130739422876064,0.029739818061581325,0.010557734143448617,0.007598712201008606,4.656000000000001,1717635305.3591802,2024-06-06_10-55-05
0.5059,-0.009599999999999997,0.39547978765545744,0.47571360600183416,-0.019526695988677047,0.3855431771883759,0.5059,-0.009599999999999997,0.40329967908290915,0.47571360600183416,-0.019526695988677047,0.3855431771883759,0.014045480441271196,"[0.011315756658919754, 0.012192407496521018, 0.01288995615295488, 0.01359963525141729, 0.014321891165186378, 0.015181047888625853, 0.01592941522152252, 0.01673874496494045, 0.01751440457689525, 0.01835087734908702, 0.019202544572813795, 0.020070622325609303, 0.02095627718778323, 0.02186061264947246, 0.022737260153569413, 0.023681097053535004, 0.024646250751560458, 0.025633386418693636, 0.02659237614956749, 0.027623542314219474, 0.0286250346734827, 0.029647102596467904, 0.03056454213255984, 0.031680305841655834, 0.03263530150735364, 0.033606764937046466, 0.034593095597664145, 0.03536350794006898, 0.035930760474075646, 0.03631257033147624, 0.03661317474198803, 0.03688385713543919, 0.03738127616234113, 0.037934719347479336, 0.03858163380471939, 0.03921882339006296, 0.03999131852533767, 0.04074980907886149, 0.04127472956039594, 0.04151563832077664, 0.04151964454301027, 0.04123464219442919, 0.04096829512038153, 0.04056460486818273, 0.04028281736824196, 0.04000166841569801, 0.03919762289117317, 0.037812479337396496, 0.03622310391275238, 0.03453579653228067, 0.0330206041779641, 0.031565009966306234, 0.03054064037737075, 0.029904305612678588, 0.029394155816597912, 0.028896840658953926, 0.02825322628704274, 0.027685220830545497, 0.02666364029859006, 0.025486033827772144, 0.02414387260068274, 0.023028867611909868, 0.022681878550084772, 0.02299235797660897, 0.02387546679328945, 0.024738332374206702, 0.025547718436096926, 0.026640938816603423, 0.02759836215880636, 0.028240938725365098, 0.028199955208514017, 0.028168175430310402, 0.02767018559717724, 0.027414861073674215, 0.027239233260695786, 0.0274939869379551, 0.027874761581110984, 0.02868161073982207, 0.029514734605865275, 0.030345172291974937, 0.031248268714928727, 0.032298002681611045, 0.033509628354587276, 0.0348066615601669, 0.03569061118903811, 0.03631377821401384, 0.03654105211474412, 0.03646788532881584, 0.03572808397059345, 0.03427781350345514, 0.03309813106562172, 0.031639416134799855, 0.02970329439236902, 0.027599049067936567, 0.02603054913364457, 0.024090316372098155, 0.02220132238001286, 0.02051452966091278, 0.019044426362309692, 0.017805605247084858, 0.01643252777018217, 0.01523003850809785, 0.01424180324883461, 0.013706552220618947, 0.0130880570946912, 0.012988920737072255, 0.013178248200839212, 0.013386796436950147, 0.01359897371732897, 0.01439195864266014, 0.015495810506657983, 0.016686507754200334, 0.01807173050136072, 0.019341411872889052, 0.020370802976522343, 0.0213787239197115, 0.02262888584538598, 0.02401686851684336, 0.025523335513576738, 0.026670410326906566, 0.02758824337325398, 0.02810647098585074, 0.028219175888028712, 0.02804128716256827, 0.027840212128430745, 0.02799079668741686, 0.027988272685847155, 0.02831306909632167, 0.028434723397990712, 0.0285549391753426, 0.02832607944879636, 0.02800347501499142, 0.027460301198426997, 0.02681840364884072, 0.026203190519756815, 0.02552364346313934, 0.024940794741503684, 0.024553643852497812, 0.024009602077058226, 0.023587486328410737, 0.023053226444370627, 0.02237349941244249, 0.021247392964358097, 0.01948489409103017, 0.01759577829009665, 0.015969918059865678, 0.014849832783247986, 0.014164911869984548, 0.013546042864334782, 0.01328357500957488, 0.012905521640083246, 0.012806686101790404, 0.01256569256360443, 0.01270015008783326, 0.013333718053885597, 0.014364706842779438, 0.015230812921928084, 0.016214173123414017, 0.017422309714956504, 0.01848297873673576, 0.019690103784110968, 0.02062988015396428, 0.021304326954883004, 0.021542023987470748, 0.021445001132587415, 0.02128479356968176, 0.021154257299581803, 0.020548768777841446, 0.020419411659703072, 0.020346908766621045, 0.02018386842926173, 0.020060715556614095, 0.019970155121820186, 0.019905412966441507, 0.019860328269953802, 0.019689549628068632, 0.019110038324468673, 0.018401772510693467, 0.01773443768827515, 0.01691379473734185, 0.0163889904882787, 0.015891976533507178, 0.015695148472402557, 0.015634975895130635, 0.01548249397414641, 0.015250362203767827, 0.01446715870868431, 0.013690714184349355, 0.013111437378948002, 0.01280400987898366, 0.012789088065484542, 0.012885508256999974, 0.012645414791893052, 0.012533763320360268, 0.01300792748125149, 0.014045480441271196, 0.015593406388961941, 0.017496649938682926, 0.01947963017829757, 0.021814960986639112, 0.0244888991790445, 0.027455202671237973, 0.030462142682767764, 0.03347516022004274, 0.03632355277573078, 0.03911728575744543, 0.041489125175428104, 0.043617926344794986, 0.04507509866910146, 0.045973158335007626, 0.046666313335408376, 0.047747911364257295, 0.04910015737076979, 0.051170936172887156, 0.05323921785426519, 0.05484930583024696, 0.05598397968583077, 0.056516639752925084, 0.05678375349578094, 0.05655312215346535, 0.05709318659280136, 0.05753330561326649, 0.05822424761198231, 0.05856641837777238, 0.058663546697002605, 0.05829520111627496, 0.058019458378357286, 0.05786276302771312, 0.057678835712609886, 0.05721489013034267, 0.05620972754199197, 0.05488023496470325, 0.05291870088860013, 0.05085359195424363, 0.04836971777146554, 0.045888993393773454, 0.04332790860019442, 0.040721243397433354, 0.03815348906679705, 0.03609755066086763, 0.03431153121207709, 0.03269994312791247, 0.03113246913067769, 0.029533434333839276, 0.02779284963423818, 0.02581340528028532, 0.023636664296078556, 0.021032966406022018, 0.018298152858289164, 0.015471223173718233, 0.012975006021594128, 0.011476514573927241, 0.011190786613452559, 0.012013514795745658, 0.013192708648177051, 0.0146026096239084, 0.016627808096549106, 0.019288816219412905, 0.022115031993867204, 0.024956066779425322, 0.027947127033299147, 0.030317719296220055, 0.03213024736687776, 0.033908117916643665, 0.035613155393420214, 0.03695858371541455, 0.0370883147011733, 0.035844860180821725, 0.03331269225961453, 0.030127822662769057, 0.026675716455458534, 0.02305094507263966, 0.019294584365168215, 0.016588874620184203, 0.013459760460278334, 0.010513659470637583, 0.008184205378854309, 0.005908681970234855, 0.003908372487361734, 0.002250880846271649, 0.001837561814419065, 0.003902446460586522, 0.00649131804032715, 0.008842266053540701, 0.011337576744963709, 0.013847821453172829, 0.016241515374979285, 0.018506880743639053, 0.020753891025054552, 0.022854281545735794, 0.025177910908837288, 0.027764777035113285, 0.0302577363231247, 0.032552204835272186, 0.033962244268502154, 0.03530995724171245, 0.036795414568091225, 0.03840706162943578, 0.039993850675796264, 0.04133645030179679, 0.04211247094820217, 0.04239213751353172, 0.042192499106345205, 0.04200269786908514, 0.041897190162155235, 0.041830932940717325, 0.04166737666619139, 0.04206882264734189, 0.0426127097658282, 0.042895687146734904, 0.04300135533202284, 0.04249799814293581, 0.041897582995049115, 0.04072077112408416, 0.03927976254850985, 0.037331499513228325, 0.035889992777759706, 0.03456359233645024, 0.033243529781910974, 0.03199033675126687, 0.03059935779738079, 0.029272240636492235, 0.027900707354997015, 0.02654938414970694, 0.02543173352052397, 0.024311103096379235, 0.023065212419431085, 0.021685454855791198, 0.02041159885695607, 0.019056064221564174, 0.017656707279948437, 0.01626614648165674, 0.015012383850973622, 0.013603567963072178, 0.012189757837366814, 0.010674529938407772, 0.009407142987148039, 0.008344525906195775, 0.007439054007672372, 0.0072034584519923735, 0.007775010970036668, 0.009047582903156274, 0.010731538882415681, 0.01253460028234948, 0.014333543563369548, 0.016070624592636203, 0.017817726146123574, 0.019557256660804743, 0.02116824086555951, 0.022529303997840977, 0.023628588936546305, 0.02391411988476377, 0.02359656311707365, 0.022355277074164143, 0.020961866673625245, 0.018393580144489934, 0.015660552711922182, 0.013874328661167971, 0.01254026736778108, 0.011812131260623127, 0.010800298354986543, 0.00961805971638548, 0.008471507575266851, 0.007656757785702683, 0.006719580941926242, 0.0056999472982024405, 0.005125787188458596, 0.00504686530895439, 0.005697178935649704, 0.006245540782853768, 0.0070976650798796875, 0.007900543705723831, 0.008755370167568399, 0.009807746909975117, 0.011209592216881203, 0.01276960312030194, 0.014467251258771754, 0.015865855510978952, 0.01751794577394112, 0.01978728846519214, 0.022540086452385207, 0.024859037758439572, 0.02589623397823137, 0.02611181133516041, 0.026565850619759173, 0.0272557734372972, 0.02776644526036269, 0.02799937699621002, 0.02818388188652303, 0.02806005928616626, 0.028083982827741123, 0.02781538632605852, 0.027763976455106594, 0.028120518002563644, 0.028688559534023904, 0.029389365084960088, 0.030059907204608147, 0.03052096911154336, 0.031053468449087778, 0.03142000488428638, 0.03173833045042581, 0.031892653890475096, 0.03198060527161537, 0.031944507243272385, 0.03180892531117334, 0.03180195743523648, 0.03175983113429147, 0.03185651864929952, 0.032146459060636644, 0.032526908876218445, 0.033087790299913135, 0.03370146462957083, 0.0342847740780508, 0.0344768243549477, 0.03441738754137779, 0.034008301029805295]",0.014045480441271196,0.03018639399816586,0.00992669598867705,0.009936610467081552,0.0,0.0,0.007819891427451708,0.03018639399816586,0.00992669598867705,0.009936610467081552,4.680000000000001,1717635305.3832066,2024-06-06_10-55-05
0.5059,-0.008879999999999999,0.3977560482750378,0.47543626630245966,-0.018323116699998684,0.38534710513706166,0.5059,-0.008879999999999999,0.40730196234657595,0.47543626630245966,-0.018323116699998684,0.38534710513706166,0.015593406388961941,"[0.011315756658919754, 0.012192407496521018, 0.01288995615295488, 0.01359963525141729, 0.014321891165186378, 0.015181047888625853, 0.01592941522152252, 0.01673874496494045, 0.01751440457689525, 0.01835087734908702, 0.019202544572813795, 0.020070622325609303, 0.02095627718778323, 0.02186061264947246, 0.022737260153569413, 0.023681097053535004, 0.024646250751560458, 0.025633386418693636, 0.02659237614956749, 0.027623542314219474, 0.0286250346734827, 0.029647102596467904, 0.03056454213255984, 0.031680305841655834, 0.03263530150735364, 0.033606764937046466, 0.034593095597664145, 0.03536350794006898, 0.035930760474075646, 0.03631257033147624, 0.03661317474198803, 0.03688385713543919, 0.03738127616234113, 0.037934719347479336, 0.03858163380471939, 0.03921882339006296, 0.03999131852533767, 0.04074980907886149, 0.04127472956039594, 0.04151563832077664, 0.04151964454301027, 0.04123464219442919, 0.04096829512038153, 0.04056460486818273, 0.04028281736824196, 0.04000166841569801, 0.03919762289117317, 0.037812479337396496, 0.03622310391275238, 0.03453579653228067, 0.0330206041779641, 0.031565009966306234, 0.03054064037737075, 0.029904305612678588, 0.029394155816597912, 0.028896840658953926, 0.02825322628704274, 0.027685220830545497, 0.02666364029859006, 0.025486033827772144, 0.02414387260068274, 0.023028867611909868, 0.022681878550084772, 0.02299235797660897, 0.02387546679328945, 0.024738332374206702, 0.025547718436096926, 0.026640938816603423, 0.02759836215880636, 0.028240938725365098, 0.028199955208514017, 0.028168175430310402, 0.02767018559717724, 0.027414861073674215, 0.027239233260695786, 0.0274939869379551, 0.027874761581110984, 0.02868161073982207, 0.029514734605865275, 0.030345172291974937, 0.031248268714928727, 0.032298002681611045, 0.033509628354587276, 0.0348066615601669, 0.03569061118903811, 0.03631377821401384, 0.03654105211474412, 0.03646788532881584, 0.03572808397059345, 0.03427781350345514, 0.03309813106562172, 0.031639416134799855, 0.02970329439236902, 0.027599049067936567, 0.02603054913364457, 0.024090316372098155, 0.02220132238001286, 0.02051452966091278, 0.019044426362309692, 0.017805605247084858, 0.01643252777018217, 0.01523003850809785, 0.01424180324883461, 0.013706552220618947, 0.0130880570946912, 0.012988920737072255, 0.013178248200839212, 0.013386796436950147, 0.01359897371732897, 0.01439195864266014, 0.015495810506657983, 0.016686507754200334, 0.01807173050136072, 0.019341411872889052, 0.020370802976522343, 0.0213787239197115, 0.02262888584538598, 0.02401686851684336, 0.025523335513576738, 0.026670410326906566, 0.02758824337325398, 0.02810647098585074, 0.028219175888028712, 0.02804128716256827, 0.027840212128430745, 0.02799079668741686, 0.027988272685847155, 0.02831306909632167, 0.028434723397990712, 0.0285549391753426, 0.02832607944879636, 0.02800347501499142, 0.027460301198426997, 0.02681840364884072, 0.026203190519756815, 0.02552364346313934, 0.024940794741503684, 0.024553643852497812, 0.024009602077058226, 0.023587486328410737, 0.023053226444370627, 0.02237349941244249, 0.021247392964358097, 0.01948489409103017, 0.01759577829009665, 0.015969918059865678, 0.014849832783247986, 0.014164911869984548, 0.013546042864334782, 0.01328357500957488, 0.012905521640083246, 0.012806686101790404, 0.01256569256360443, 0.01270015008783326, 0.013333718053885597, 0.014364706842779438, 0.015230812921928084, 0.016214173123414017, 0.017422309714956504, 0.01848297873673576, 0.019690103784110968, 0.02062988015396428, 0.021304326954883004, 0.021542023987470748, 0.021445001132587415, 0.02128479356968176, 0.021154257299581803, 0.020548768777841446, 0.020419411659703072, 0.020346908766621045, 0.02018386842926173, 0.020060715556614095, 0.019970155121820186, 0.019905412966441507, 0.019860328269953802, 0.019689549628068632, 0.019110038324468673, 0.018401772510693467, 0.01773443768827515, 0.01691379473734185, 0.0163889904882787, 0.015891976533507178, 0.015695148472402557, 0.015634975895130635, 0.01548249397414641, 0.015250362203767827, 0.01446715870868431, 0.013690714184349355, 0.013111437378948002, 0.01280400987898366, 0.012789088065484542, 0.012885508256999974, 0.012645414791893052, 0.012533763320360268, 0.01300792748125149, 0.014045480441271196, 0.015593406388961941, 0.017496649938682926, 0.01947963017829757, 0.021814960986639112, 0.0244888991790445, 0.027455202671237973, 0.030462142682767764, 0.03347516022004274, 0.03632355277573078, 0.03911728575744543, 0.041489125175428104, 0.043617926344794986, 0.04507509866910146, 0.045973158335007626, 0.046666313335408376, 0.047747911364257295, 0.04910015737076979, 0.051170936172887156, 0.05323921785426519, 0.05484930583024696, 0.05598397968583077, 0.056516639752925084, 0.05678375349578094, 0.05655312215346535, 0.05709318659280136, 0.05753330561326649, 0.05822424761198231, 0.05856641837777238, 0.058663546697002605, 0.05829520111627496, 0.058019458378357286, 0.05786276302771312, 0.057678835712609886, 0.05721489013034267, 0.05620972754199197, 0.05488023496470325, 0.05291870088860013, 0.05085359195424363, 0.04836971777146554, 0.045888993393773454, 0.04332790860019442, 0.040721243397433354, 0.03815348906679705, 0.03609755066086763, 0.03431153121207709, 0.03269994312791247, 0.03113246913067769, 0.029533434333839276, 0.02779284963423818, 0.02581340528028532, 0.023636664296078556, 0.021032966406022018, 0.018298152858289164, 0.015471223173718233, 0.012975006021594128, 0.011476514573927241, 0.011190786613452559, 0.012013514795745658, 0.013192708648177051, 0.0146026096239084, 0.016627808096549106, 0.019288816219412905, 0.022115031993867204, 0.024956066779425322, 0.027947127033299147, 0.030317719296220055, 0.03213024736687776, 0.033908117916643665, 0.035613155393420214, 0.03695858371541455, 0.0370883147011733, 0.035844860180821725, 0.03331269225961453, 0.030127822662769057, 0.026675716455458534, 0.02305094507263966, 0.019294584365168215, 0.016588874620184203, 0.013459760460278334, 0.010513659470637583, 0.008184205378854309, 0.005908681970234855, 0.003908372487361734, 0.002250880846271649, 0.001837561814419065, 0.003902446460586522, 0.00649131804032715, 0.008842266053540701, 0.011337576744963709, 0.013847821453172829, 0.016241515374979285, 0.018506880743639053, 0.020753891025054552, 0.022854281545735794, 0.025177910908837288, 0.027764777035113285, 0.0302577363231247, 0.032552204835272186, 0.033962244268502154, 0.03530995724171245, 0.036795414568091225, 0.03840706162943578, 0.039993850675796264, 0.04133645030179679, 0.04211247094820217, 0.04239213751353172, 0.042192499106345205, 0.04200269786908514, 0.041897190162155235, 0.041830932940717325, 0.04166737666619139, 0.04206882264734189, 0.0426127097658282, 0.042895687146734904, 0.04300135533202284, 0.04249799814293581, 0.041897582995049115, 0.04072077112408416, 0.03927976254850985, 0.037331499513228325, 0.035889992777759706, 0.03456359233645024, 0.033243529781910974, 0.03199033675126687, 0.03059935779738079, 0.029272240636492235, 0.027900707354997015, 0.02654938414970694, 0.02543173352052397, 0.024311103096379235, 0.023065212419431085, 0.021685454855791198, 0.02041159885695607, 0.019056064221564174, 0.017656707279948437, 0.01626614648165674, 0.015012383850973622, 0.013603567963072178, 0.012189757837366814, 0.010674529938407772, 0.009407142987148039, 0.008344525906195775, 0.007439054007672372, 0.0072034584519923735, 0.007775010970036668, 0.009047582903156274, 0.010731538882415681, 0.01253460028234948, 0.014333543563369548, 0.016070624592636203, 0.017817726146123574, 0.019557256660804743, 0.02116824086555951, 0.022529303997840977, 0.023628588936546305, 0.02391411988476377, 0.02359656311707365, 0.022355277074164143, 0.020961866673625245, 0.018393580144489934, 0.015660552711922182, 0.013874328661167971, 0.01254026736778108, 0.011812131260623127, 0.010800298354986543, 0.00961805971638548, 0.008471507575266851, 0.007656757785702683, 0.006719580941926242, 0.0056999472982024405, 0.005125787188458596, 0.00504686530895439, 0.005697178935649704, 0.006245540782853768, 0.0070976650798796875, 0.007900543705723831, 0.008755370167568399, 0.009807746909975117, 0.011209592216881203, 0.01276960312030194, 0.014467251258771754, 0.015865855510978952, 0.01751794577394112, 0.01978728846519214, 0.022540086452385207, 0.024859037758439572, 0.02589623397823137, 0.02611181133516041, 0.026565850619759173, 0.0272557734372972, 0.02776644526036269, 0.02799937699621002, 0.02818388188652303, 0.02806005928616626, 0.028083982827741123, 0.02781538632605852, 0.027763976455106594, 0.028120518002563644, 0.028688559534023904, 0.029389365084960088, 0.030059907204608147, 0.03052096911154336, 0.031053468449087778, 0.03142000488428638, 0.03173833045042581, 0.031892653890475096, 0.03198060527161537, 0.031944507243272385, 0.03180892531117334, 0.03180195743523648, 0.03175983113429147, 0.03185651864929952, 0.032146459060636644, 0.032526908876218445, 0.033087790299913135, 0.03370146462957083, 0.0342847740780508, 0.0344768243549477, 0.03441738754137779, 0.034008301029805295]",0.015593406388961941,0.03046373369754035,0.009443116699998685,0.012408943137976136,0.0,0.0,0.009545914071538153,0.03046373369754035,0.009443116699998685,0.012408943137976136,4.704,1717635305.4075882,2024-06-06_10-55-05
0.5059,-0.00816,0.400179274823924,0.475155547711351,-0.017121818680940246,0.3851520140952761,0.5059,-0.00816,0.41163556473710233,0.475155547711351,-0.017121818680940246,0.3851520140952761,0.017496649938682926,"[0.011315756658919754, 0.012192407496521018, 0.01288995615295488, 0.01359963525141729, 0.014321891165186378, 0.015181047888625853, 0.01592941522152252, 0.01673874496494045, 0.01751440457689525, 0.01835087734908702, 0.019202544572813795, 0.020070622325609303, 0.02095627718778323, 0.02186061264947246, 0.022737260153569413, 0.023681097053535004, 0.024646250751560458, 0.025633386418693636, 0.02659237614956749, 0.027623542314219474, 0.0286250346734827, 0.029647102596467904, 0.03056454213255984, 0.031680305841655834, 0.03263530150735364, 0.033606764937046466, 0.034593095597664145, 0.03536350794006898, 0.035930760474075646, 0.03631257033147624, 0.03661317474198803, 0.03688385713543919, 0.03738127616234113, 0.037934719347479336, 0.03858163380471939, 0.03921882339006296, 0.03999131852533767, 0.04074980907886149, 0.04127472956039594, 0.04151563832077664, 0.04151964454301027, 0.04123464219442919, 0.04096829512038153, 0.04056460486818273, 0.04028281736824196, 0.04000166841569801, 0.03919762289117317, 0.037812479337396496, 0.03622310391275238, 0.03453579653228067, 0.0330206041779641, 0.031565009966306234, 0.03054064037737075, 0.029904305612678588, 0.029394155816597912, 0.028896840658953926, 0.02825322628704274, 0.027685220830545497, 0.02666364029859006, 0.025486033827772144, 0.02414387260068274, 0.023028867611909868, 0.022681878550084772, 0.02299235797660897, 0.02387546679328945, 0.024738332374206702, 0.025547718436096926, 0.026640938816603423, 0.02759836215880636, 0.028240938725365098, 0.028199955208514017, 0.028168175430310402, 0.02767018559717724, 0.027414861073674215, 0.027239233260695786, 0.0274939869379551, 0.027874761581110984, 0.02868161073982207, 0.029514734605865275, 0.030345172291974937, 0.031248268714928727, 0.032298002681611045, 0.033509628354587276, 0.0348066615601669, 0.03569061118903811, 0.03631377821401384, 0.03654105211474412, 0.03646788532881584, 0.03572808397059345, 0.03427781350345514, 0.03309813106562172, 0.031639416134799855, 0.02970329439236902, 0.027599049067936567, 0.02603054913364457, 0.024090316372098155, 0.02220132238001286, 0.02051452966091278, 0.019044426362309692, 0.017805605247084858, 0.01643252777018217, 0.01523003850809785, 0.01424180324883461, 0.013706552220618947, 0.0130880570946912, 0.012988920737072255, 0.013178248200839212, 0.013386796436950147, 0.01359897371732897, 0.01439195864266014, 0.015495810506657983, 0.016686507754200334, 0.01807173050136072, 0.019341411872889052, 0.020370802976522343, 0.0213787239197115, 0.02262888584538598, 0.02401686851684336, 0.025523335513576738, 0.026670410326906566, 0.02758824337325398, 0.02810647098585074, 0.028219175888028712, 0.02804128716256827, 0.027840212128430745, 0.02799079668741686, 0.027988272685847155, 0.02831306909632167, 0.028434723397990712, 0.0285549391753426, 0.02832607944879636, 0.02800347501499142, 0.027460301198426997, 0.02681840364884072, 0.026203190519756815, 0.02552364346313934, 0.024940794741503684, 0.024553643852497812, 0.024009602077058226, 0.023587486328410737, 0.023053226444370627, 0.02237349941244249, 0.021247392964358097, 0.01948489409103017, 0.01759577829009665, 0.015969918059865678, 0.014849832783247986, 0.014164911869984548, 0.013546042864334782, 0.01328357500957488, 0.012905521640083246, 0.012806686101790404, 0.01256569256360443, 0.01270015008783326, 0.013333718053885597, 0.014364706842779438, 0.015230812921928084, 0.016214173123414017, 0.017422309714956504, 0.01848297873673576, 0.019690103784110968, 0.02062988015396428, 0.021304326954883004, 0.021542023987470748, 0.021445001132587415, 0.02128479356968176, 0.021154257299581803, 0.020548768777841446, 0.020419411659703072, 0.020346908766621045, 0.02018386842926173, 0.020060715556614095, 0.019970155121820186, 0.019905412966441507, 0.019860328269953802, 0.019689549628068632, 0.019110038324468673, 0.018401772510693467, 0.01773443768827515, 0.01691379473734185, 0.0163889904882787, 0.015891976533507178, 0.015695148472402557, 0.015634975895130635, 0.01548249397414641, 0.015250362203767827, 0.01446715870868431, 0.013690714184349355, 0.013111437378948002, 0.01280400987898366, 0.012789088065484542, 0.012885508256999974, 0.012645414791893052, 0.012533763320360268, 0.01300792748125149, 0.014045480441271196, 0.015593406388961941, 0.017496649938682926, 0.01947963017829757, 0.021814960986639112, 0.0244888991790445, 0.027455202671237973, 0.030462142682767764, 0.03347516022004274, 0.03632355277573078, 0.03911728575744543, 0.041489125175428104, 0.043617926344794986, 0.04507509866910146, 0.045973158335007626, 0.046666313335408376, 0.047747911364257295, 0.04910015737076979, 0.051170936172887156, 0.05323921785426519, 0.05484930583024696, 0.05598397968583077, 0.056516639752925084, 0.05678375349578094, 0.05655312215346535, 0.05709318659280136, 0.05753330561326649, 0.05822424761198231, 0.05856641837777238, 0.058663546697002605, 0.05829520111627496, 0.058019458378357286, 0.05786276302771312, 0.057678835712609886, 0.05721489013034267, 0.05620972754199197, 0.05488023496470325, 0.05291870088860013, 0.05085359195424363, 0.04836971777146554, 0.045888993393773454, 0.04332790860019442, 0.040721243397433354, 0.03815348906679705, 0.03609755066086763, 0.03431153121207709, 0.03269994312791247, 0.03113246913067769, 0.029533434333839276, 0.02779284963423818, 0.02581340528028532, 0.023636664296078556, 0.021032966406022018, 0.018298152858289164, 0.015471223173718233, 0.012975006021594128, 0.011476514573927241, 0.011190786613452559, 0.012013514795745658, 0.013192708648177051, 0.0146026096239084, 0.016627808096549106, 0.019288816219412905, 0.022115031993867204, 0.024956066779425322, 0.027947127033299147, 0.030317719296220055, 0.03213024736687776, 0.033908117916643665, 0.035613155393420214, 0.03695858371541455, 0.0370883147011733, 0.035844860180821725, 0.03331269225961453, 0.030127822662769057, 0.026675716455458534, 0.02305094507263966, 0.019294584365168215, 0.016588874620184203, 0.013459760460278334, 0.010513659470637583, 0.008184205378854309, 0.005908681970234855, 0.003908372487361734, 0.002250880846271649, 0.001837561814419065, 0.003902446460586522, 0.00649131804032715, 0.008842266053540701, 0.011337576744963709, 0.013847821453172829, 0.016241515374979285, 0.018506880743639053, 0.020753891025054552, 0.022854281545735794, 0.025177910908837288, 0.027764777035113285, 0.0302577363231247, 0.032552204835272186, 0.033962244268502154, 0.03530995724171245, 0.036795414568091225, 0.03840706162943578, 0.039993850675796264, 0.04133645030179679, 0.04211247094820217, 0.04239213751353172, 0.042192499106345205, 0.04200269786908514, 0.041897190162155235, 0.041830932940717325, 0.04166737666619139, 0.04206882264734189, 0.0426127097658282, 0.042895687146734904, 0.04300135533202284, 0.04249799814293581, 0.041897582995049115, 0.04072077112408416, 0.03927976254850985, 0.037331499513228325, 0.035889992777759706, 0.03456359233645024, 0.033243529781910974, 0.03199033675126687, 0.03059935779738079, 0.029272240636492235, 0.027900707354997015, 0.02654938414970694, 0.02543173352052397, 0.024311103096379235, 0.023065212419431085, 0.021685454855791198, 0.02041159885695607, 0.019056064221564174, 0.017656707279948437, 0.01626614648165674, 0.015012383850973622, 0.013603567963072178, 0.012189757837366814, 0.010674529938407772, 0.009407142987148039, 0.008344525906195775, 0.007439054007672372, 0.0072034584519923735, 0.007775010970036668, 0.009047582903156274, 0.010731538882415681, 0.01253460028234948, 0.014333543563369548, 0.016070624592636203, 0.017817726146123574, 0.019557256660804743, 0.02116824086555951, 0.022529303997840977, 0.023628588936546305, 0.02391411988476377, 0.02359656311707365, 0.022355277074164143, 0.020961866673625245, 0.018393580144489934, 0.015660552711922182, 0.013874328661167971, 0.01254026736778108, 0.011812131260623127, 0.010800298354986543, 0.00961805971638548, 0.008471507575266851, 0.007656757785702683, 0.006719580941926242, 0.0056999472982024405, 0.005125787188458596, 0.00504686530895439, 0.005697178935649704, 0.006245540782853768, 0.0070976650798796875, 0.007900543705723831, 0.008755370167568399, 0.009807746909975117, 0.011209592216881203, 0.01276960312030194, 0.014467251258771754, 0.015865855510978952, 0.01751794577394112, 0.01978728846519214, 0.022540086452385207, 0.024859037758439572, 0.02589623397823137, 0.02611181133516041, 0.026565850619759173, 0.0272557734372972, 0.02776644526036269, 0.02799937699621002, 0.02818388188652303, 0.02806005928616626, 0.028083982827741123, 0.02781538632605852, 0.027763976455106594, 0.028120518002563644, 0.028688559534023904, 0.029389365084960088, 0.030059907204608147, 0.03052096911154336, 0.031053468449087778, 0.03142000488428638, 0.03173833045042581, 0.031892653890475096, 0.03198060527161537, 0.031944507243272385, 0.03180892531117334, 0.03180195743523648, 0.03175983113429147, 0.03185651864929952, 0.032146459060636644, 0.032526908876218445, 0.033087790299913135, 0.03370146462957083, 0.0342847740780508, 0.0344768243549477, 0.03441738754137779, 0.034008301029805295]",0.017496649938682926,0.030744452288649027,0.008961818680940245,0.015027260728647907,0.0,0.0,0.011456289913178319,0.030744452288649027,0.008961818680940245,0.015027260728647907,4.728,1717635305.4309924,2024-06-06_10-55-05
0.5059,-0.007439999999999974,0.4027402598813748,0.47503232425375413,-0.015867980958226204,0.38517822330098306,0.5059,-0.007439999999999974,0.4161069256361934,0.47503232425375413,-0.015867980958226204,0.38517822330098306,0.01947963017829757,"[0.011315756658919754, 0.012192407496521018, 0.01288995615295488, 0.01359963525141729, 0.014321891165186378, 0.015181047888625853, 0.01592941522152252, 0.01673874496494045, 0.01751440457689525, 0.01835087734908702, 0.019202544572813795, 0.020070622325609303, 0.02095627718778323, 0.02186061264947246, 0.022737260153569413, 0.023681097053535004, 0.024646250751560458, 0.025633386418693636, 0.02659237614956749, 0.027623542314219474, 0.0286250346734827, 0.029647102596467904, 0.03056454213255984, 0.031680305841655834, 0.03263530150735364, 0.033606764937046466, 0.034593095597664145, 0.03536350794006898, 0.035930760474075646, 0.03631257033147624, 0.03661317474198803, 0.03688385713543919, 0.03738127616234113, 0.037934719347479336, 0.03858163380471939, 0.03921882339006296, 0.03999131852533767, 0.04074980907886149, 0.04127472956039594, 0.04151563832077664, 0.04151964454301027, 0.04123464219442919, 0.04096829512038153, 0.04056460486818273, 0.04028281736824196, 0.04000166841569801, 0.03919762289117317, 0.037812479337396496, 0.03622310391275238, 0.03453579653228067, 0.0330206041779641, 0.031565009966306234, 0.03054064037737075, 0.029904305612678588, 0.029394155816597912, 0.028896840658953926, 0.02825322628704274, 0.027685220830545497, 0.02666364029859006, 0.025486033827772144, 0.02414387260068274, 0.023028867611909868, 0.022681878550084772, 0.02299235797660897, 0.02387546679328945, 0.024738332374206702, 0.025547718436096926, 0.026640938816603423, 0.02759836215880636, 0.028240938725365098, 0.028199955208514017, 0.028168175430310402, 0.02767018559717724, 0.027414861073674215, 0.027239233260695786, 0.0274939869379551, 0.027874761581110984, 0.02868161073982207, 0.029514734605865275, 0.030345172291974937, 0.031248268714928727, 0.032298002681611045, 0.033509628354587276, 0.0348066615601669, 0.03569061118903811, 0.03631377821401384, 0.03654105211474412, 0.03646788532881584, 0.03572808397059345, 0.03427781350345514, 0.03309813106562172, 0.031639416134799855, 0.02970329439236902, 0.027599049067936567, 0.02603054913364457, 0.024090316372098155, 0.02220132238001286, 0.02051452966091278, 0.019044426362309692, 0.017805605247084858, 0.01643252777018217, 0.01523003850809785, 0.01424180324883461, 0.013706552220618947, 0.0130880570946912, 0.012988920737072255, 0.013178248200839212, 0.013386796436950147, 0.01359897371732897, 0.01439195864266014, 0.015495810506657983, 0.016686507754200334, 0.01807173050136072, 0.019341411872889052, 0.020370802976522343, 0.0213787239197115, 0.02262888584538598, 0.02401686851684336, 0.025523335513576738, 0.026670410326906566, 0.02758824337325398, 0.02810647098585074, 0.028219175888028712, 0.02804128716256827, 0.027840212128430745, 0.02799079668741686, 0.027988272685847155, 0.02831306909632167, 0.028434723397990712, 0.0285549391753426, 0.02832607944879636, 0.02800347501499142, 0.027460301198426997, 0.02681840364884072, 0.026203190519756815, 0.02552364346313934, 0.024940794741503684, 0.024553643852497812, 0.024009602077058226, 0.023587486328410737, 0.023053226444370627, 0.02237349941244249, 0.021247392964358097, 0.01948489409103017, 0.01759577829009665, 0.015969918059865678, 0.014849832783247986, 0.014164911869984548, 0.013546042864334782, 0.01328357500957488, 0.012905521640083246, 0.012806686101790404, 0.01256569256360443, 0.01270015008783326, 0.013333718053885597, 0.014364706842779438, 0.015230812921928084, 0.016214173123414017, 0.017422309714956504, 0.01848297873673576, 0.019690103784110968, 0.02062988015396428, 0.021304326954883004, 0.021542023987470748, 0.021445001132587415, 0.02128479356968176, 0.021154257299581803, 0.020548768777841446, 0.020419411659703072, 0.020346908766621045, 0.02018386842926173, 0.020060715556614095, 0.019970155121820186, 0.019905412966441507, 0.019860328269953802, 0.019689549628068632, 0.019110038324468673, 0.018401772510693467, 0.01773443768827515, 0.01691379473734185, 0.0163889904882787, 0.015891976533507178, 0.015695148472402557, 0.015634975895130635, 0.01548249397414641, 0.015250362203767827, 0.01446715870868431, 0.013690714184349355, 0.013111437378948002, 0.01280400987898366, 0.012789088065484542, 0.012885508256999974, 0.012645414791893052, 0.012533763320360268, 0.01300792748125149, 0.014045480441271196, 0.015593406388961941, 0.017496649938682926, 0.01947963017829757, 0.021814960986639112, 0.0244888991790445, 0.027455202671237973, 0.030462142682767764, 0.03347516022004274, 0.03632355277573078, 0.03911728575744543, 0.041489125175428104, 0.043617926344794986, 0.04507509866910146, 0.045973158335007626, 0.046666313335408376, 0.047747911364257295, 0.04910015737076979, 0.051170936172887156, 0.05323921785426519, 0.05484930583024696, 0.05598397968583077, 0.056516639752925084, 0.05678375349578094, 0.05655312215346535, 0.05709318659280136, 0.05753330561326649, 0.05822424761198231, 0.05856641837777238, 0.058663546697002605, 0.05829520111627496, 0.058019458378357286, 0.05786276302771312, 0.057678835712609886, 0.05721489013034267, 0.05620972754199197, 0.05488023496470325, 0.05291870088860013, 0.05085359195424363, 0.04836971777146554, 0.045888993393773454, 0.04332790860019442, 0.040721243397433354, 0.03815348906679705, 0.03609755066086763, 0.03431153121207709, 0.03269994312791247, 0.03113246913067769, 0.029533434333839276, 0.02779284963423818, 0.02581340528028532, 0.023636664296078556, 0.021032966406022018, 0.018298152858289164, 0.015471223173718233, 0.012975006021594128, 0.011476514573927241, 0.011190786613452559, 0.012013514795745658, 0.013192708648177051, 0.0146026096239084, 0.016627808096549106, 0.019288816219412905, 0.022115031993867204, 0.024956066779425322, 0.027947127033299147, 0.030317719296220055, 0.03213024736687776, 0.033908117916643665, 0.035613155393420214, 0.03695858371541455, 0.0370883147011733, 0.035844860180821725, 0.03331269225961453, 0.030127822662769057, 0.026675716455458534, 0.02305094507263966, 0.019294584365168215, 0.016588874620184203, 0.013459760460278334, 0.010513659470637583, 0.008184205378854309, 0.005908681970234855, 0.003908372487361734, 0.002250880846271649, 0.001837561814419065, 0.003902446460586522, 0.00649131804032715, 0.008842266053540701, 0.011337576744963709, 0.013847821453172829, 0.016241515374979285, 0.018506880743639053, 0.020753891025054552, 0.022854281545735794, 0.025177910908837288, 0.027764777035113285, 0.0302577363231247, 0.032552204835272186, 0.033962244268502154, 0.03530995724171245, 0.036795414568091225, 0.03840706162943578, 0.039993850675796264, 0.04133645030179679, 0.04211247094820217, 0.04239213751353172, 0.042192499106345205, 0.04200269786908514, 0.041897190162155235, 0.041830932940717325, 0.04166737666619139, 0.04206882264734189, 0.0426127097658282, 0.042895687146734904, 0.04300135533202284, 0.04249799814293581, 0.041897582995049115, 0.04072077112408416, 0.03927976254850985, 0.037331499513228325, 0.035889992777759706, 0.03456359233645024, 0.033243529781910974, 0.03199033675126687, 0.03059935779738079, 0.029272240636492235, 0.027900707354997015, 0.02654938414970694, 0.02543173352052397, 0.024311103096379235, 0.023065212419431085, 0.021685454855791198, 0.02041159885695607, 0.019056064221564174, 0.017656707279948437, 0.01626614648165674, 0.015012383850973622, 0.013603567963072178, 0.012189757837366814, 0.010674529938407772, 0.009407142987148039, 0.008344525906195775, 0.007439054007672372, 0.0072034584519923735, 0.007775010970036668, 0.009047582903156274, 0.010731538882415681, 0.01253460028234948, 0.014333543563369548, 0.016070624592636203, 0.017817726146123574, 0.019557256660804743, 0.02116824086555951, 0.022529303997840977, 0.023628588936546305, 0.02391411988476377, 0.02359656311707365, 0.022355277074164143, 0.020961866673625245, 0.018393580144489934, 0.015660552711922182, 0.013874328661167971, 0.01254026736778108, 0.011812131260623127, 0.010800298354986543, 0.00961805971638548, 0.008471507575266851, 0.007656757785702683, 0.006719580941926242, 0.0056999472982024405, 0.005125787188458596, 0.00504686530895439, 0.005697178935649704, 0.006245540782853768, 0.0070976650798796875, 0.007900543705723831, 0.008755370167568399, 0.009807746909975117, 0.011209592216881203, 0.01276960312030194, 0.014467251258771754, 0.015865855510978952, 0.01751794577394112, 0.01978728846519214, 0.022540086452385207, 0.024859037758439572, 0.02589623397823137, 0.02611181133516041, 0.026565850619759173, 0.0272557734372972, 0.02776644526036269, 0.02799937699621002, 0.02818388188652303, 0.02806005928616626, 0.028083982827741123, 0.02781538632605852, 0.027763976455106594, 0.028120518002563644, 0.028688559534023904, 0.029389365084960088, 0.030059907204608147, 0.03052096911154336, 0.031053468449087778, 0.03142000488428638, 0.03173833045042581, 0.031892653890475096, 0.03198060527161537, 0.031944507243272385, 0.03180892531117334, 0.03180195743523648, 0.03175983113429147, 0.03185651864929952, 0.032146459060636644, 0.032526908876218445, 0.033087790299913135, 0.03370146462957083, 0.0342847740780508, 0.0344768243549477, 0.03441738754137779, 0.034008301029805295]",0.01947963017829757,0.03086767574624588,0.008427980958226229,0.017562036580391738,0.0,0.0,0.013366665754818596,0.03086767574624588,0.008427980958226229,0.017562036580391738,4.752,1717635305.4551277,2024-06-06_10-55-05
0.5059,-0.006720000000000004,0.4054291363118312,0.47480336529796713,-0.014574447034501795,0.3850772276880487,0.5059,-0.006720000000000004,0.42070617790829,0.47480336529796713,-0.014574447034501795,0.3850772276880487,0.021814960986639112,"[0.011315756658919754, 0.012192407496521018, 0.01288995615295488, 0.01359963525141729, 0.014321891165186378, 0.015181047888625853, 0.01592941522152252, 0.01673874496494045, 0.01751440457689525, 0.01835087734908702, 0.019202544572813795, 0.020070622325609303, 0.02095627718778323, 0.02186061264947246, 0.022737260153569413, 0.023681097053535004, 0.024646250751560458, 0.025633386418693636, 0.02659237614956749, 0.027623542314219474, 0.0286250346734827, 0.029647102596467904, 0.03056454213255984, 0.031680305841655834, 0.03263530150735364, 0.033606764937046466, 0.034593095597664145, 0.03536350794006898, 0.035930760474075646, 0.03631257033147624, 0.03661317474198803, 0.03688385713543919, 0.03738127616234113, 0.037934719347479336, 0.03858163380471939, 0.03921882339006296, 0.03999131852533767, 0.04074980907886149, 0.04127472956039594, 0.04151563832077664, 0.04151964454301027, 0.04123464219442919, 0.04096829512038153, 0.04056460486818273, 0.04028281736824196, 0.04000166841569801, 0.03919762289117317, 0.037812479337396496, 0.03622310391275238, 0.03453579653228067, 0.0330206041779641, 0.031565009966306234, 0.03054064037737075, 0.029904305612678588, 0.029394155816597912, 0.028896840658953926, 0.02825322628704274, 0.027685220830545497, 0.02666364029859006, 0.025486033827772144, 0.02414387260068274, 0.023028867611909868, 0.022681878550084772, 0.02299235797660897, 0.02387546679328945, 0.024738332374206702, 0.025547718436096926, 0.026640938816603423, 0.02759836215880636, 0.028240938725365098, 0.028199955208514017, 0.028168175430310402, 0.02767018559717724, 0.027414861073674215, 0.027239233260695786, 0.0274939869379551, 0.027874761581110984, 0.02868161073982207, 0.029514734605865275, 0.030345172291974937, 0.031248268714928727, 0.032298002681611045, 0.033509628354587276, 0.0348066615601669, 0.03569061118903811, 0.03631377821401384, 0.03654105211474412, 0.03646788532881584, 0.03572808397059345, 0.03427781350345514, 0.03309813106562172, 0.031639416134799855, 0.02970329439236902, 0.027599049067936567, 0.02603054913364457, 0.024090316372098155, 0.02220132238001286, 0.02051452966091278, 0.019044426362309692, 0.017805605247084858, 0.01643252777018217, 0.01523003850809785, 0.01424180324883461, 0.013706552220618947, 0.0130880570946912, 0.012988920737072255, 0.013178248200839212, 0.013386796436950147, 0.01359897371732897, 0.01439195864266014, 0.015495810506657983, 0.016686507754200334, 0.01807173050136072, 0.019341411872889052, 0.020370802976522343, 0.0213787239197115, 0.02262888584538598, 0.02401686851684336, 0.025523335513576738, 0.026670410326906566, 0.02758824337325398, 0.02810647098585074, 0.028219175888028712, 0.02804128716256827, 0.027840212128430745, 0.02799079668741686, 0.027988272685847155, 0.02831306909632167, 0.028434723397990712, 0.0285549391753426, 0.02832607944879636, 0.02800347501499142, 0.027460301198426997, 0.02681840364884072, 0.026203190519756815, 0.02552364346313934, 0.024940794741503684, 0.024553643852497812, 0.024009602077058226, 0.023587486328410737, 0.023053226444370627, 0.02237349941244249, 0.021247392964358097, 0.01948489409103017, 0.01759577829009665, 0.015969918059865678, 0.014849832783247986, 0.014164911869984548, 0.013546042864334782, 0.01328357500957488, 0.012905521640083246, 0.012806686101790404, 0.01256569256360443, 0.01270015008783326, 0.013333718053885597, 0.014364706842779438, 0.015230812921928084, 0.016214173123414017, 0.017422309714956504, 0.01848297873673576, 0.019690103784110968, 0.02062988015396428, 0.021304326954883004, 0.021542023987470748, 0.021445001132587415, 0.02128479356968176, 0.021154257299581803, 0.020548768777841446, 0.020419411659703072, 0.020346908766621045, 0.02018386842926173, 0.020060715556614095, 0.019970155121820186, 0.019905412966441507, 0.019860328269953802, 0.019689549628068632, 0.019110038324468673, 0.018401772510693467, 0.01773443768827515, 0.01691379473734185, 0.0163889904882787, 0.015891976533507178, 0.015695148472402557, 0.015634975895130635, 0.01548249397414641, 0.015250362203767827, 0.01446715870868431, 0.013690714184349355, 0.013111437378948002, 0.01280400987898366, 0.012789088065484542, 0.012885508256999974, 0.012645414791893052, 0.012533763320360268, 0.01300792748125149, 0.014045480441271196, 0.015593406388961941, 0.017496649938682926, 0.01947963017829757, 0.021814960986639112, 0.0244888991790445, 0.027455202671237973, 0.030462142682767764, 0.03347516022004274, 0.03632355277573078, 0.03911728575744543, 0.041489125175428104, 0.043617926344794986, 0.04507509866910146, 0.045973158335007626, 0.046666313335408376, 0.047747911364257295, 0.04910015737076979, 0.051170936172887156, 0.05323921785426519, 0.05484930583024696, 0.05598397968583077, 0.056516639752925084, 0.05678375349578094, 0.05655312215346535, 0.05709318659280136, 0.05753330561326649, 0.05822424761198231, 0.05856641837777238, 0.058663546697002605, 0.05829520111627496, 0.058019458378357286, 0.05786276302771312, 0.057678835712609886, 0.05721489013034267, 0.05620972754199197, 0.05488023496470325, 0.05291870088860013, 0.05085359195424363, 0.04836971777146554, 0.045888993393773454, 0.04332790860019442, 0.040721243397433354, 0.03815348906679705, 0.03609755066086763, 0.03431153121207709, 0.03269994312791247, 0.03113246913067769, 0.029533434333839276, 0.02779284963423818, 0.02581340528028532, 0.023636664296078556, 0.021032966406022018, 0.018298152858289164, 0.015471223173718233, 0.012975006021594128, 0.011476514573927241, 0.011190786613452559, 0.012013514795745658, 0.013192708648177051, 0.0146026096239084, 0.016627808096549106, 0.019288816219412905, 0.022115031993867204, 0.024956066779425322, 0.027947127033299147, 0.030317719296220055, 0.03213024736687776, 0.033908117916643665, 0.035613155393420214, 0.03695858371541455, 0.0370883147011733, 0.035844860180821725, 0.03331269225961453, 0.030127822662769057, 0.026675716455458534, 0.02305094507263966, 0.019294584365168215, 0.016588874620184203, 0.013459760460278334, 0.010513659470637583, 0.008184205378854309, 0.005908681970234855, 0.003908372487361734, 0.002250880846271649, 0.001837561814419065, 0.003902446460586522, 0.00649131804032715, 0.008842266053540701, 0.011337576744963709, 0.013847821453172829, 0.016241515374979285, 0.018506880743639053, 0.020753891025054552, 0.022854281545735794, 0.025177910908837288, 0.027764777035113285, 0.0302577363231247, 0.032552204835272186, 0.033962244268502154, 0.03530995724171245, 0.036795414568091225, 0.03840706162943578, 0.039993850675796264, 0.04133645030179679, 0.04211247094820217, 0.04239213751353172, 0.042192499106345205, 0.04200269786908514, 0.041897190162155235, 0.041830932940717325, 0.04166737666619139, 0.04206882264734189, 0.0426127097658282, 0.042895687146734904, 0.04300135533202284, 0.04249799814293581, 0.041897582995049115, 0.04072077112408416, 0.03927976254850985, 0.037331499513228325, 0.035889992777759706, 0.03456359233645024, 0.033243529781910974, 0.03199033675126687, 0.03059935779738079, 0.029272240636492235, 0.027900707354997015, 0.02654938414970694, 0.02543173352052397, 0.024311103096379235, 0.023065212419431085, 0.021685454855791198, 0.02041159885695607, 0.019056064221564174, 0.017656707279948437, 0.01626614648165674, 0.015012383850973622, 0.013603567963072178, 0.012189757837366814, 0.010674529938407772, 0.009407142987148039, 0.008344525906195775, 0.007439054007672372, 0.0072034584519923735, 0.007775010970036668, 0.009047582903156274, 0.010731538882415681, 0.01253460028234948, 0.014333543563369548, 0.016070624592636203, 0.017817726146123574, 0.019557256660804743, 0.02116824086555951, 0.022529303997840977, 0.023628588936546305, 0.02391411988476377, 0.02359656311707365, 0.022355277074164143, 0.020961866673625245, 0.018393580144489934, 0.015660552711922182, 0.013874328661167971, 0.01254026736778108, 0.011812131260623127, 0.010800298354986543, 0.00961805971638548, 0.008471507575266851, 0.007656757785702683, 0.006719580941926242, 0.0056999472982024405, 0.005125787188458596, 0.00504686530895439, 0.005697178935649704, 0.006245540782853768, 0.0070976650798796875, 0.007900543705723831, 0.008755370167568399, 0.009807746909975117, 0.011209592216881203, 0.01276960312030194, 0.014467251258771754, 0.015865855510978952, 0.01751794577394112, 0.01978728846519214, 0.022540086452385207, 0.024859037758439572, 0.02589623397823137, 0.02611181133516041, 0.026565850619759173, 0.0272557734372972, 0.02776644526036269, 0.02799937699621002, 0.02818388188652303, 0.02806005928616626, 0.028083982827741123, 0.02781538632605852, 0.027763976455106594, 0.028120518002563644, 0.028688559534023904, 0.029389365084960088, 0.030059907204608147, 0.03052096911154336, 0.031053468449087778, 0.03142000488428638, 0.03173833045042581, 0.031892653890475096, 0.03198060527161537, 0.031944507243272385, 0.03180892531117334, 0.03180195743523648, 0.03175983113429147, 0.03185651864929952, 0.032146459060636644, 0.032526908876218445, 0.033087790299913135, 0.03370146462957083, 0.0342847740780508, 0.0344768243549477, 0.03441738754137779, 0.034008301029805295]",0.021814960986639112,0.031096634702032888,0.00785444703450179,0.0203519086237825,0.0,0.0,0.015277041596458818,0.031096634702032888,0.00785444703450179,0.0203519086237825,4.776,1717635305.4799078,2024-06-06_10-55-05
0.5059,-0.006000000000000005,0.40823542372881905,0.4745122313566748,-0.013379542749836566,0.3848848663092468,0.5059,-0.006000000000000005,0.4254228411669181,0.4745122313566748,-0.013379542749836566,0.3848848663092468,0.0244888991790445,"[0.011315756658919754, 0.012192407496521018, 0.01288995615295488, 0.01359963525141729, 0.014321891165186378, 0.015181047888625853, 0.01592941522152252, 0.01673874496494045, 0.01751440457689525, 0.01835087734908702, 0.019202544572813795, 0.020070622325609303, 0.02095627718778323, 0.02186061264947246, 0.022737260153569413, 0.023681097053535004, 0.024646250751560458, 0.025633386418693636, 0.02659237614956749, 0.027623542314219474, 0.0286250346734827, 0.029647102596467904, 0.03056454213255984, 0.031680305841655834, 0.03263530150735364, 0.033606764937046466, 0.034593095597664145, 0.03536350794006898, 0.035930760474075646, 0.03631257033147624, 0.03661317474198803, 0.03688385713543919, 0.03738127616234113, 0.037934719347479336, 0.03858163380471939, 0.03921882339006296, 0.03999131852533767, 0.04074980907886149, 0.04127472956039594, 0.04151563832077664, 0.04151964454301027, 0.04123464219442919, 0.04096829512038153, 0.04056460486818273, 0.04028281736824196, 0.04000166841569801, 0.03919762289117317, 0.037812479337396496, 0.03622310391275238, 0.03453579653228067, 0.0330206041779641, 0.031565009966306234, 0.03054064037737075, 0.029904305612678588, 0.029394155816597912, 0.028896840658953926, 0.02825322628704274, 0.027685220830545497, 0.02666364029859006, 0.025486033827772144, 0.02414387260068274, 0.023028867611909868, 0.022681878550084772, 0.02299235797660897, 0.02387546679328945, 0.024738332374206702, 0.025547718436096926, 0.026640938816603423, 0.02759836215880636, 0.028240938725365098, 0.028199955208514017, 0.028168175430310402, 0.02767018559717724, 0.027414861073674215, 0.027239233260695786, 0.0274939869379551, 0.027874761581110984, 0.02868161073982207, 0.029514734605865275, 0.030345172291974937, 0.031248268714928727, 0.032298002681611045, 0.033509628354587276, 0.0348066615601669, 0.03569061118903811, 0.03631377821401384, 0.03654105211474412, 0.03646788532881584, 0.03572808397059345, 0.03427781350345514, 0.03309813106562172, 0.031639416134799855, 0.02970329439236902, 0.027599049067936567, 0.02603054913364457, 0.024090316372098155, 0.02220132238001286, 0.02051452966091278, 0.019044426362309692, 0.017805605247084858, 0.01643252777018217, 0.01523003850809785, 0.01424180324883461, 0.013706552220618947, 0.0130880570946912, 0.012988920737072255, 0.013178248200839212, 0.013386796436950147, 0.01359897371732897, 0.01439195864266014, 0.015495810506657983, 0.016686507754200334, 0.01807173050136072, 0.019341411872889052, 0.020370802976522343, 0.0213787239197115, 0.02262888584538598, 0.02401686851684336, 0.025523335513576738, 0.026670410326906566, 0.02758824337325398, 0.02810647098585074, 0.028219175888028712, 0.02804128716256827, 0.027840212128430745, 0.02799079668741686, 0.027988272685847155, 0.02831306909632167, 0.028434723397990712, 0.0285549391753426, 0.02832607944879636, 0.02800347501499142, 0.027460301198426997, 0.02681840364884072, 0.026203190519756815, 0.02552364346313934, 0.024940794741503684, 0.024553643852497812, 0.024009602077058226, 0.023587486328410737, 0.023053226444370627, 0.02237349941244249, 0.021247392964358097, 0.01948489409103017, 0.01759577829009665, 0.015969918059865678, 0.014849832783247986, 0.014164911869984548, 0.013546042864334782, 0.01328357500957488, 0.012905521640083246, 0.012806686101790404, 0.01256569256360443, 0.01270015008783326, 0.013333718053885597, 0.014364706842779438, 0.015230812921928084, 0.016214173123414017, 0.017422309714956504, 0.01848297873673576, 0.019690103784110968, 0.02062988015396428, 0.021304326954883004, 0.021542023987470748, 0.021445001132587415, 0.02128479356968176, 0.021154257299581803, 0.020548768777841446, 0.020419411659703072, 0.020346908766621045, 0.02018386842926173, 0.020060715556614095, 0.019970155121820186, 0.019905412966441507, 0.019860328269953802, 0.019689549628068632, 0.019110038324468673, 0.018401772510693467, 0.01773443768827515, 0.01691379473734185, 0.0163889904882787, 0.015891976533507178, 0.015695148472402557, 0.015634975895130635, 0.01548249397414641, 0.015250362203767827, 0.01446715870868431, 0.013690714184349355, 0.013111437378948002, 0.01280400987898366, 0.012789088065484542, 0.012885508256999974, 0.012645414791893052, 0.012533763320360268, 0.01300792748125149, 0.014045480441271196, 0.015593406388961941, 0.017496649938682926, 0.01947963017829757, 0.021814960986639112, 0.0244888991790445, 0.027455202671237973, 0.030462142682767764, 0.03347516022004274, 0.03632355277573078, 0.03911728575744543, 0.041489125175428104, 0.043617926344794986, 0.04507509866910146, 0.045973158335007626, 0.046666313335408376, 0.047747911364257295, 0.04910015737076979, 0.051170936172887156, 0.05323921785426519, 0.05484930583024696, 0.05598397968583077, 0.056516639752925084, 0.05678375349578094, 0.05655312215346535, 0.05709318659280136, 0.05753330561326649, 0.05822424761198231, 0.05856641837777238, 0.058663546697002605, 0.05829520111627496, 0.058019458378357286, 0.05786276302771312, 0.057678835712609886, 0.05721489013034267, 0.05620972754199197, 0.05488023496470325, 0.05291870088860013, 0.05085359195424363, 0.04836971777146554, 0.045888993393773454, 0.04332790860019442, 0.040721243397433354, 0.03815348906679705, 0.03609755066086763, 0.03431153121207709, 0.03269994312791247, 0.03113246913067769, 0.029533434333839276, 0.02779284963423818, 0.02581340528028532, 0.023636664296078556, 0.021032966406022018, 0.018298152858289164, 0.015471223173718233, 0.012975006021594128, 0.011476514573927241, 0.011190786613452559, 0.012013514795745658, 0.013192708648177051, 0.0146026096239084, 0.016627808096549106, 0.019288816219412905, 0.022115031993867204, 0.024956066779425322, 0.027947127033299147, 0.030317719296220055, 0.03213024736687776, 0.033908117916643665, 0.035613155393420214, 0.03695858371541455, 0.0370883147011733, 0.035844860180821725, 0.03331269225961453, 0.030127822662769057, 0.026675716455458534, 0.02305094507263966, 0.019294584365168215, 0.016588874620184203, 0.013459760460278334, 0.010513659470637583, 0.008184205378854309, 0.005908681970234855, 0.003908372487361734, 0.002250880846271649, 0.001837561814419065, 0.003902446460586522, 0.00649131804032715, 0.008842266053540701, 0.011337576744963709, 0.013847821453172829, 0.016241515374979285, 0.018506880743639053, 0.020753891025054552, 0.022854281545735794, 0.025177910908837288, 0.027764777035113285, 0.0302577363231247, 0.032552204835272186, 0.033962244268502154, 0.03530995724171245, 0.036795414568091225, 0.03840706162943578, 0.039993850675796264, 0.04133645030179679, 0.04211247094820217, 0.04239213751353172, 0.042192499106345205, 0.04200269786908514, 0.041897190162155235, 0.041830932940717325, 0.04166737666619139, 0.04206882264734189, 0.0426127097658282, 0.042895687146734904, 0.04300135533202284, 0.04249799814293581, 0.041897582995049115, 0.04072077112408416, 0.03927976254850985, 0.037331499513228325, 0.035889992777759706, 0.03456359233645024, 0.033243529781910974, 0.03199033675126687, 0.03059935779738079, 0.029272240636492235, 0.027900707354997015, 0.02654938414970694, 0.02543173352052397, 0.024311103096379235, 0.023065212419431085, 0.021685454855791198, 0.02041159885695607, 0.019056064221564174, 0.017656707279948437, 0.01626614648165674, 0.015012383850973622, 0.013603567963072178, 0.012189757837366814, 0.010674529938407772, 0.009407142987148039, 0.008344525906195775, 0.007439054007672372, 0.0072034584519923735, 0.007775010970036668, 0.009047582903156274, 0.010731538882415681, 0.01253460028234948, 0.014333543563369548, 0.016070624592636203, 0.017817726146123574, 0.019557256660804743, 0.02116824086555951, 0.022529303997840977, 0.023628588936546305, 0.02391411988476377, 0.02359656311707365, 0.022355277074164143, 0.020961866673625245, 0.018393580144489934, 0.015660552711922182, 0.013874328661167971, 0.01254026736778108, 0.011812131260623127, 0.010800298354986543, 0.00961805971638548, 0.008471507575266851, 0.007656757785702683, 0.006719580941926242, 0.0056999472982024405, 0.005125787188458596, 0.00504686530895439, 0.005697178935649704, 0.006245540782853768, 0.0070976650798796875, 0.007900543705723831, 0.008755370167568399, 0.009807746909975117, 0.011209592216881203, 0.01276960312030194, 0.014467251258771754, 0.015865855510978952, 0.01751794577394112, 0.01978728846519214, 0.022540086452385207, 0.024859037758439572, 0.02589623397823137, 0.02611181133516041, 0.026565850619759173, 0.0272557734372972, 0.02776644526036269, 0.02799937699621002, 0.02818388188652303, 0.02806005928616626, 0.028083982827741123, 0.02781538632605852, 0.027763976455106594, 0.028120518002563644, 0.028688559534023904, 0.029389365084960088, 0.030059907204608147, 0.03052096911154336, 0.031053468449087778, 0.03142000488428638, 0.03173833045042581, 0.031892653890475096, 0.03198060527161537, 0.031944507243272385, 0.03180892531117334, 0.03180195743523648, 0.03175983113429147, 0.03185651864929952, 0.032146459060636644, 0.032526908876218445, 0.033087790299913135, 0.03370146462957083, 0.0342847740780508, 0.0344768243549477, 0.03441738754137779, 0.034008301029805295]",0.0244888991790445,0.03138776864332521,0.00737954274983656,0.02335055741957226,0.0,0.0,0.01718741743809904,0.03138776864332521,0.00737954274983656,0.02335055741957226,4.8,1717635305.503601,2024-06-06_10-55-05
0.5059,-0.005280000000000007,0.4111480781034206,0.47407112165409593,-0.012009845767247097,0.3845304649559609,0.5059,-0.005280000000000007,0.4302463888367103,0.47407112165409593,-0.012009845767247097,0.3845304649559609,0.027455202671237973,"[0.011315756658919754, 0.012192407496521018, 0.01288995615295488, 0.01359963525141729, 0.014321891165186378, 0.015181047888625853, 0.01592941522152252, 0.01673874496494045, 0.01751440457689525, 0.01835087734908702, 0.019202544572813795, 0.020070622325609303, 0.02095627718778323, 0.02186061264947246, 0.022737260153569413, 0.023681097053535004, 0.024646250751560458, 0.025633386418693636, 0.02659237614956749, 0.027623542314219474, 0.0286250346734827, 0.029647102596467904, 0.03056454213255984, 0.031680305841655834, 0.03263530150735364, 0.033606764937046466, 0.034593095597664145, 0.03536350794006898, 0.035930760474075646, 0.03631257033147624, 0.03661317474198803, 0.03688385713543919, 0.03738127616234113, 0.037934719347479336, 0.03858163380471939, 0.03921882339006296, 0.03999131852533767, 0.04074980907886149, 0.04127472956039594, 0.04151563832077664, 0.04151964454301027, 0.04123464219442919, 0.04096829512038153, 0.04056460486818273, 0.04028281736824196, 0.04000166841569801, 0.03919762289117317, 0.037812479337396496, 0.03622310391275238, 0.03453579653228067, 0.0330206041779641, 0.031565009966306234, 0.03054064037737075, 0.029904305612678588, 0.029394155816597912, 0.028896840658953926, 0.02825322628704274, 0.027685220830545497, 0.02666364029859006, 0.025486033827772144, 0.02414387260068274, 0.023028867611909868, 0.022681878550084772, 0.02299235797660897, 0.02387546679328945, 0.024738332374206702, 0.025547718436096926, 0.026640938816603423, 0.02759836215880636, 0.028240938725365098, 0.028199955208514017, 0.028168175430310402, 0.02767018559717724, 0.027414861073674215, 0.027239233260695786, 0.0274939869379551, 0.027874761581110984, 0.02868161073982207, 0.029514734605865275, 0.030345172291974937, 0.031248268714928727, 0.032298002681611045, 0.033509628354587276, 0.0348066615601669, 0.03569061118903811, 0.03631377821401384, 0.03654105211474412, 0.03646788532881584, 0.03572808397059345, 0.03427781350345514, 0.03309813106562172, 0.031639416134799855, 0.02970329439236902, 0.027599049067936567, 0.02603054913364457, 0.024090316372098155, 0.02220132238001286, 0.02051452966091278, 0.019044426362309692, 0.017805605247084858, 0.01643252777018217, 0.01523003850809785, 0.01424180324883461, 0.013706552220618947, 0.0130880570946912, 0.012988920737072255, 0.013178248200839212, 0.013386796436950147, 0.01359897371732897, 0.01439195864266014, 0.015495810506657983, 0.016686507754200334, 0.01807173050136072, 0.019341411872889052, 0.020370802976522343, 0.0213787239197115, 0.02262888584538598, 0.02401686851684336, 0.025523335513576738, 0.026670410326906566, 0.02758824337325398, 0.02810647098585074, 0.028219175888028712, 0.02804128716256827, 0.027840212128430745, 0.02799079668741686, 0.027988272685847155, 0.02831306909632167, 0.028434723397990712, 0.0285549391753426, 0.02832607944879636, 0.02800347501499142, 0.027460301198426997, 0.02681840364884072, 0.026203190519756815, 0.02552364346313934, 0.024940794741503684, 0.024553643852497812, 0.024009602077058226, 0.023587486328410737, 0.023053226444370627, 0.02237349941244249, 0.021247392964358097, 0.01948489409103017, 0.01759577829009665, 0.015969918059865678, 0.014849832783247986, 0.014164911869984548, 0.013546042864334782, 0.01328357500957488, 0.012905521640083246, 0.012806686101790404, 0.01256569256360443, 0.01270015008783326, 0.013333718053885597, 0.014364706842779438, 0.015230812921928084, 0.016214173123414017, 0.017422309714956504, 0.01848297873673576, 0.019690103784110968, 0.02062988015396428, 0.021304326954883004, 0.021542023987470748, 0.021445001132587415, 0.02128479356968176, 0.021154257299581803, 0.020548768777841446, 0.020419411659703072, 0.020346908766621045, 0.02018386842926173, 0.020060715556614095, 0.019970155121820186, 0.019905412966441507, 0.019860328269953802, 0.019689549628068632, 0.019110038324468673, 0.018401772510693467, 0.01773443768827515, 0.01691379473734185, 0.0163889904882787, 0.015891976533507178, 0.015695148472402557, 0.015634975895130635, 0.01548249397414641, 0.015250362203767827, 0.01446715870868431, 0.013690714184349355, 0.013111437378948002, 0.01280400987898366, 0.012789088065484542, 0.012885508256999974, 0.012645414791893052, 0.012533763320360268, 0.01300792748125149, 0.014045480441271196, 0.015593406388961941, 0.017496649938682926, 0.01947963017829757, 0.021814960986639112, 0.0244888991790445, 0.027455202671237973, 0.030462142682767764, 0.03347516022004274, 0.03632355277573078, 0.03911728575744543, 0.041489125175428104, 0.043617926344794986, 0.04507509866910146, 0.045973158335007626, 0.046666313335408376, 0.047747911364257295, 0.04910015737076979, 0.051170936172887156, 0.05323921785426519, 0.05484930583024696, 0.05598397968583077, 0.056516639752925084, 0.05678375349578094, 0.05655312215346535, 0.05709318659280136, 0.05753330561326649, 0.05822424761198231, 0.05856641837777238, 0.058663546697002605, 0.05829520111627496, 0.058019458378357286, 0.05786276302771312, 0.057678835712609886, 0.05721489013034267, 0.05620972754199197, 0.05488023496470325, 0.05291870088860013, 0.05085359195424363, 0.04836971777146554, 0.045888993393773454, 0.04332790860019442, 0.040721243397433354, 0.03815348906679705, 0.03609755066086763, 0.03431153121207709, 0.03269994312791247, 0.03113246913067769, 0.029533434333839276, 0.02779284963423818, 0.02581340528028532, 0.023636664296078556, 0.021032966406022018, 0.018298152858289164, 0.015471223173718233, 0.012975006021594128, 0.011476514573927241, 0.011190786613452559, 0.012013514795745658, 0.013192708648177051, 0.0146026096239084, 0.016627808096549106, 0.019288816219412905, 0.022115031993867204, 0.024956066779425322, 0.027947127033299147, 0.030317719296220055, 0.03213024736687776, 0.033908117916643665, 0.035613155393420214, 0.03695858371541455, 0.0370883147011733, 0.035844860180821725, 0.03331269225961453, 0.030127822662769057, 0.026675716455458534, 0.02305094507263966, 0.019294584365168215, 0.016588874620184203, 0.013459760460278334, 0.010513659470637583, 0.008184205378854309, 0.005908681970234855, 0.003908372487361734, 0.002250880846271649, 0.001837561814419065, 0.003902446460586522, 0.00649131804032715, 0.008842266053540701, 0.011337576744963709, 0.013847821453172829, 0.016241515374979285, 0.018506880743639053, 0.020753891025054552, 0.022854281545735794, 0.025177910908837288, 0.027764777035113285, 0.0302577363231247, 0.032552204835272186, 0.033962244268502154, 0.03530995724171245, 0.036795414568091225, 0.03840706162943578, 0.039993850675796264, 0.04133645030179679, 0.04211247094820217, 0.04239213751353172, 0.042192499106345205, 0.04200269786908514, 0.041897190162155235, 0.041830932940717325, 0.04166737666619139, 0.04206882264734189, 0.0426127097658282, 0.042895687146734904, 0.04300135533202284, 0.04249799814293581, 0.041897582995049115, 0.04072077112408416, 0.03927976254850985, 0.037331499513228325, 0.035889992777759706, 0.03456359233645024, 0.033243529781910974, 0.03199033675126687, 0.03059935779738079, 0.029272240636492235, 0.027900707354997015, 0.02654938414970694, 0.02543173352052397, 0.024311103096379235, 0.023065212419431085, 0.021685454855791198, 0.02041159885695607, 0.019056064221564174, 0.017656707279948437, 0.01626614648165674, 0.015012383850973622, 0.013603567963072178, 0.012189757837366814, 0.010674529938407772, 0.009407142987148039, 0.008344525906195775, 0.007439054007672372, 0.0072034584519923735, 0.007775010970036668, 0.009047582903156274, 0.010731538882415681, 0.01253460028234948, 0.014333543563369548, 0.016070624592636203, 0.017817726146123574, 0.019557256660804743, 0.02116824086555951, 0.022529303997840977, 0.023628588936546305, 0.02391411988476377, 0.02359656311707365, 0.022355277074164143, 0.020961866673625245, 0.018393580144489934, 0.015660552711922182, 0.013874328661167971, 0.01254026736778108, 0.011812131260623127, 0.010800298354986543, 0.00961805971638548, 0.008471507575266851, 0.007656757785702683, 0.006719580941926242, 0.0056999472982024405, 0.005125787188458596, 0.00504686530895439, 0.005697178935649704, 0.006245540782853768, 0.0070976650798796875, 0.007900543705723831, 0.008755370167568399, 0.009807746909975117, 0.011209592216881203, 0.01276960312030194, 0.014467251258771754, 0.015865855510978952, 0.01751794577394112, 0.01978728846519214, 0.022540086452385207, 0.024859037758439572, 0.02589623397823137, 0.02611181133516041, 0.026565850619759173, 0.0272557734372972, 0.02776644526036269, 0.02799937699621002, 0.02818388188652303, 0.02806005928616626, 0.028083982827741123, 0.02781538632605852, 0.027763976455106594, 0.028120518002563644, 0.028688559534023904, 0.029389365084960088, 0.030059907204608147, 0.03052096911154336, 0.031053468449087778, 0.03142000488428638, 0.03173833045042581, 0.031892653890475096, 0.03198060527161537, 0.031944507243272385, 0.03180892531117334, 0.03180195743523648, 0.03175983113429147, 0.03185651864929952, 0.032146459060636644, 0.032526908876218445, 0.033087790299913135, 0.03370146462957083, 0.0342847740780508, 0.0344768243549477, 0.03441738754137779, 0.034008301029805295]",0.027455202671237973,0.03182887834590409,0.0067298457672470904,0.026617613147459696,0.0,0.0,0.019098310733289714,0.03182887834590409,0.0067298457672470904,0.026617613147459696,4.824,1717635305.527082,2024-06-06_10-55-05
0.5059,-0.004559999999999981,0.4141555442647665,0.47355252393678543,-0.010544371031309344,0.38428700830826323,0.5059,-0.004559999999999981,0.4351647482932468,0.47355252393678543,-0.010544371031309344,0.38428700830826323,0.030462142682767764,"[0.011315756658919754, 0.012192407496521018, 0.01288995615295488, 0.01359963525141729, 0.014321891165186378, 0.015181047888625853, 0.01592941522152252, 0.01673874496494045, 0.01751440457689525, 0.01835087734908702, 0.019202544572813795, 0.020070622325609303, 0.02095627718778323, 0.02186061264947246, 0.022737260153569413, 0.023681097053535004, 0.024646250751560458, 0.025633386418693636, 0.02659237614956749, 0.027623542314219474, 0.0286250346734827, 0.029647102596467904, 0.03056454213255984, 0.031680305841655834, 0.03263530150735364, 0.033606764937046466, 0.034593095597664145, 0.03536350794006898, 0.035930760474075646, 0.03631257033147624, 0.03661317474198803, 0.03688385713543919, 0.03738127616234113, 0.037934719347479336, 0.03858163380471939, 0.03921882339006296, 0.03999131852533767, 0.04074980907886149, 0.04127472956039594, 0.04151563832077664, 0.04151964454301027, 0.04123464219442919, 0.04096829512038153, 0.04056460486818273, 0.04028281736824196, 0.04000166841569801, 0.03919762289117317, 0.037812479337396496, 0.03622310391275238, 0.03453579653228067, 0.0330206041779641, 0.031565009966306234, 0.03054064037737075, 0.029904305612678588, 0.029394155816597912, 0.028896840658953926, 0.02825322628704274, 0.027685220830545497, 0.02666364029859006, 0.025486033827772144, 0.02414387260068274, 0.023028867611909868, 0.022681878550084772, 0.02299235797660897, 0.02387546679328945, 0.024738332374206702, 0.025547718436096926, 0.026640938816603423, 0.02759836215880636, 0.028240938725365098, 0.028199955208514017, 0.028168175430310402, 0.02767018559717724, 0.027414861073674215, 0.027239233260695786, 0.0274939869379551, 0.027874761581110984, 0.02868161073982207, 0.029514734605865275, 0.030345172291974937, 0.031248268714928727, 0.032298002681611045, 0.033509628354587276, 0.0348066615601669, 0.03569061118903811, 0.03631377821401384, 0.03654105211474412, 0.03646788532881584, 0.03572808397059345, 0.03427781350345514, 0.03309813106562172, 0.031639416134799855, 0.02970329439236902, 0.027599049067936567, 0.02603054913364457, 0.024090316372098155, 0.02220132238001286, 0.02051452966091278, 0.019044426362309692, 0.017805605247084858, 0.01643252777018217, 0.01523003850809785, 0.01424180324883461, 0.013706552220618947, 0.0130880570946912, 0.012988920737072255, 0.013178248200839212, 0.013386796436950147, 0.01359897371732897, 0.01439195864266014, 0.015495810506657983, 0.016686507754200334, 0.01807173050136072, 0.019341411872889052, 0.020370802976522343, 0.0213787239197115, 0.02262888584538598, 0.02401686851684336, 0.025523335513576738, 0.026670410326906566, 0.02758824337325398, 0.02810647098585074, 0.028219175888028712, 0.02804128716256827, 0.027840212128430745, 0.02799079668741686, 0.027988272685847155, 0.02831306909632167, 0.028434723397990712, 0.0285549391753426, 0.02832607944879636, 0.02800347501499142, 0.027460301198426997, 0.02681840364884072, 0.026203190519756815, 0.02552364346313934, 0.024940794741503684, 0.024553643852497812, 0.024009602077058226, 0.023587486328410737, 0.023053226444370627, 0.02237349941244249, 0.021247392964358097, 0.01948489409103017, 0.01759577829009665, 0.015969918059865678, 0.014849832783247986, 0.014164911869984548, 0.013546042864334782, 0.01328357500957488, 0.012905521640083246, 0.012806686101790404, 0.01256569256360443, 0.01270015008783326, 0.013333718053885597, 0.014364706842779438, 0.015230812921928084, 0.016214173123414017, 0.017422309714956504, 0.01848297873673576, 0.019690103784110968, 0.02062988015396428, 0.021304326954883004, 0.021542023987470748, 0.021445001132587415, 0.02128479356968176, 0.021154257299581803, 0.020548768777841446, 0.020419411659703072, 0.020346908766621045, 0.02018386842926173, 0.020060715556614095, 0.019970155121820186, 0.019905412966441507, 0.019860328269953802, 0.019689549628068632, 0.019110038324468673, 0.018401772510693467, 0.01773443768827515, 0.01691379473734185, 0.0163889904882787, 0.015891976533507178, 0.015695148472402557, 0.015634975895130635, 0.01548249397414641, 0.015250362203767827, 0.01446715870868431, 0.013690714184349355, 0.013111437378948002, 0.01280400987898366, 0.012789088065484542, 0.012885508256999974, 0.012645414791893052, 0.012533763320360268, 0.01300792748125149, 0.014045480441271196, 0.015593406388961941, 0.017496649938682926, 0.01947963017829757, 0.021814960986639112, 0.0244888991790445, 0.027455202671237973, 0.030462142682767764, 0.03347516022004274, 0.03632355277573078, 0.03911728575744543, 0.041489125175428104, 0.043617926344794986, 0.04507509866910146, 0.045973158335007626, 0.046666313335408376, 0.047747911364257295, 0.04910015737076979, 0.051170936172887156, 0.05323921785426519, 0.05484930583024696, 0.05598397968583077, 0.056516639752925084, 0.05678375349578094, 0.05655312215346535, 0.05709318659280136, 0.05753330561326649, 0.05822424761198231, 0.05856641837777238, 0.058663546697002605, 0.05829520111627496, 0.058019458378357286, 0.05786276302771312, 0.057678835712609886, 0.05721489013034267, 0.05620972754199197, 0.05488023496470325, 0.05291870088860013, 0.05085359195424363, 0.04836971777146554, 0.045888993393773454, 0.04332790860019442, 0.040721243397433354, 0.03815348906679705, 0.03609755066086763, 0.03431153121207709, 0.03269994312791247, 0.03113246913067769, 0.029533434333839276, 0.02779284963423818, 0.02581340528028532, 0.023636664296078556, 0.021032966406022018, 0.018298152858289164, 0.015471223173718233, 0.012975006021594128, 0.011476514573927241, 0.011190786613452559, 0.012013514795745658, 0.013192708648177051, 0.0146026096239084, 0.016627808096549106, 0.019288816219412905, 0.022115031993867204, 0.024956066779425322, 0.027947127033299147, 0.030317719296220055, 0.03213024736687776, 0.033908117916643665, 0.035613155393420214, 0.03695858371541455, 0.0370883147011733, 0.035844860180821725, 0.03331269225961453, 0.030127822662769057, 0.026675716455458534, 0.02305094507263966, 0.019294584365168215, 0.016588874620184203, 0.013459760460278334, 0.010513659470637583, 0.008184205378854309, 0.005908681970234855, 0.003908372487361734, 0.002250880846271649, 0.001837561814419065, 0.003902446460586522, 0.00649131804032715, 0.008842266053540701, 0.011337576744963709, 0.013847821453172829, 0.016241515374979285, 0.018506880743639053, 0.020753891025054552, 0.022854281545735794, 0.025177910908837288, 0.027764777035113285, 0.0302577363231247, 0.032552204835272186, 0.033962244268502154, 0.03530995724171245, 0.036795414568091225, 0.03840706162943578, 0.039993850675796264, 0.04133645030179679, 0.04211247094820217, 0.04239213751353172, 0.042192499106345205, 0.04200269786908514, 0.041897190162155235, 0.041830932940717325, 0.04166737666619139, 0.04206882264734189, 0.0426127097658282, 0.042895687146734904, 0.04300135533202284, 0.04249799814293581, 0.041897582995049115, 0.04072077112408416, 0.03927976254850985, 0.037331499513228325, 0.035889992777759706, 0.03456359233645024, 0.033243529781910974, 0.03199033675126687, 0.03059935779738079, 0.029272240636492235, 0.027900707354997015, 0.02654938414970694, 0.02543173352052397, 0.024311103096379235, 0.023065212419431085, 0.021685454855791198, 0.02041159885695607, 0.019056064221564174, 0.017656707279948437, 0.01626614648165674, 0.015012383850973622, 0.013603567963072178, 0.012189757837366814, 0.010674529938407772, 0.009407142987148039, 0.008344525906195775, 0.007439054007672372, 0.0072034584519923735, 0.007775010970036668, 0.009047582903156274, 0.010731538882415681, 0.01253460028234948, 0.014333543563369548, 0.016070624592636203, 0.017817726146123574, 0.019557256660804743, 0.02116824086555951, 0.022529303997840977, 0.023628588936546305, 0.02391411988476377, 0.02359656311707365, 0.022355277074164143, 0.020961866673625245, 0.018393580144489934, 0.015660552711922182, 0.013874328661167971, 0.01254026736778108, 0.011812131260623127, 0.010800298354986543, 0.00961805971638548, 0.008471507575266851, 0.007656757785702683, 0.006719580941926242, 0.0056999472982024405, 0.005125787188458596, 0.00504686530895439, 0.005697178935649704, 0.006245540782853768, 0.0070976650798796875, 0.007900543705723831, 0.008755370167568399, 0.009807746909975117, 0.011209592216881203, 0.01276960312030194, 0.014467251258771754, 0.015865855510978952, 0.01751794577394112, 0.01978728846519214, 0.022540086452385207, 0.024859037758439572, 0.02589623397823137, 0.02611181133516041, 0.026565850619759173, 0.0272557734372972, 0.02776644526036269, 0.02799937699621002, 0.02818388188652303, 0.02806005928616626, 0.028083982827741123, 0.02781538632605852, 0.027763976455106594, 0.028120518002563644, 0.028688559534023904, 0.029389365084960088, 0.030059907204608147, 0.03052096911154336, 0.031053468449087778, 0.03142000488428638, 0.03173833045042581, 0.031892653890475096, 0.03198060527161537, 0.031944507243272385, 0.03180892531117334, 0.03180195743523648, 0.03175983113429147, 0.03185651864929952, 0.032146459060636644, 0.032526908876218445, 0.033087790299913135, 0.03370146462957083, 0.0342847740780508, 0.0344768243549477, 0.03441738754137779, 0.034008301029805295]",0.030462142682767764,0.032347476063214586,0.005984371031309364,0.02986853595650324,0.0,0.0,0.021009204028480333,0.032347476063214586,0.005984371031309364,0.02986853595650324,4.848,1717635305.551035,2024-06-06_10-55-05
0.5059,-0.0038399999999999823,0.417245811024638,0.4730009940501719,-0.009120321098253649,0.3841897289691846,0.5059,-0.0038399999999999823,0.440165908348309,0.4730009940501719,-0.009120321098253649,0.3841897289691846,0.03347516022004274,"[0.011315756658919754, 0.012192407496521018, 0.01288995615295488, 0.01359963525141729, 0.014321891165186378, 0.015181047888625853, 0.01592941522152252, 0.01673874496494045, 0.01751440457689525, 0.01835087734908702, 0.019202544572813795, 0.020070622325609303, 0.02095627718778323, 0.02186061264947246, 0.022737260153569413, 0.023681097053535004, 0.024646250751560458, 0.025633386418693636, 0.02659237614956749, 0.027623542314219474, 0.0286250346734827, 0.029647102596467904, 0.03056454213255984, 0.031680305841655834, 0.03263530150735364, 0.033606764937046466, 0.034593095597664145, 0.03536350794006898, 0.035930760474075646, 0.03631257033147624, 0.03661317474198803, 0.03688385713543919, 0.03738127616234113, 0.037934719347479336, 0.03858163380471939, 0.03921882339006296, 0.03999131852533767, 0.04074980907886149, 0.04127472956039594, 0.04151563832077664, 0.04151964454301027, 0.04123464219442919, 0.04096829512038153, 0.04056460486818273, 0.04028281736824196, 0.04000166841569801, 0.03919762289117317, 0.037812479337396496, 0.03622310391275238, 0.03453579653228067, 0.0330206041779641, 0.031565009966306234, 0.03054064037737075, 0.029904305612678588, 0.029394155816597912, 0.028896840658953926, 0.02825322628704274, 0.027685220830545497, 0.02666364029859006, 0.025486033827772144, 0.02414387260068274, 0.023028867611909868, 0.022681878550084772, 0.02299235797660897, 0.02387546679328945, 0.024738332374206702, 0.025547718436096926, 0.026640938816603423, 0.02759836215880636, 0.028240938725365098, 0.028199955208514017, 0.028168175430310402, 0.02767018559717724, 0.027414861073674215, 0.027239233260695786, 0.0274939869379551, 0.027874761581110984, 0.02868161073982207, 0.029514734605865275, 0.030345172291974937, 0.031248268714928727, 0.032298002681611045, 0.033509628354587276, 0.0348066615601669, 0.03569061118903811, 0.03631377821401384, 0.03654105211474412, 0.03646788532881584, 0.03572808397059345, 0.03427781350345514, 0.03309813106562172, 0.031639416134799855, 0.02970329439236902, 0.027599049067936567, 0.02603054913364457, 0.024090316372098155, 0.02220132238001286, 0.02051452966091278, 0.019044426362309692, 0.017805605247084858, 0.01643252777018217, 0.01523003850809785, 0.01424180324883461, 0.013706552220618947, 0.0130880570946912, 0.012988920737072255, 0.013178248200839212, 0.013386796436950147, 0.01359897371732897, 0.01439195864266014, 0.015495810506657983, 0.016686507754200334, 0.01807173050136072, 0.019341411872889052, 0.020370802976522343, 0.0213787239197115, 0.02262888584538598, 0.02401686851684336, 0.025523335513576738, 0.026670410326906566, 0.02758824337325398, 0.02810647098585074, 0.028219175888028712, 0.02804128716256827, 0.027840212128430745, 0.02799079668741686, 0.027988272685847155, 0.02831306909632167, 0.028434723397990712, 0.0285549391753426, 0.02832607944879636, 0.02800347501499142, 0.027460301198426997, 0.02681840364884072, 0.026203190519756815, 0.02552364346313934, 0.024940794741503684, 0.024553643852497812, 0.024009602077058226, 0.023587486328410737, 0.023053226444370627, 0.02237349941244249, 0.021247392964358097, 0.01948489409103017, 0.01759577829009665, 0.015969918059865678, 0.014849832783247986, 0.014164911869984548, 0.013546042864334782, 0.01328357500957488, 0.012905521640083246, 0.012806686101790404, 0.01256569256360443, 0.01270015008783326, 0.013333718053885597, 0.014364706842779438, 0.015230812921928084, 0.016214173123414017, 0.017422309714956504, 0.01848297873673576, 0.019690103784110968, 0.02062988015396428, 0.021304326954883004, 0.021542023987470748, 0.021445001132587415, 0.02128479356968176, 0.021154257299581803, 0.020548768777841446, 0.020419411659703072, 0.020346908766621045, 0.02018386842926173, 0.020060715556614095, 0.019970155121820186, 0.019905412966441507, 0.019860328269953802, 0.019689549628068632, 0.019110038324468673, 0.018401772510693467, 0.01773443768827515, 0.01691379473734185, 0.0163889904882787, 0.015891976533507178, 0.015695148472402557, 0.015634975895130635, 0.01548249397414641, 0.015250362203767827, 0.01446715870868431, 0.013690714184349355, 0.013111437378948002, 0.01280400987898366, 0.012789088065484542, 0.012885508256999974, 0.012645414791893052, 0.012533763320360268, 0.01300792748125149, 0.014045480441271196, 0.015593406388961941, 0.017496649938682926, 0.01947963017829757, 0.021814960986639112, 0.0244888991790445, 0.027455202671237973, 0.030462142682767764, 0.03347516022004274, 0.03632355277573078, 0.03911728575744543, 0.041489125175428104, 0.043617926344794986, 0.04507509866910146, 0.045973158335007626, 0.046666313335408376, 0.047747911364257295, 0.04910015737076979, 0.051170936172887156, 0.05323921785426519, 0.05484930583024696, 0.05598397968583077, 0.056516639752925084, 0.05678375349578094, 0.05655312215346535, 0.05709318659280136, 0.05753330561326649, 0.05822424761198231, 0.05856641837777238, 0.058663546697002605, 0.05829520111627496, 0.058019458378357286, 0.05786276302771312, 0.057678835712609886, 0.05721489013034267, 0.05620972754199197, 0.05488023496470325, 0.05291870088860013, 0.05085359195424363, 0.04836971777146554, 0.045888993393773454, 0.04332790860019442, 0.040721243397433354, 0.03815348906679705, 0.03609755066086763, 0.03431153121207709, 0.03269994312791247, 0.03113246913067769, 0.029533434333839276, 0.02779284963423818, 0.02581340528028532, 0.023636664296078556, 0.021032966406022018, 0.018298152858289164, 0.015471223173718233, 0.012975006021594128, 0.011476514573927241, 0.011190786613452559, 0.012013514795745658, 0.013192708648177051, 0.0146026096239084, 0.016627808096549106, 0.019288816219412905, 0.022115031993867204, 0.024956066779425322, 0.027947127033299147, 0.030317719296220055, 0.03213024736687776, 0.033908117916643665, 0.035613155393420214, 0.03695858371541455, 0.0370883147011733, 0.035844860180821725, 0.03331269225961453, 0.030127822662769057, 0.026675716455458534, 0.02305094507263966, 0.019294584365168215, 0.016588874620184203, 0.013459760460278334, 0.010513659470637583, 0.008184205378854309, 0.005908681970234855, 0.003908372487361734, 0.002250880846271649, 0.001837561814419065, 0.003902446460586522, 0.00649131804032715, 0.008842266053540701, 0.011337576744963709, 0.013847821453172829, 0.016241515374979285, 0.018506880743639053, 0.020753891025054552, 0.022854281545735794, 0.025177910908837288, 0.027764777035113285, 0.0302577363231247, 0.032552204835272186, 0.033962244268502154, 0.03530995724171245, 0.036795414568091225, 0.03840706162943578, 0.039993850675796264, 0.04133645030179679, 0.04211247094820217, 0.04239213751353172, 0.042192499106345205, 0.04200269786908514, 0.041897190162155235, 0.041830932940717325, 0.04166737666619139, 0.04206882264734189, 0.0426127097658282, 0.042895687146734904, 0.04300135533202284, 0.04249799814293581, 0.041897582995049115, 0.04072077112408416, 0.03927976254850985, 0.037331499513228325, 0.035889992777759706, 0.03456359233645024, 0.033243529781910974, 0.03199033675126687, 0.03059935779738079, 0.029272240636492235, 0.027900707354997015, 0.02654938414970694, 0.02543173352052397, 0.024311103096379235, 0.023065212419431085, 0.021685454855791198, 0.02041159885695607, 0.019056064221564174, 0.017656707279948437, 0.01626614648165674, 0.015012383850973622, 0.013603567963072178, 0.012189757837366814, 0.010674529938407772, 0.009407142987148039, 0.008344525906195775, 0.007439054007672372, 0.0072034584519923735, 0.007775010970036668, 0.009047582903156274, 0.010731538882415681, 0.01253460028234948, 0.014333543563369548, 0.016070624592636203, 0.017817726146123574, 0.019557256660804743, 0.02116824086555951, 0.022529303997840977, 0.023628588936546305, 0.02391411988476377, 0.02359656311707365, 0.022355277074164143, 0.020961866673625245, 0.018393580144489934, 0.015660552711922182, 0.013874328661167971, 0.01254026736778108, 0.011812131260623127, 0.010800298354986543, 0.00961805971638548, 0.008471507575266851, 0.007656757785702683, 0.006719580941926242, 0.0056999472982024405, 0.005125787188458596, 0.00504686530895439, 0.005697178935649704, 0.006245540782853768, 0.0070976650798796875, 0.007900543705723831, 0.008755370167568399, 0.009807746909975117, 0.011209592216881203, 0.01276960312030194, 0.014467251258771754, 0.015865855510978952, 0.01751794577394112, 0.01978728846519214, 0.022540086452385207, 0.024859037758439572, 0.02589623397823137, 0.02611181133516041, 0.026565850619759173, 0.0272557734372972, 0.02776644526036269, 0.02799937699621002, 0.02818388188652303, 0.02806005928616626, 0.028083982827741123, 0.02781538632605852, 0.027763976455106594, 0.028120518002563644, 0.028688559534023904, 0.029389365084960088, 0.030059907204608147, 0.03052096911154336, 0.031053468449087778, 0.03142000488428638, 0.03173833045042581, 0.031892653890475096, 0.03198060527161537, 0.031944507243272385, 0.03180892531117334, 0.03180195743523648, 0.03175983113429147, 0.03185651864929952, 0.032146459060636644, 0.032526908876218445, 0.033087790299913135, 0.03370146462957083, 0.0342847740780508, 0.0344768243549477, 0.03441738754137779, 0.034008301029805295]",0.03347516022004274,0.03289900594982814,0.005280321098253667,0.033056082055453406,0.0,0.0,0.022920097323671007,0.03289900594982814,0.005280321098253667,0.033056082055453406,4.872,1717635305.5753856,2024-06-06_10-55-05
0.5059,-0.0031200000000000117,0.42040646864431874,0.4723890101702192,-0.007774449565707771,0.3843823574756642,0.5059,-0.0031200000000000117,0.44523745926318037,0.4723890101702192,-0.007774449565707771,0.3843823574756642,0.03632355277573078,"[0.011315756658919754, 0.012192407496521018, 0.01288995615295488, 0.01359963525141729, 0.014321891165186378, 0.015181047888625853, 0.01592941522152252, 0.01673874496494045, 0.01751440457689525, 0.01835087734908702, 0.019202544572813795, 0.020070622325609303, 0.02095627718778323, 0.02186061264947246, 0.022737260153569413, 0.023681097053535004, 0.024646250751560458, 0.025633386418693636, 0.02659237614956749, 0.027623542314219474, 0.0286250346734827, 0.029647102596467904, 0.03056454213255984, 0.031680305841655834, 0.03263530150735364, 0.033606764937046466, 0.034593095597664145, 0.03536350794006898, 0.035930760474075646, 0.03631257033147624, 0.03661317474198803, 0.03688385713543919, 0.03738127616234113, 0.037934719347479336, 0.03858163380471939, 0.03921882339006296, 0.03999131852533767, 0.04074980907886149, 0.04127472956039594, 0.04151563832077664, 0.04151964454301027, 0.04123464219442919, 0.04096829512038153, 0.04056460486818273, 0.04028281736824196, 0.04000166841569801, 0.03919762289117317, 0.037812479337396496, 0.03622310391275238, 0.03453579653228067, 0.0330206041779641, 0.031565009966306234, 0.03054064037737075, 0.029904305612678588, 0.029394155816597912, 0.028896840658953926, 0.02825322628704274, 0.027685220830545497, 0.02666364029859006, 0.025486033827772144, 0.02414387260068274, 0.023028867611909868, 0.022681878550084772, 0.02299235797660897, 0.02387546679328945, 0.024738332374206702, 0.025547718436096926, 0.026640938816603423, 0.02759836215880636, 0.028240938725365098, 0.028199955208514017, 0.028168175430310402, 0.02767018559717724, 0.027414861073674215, 0.027239233260695786, 0.0274939869379551, 0.027874761581110984, 0.02868161073982207, 0.029514734605865275, 0.030345172291974937, 0.031248268714928727, 0.032298002681611045, 0.033509628354587276, 0.0348066615601669, 0.03569061118903811, 0.03631377821401384, 0.03654105211474412, 0.03646788532881584, 0.03572808397059345, 0.03427781350345514, 0.03309813106562172, 0.031639416134799855, 0.02970329439236902, 0.027599049067936567, 0.02603054913364457, 0.024090316372098155, 0.02220132238001286, 0.02051452966091278, 0.019044426362309692, 0.017805605247084858, 0.01643252777018217, 0.01523003850809785, 0.01424180324883461, 0.013706552220618947, 0.0130880570946912, 0.012988920737072255, 0.013178248200839212, 0.013386796436950147, 0.01359897371732897, 0.01439195864266014, 0.015495810506657983, 0.016686507754200334, 0.01807173050136072, 0.019341411872889052, 0.020370802976522343, 0.0213787239197115, 0.02262888584538598, 0.02401686851684336, 0.025523335513576738, 0.026670410326906566, 0.02758824337325398, 0.02810647098585074, 0.028219175888028712, 0.02804128716256827, 0.027840212128430745, 0.02799079668741686, 0.027988272685847155, 0.02831306909632167, 0.028434723397990712, 0.0285549391753426, 0.02832607944879636, 0.02800347501499142, 0.027460301198426997, 0.02681840364884072, 0.026203190519756815, 0.02552364346313934, 0.024940794741503684, 0.024553643852497812, 0.024009602077058226, 0.023587486328410737, 0.023053226444370627, 0.02237349941244249, 0.021247392964358097, 0.01948489409103017, 0.01759577829009665, 0.015969918059865678, 0.014849832783247986, 0.014164911869984548, 0.013546042864334782, 0.01328357500957488, 0.012905521640083246, 0.012806686101790404, 0.01256569256360443, 0.01270015008783326, 0.013333718053885597, 0.014364706842779438, 0.015230812921928084, 0.016214173123414017, 0.017422309714956504, 0.01848297873673576, 0.019690103784110968, 0.02062988015396428, 0.021304326954883004, 0.021542023987470748, 0.021445001132587415, 0.02128479356968176, 0.021154257299581803, 0.020548768777841446, 0.020419411659703072, 0.020346908766621045, 0.02018386842926173, 0.020060715556614095, 0.019970155121820186, 0.019905412966441507, 0.019860328269953802, 0.019689549628068632, 0.019110038324468673, 0.018401772510693467, 0.01773443768827515, 0.01691379473734185, 0.0163889904882787, 0.015891976533507178, 0.015695148472402557, 0.015634975895130635, 0.01548249397414641, 0.015250362203767827, 0.01446715870868431, 0.013690714184349355, 0.013111437378948002, 0.01280400987898366, 0.012789088065484542, 0.012885508256999974, 0.012645414791893052, 0.012533763320360268, 0.01300792748125149, 0.014045480441271196, 0.015593406388961941, 0.017496649938682926, 0.01947963017829757, 0.021814960986639112, 0.0244888991790445, 0.027455202671237973, 0.030462142682767764, 0.03347516022004274, 0.03632355277573078, 0.03911728575744543, 0.041489125175428104, 0.043617926344794986, 0.04507509866910146, 0.045973158335007626, 0.046666313335408376, 0.047747911364257295, 0.04910015737076979, 0.051170936172887156, 0.05323921785426519, 0.05484930583024696, 0.05598397968583077, 0.056516639752925084, 0.05678375349578094, 0.05655312215346535, 0.05709318659280136, 0.05753330561326649, 0.05822424761198231, 0.05856641837777238, 0.058663546697002605, 0.05829520111627496, 0.058019458378357286, 0.05786276302771312, 0.057678835712609886, 0.05721489013034267, 0.05620972754199197, 0.05488023496470325, 0.05291870088860013, 0.05085359195424363, 0.04836971777146554, 0.045888993393773454, 0.04332790860019442, 0.040721243397433354, 0.03815348906679705, 0.03609755066086763, 0.03431153121207709, 0.03269994312791247, 0.03113246913067769, 0.029533434333839276, 0.02779284963423818, 0.02581340528028532, 0.023636664296078556, 0.021032966406022018, 0.018298152858289164, 0.015471223173718233, 0.012975006021594128, 0.011476514573927241, 0.011190786613452559, 0.012013514795745658, 0.013192708648177051, 0.0146026096239084, 0.016627808096549106, 0.019288816219412905, 0.022115031993867204, 0.024956066779425322, 0.027947127033299147, 0.030317719296220055, 0.03213024736687776, 0.033908117916643665, 0.035613155393420214, 0.03695858371541455, 0.0370883147011733, 0.035844860180821725, 0.03331269225961453, 0.030127822662769057, 0.026675716455458534, 0.02305094507263966, 0.019294584365168215, 0.016588874620184203, 0.013459760460278334, 0.010513659470637583, 0.008184205378854309, 0.005908681970234855, 0.003908372487361734, 0.002250880846271649, 0.001837561814419065, 0.003902446460586522, 0.00649131804032715, 0.008842266053540701, 0.011337576744963709, 0.013847821453172829, 0.016241515374979285, 0.018506880743639053, 0.020753891025054552, 0.022854281545735794, 0.025177910908837288, 0.027764777035113285, 0.0302577363231247, 0.032552204835272186, 0.033962244268502154, 0.03530995724171245, 0.036795414568091225, 0.03840706162943578, 0.039993850675796264, 0.04133645030179679, 0.04211247094820217, 0.04239213751353172, 0.042192499106345205, 0.04200269786908514, 0.041897190162155235, 0.041830932940717325, 0.04166737666619139, 0.04206882264734189, 0.0426127097658282, 0.042895687146734904, 0.04300135533202284, 0.04249799814293581, 0.041897582995049115, 0.04072077112408416, 0.03927976254850985, 0.037331499513228325, 0.035889992777759706, 0.03456359233645024, 0.033243529781910974, 0.03199033675126687, 0.03059935779738079, 0.029272240636492235, 0.027900707354997015, 0.02654938414970694, 0.02543173352052397, 0.024311103096379235, 0.023065212419431085, 0.021685454855791198, 0.02041159885695607, 0.019056064221564174, 0.017656707279948437, 0.01626614648165674, 0.015012383850973622, 0.013603567963072178, 0.012189757837366814, 0.010674529938407772, 0.009407142987148039, 0.008344525906195775, 0.007439054007672372, 0.0072034584519923735, 0.007775010970036668, 0.009047582903156274, 0.010731538882415681, 0.01253460028234948, 0.014333543563369548, 0.016070624592636203, 0.017817726146123574, 0.019557256660804743, 0.02116824086555951, 0.022529303997840977, 0.023628588936546305, 0.02391411988476377, 0.02359656311707365, 0.022355277074164143, 0.020961866673625245, 0.018393580144489934, 0.015660552711922182, 0.013874328661167971, 0.01254026736778108, 0.011812131260623127, 0.010800298354986543, 0.00961805971638548, 0.008471507575266851, 0.007656757785702683, 0.006719580941926242, 0.0056999472982024405, 0.005125787188458596, 0.00504686530895439, 0.005697178935649704, 0.006245540782853768, 0.0070976650798796875, 0.007900543705723831, 0.008755370167568399, 0.009807746909975117, 0.011209592216881203, 0.01276960312030194, 0.014467251258771754, 0.015865855510978952, 0.01751794577394112, 0.01978728846519214, 0.022540086452385207, 0.024859037758439572, 0.02589623397823137, 0.02611181133516041, 0.026565850619759173, 0.0272557734372972, 0.02776644526036269, 0.02799937699621002, 0.02818388188652303, 0.02806005928616626, 0.028083982827741123, 0.02781538632605852, 0.027763976455106594, 0.028120518002563644, 0.028688559534023904, 0.029389365084960088, 0.030059907204608147, 0.03052096911154336, 0.031053468449087778, 0.03142000488428638, 0.03173833045042581, 0.031892653890475096, 0.03198060527161537, 0.031944507243272385, 0.03180892531117334, 0.03180195743523648, 0.03175983113429147, 0.03185651864929952, 0.032146459060636644, 0.032526908876218445, 0.033087790299913135, 0.03370146462957083, 0.0342847740780508, 0.0344768243549477, 0.03441738754137779, 0.034008301029805295]",0.03632355277573078,0.03351098982978079,0.004654449565707759,0.03602411116865456,0.0,0.0,0.024830990618861626,0.03351098982978079,0.004654449565707759,0.03602411116865456,4.896,1717635305.599328,2024-06-06_10-55-05
0.5059,-0.0024000000000000132,0.4236247683493903,0.47174506838383434,-0.0064698784762356005,0.3847197797975565,0.5059,-0.0024000000000000132,0.4501621144104726,0.47174506838383434,-0.0064698784762356005,0.3847197797975565,0.03911728575744543,"[0.011315756658919754, 0.012192407496521018, 0.01288995615295488, 0.01359963525141729, 0.014321891165186378, 0.015181047888625853, 0.01592941522152252, 0.01673874496494045, 0.01751440457689525, 0.01835087734908702, 0.019202544572813795, 0.020070622325609303, 0.02095627718778323, 0.02186061264947246, 0.022737260153569413, 0.023681097053535004, 0.024646250751560458, 0.025633386418693636, 0.02659237614956749, 0.027623542314219474, 0.0286250346734827, 0.029647102596467904, 0.03056454213255984, 0.031680305841655834, 0.03263530150735364, 0.033606764937046466, 0.034593095597664145, 0.03536350794006898, 0.035930760474075646, 0.03631257033147624, 0.03661317474198803, 0.03688385713543919, 0.03738127616234113, 0.037934719347479336, 0.03858163380471939, 0.03921882339006296, 0.03999131852533767, 0.04074980907886149, 0.04127472956039594, 0.04151563832077664, 0.04151964454301027, 0.04123464219442919, 0.04096829512038153, 0.04056460486818273, 0.04028281736824196, 0.04000166841569801, 0.03919762289117317, 0.037812479337396496, 0.03622310391275238, 0.03453579653228067, 0.0330206041779641, 0.031565009966306234, 0.03054064037737075, 0.029904305612678588, 0.029394155816597912, 0.028896840658953926, 0.02825322628704274, 0.027685220830545497, 0.02666364029859006, 0.025486033827772144, 0.02414387260068274, 0.023028867611909868, 0.022681878550084772, 0.02299235797660897, 0.02387546679328945, 0.024738332374206702, 0.025547718436096926, 0.026640938816603423, 0.02759836215880636, 0.028240938725365098, 0.028199955208514017, 0.028168175430310402, 0.02767018559717724, 0.027414861073674215, 0.027239233260695786, 0.0274939869379551, 0.027874761581110984, 0.02868161073982207, 0.029514734605865275, 0.030345172291974937, 0.031248268714928727, 0.032298002681611045, 0.033509628354587276, 0.0348066615601669, 0.03569061118903811, 0.03631377821401384, 0.03654105211474412, 0.03646788532881584, 0.03572808397059345, 0.03427781350345514, 0.03309813106562172, 0.031639416134799855, 0.02970329439236902, 0.027599049067936567, 0.02603054913364457, 0.024090316372098155, 0.02220132238001286, 0.02051452966091278, 0.019044426362309692, 0.017805605247084858, 0.01643252777018217, 0.01523003850809785, 0.01424180324883461, 0.013706552220618947, 0.0130880570946912, 0.012988920737072255, 0.013178248200839212, 0.013386796436950147, 0.01359897371732897, 0.01439195864266014, 0.015495810506657983, 0.016686507754200334, 0.01807173050136072, 0.019341411872889052, 0.020370802976522343, 0.0213787239197115, 0.02262888584538598, 0.02401686851684336, 0.025523335513576738, 0.026670410326906566, 0.02758824337325398, 0.02810647098585074, 0.028219175888028712, 0.02804128716256827, 0.027840212128430745, 0.02799079668741686, 0.027988272685847155, 0.02831306909632167, 0.028434723397990712, 0.0285549391753426, 0.02832607944879636, 0.02800347501499142, 0.027460301198426997, 0.02681840364884072, 0.026203190519756815, 0.02552364346313934, 0.024940794741503684, 0.024553643852497812, 0.024009602077058226, 0.023587486328410737, 0.023053226444370627, 0.02237349941244249, 0.021247392964358097, 0.01948489409103017, 0.01759577829009665, 0.015969918059865678, 0.014849832783247986, 0.014164911869984548, 0.013546042864334782, 0.01328357500957488, 0.012905521640083246, 0.012806686101790404, 0.01256569256360443, 0.01270015008783326, 0.013333718053885597, 0.014364706842779438, 0.015230812921928084, 0.016214173123414017, 0.017422309714956504, 0.01848297873673576, 0.019690103784110968, 0.02062988015396428, 0.021304326954883004, 0.021542023987470748, 0.021445001132587415, 0.02128479356968176, 0.021154257299581803, 0.020548768777841446, 0.020419411659703072, 0.020346908766621045, 0.02018386842926173, 0.020060715556614095, 0.019970155121820186, 0.019905412966441507, 0.019860328269953802, 0.019689549628068632, 0.019110038324468673, 0.018401772510693467, 0.01773443768827515, 0.01691379473734185, 0.0163889904882787, 0.015891976533507178, 0.015695148472402557, 0.015634975895130635, 0.01548249397414641, 0.015250362203767827, 0.01446715870868431, 0.013690714184349355, 0.013111437378948002, 0.01280400987898366, 0.012789088065484542, 0.012885508256999974, 0.012645414791893052, 0.012533763320360268, 0.01300792748125149, 0.014045480441271196, 0.015593406388961941, 0.017496649938682926, 0.01947963017829757, 0.021814960986639112, 0.0244888991790445, 0.027455202671237973, 0.030462142682767764, 0.03347516022004274, 0.03632355277573078, 0.03911728575744543, 0.041489125175428104, 0.043617926344794986, 0.04507509866910146, 0.045973158335007626, 0.046666313335408376, 0.047747911364257295, 0.04910015737076979, 0.051170936172887156, 0.05323921785426519, 0.05484930583024696, 0.05598397968583077, 0.056516639752925084, 0.05678375349578094, 0.05655312215346535, 0.05709318659280136, 0.05753330561326649, 0.05822424761198231, 0.05856641837777238, 0.058663546697002605, 0.05829520111627496, 0.058019458378357286, 0.05786276302771312, 0.057678835712609886, 0.05721489013034267, 0.05620972754199197, 0.05488023496470325, 0.05291870088860013, 0.05085359195424363, 0.04836971777146554, 0.045888993393773454, 0.04332790860019442, 0.040721243397433354, 0.03815348906679705, 0.03609755066086763, 0.03431153121207709, 0.03269994312791247, 0.03113246913067769, 0.029533434333839276, 0.02779284963423818, 0.02581340528028532, 0.023636664296078556, 0.021032966406022018, 0.018298152858289164, 0.015471223173718233, 0.012975006021594128, 0.011476514573927241, 0.011190786613452559, 0.012013514795745658, 0.013192708648177051, 0.0146026096239084, 0.016627808096549106, 0.019288816219412905, 0.022115031993867204, 0.024956066779425322, 0.027947127033299147, 0.030317719296220055, 0.03213024736687776, 0.033908117916643665, 0.035613155393420214, 0.03695858371541455, 0.0370883147011733, 0.035844860180821725, 0.03331269225961453, 0.030127822662769057, 0.026675716455458534, 0.02305094507263966, 0.019294584365168215, 0.016588874620184203, 0.013459760460278334, 0.010513659470637583, 0.008184205378854309, 0.005908681970234855, 0.003908372487361734, 0.002250880846271649, 0.001837561814419065, 0.003902446460586522, 0.00649131804032715, 0.008842266053540701, 0.011337576744963709, 0.013847821453172829, 0.016241515374979285, 0.018506880743639053, 0.020753891025054552, 0.022854281545735794, 0.025177910908837288, 0.027764777035113285, 0.0302577363231247, 0.032552204835272186, 0.033962244268502154, 0.03530995724171245, 0.036795414568091225, 0.03840706162943578, 0.039993850675796264, 0.04133645030179679, 0.04211247094820217, 0.04239213751353172, 0.042192499106345205, 0.04200269786908514, 0.041897190162155235, 0.041830932940717325, 0.04166737666619139, 0.04206882264734189, 0.0426127097658282, 0.042895687146734904, 0.04300135533202284, 0.04249799814293581, 0.041897582995049115, 0.04072077112408416, 0.03927976254850985, 0.037331499513228325, 0.035889992777759706, 0.03456359233645024, 0.033243529781910974, 0.03199033675126687, 0.03059935779738079, 0.029272240636492235, 0.027900707354997015, 0.02654938414970694, 0.02543173352052397, 0.024311103096379235, 0.023065212419431085, 0.021685454855791198, 0.02041159885695607, 0.019056064221564174, 0.017656707279948437, 0.01626614648165674, 0.015012383850973622, 0.013603567963072178, 0.012189757837366814, 0.010674529938407772, 0.009407142987148039, 0.008344525906195775, 0.007439054007672372, 0.0072034584519923735, 0.007775010970036668, 0.009047582903156274, 0.010731538882415681, 0.01253460028234948, 0.014333543563369548, 0.016070624592636203, 0.017817726146123574, 0.019557256660804743, 0.02116824086555951, 0.022529303997840977, 0.023628588936546305, 0.02391411988476377, 0.02359656311707365, 0.022355277074164143, 0.020961866673625245, 0.018393580144489934, 0.015660552711922182, 0.013874328661167971, 0.01254026736778108, 0.011812131260623127, 0.010800298354986543, 0.00961805971638548, 0.008471507575266851, 0.007656757785702683, 0.006719580941926242, 0.0056999472982024405, 0.005125787188458596, 0.00504686530895439, 0.005697178935649704, 0.006245540782853768, 0.0070976650798796875, 0.007900543705723831, 0.008755370167568399, 0.009807746909975117, 0.011209592216881203, 0.01276960312030194, 0.014467251258771754, 0.015865855510978952, 0.01751794577394112, 0.01978728846519214, 0.022540086452385207, 0.024859037758439572, 0.02589623397823137, 0.02611181133516041, 0.026565850619759173, 0.0272557734372972, 0.02776644526036269, 0.02799937699621002, 0.02818388188652303, 0.02806005928616626, 0.028083982827741123, 0.02781538632605852, 0.027763976455106594, 0.028120518002563644, 0.028688559534023904, 0.029389365084960088, 0.030059907204608147, 0.03052096911154336, 0.031053468449087778, 0.03142000488428638, 0.03173833045042581, 0.031892653890475096, 0.03198060527161537, 0.031944507243272385, 0.03180892531117334, 0.03180195743523648, 0.03175983113429147, 0.03185651864929952, 0.032146459060636644, 0.032526908876218445, 0.033087790299913135, 0.03370146462957083, 0.0342847740780508, 0.0344768243549477, 0.03441738754137779, 0.034008301029805295]",0.03911728575744543,0.034154931616165674,0.004069878476235587,0.038904988551833775,0.0,0.0,0.026537346061082323,0.034154931616165674,0.004069878476235587,0.038904988551833775,4.92,1717635305.6229122,2024-06-06_10-55-05
0.5059,-0.001679999999999987,0.42688768358727375,0.4711514041288494,-0.005683925618740085,0.3855922106215607,0.5059,-0.001679999999999987,0.4550904775199827,0.4711514041288494,-0.005683925618740085,0.3855922106215607,0.041489125175428104,"[0.011315756658919754, 0.012192407496521018, 0.01288995615295488, 0.01359963525141729, 0.014321891165186378, 0.015181047888625853, 0.01592941522152252, 0.01673874496494045, 0.01751440457689525, 0.01835087734908702, 0.019202544572813795, 0.020070622325609303, 0.02095627718778323, 0.02186061264947246, 0.022737260153569413, 0.023681097053535004, 0.024646250751560458, 0.025633386418693636, 0.02659237614956749, 0.027623542314219474, 0.0286250346734827, 0.029647102596467904, 0.03056454213255984, 0.031680305841655834, 0.03263530150735364, 0.033606764937046466, 0.034593095597664145, 0.03536350794006898, 0.035930760474075646, 0.03631257033147624, 0.03661317474198803, 0.03688385713543919, 0.03738127616234113, 0.037934719347479336, 0.03858163380471939, 0.03921882339006296, 0.03999131852533767, 0.04074980907886149, 0.04127472956039594, 0.04151563832077664, 0.04151964454301027, 0.04123464219442919, 0.04096829512038153, 0.04056460486818273, 0.04028281736824196, 0.04000166841569801, 0.03919762289117317, 0.037812479337396496, 0.03622310391275238, 0.03453579653228067, 0.0330206041779641, 0.031565009966306234, 0.03054064037737075, 0.029904305612678588, 0.029394155816597912, 0.028896840658953926, 0.02825322628704274, 0.027685220830545497, 0.02666364029859006, 0.025486033827772144, 0.02414387260068274, 0.023028867611909868, 0.022681878550084772, 0.02299235797660897, 0.02387546679328945, 0.024738332374206702, 0.025547718436096926, 0.026640938816603423, 0.02759836215880636, 0.028240938725365098, 0.028199955208514017, 0.028168175430310402, 0.02767018559717724, 0.027414861073674215, 0.027239233260695786, 0.0274939869379551, 0.027874761581110984, 0.02868161073982207, 0.029514734605865275, 0.030345172291974937, 0.031248268714928727, 0.032298002681611045, 0.033509628354587276, 0.0348066615601669, 0.03569061118903811, 0.03631377821401384, 0.03654105211474412, 0.03646788532881584, 0.03572808397059345, 0.03427781350345514, 0.03309813106562172, 0.031639416134799855, 0.02970329439236902, 0.027599049067936567, 0.02603054913364457, 0.024090316372098155, 0.02220132238001286, 0.02051452966091278, 0.019044426362309692, 0.017805605247084858, 0.01643252777018217, 0.01523003850809785, 0.01424180324883461, 0.013706552220618947, 0.0130880570946912, 0.012988920737072255, 0.013178248200839212, 0.013386796436950147, 0.01359897371732897, 0.01439195864266014, 0.015495810506657983, 0.016686507754200334, 0.01807173050136072, 0.019341411872889052, 0.020370802976522343, 0.0213787239197115, 0.02262888584538598, 0.02401686851684336, 0.025523335513576738, 0.026670410326906566, 0.02758824337325398, 0.02810647098585074, 0.028219175888028712, 0.02804128716256827, 0.027840212128430745, 0.02799079668741686, 0.027988272685847155, 0.02831306909632167, 0.028434723397990712, 0.0285549391753426, 0.02832607944879636, 0.02800347501499142, 0.027460301198426997, 0.02681840364884072, 0.026203190519756815, 0.02552364346313934, 0.024940794741503684, 0.024553643852497812, 0.024009602077058226, 0.023587486328410737, 0.023053226444370627, 0.02237349941244249, 0.021247392964358097, 0.01948489409103017, 0.01759577829009665, 0.015969918059865678, 0.014849832783247986, 0.014164911869984548, 0.013546042864334782, 0.01328357500957488, 0.012905521640083246, 0.012806686101790404, 0.01256569256360443, 0.01270015008783326, 0.013333718053885597, 0.014364706842779438, 0.015230812921928084, 0.016214173123414017, 0.017422309714956504, 0.01848297873673576, 0.019690103784110968, 0.02062988015396428, 0.021304326954883004, 0.021542023987470748, 0.021445001132587415, 0.02128479356968176, 0.021154257299581803, 0.020548768777841446, 0.020419411659703072, 0.020346908766621045, 0.02018386842926173, 0.020060715556614095, 0.019970155121820186, 0.019905412966441507, 0.019860328269953802, 0.019689549628068632, 0.019110038324468673, 0.018401772510693467, 0.01773443768827515, 0.01691379473734185, 0.0163889904882787, 0.015891976533507178, 0.015695148472402557, 0.015634975895130635, 0.01548249397414641, 0.015250362203767827, 0.01446715870868431, 0.013690714184349355, 0.013111437378948002, 0.01280400987898366, 0.012789088065484542, 0.012885508256999974, 0.012645414791893052, 0.012533763320360268, 0.01300792748125149, 0.014045480441271196, 0.015593406388961941, 0.017496649938682926, 0.01947963017829757, 0.021814960986639112, 0.0244888991790445, 0.027455202671237973, 0.030462142682767764, 0.03347516022004274, 0.03632355277573078, 0.03911728575744543, 0.041489125175428104, 0.043617926344794986, 0.04507509866910146, 0.045973158335007626, 0.046666313335408376, 0.047747911364257295, 0.04910015737076979, 0.051170936172887156, 0.05323921785426519, 0.05484930583024696, 0.05598397968583077, 0.056516639752925084, 0.05678375349578094, 0.05655312215346535, 0.05709318659280136, 0.05753330561326649, 0.05822424761198231, 0.05856641837777238, 0.058663546697002605, 0.05829520111627496, 0.058019458378357286, 0.05786276302771312, 0.057678835712609886, 0.05721489013034267, 0.05620972754199197, 0.05488023496470325, 0.05291870088860013, 0.05085359195424363, 0.04836971777146554, 0.045888993393773454, 0.04332790860019442, 0.040721243397433354, 0.03815348906679705, 0.03609755066086763, 0.03431153121207709, 0.03269994312791247, 0.03113246913067769, 0.029533434333839276, 0.02779284963423818, 0.02581340528028532, 0.023636664296078556, 0.021032966406022018, 0.018298152858289164, 0.015471223173718233, 0.012975006021594128, 0.011476514573927241, 0.011190786613452559, 0.012013514795745658, 0.013192708648177051, 0.0146026096239084, 0.016627808096549106, 0.019288816219412905, 0.022115031993867204, 0.024956066779425322, 0.027947127033299147, 0.030317719296220055, 0.03213024736687776, 0.033908117916643665, 0.035613155393420214, 0.03695858371541455, 0.0370883147011733, 0.035844860180821725, 0.03331269225961453, 0.030127822662769057, 0.026675716455458534, 0.02305094507263966, 0.019294584365168215, 0.016588874620184203, 0.013459760460278334, 0.010513659470637583, 0.008184205378854309, 0.005908681970234855, 0.003908372487361734, 0.002250880846271649, 0.001837561814419065, 0.003902446460586522, 0.00649131804032715, 0.008842266053540701, 0.011337576744963709, 0.013847821453172829, 0.016241515374979285, 0.018506880743639053, 0.020753891025054552, 0.022854281545735794, 0.025177910908837288, 0.027764777035113285, 0.0302577363231247, 0.032552204835272186, 0.033962244268502154, 0.03530995724171245, 0.036795414568091225, 0.03840706162943578, 0.039993850675796264, 0.04133645030179679, 0.04211247094820217, 0.04239213751353172, 0.042192499106345205, 0.04200269786908514, 0.041897190162155235, 0.041830932940717325, 0.04166737666619139, 0.04206882264734189, 0.0426127097658282, 0.042895687146734904, 0.04300135533202284, 0.04249799814293581, 0.041897582995049115, 0.04072077112408416, 0.03927976254850985, 0.037331499513228325, 0.035889992777759706, 0.03456359233645024, 0.033243529781910974, 0.03199033675126687, 0.03059935779738079, 0.029272240636492235, 0.027900707354997015, 0.02654938414970694, 0.02543173352052397, 0.024311103096379235, 0.023065212419431085, 0.021685454855791198, 0.02041159885695607, 0.019056064221564174, 0.017656707279948437, 0.01626614648165674, 0.015012383850973622, 0.013603567963072178, 0.012189757837366814, 0.010674529938407772, 0.009407142987148039, 0.008344525906195775, 0.007439054007672372, 0.0072034584519923735, 0.007775010970036668, 0.009047582903156274, 0.010731538882415681, 0.01253460028234948, 0.014333543563369548, 0.016070624592636203, 0.017817726146123574, 0.019557256660804743, 0.02116824086555951, 0.022529303997840977, 0.023628588936546305, 0.02391411988476377, 0.02359656311707365, 0.022355277074164143, 0.020961866673625245, 0.018393580144489934, 0.015660552711922182, 0.013874328661167971, 0.01254026736778108, 0.011812131260623127, 0.010800298354986543, 0.00961805971638548, 0.008471507575266851, 0.007656757785702683, 0.006719580941926242, 0.0056999472982024405, 0.005125787188458596, 0.00504686530895439, 0.005697178935649704, 0.006245540782853768, 0.0070976650798796875, 0.007900543705723831, 0.008755370167568399, 0.009807746909975117, 0.011209592216881203, 0.01276960312030194, 0.014467251258771754, 0.015865855510978952, 0.01751794577394112, 0.01978728846519214, 0.022540086452385207, 0.024859037758439572, 0.02589623397823137, 0.02611181133516041, 0.026565850619759173, 0.0272557734372972, 0.02776644526036269, 0.02799937699621002, 0.02818388188652303, 0.02806005928616626, 0.028083982827741123, 0.02781538632605852, 0.027763976455106594, 0.028120518002563644, 0.028688559534023904, 0.029389365084960088, 0.030059907204608147, 0.03052096911154336, 0.031053468449087778, 0.03142000488428638, 0.03173833045042581, 0.031892653890475096, 0.03198060527161537, 0.031944507243272385, 0.03180892531117334, 0.03180195743523648, 0.03175983113429147, 0.03185651864929952, 0.032146459060636644, 0.032526908876218445, 0.033087790299913135, 0.03370146462957083, 0.0342847740780508, 0.0344768243549477, 0.03441738754137779, 0.034008301029805295]",0.041489125175428104,0.03474859587115059,0.0040039256187400975,0.041295472965713065,0.0,0.0,0.02820279393270897,0.03474859587115059,0.0040039256187400975,0.041295472965713065,4.944,1717635305.6471958,2024-06-06_10-55-05
0.5059,-0.0009599999999999886,0.43018197271304864,0.4704977233466771,-0.004973019900471344,0.38674904545850614,0.5059,-0.0009599999999999886,0.4600502145173843,0.4704977233466771,-0.004973019900471344,0.38674904545850614,0.043617926344794986,"[0.011315756658919754, 0.012192407496521018, 0.01288995615295488, 0.01359963525141729, 0.014321891165186378, 0.015181047888625853, 0.01592941522152252, 0.01673874496494045, 0.01751440457689525, 0.01835087734908702, 0.019202544572813795, 0.020070622325609303, 0.02095627718778323, 0.02186061264947246, 0.022737260153569413, 0.023681097053535004, 0.024646250751560458, 0.025633386418693636, 0.02659237614956749, 0.027623542314219474, 0.0286250346734827, 0.029647102596467904, 0.03056454213255984, 0.031680305841655834, 0.03263530150735364, 0.033606764937046466, 0.034593095597664145, 0.03536350794006898, 0.035930760474075646, 0.03631257033147624, 0.03661317474198803, 0.03688385713543919, 0.03738127616234113, 0.037934719347479336, 0.03858163380471939, 0.03921882339006296, 0.03999131852533767, 0.04074980907886149, 0.04127472956039594, 0.04151563832077664, 0.04151964454301027, 0.04123464219442919, 0.04096829512038153, 0.04056460486818273, 0.04028281736824196, 0.04000166841569801, 0.03919762289117317, 0.037812479337396496, 0.03622310391275238, 0.03453579653228067, 0.0330206041779641, 0.031565009966306234, 0.03054064037737075, 0.029904305612678588, 0.029394155816597912, 0.028896840658953926, 0.02825322628704274, 0.027685220830545497, 0.02666364029859006, 0.025486033827772144, 0.02414387260068274, 0.023028867611909868, 0.022681878550084772, 0.02299235797660897, 0.02387546679328945, 0.024738332374206702, 0.025547718436096926, 0.026640938816603423, 0.02759836215880636, 0.028240938725365098, 0.028199955208514017, 0.028168175430310402, 0.02767018559717724, 0.027414861073674215, 0.027239233260695786, 0.0274939869379551, 0.027874761581110984, 0.02868161073982207, 0.029514734605865275, 0.030345172291974937, 0.031248268714928727, 0.032298002681611045, 0.033509628354587276, 0.0348066615601669, 0.03569061118903811, 0.03631377821401384, 0.03654105211474412, 0.03646788532881584, 0.03572808397059345, 0.03427781350345514, 0.03309813106562172, 0.031639416134799855, 0.02970329439236902, 0.027599049067936567, 0.02603054913364457, 0.024090316372098155, 0.02220132238001286, 0.02051452966091278, 0.019044426362309692, 0.017805605247084858, 0.01643252777018217, 0.01523003850809785, 0.01424180324883461, 0.013706552220618947, 0.0130880570946912, 0.012988920737072255, 0.013178248200839212, 0.013386796436950147, 0.01359897371732897, 0.01439195864266014, 0.015495810506657983, 0.016686507754200334, 0.01807173050136072, 0.019341411872889052, 0.020370802976522343, 0.0213787239197115, 0.02262888584538598, 0.02401686851684336, 0.025523335513576738, 0.026670410326906566, 0.02758824337325398, 0.02810647098585074, 0.028219175888028712, 0.02804128716256827, 0.027840212128430745, 0.02799079668741686, 0.027988272685847155, 0.02831306909632167, 0.028434723397990712, 0.0285549391753426, 0.02832607944879636, 0.02800347501499142, 0.027460301198426997, 0.02681840364884072, 0.026203190519756815, 0.02552364346313934, 0.024940794741503684, 0.024553643852497812, 0.024009602077058226, 0.023587486328410737, 0.023053226444370627, 0.02237349941244249, 0.021247392964358097, 0.01948489409103017, 0.01759577829009665, 0.015969918059865678, 0.014849832783247986, 0.014164911869984548, 0.013546042864334782, 0.01328357500957488, 0.012905521640083246, 0.012806686101790404, 0.01256569256360443, 0.01270015008783326, 0.013333718053885597, 0.014364706842779438, 0.015230812921928084, 0.016214173123414017, 0.017422309714956504, 0.01848297873673576, 0.019690103784110968, 0.02062988015396428, 0.021304326954883004, 0.021542023987470748, 0.021445001132587415, 0.02128479356968176, 0.021154257299581803, 0.020548768777841446, 0.020419411659703072, 0.020346908766621045, 0.02018386842926173, 0.020060715556614095, 0.019970155121820186, 0.019905412966441507, 0.019860328269953802, 0.019689549628068632, 0.019110038324468673, 0.018401772510693467, 0.01773443768827515, 0.01691379473734185, 0.0163889904882787, 0.015891976533507178, 0.015695148472402557, 0.015634975895130635, 0.01548249397414641, 0.015250362203767827, 0.01446715870868431, 0.013690714184349355, 0.013111437378948002, 0.01280400987898366, 0.012789088065484542, 0.012885508256999974, 0.012645414791893052, 0.012533763320360268, 0.01300792748125149, 0.014045480441271196, 0.015593406388961941, 0.017496649938682926, 0.01947963017829757, 0.021814960986639112, 0.0244888991790445, 0.027455202671237973, 0.030462142682767764, 0.03347516022004274, 0.03632355277573078, 0.03911728575744543, 0.041489125175428104, 0.043617926344794986, 0.04507509866910146, 0.045973158335007626, 0.046666313335408376, 0.047747911364257295, 0.04910015737076979, 0.051170936172887156, 0.05323921785426519, 0.05484930583024696, 0.05598397968583077, 0.056516639752925084, 0.05678375349578094, 0.05655312215346535, 0.05709318659280136, 0.05753330561326649, 0.05822424761198231, 0.05856641837777238, 0.058663546697002605, 0.05829520111627496, 0.058019458378357286, 0.05786276302771312, 0.057678835712609886, 0.05721489013034267, 0.05620972754199197, 0.05488023496470325, 0.05291870088860013, 0.05085359195424363, 0.04836971777146554, 0.045888993393773454, 0.04332790860019442, 0.040721243397433354, 0.03815348906679705, 0.03609755066086763, 0.03431153121207709, 0.03269994312791247, 0.03113246913067769, 0.029533434333839276, 0.02779284963423818, 0.02581340528028532, 0.023636664296078556, 0.021032966406022018, 0.018298152858289164, 0.015471223173718233, 0.012975006021594128, 0.011476514573927241, 0.011190786613452559, 0.012013514795745658, 0.013192708648177051, 0.0146026096239084, 0.016627808096549106, 0.019288816219412905, 0.022115031993867204, 0.024956066779425322, 0.027947127033299147, 0.030317719296220055, 0.03213024736687776, 0.033908117916643665, 0.035613155393420214, 0.03695858371541455, 0.0370883147011733, 0.035844860180821725, 0.03331269225961453, 0.030127822662769057, 0.026675716455458534, 0.02305094507263966, 0.019294584365168215, 0.016588874620184203, 0.013459760460278334, 0.010513659470637583, 0.008184205378854309, 0.005908681970234855, 0.003908372487361734, 0.002250880846271649, 0.001837561814419065, 0.003902446460586522, 0.00649131804032715, 0.008842266053540701, 0.011337576744963709, 0.013847821453172829, 0.016241515374979285, 0.018506880743639053, 0.020753891025054552, 0.022854281545735794, 0.025177910908837288, 0.027764777035113285, 0.0302577363231247, 0.032552204835272186, 0.033962244268502154, 0.03530995724171245, 0.036795414568091225, 0.03840706162943578, 0.039993850675796264, 0.04133645030179679, 0.04211247094820217, 0.04239213751353172, 0.042192499106345205, 0.04200269786908514, 0.041897190162155235, 0.041830932940717325, 0.04166737666619139, 0.04206882264734189, 0.0426127097658282, 0.042895687146734904, 0.04300135533202284, 0.04249799814293581, 0.041897582995049115, 0.04072077112408416, 0.03927976254850985, 0.037331499513228325, 0.035889992777759706, 0.03456359233645024, 0.033243529781910974, 0.03199033675126687, 0.03059935779738079, 0.029272240636492235, 0.027900707354997015, 0.02654938414970694, 0.02543173352052397, 0.024311103096379235, 0.023065212419431085, 0.021685454855791198, 0.02041159885695607, 0.019056064221564174, 0.017656707279948437, 0.01626614648165674, 0.015012383850973622, 0.013603567963072178, 0.012189757837366814, 0.010674529938407772, 0.009407142987148039, 0.008344525906195775, 0.007439054007672372, 0.0072034584519923735, 0.007775010970036668, 0.009047582903156274, 0.010731538882415681, 0.01253460028234948, 0.014333543563369548, 0.016070624592636203, 0.017817726146123574, 0.019557256660804743, 0.02116824086555951, 0.022529303997840977, 0.023628588936546305, 0.02391411988476377, 0.02359656311707365, 0.022355277074164143, 0.020961866673625245, 0.018393580144489934, 0.015660552711922182, 0.013874328661167971, 0.01254026736778108, 0.011812131260623127, 0.010800298354986543, 0.00961805971638548, 0.008471507575266851, 0.007656757785702683, 0.006719580941926242, 0.0056999472982024405, 0.005125787188458596, 0.00504686530895439, 0.005697178935649704, 0.006245540782853768, 0.0070976650798796875, 0.007900543705723831, 0.008755370167568399, 0.009807746909975117, 0.011209592216881203, 0.01276960312030194, 0.014467251258771754, 0.015865855510978952, 0.01751794577394112, 0.01978728846519214, 0.022540086452385207, 0.024859037758439572, 0.02589623397823137, 0.02611181133516041, 0.026565850619759173, 0.0272557734372972, 0.02776644526036269, 0.02799937699621002, 0.02818388188652303, 0.02806005928616626, 0.028083982827741123, 0.02781538632605852, 0.027763976455106594, 0.028120518002563644, 0.028688559534023904, 0.029389365084960088, 0.030059907204608147, 0.03052096911154336, 0.031053468449087778, 0.03142000488428638, 0.03173833045042581, 0.031892653890475096, 0.03198060527161537, 0.031944507243272385, 0.03180892531117334, 0.03180195743523648, 0.03175983113429147, 0.03185651864929952, 0.032146459060636644, 0.032526908876218445, 0.033087790299913135, 0.03370146462957083, 0.0342847740780508, 0.0344768243549477, 0.03441738754137779, 0.034008301029805295]",0.043617926344794986,0.035402276653322906,0.004013019900471355,0.04343292725454251,0.0,0.0,0.02986824180433567,0.035402276653322906,0.004013019900471355,0.04343292725454251,4.968,1717635305.672983,2024-06-06_10-55-05
0.5059,-0.00024000000000001798,0.43349424278148935,0.46969488417423827,-0.004445819975123853,0.3886157891721449,0.5059,-0.00024000000000001798,0.46502793245745166,0.46969488417423827,-0.004445819975123853,0.3886157891721449,0.04507509866910146,"[0.011315756658919754, 0.012192407496521018, 0.01288995615295488, 0.01359963525141729, 0.014321891165186378, 0.015181047888625853, 0.01592941522152252, 0.01673874496494045, 0.01751440457689525, 0.01835087734908702, 0.019202544572813795, 0.020070622325609303, 0.02095627718778323, 0.02186061264947246, 0.022737260153569413, 0.023681097053535004, 0.024646250751560458, 0.025633386418693636, 0.02659237614956749, 0.027623542314219474, 0.0286250346734827, 0.029647102596467904, 0.03056454213255984, 0.031680305841655834, 0.03263530150735364, 0.033606764937046466, 0.034593095597664145, 0.03536350794006898, 0.035930760474075646, 0.03631257033147624, 0.03661317474198803, 0.03688385713543919, 0.03738127616234113, 0.037934719347479336, 0.03858163380471939, 0.03921882339006296, 0.03999131852533767, 0.04074980907886149, 0.04127472956039594, 0.04151563832077664, 0.04151964454301027, 0.04123464219442919, 0.04096829512038153, 0.04056460486818273, 0.04028281736824196, 0.04000166841569801, 0.03919762289117317, 0.037812479337396496, 0.03622310391275238, 0.03453579653228067, 0.0330206041779641, 0.031565009966306234, 0.03054064037737075, 0.029904305612678588, 0.029394155816597912, 0.028896840658953926, 0.02825322628704274, 0.027685220830545497, 0.02666364029859006, 0.025486033827772144, 0.02414387260068274, 0.023028867611909868, 0.022681878550084772, 0.02299235797660897, 0.02387546679328945, 0.024738332374206702, 0.025547718436096926, 0.026640938816603423, 0.02759836215880636, 0.028240938725365098, 0.028199955208514017, 0.028168175430310402, 0.02767018559717724, 0.027414861073674215, 0.027239233260695786, 0.0274939869379551, 0.027874761581110984, 0.02868161073982207, 0.029514734605865275, 0.030345172291974937, 0.031248268714928727, 0.032298002681611045, 0.033509628354587276, 0.0348066615601669, 0.03569061118903811, 0.03631377821401384, 0.03654105211474412, 0.03646788532881584, 0.03572808397059345, 0.03427781350345514, 0.03309813106562172, 0.031639416134799855, 0.02970329439236902, 0.027599049067936567, 0.02603054913364457, 0.024090316372098155, 0.02220132238001286, 0.02051452966091278, 0.019044426362309692, 0.017805605247084858, 0.01643252777018217, 0.01523003850809785, 0.01424180324883461, 0.013706552220618947, 0.0130880570946912, 0.012988920737072255, 0.013178248200839212, 0.013386796436950147, 0.01359897371732897, 0.01439195864266014, 0.015495810506657983, 0.016686507754200334, 0.01807173050136072, 0.019341411872889052, 0.020370802976522343, 0.0213787239197115, 0.02262888584538598, 0.02401686851684336, 0.025523335513576738, 0.026670410326906566, 0.02758824337325398, 0.02810647098585074, 0.028219175888028712, 0.02804128716256827, 0.027840212128430745, 0.02799079668741686, 0.027988272685847155, 0.02831306909632167, 0.028434723397990712, 0.0285549391753426, 0.02832607944879636, 0.02800347501499142, 0.027460301198426997, 0.02681840364884072, 0.026203190519756815, 0.02552364346313934, 0.024940794741503684, 0.024553643852497812, 0.024009602077058226, 0.023587486328410737, 0.023053226444370627, 0.02237349941244249, 0.021247392964358097, 0.01948489409103017, 0.01759577829009665, 0.015969918059865678, 0.014849832783247986, 0.014164911869984548, 0.013546042864334782, 0.01328357500957488, 0.012905521640083246, 0.012806686101790404, 0.01256569256360443, 0.01270015008783326, 0.013333718053885597, 0.014364706842779438, 0.015230812921928084, 0.016214173123414017, 0.017422309714956504, 0.01848297873673576, 0.019690103784110968, 0.02062988015396428, 0.021304326954883004, 0.021542023987470748, 0.021445001132587415, 0.02128479356968176, 0.021154257299581803, 0.020548768777841446, 0.020419411659703072, 0.020346908766621045, 0.02018386842926173, 0.020060715556614095, 0.019970155121820186, 0.019905412966441507, 0.019860328269953802, 0.019689549628068632, 0.019110038324468673, 0.018401772510693467, 0.01773443768827515, 0.01691379473734185, 0.0163889904882787, 0.015891976533507178, 0.015695148472402557, 0.015634975895130635, 0.01548249397414641, 0.015250362203767827, 0.01446715870868431, 0.013690714184349355, 0.013111437378948002, 0.01280400987898366, 0.012789088065484542, 0.012885508256999974, 0.012645414791893052, 0.012533763320360268, 0.01300792748125149, 0.014045480441271196, 0.015593406388961941, 0.017496649938682926, 0.01947963017829757, 0.021814960986639112, 0.0244888991790445, 0.027455202671237973, 0.030462142682767764, 0.03347516022004274, 0.03632355277573078, 0.03911728575744543, 0.041489125175428104, 0.043617926344794986, 0.04507509866910146, 0.045973158335007626, 0.046666313335408376, 0.047747911364257295, 0.04910015737076979, 0.051170936172887156, 0.05323921785426519, 0.05484930583024696, 0.05598397968583077, 0.056516639752925084, 0.05678375349578094, 0.05655312215346535, 0.05709318659280136, 0.05753330561326649, 0.05822424761198231, 0.05856641837777238, 0.058663546697002605, 0.05829520111627496, 0.058019458378357286, 0.05786276302771312, 0.057678835712609886, 0.05721489013034267, 0.05620972754199197, 0.05488023496470325, 0.05291870088860013, 0.05085359195424363, 0.04836971777146554, 0.045888993393773454, 0.04332790860019442, 0.040721243397433354, 0.03815348906679705, 0.03609755066086763, 0.03431153121207709, 0.03269994312791247, 0.03113246913067769, 0.029533434333839276, 0.02779284963423818, 0.02581340528028532, 0.023636664296078556, 0.021032966406022018, 0.018298152858289164, 0.015471223173718233, 0.012975006021594128, 0.011476514573927241, 0.011190786613452559, 0.012013514795745658, 0.013192708648177051, 0.0146026096239084, 0.016627808096549106, 0.019288816219412905, 0.022115031993867204, 0.024956066779425322, 0.027947127033299147, 0.030317719296220055, 0.03213024736687776, 0.033908117916643665, 0.035613155393420214, 0.03695858371541455, 0.0370883147011733, 0.035844860180821725, 0.03331269225961453, 0.030127822662769057, 0.026675716455458534, 0.02305094507263966, 0.019294584365168215, 0.016588874620184203, 0.013459760460278334, 0.010513659470637583, 0.008184205378854309, 0.005908681970234855, 0.003908372487361734, 0.002250880846271649, 0.001837561814419065, 0.003902446460586522, 0.00649131804032715, 0.008842266053540701, 0.011337576744963709, 0.013847821453172829, 0.016241515374979285, 0.018506880743639053, 0.020753891025054552, 0.022854281545735794, 0.025177910908837288, 0.027764777035113285, 0.0302577363231247, 0.032552204835272186, 0.033962244268502154, 0.03530995724171245, 0.036795414568091225, 0.03840706162943578, 0.039993850675796264, 0.04133645030179679, 0.04211247094820217, 0.04239213751353172, 0.042192499106345205, 0.04200269786908514, 0.041897190162155235, 0.041830932940717325, 0.04166737666619139, 0.04206882264734189, 0.0426127097658282, 0.042895687146734904, 0.04300135533202284, 0.04249799814293581, 0.041897582995049115, 0.04072077112408416, 0.03927976254850985, 0.037331499513228325, 0.035889992777759706, 0.03456359233645024, 0.033243529781910974, 0.03199033675126687, 0.03059935779738079, 0.029272240636492235, 0.027900707354997015, 0.02654938414970694, 0.02543173352052397, 0.024311103096379235, 0.023065212419431085, 0.021685454855791198, 0.02041159885695607, 0.019056064221564174, 0.017656707279948437, 0.01626614648165674, 0.015012383850973622, 0.013603567963072178, 0.012189757837366814, 0.010674529938407772, 0.009407142987148039, 0.008344525906195775, 0.007439054007672372, 0.0072034584519923735, 0.007775010970036668, 0.009047582903156274, 0.010731538882415681, 0.01253460028234948, 0.014333543563369548, 0.016070624592636203, 0.017817726146123574, 0.019557256660804743, 0.02116824086555951, 0.022529303997840977, 0.023628588936546305, 0.02391411988476377, 0.02359656311707365, 0.022355277074164143, 0.020961866673625245, 0.018393580144489934, 0.015660552711922182, 0.013874328661167971, 0.01254026736778108, 0.011812131260623127, 0.010800298354986543, 0.00961805971638548, 0.008471507575266851, 0.007656757785702683, 0.006719580941926242, 0.0056999472982024405, 0.005125787188458596, 0.00504686530895439, 0.005697178935649704, 0.006245540782853768, 0.0070976650798796875, 0.007900543705723831, 0.008755370167568399, 0.009807746909975117, 0.011209592216881203, 0.01276960312030194, 0.014467251258771754, 0.015865855510978952, 0.01751794577394112, 0.01978728846519214, 0.022540086452385207, 0.024859037758439572, 0.02589623397823137, 0.02611181133516041, 0.026565850619759173, 0.0272557734372972, 0.02776644526036269, 0.02799937699621002, 0.02818388188652303, 0.02806005928616626, 0.028083982827741123, 0.02781538632605852, 0.027763976455106594, 0.028120518002563644, 0.028688559534023904, 0.029389365084960088, 0.030059907204608147, 0.03052096911154336, 0.031053468449087778, 0.03142000488428638, 0.03173833045042581, 0.031892653890475096, 0.03198060527161537, 0.031944507243272385, 0.03180892531117334, 0.03180195743523648, 0.03175983113429147, 0.03185651864929952, 0.032146459060636644, 0.032526908876218445, 0.033087790299913135, 0.03370146462957083, 0.0342847740780508, 0.0344768243549477, 0.03441738754137779, 0.034008301029805295]",0.04507509866910146,0.03620511582576175,0.004205819975123835,0.04487845360934445,0.0,0.0,0.03153368967596232,0.03620511582576175,0.004205819975123835,0.04487845360934445,4.992,1717635305.7035663,2024-06-06_10-55-05
0.5059,0.0004800000000000082,0.43681101411736367,0.46881052799420025,-0.004197712073851697,0.3910764506336064,0.5059,0.0004800000000000082,0.46969870781383516,0.46881052799420025,-0.004197712073851697,0.3910764506336064,0.045973158335007626,"[0.011315756658919754, 0.012192407496521018, 0.01288995615295488, 0.01359963525141729, 0.014321891165186378, 0.015181047888625853, 0.01592941522152252, 0.01673874496494045, 0.01751440457689525, 0.01835087734908702, 0.019202544572813795, 0.020070622325609303, 0.02095627718778323, 0.02186061264947246, 0.022737260153569413, 0.023681097053535004, 0.024646250751560458, 0.025633386418693636, 0.02659237614956749, 0.027623542314219474, 0.0286250346734827, 0.029647102596467904, 0.03056454213255984, 0.031680305841655834, 0.03263530150735364, 0.033606764937046466, 0.034593095597664145, 0.03536350794006898, 0.035930760474075646, 0.03631257033147624, 0.03661317474198803, 0.03688385713543919, 0.03738127616234113, 0.037934719347479336, 0.03858163380471939, 0.03921882339006296, 0.03999131852533767, 0.04074980907886149, 0.04127472956039594, 0.04151563832077664, 0.04151964454301027, 0.04123464219442919, 0.04096829512038153, 0.04056460486818273, 0.04028281736824196, 0.04000166841569801, 0.03919762289117317, 0.037812479337396496, 0.03622310391275238, 0.03453579653228067, 0.0330206041779641, 0.031565009966306234, 0.03054064037737075, 0.029904305612678588, 0.029394155816597912, 0.028896840658953926, 0.02825322628704274, 0.027685220830545497, 0.02666364029859006, 0.025486033827772144, 0.02414387260068274, 0.023028867611909868, 0.022681878550084772, 0.02299235797660897, 0.02387546679328945, 0.024738332374206702, 0.025547718436096926, 0.026640938816603423, 0.02759836215880636, 0.028240938725365098, 0.028199955208514017, 0.028168175430310402, 0.02767018559717724, 0.027414861073674215, 0.027239233260695786, 0.0274939869379551, 0.027874761581110984, 0.02868161073982207, 0.029514734605865275, 0.030345172291974937, 0.031248268714928727, 0.032298002681611045, 0.033509628354587276, 0.0348066615601669, 0.03569061118903811, 0.03631377821401384, 0.03654105211474412, 0.03646788532881584, 0.03572808397059345, 0.03427781350345514, 0.03309813106562172, 0.031639416134799855, 0.02970329439236902, 0.027599049067936567, 0.02603054913364457, 0.024090316372098155, 0.02220132238001286, 0.02051452966091278, 0.019044426362309692, 0.017805605247084858, 0.01643252777018217, 0.01523003850809785, 0.01424180324883461, 0.013706552220618947, 0.0130880570946912, 0.012988920737072255, 0.013178248200839212, 0.013386796436950147, 0.01359897371732897, 0.01439195864266014, 0.015495810506657983, 0.016686507754200334, 0.01807173050136072, 0.019341411872889052, 0.020370802976522343, 0.0213787239197115, 0.02262888584538598, 0.02401686851684336, 0.025523335513576738, 0.026670410326906566, 0.02758824337325398, 0.02810647098585074, 0.028219175888028712, 0.02804128716256827, 0.027840212128430745, 0.02799079668741686, 0.027988272685847155, 0.02831306909632167, 0.028434723397990712, 0.0285549391753426, 0.02832607944879636, 0.02800347501499142, 0.027460301198426997, 0.02681840364884072, 0.026203190519756815, 0.02552364346313934, 0.024940794741503684, 0.024553643852497812, 0.024009602077058226, 0.023587486328410737, 0.023053226444370627, 0.02237349941244249, 0.021247392964358097, 0.01948489409103017, 0.01759577829009665, 0.015969918059865678, 0.014849832783247986, 0.014164911869984548, 0.013546042864334782, 0.01328357500957488, 0.012905521640083246, 0.012806686101790404, 0.01256569256360443, 0.01270015008783326, 0.013333718053885597, 0.014364706842779438, 0.015230812921928084, 0.016214173123414017, 0.017422309714956504, 0.01848297873673576, 0.019690103784110968, 0.02062988015396428, 0.021304326954883004, 0.021542023987470748, 0.021445001132587415, 0.02128479356968176, 0.021154257299581803, 0.020548768777841446, 0.020419411659703072, 0.020346908766621045, 0.02018386842926173, 0.020060715556614095, 0.019970155121820186, 0.019905412966441507, 0.019860328269953802, 0.019689549628068632, 0.019110038324468673, 0.018401772510693467, 0.01773443768827515, 0.01691379473734185, 0.0163889904882787, 0.015891976533507178, 0.015695148472402557, 0.015634975895130635, 0.01548249397414641, 0.015250362203767827, 0.01446715870868431, 0.013690714184349355, 0.013111437378948002, 0.01280400987898366, 0.012789088065484542, 0.012885508256999974, 0.012645414791893052, 0.012533763320360268, 0.01300792748125149, 0.014045480441271196, 0.015593406388961941, 0.017496649938682926, 0.01947963017829757, 0.021814960986639112, 0.0244888991790445, 0.027455202671237973, 0.030462142682767764, 0.03347516022004274, 0.03632355277573078, 0.03911728575744543, 0.041489125175428104, 0.043617926344794986, 0.04507509866910146, 0.045973158335007626, 0.046666313335408376, 0.047747911364257295, 0.04910015737076979, 0.051170936172887156, 0.05323921785426519, 0.05484930583024696, 0.05598397968583077, 0.056516639752925084, 0.05678375349578094, 0.05655312215346535, 0.05709318659280136, 0.05753330561326649, 0.05822424761198231, 0.05856641837777238, 0.058663546697002605, 0.05829520111627496, 0.058019458378357286, 0.05786276302771312, 0.057678835712609886, 0.05721489013034267, 0.05620972754199197, 0.05488023496470325, 0.05291870088860013, 0.05085359195424363, 0.04836971777146554, 0.045888993393773454, 0.04332790860019442, 0.040721243397433354, 0.03815348906679705, 0.03609755066086763, 0.03431153121207709, 0.03269994312791247, 0.03113246913067769, 0.029533434333839276, 0.02779284963423818, 0.02581340528028532, 0.023636664296078556, 0.021032966406022018, 0.018298152858289164, 0.015471223173718233, 0.012975006021594128, 0.011476514573927241, 0.011190786613452559, 0.012013514795745658, 0.013192708648177051, 0.0146026096239084, 0.016627808096549106, 0.019288816219412905, 0.022115031993867204, 0.024956066779425322, 0.027947127033299147, 0.030317719296220055, 0.03213024736687776, 0.033908117916643665, 0.035613155393420214, 0.03695858371541455, 0.0370883147011733, 0.035844860180821725, 0.03331269225961453, 0.030127822662769057, 0.026675716455458534, 0.02305094507263966, 0.019294584365168215, 0.016588874620184203, 0.013459760460278334, 0.010513659470637583, 0.008184205378854309, 0.005908681970234855, 0.003908372487361734, 0.002250880846271649, 0.001837561814419065, 0.003902446460586522, 0.00649131804032715, 0.008842266053540701, 0.011337576744963709, 0.013847821453172829, 0.016241515374979285, 0.018506880743639053, 0.020753891025054552, 0.022854281545735794, 0.025177910908837288, 0.027764777035113285, 0.0302577363231247, 0.032552204835272186, 0.033962244268502154, 0.03530995724171245, 0.036795414568091225, 0.03840706162943578, 0.039993850675796264, 0.04133645030179679, 0.04211247094820217, 0.04239213751353172, 0.042192499106345205, 0.04200269786908514, 0.041897190162155235, 0.041830932940717325, 0.04166737666619139, 0.04206882264734189, 0.0426127097658282, 0.042895687146734904, 0.04300135533202284, 0.04249799814293581, 0.041897582995049115, 0.04072077112408416, 0.03927976254850985, 0.037331499513228325, 0.035889992777759706, 0.03456359233645024, 0.033243529781910974, 0.03199033675126687, 0.03059935779738079, 0.029272240636492235, 0.027900707354997015, 0.02654938414970694, 0.02543173352052397, 0.024311103096379235, 0.023065212419431085, 0.021685454855791198, 0.02041159885695607, 0.019056064221564174, 0.017656707279948437, 0.01626614648165674, 0.015012383850973622, 0.013603567963072178, 0.012189757837366814, 0.010674529938407772, 0.009407142987148039, 0.008344525906195775, 0.007439054007672372, 0.0072034584519923735, 0.007775010970036668, 0.009047582903156274, 0.010731538882415681, 0.01253460028234948, 0.014333543563369548, 0.016070624592636203, 0.017817726146123574, 0.019557256660804743, 0.02116824086555951, 0.022529303997840977, 0.023628588936546305, 0.02391411988476377, 0.02359656311707365, 0.022355277074164143, 0.020961866673625245, 0.018393580144489934, 0.015660552711922182, 0.013874328661167971, 0.01254026736778108, 0.011812131260623127, 0.010800298354986543, 0.00961805971638548, 0.008471507575266851, 0.007656757785702683, 0.006719580941926242, 0.0056999472982024405, 0.005125787188458596, 0.00504686530895439, 0.005697178935649704, 0.006245540782853768, 0.0070976650798796875, 0.007900543705723831, 0.008755370167568399, 0.009807746909975117, 0.011209592216881203, 0.01276960312030194, 0.014467251258771754, 0.015865855510978952, 0.01751794577394112, 0.01978728846519214, 0.022540086452385207, 0.024859037758439572, 0.02589623397823137, 0.02611181133516041, 0.026565850619759173, 0.0272557734372972, 0.02776644526036269, 0.02799937699621002, 0.02818388188652303, 0.02806005928616626, 0.028083982827741123, 0.02781538632605852, 0.027763976455106594, 0.028120518002563644, 0.028688559534023904, 0.029389365084960088, 0.030059907204608147, 0.03052096911154336, 0.031053468449087778, 0.03142000488428638, 0.03173833045042581, 0.031892653890475096, 0.03198060527161537, 0.031944507243272385, 0.03180892531117334, 0.03180195743523648, 0.03175983113429147, 0.03185651864929952, 0.032146459060636644, 0.032526908876218445, 0.033087790299913135, 0.03370146462957083, 0.0342847740780508, 0.0344768243549477, 0.03441738754137779, 0.034008301029805295]",0.045973158335007626,0.03708947200579976,0.004677712073851705,0.04573456348375726,0.0,0.0,0.03288769369647149,0.03708947200579976,0.004677712073851705,0.04573456348375726,5.016,1717635305.7258406,2024-06-06_10-55-05
0.5059,0.0012000000000000066,0.44011878533190574,0.46771346436607464,-0.0036198697606376518,0.3937020463705245,0.5059,0.0012000000000000066,0.4742047611233276,0.46771346436607464,-0.0036198697606376518,0.3937020463705245,0.046666313335408376,"[0.011315756658919754, 0.012192407496521018, 0.01288995615295488, 0.01359963525141729, 0.014321891165186378, 0.015181047888625853, 0.01592941522152252, 0.01673874496494045, 0.01751440457689525, 0.01835087734908702, 0.019202544572813795, 0.020070622325609303, 0.02095627718778323, 0.02186061264947246, 0.022737260153569413, 0.023681097053535004, 0.024646250751560458, 0.025633386418693636, 0.02659237614956749, 0.027623542314219474, 0.0286250346734827, 0.029647102596467904, 0.03056454213255984, 0.031680305841655834, 0.03263530150735364, 0.033606764937046466, 0.034593095597664145, 0.03536350794006898, 0.035930760474075646, 0.03631257033147624, 0.03661317474198803, 0.03688385713543919, 0.03738127616234113, 0.037934719347479336, 0.03858163380471939, 0.03921882339006296, 0.03999131852533767, 0.04074980907886149, 0.04127472956039594, 0.04151563832077664, 0.04151964454301027, 0.04123464219442919, 0.04096829512038153, 0.04056460486818273, 0.04028281736824196, 0.04000166841569801, 0.03919762289117317, 0.037812479337396496, 0.03622310391275238, 0.03453579653228067, 0.0330206041779641, 0.031565009966306234, 0.03054064037737075, 0.029904305612678588, 0.029394155816597912, 0.028896840658953926, 0.02825322628704274, 0.027685220830545497, 0.02666364029859006, 0.025486033827772144, 0.02414387260068274, 0.023028867611909868, 0.022681878550084772, 0.02299235797660897, 0.02387546679328945, 0.024738332374206702, 0.025547718436096926, 0.026640938816603423, 0.02759836215880636, 0.028240938725365098, 0.028199955208514017, 0.028168175430310402, 0.02767018559717724, 0.027414861073674215, 0.027239233260695786, 0.0274939869379551, 0.027874761581110984, 0.02868161073982207, 0.029514734605865275, 0.030345172291974937, 0.031248268714928727, 0.032298002681611045, 0.033509628354587276, 0.0348066615601669, 0.03569061118903811, 0.03631377821401384, 0.03654105211474412, 0.03646788532881584, 0.03572808397059345, 0.03427781350345514, 0.03309813106562172, 0.031639416134799855, 0.02970329439236902, 0.027599049067936567, 0.02603054913364457, 0.024090316372098155, 0.02220132238001286, 0.02051452966091278, 0.019044426362309692, 0.017805605247084858, 0.01643252777018217, 0.01523003850809785, 0.01424180324883461, 0.013706552220618947, 0.0130880570946912, 0.012988920737072255, 0.013178248200839212, 0.013386796436950147, 0.01359897371732897, 0.01439195864266014, 0.015495810506657983, 0.016686507754200334, 0.01807173050136072, 0.019341411872889052, 0.020370802976522343, 0.0213787239197115, 0.02262888584538598, 0.02401686851684336, 0.025523335513576738, 0.026670410326906566, 0.02758824337325398, 0.02810647098585074, 0.028219175888028712, 0.02804128716256827, 0.027840212128430745, 0.02799079668741686, 0.027988272685847155, 0.02831306909632167, 0.028434723397990712, 0.0285549391753426, 0.02832607944879636, 0.02800347501499142, 0.027460301198426997, 0.02681840364884072, 0.026203190519756815, 0.02552364346313934, 0.024940794741503684, 0.024553643852497812, 0.024009602077058226, 0.023587486328410737, 0.023053226444370627, 0.02237349941244249, 0.021247392964358097, 0.01948489409103017, 0.01759577829009665, 0.015969918059865678, 0.014849832783247986, 0.014164911869984548, 0.013546042864334782, 0.01328357500957488, 0.012905521640083246, 0.012806686101790404, 0.01256569256360443, 0.01270015008783326, 0.013333718053885597, 0.014364706842779438, 0.015230812921928084, 0.016214173123414017, 0.017422309714956504, 0.01848297873673576, 0.019690103784110968, 0.02062988015396428, 0.021304326954883004, 0.021542023987470748, 0.021445001132587415, 0.02128479356968176, 0.021154257299581803, 0.020548768777841446, 0.020419411659703072, 0.020346908766621045, 0.02018386842926173, 0.020060715556614095, 0.019970155121820186, 0.019905412966441507, 0.019860328269953802, 0.019689549628068632, 0.019110038324468673, 0.018401772510693467, 0.01773443768827515, 0.01691379473734185, 0.0163889904882787, 0.015891976533507178, 0.015695148472402557, 0.015634975895130635, 0.01548249397414641, 0.015250362203767827, 0.01446715870868431, 0.013690714184349355, 0.013111437378948002, 0.01280400987898366, 0.012789088065484542, 0.012885508256999974, 0.012645414791893052, 0.012533763320360268, 0.01300792748125149, 0.014045480441271196, 0.015593406388961941, 0.017496649938682926, 0.01947963017829757, 0.021814960986639112, 0.0244888991790445, 0.027455202671237973, 0.030462142682767764, 0.03347516022004274, 0.03632355277573078, 0.03911728575744543, 0.041489125175428104, 0.043617926344794986, 0.04507509866910146, 0.045973158335007626, 0.046666313335408376, 0.047747911364257295, 0.04910015737076979, 0.051170936172887156, 0.05323921785426519, 0.05484930583024696, 0.05598397968583077, 0.056516639752925084, 0.05678375349578094, 0.05655312215346535, 0.05709318659280136, 0.05753330561326649, 0.05822424761198231, 0.05856641837777238, 0.058663546697002605, 0.05829520111627496, 0.058019458378357286, 0.05786276302771312, 0.057678835712609886, 0.05721489013034267, 0.05620972754199197, 0.05488023496470325, 0.05291870088860013, 0.05085359195424363, 0.04836971777146554, 0.045888993393773454, 0.04332790860019442, 0.040721243397433354, 0.03815348906679705, 0.03609755066086763, 0.03431153121207709, 0.03269994312791247, 0.03113246913067769, 0.029533434333839276, 0.02779284963423818, 0.02581340528028532, 0.023636664296078556, 0.021032966406022018, 0.018298152858289164, 0.015471223173718233, 0.012975006021594128, 0.011476514573927241, 0.011190786613452559, 0.012013514795745658, 0.013192708648177051, 0.0146026096239084, 0.016627808096549106, 0.019288816219412905, 0.022115031993867204, 0.024956066779425322, 0.027947127033299147, 0.030317719296220055, 0.03213024736687776, 0.033908117916643665, 0.035613155393420214, 0.03695858371541455, 0.0370883147011733, 0.035844860180821725, 0.03331269225961453, 0.030127822662769057, 0.026675716455458534, 0.02305094507263966, 0.019294584365168215, 0.016588874620184203, 0.013459760460278334, 0.010513659470637583, 0.008184205378854309, 0.005908681970234855, 0.003908372487361734, 0.002250880846271649, 0.001837561814419065, 0.003902446460586522, 0.00649131804032715, 0.008842266053540701, 0.011337576744963709, 0.013847821453172829, 0.016241515374979285, 0.018506880743639053, 0.020753891025054552, 0.022854281545735794, 0.025177910908837288, 0.027764777035113285, 0.0302577363231247, 0.032552204835272186, 0.033962244268502154, 0.03530995724171245, 0.036795414568091225, 0.03840706162943578, 0.039993850675796264, 0.04133645030179679, 0.04211247094820217, 0.04239213751353172, 0.042192499106345205, 0.04200269786908514, 0.041897190162155235, 0.041830932940717325, 0.04166737666619139, 0.04206882264734189, 0.0426127097658282, 0.042895687146734904, 0.04300135533202284, 0.04249799814293581, 0.041897582995049115, 0.04072077112408416, 0.03927976254850985, 0.037331499513228325, 0.035889992777759706, 0.03456359233645024, 0.033243529781910974, 0.03199033675126687, 0.03059935779738079, 0.029272240636492235, 0.027900707354997015, 0.02654938414970694, 0.02543173352052397, 0.024311103096379235, 0.023065212419431085, 0.021685454855791198, 0.02041159885695607, 0.019056064221564174, 0.017656707279948437, 0.01626614648165674, 0.015012383850973622, 0.013603567963072178, 0.012189757837366814, 0.010674529938407772, 0.009407142987148039, 0.008344525906195775, 0.007439054007672372, 0.0072034584519923735, 0.007775010970036668, 0.009047582903156274, 0.010731538882415681, 0.01253460028234948, 0.014333543563369548, 0.016070624592636203, 0.017817726146123574, 0.019557256660804743, 0.02116824086555951, 0.022529303997840977, 0.023628588936546305, 0.02391411988476377, 0.02359656311707365, 0.022355277074164143, 0.020961866673625245, 0.018393580144489934, 0.015660552711922182, 0.013874328661167971, 0.01254026736778108, 0.011812131260623127, 0.010800298354986543, 0.00961805971638548, 0.008471507575266851, 0.007656757785702683, 0.006719580941926242, 0.0056999472982024405, 0.005125787188458596, 0.00504686530895439, 0.005697178935649704, 0.006245540782853768, 0.0070976650798796875, 0.007900543705723831, 0.008755370167568399, 0.009807746909975117, 0.011209592216881203, 0.01276960312030194, 0.014467251258771754, 0.015865855510978952, 0.01751794577394112, 0.01978728846519214, 0.022540086452385207, 0.024859037758439572, 0.02589623397823137, 0.02611181133516041, 0.026565850619759173, 0.0272557734372972, 0.02776644526036269, 0.02799937699621002, 0.02818388188652303, 0.02806005928616626, 0.028083982827741123, 0.02781538632605852, 0.027763976455106594, 0.028120518002563644, 0.028688559534023904, 0.029389365084960088, 0.030059907204608147, 0.03052096911154336, 0.031053468449087778, 0.03142000488428638, 0.03173833045042581, 0.031892653890475096, 0.03198060527161537, 0.031944507243272385, 0.03180892531117334, 0.03180195743523648, 0.03175983113429147, 0.03185651864929952, 0.032146459060636644, 0.032526908876218445, 0.033087790299913135, 0.03370146462957083, 0.0342847740780508, 0.0344768243549477, 0.03441738754137779, 0.034008301029805295]",0.046666313335408376,0.03818653563392538,0.004819869760637658,0.04641673896138121,0.0,0.0,0.03408597579142186,0.03818653563392538,0.004819869760637658,0.04641673896138121,5.04,1717635305.7510064,2024-06-06_10-55-05
0.5059,0.0019199999999999773,0.44340409845099965,0.4665648949939621,-0.002933992182658566,0.39590355319581694,0.5059,0.0019199999999999773,0.47868835633737195,0.4665648949939621,-0.002933992182658566,0.39590355319581694,0.047747911364257295,"[0.011315756658919754, 0.012192407496521018, 0.01288995615295488, 0.01359963525141729, 0.014321891165186378, 0.015181047888625853, 0.01592941522152252, 0.01673874496494045, 0.01751440457689525, 0.01835087734908702, 0.019202544572813795, 0.020070622325609303, 0.02095627718778323, 0.02186061264947246, 0.022737260153569413, 0.023681097053535004, 0.024646250751560458, 0.025633386418693636, 0.02659237614956749, 0.027623542314219474, 0.0286250346734827, 0.029647102596467904, 0.03056454213255984, 0.031680305841655834, 0.03263530150735364, 0.033606764937046466, 0.034593095597664145, 0.03536350794006898, 0.035930760474075646, 0.03631257033147624, 0.03661317474198803, 0.03688385713543919, 0.03738127616234113, 0.037934719347479336, 0.03858163380471939, 0.03921882339006296, 0.03999131852533767, 0.04074980907886149, 0.04127472956039594, 0.04151563832077664, 0.04151964454301027, 0.04123464219442919, 0.04096829512038153, 0.04056460486818273, 0.04028281736824196, 0.04000166841569801, 0.03919762289117317, 0.037812479337396496, 0.03622310391275238, 0.03453579653228067, 0.0330206041779641, 0.031565009966306234, 0.03054064037737075, 0.029904305612678588, 0.029394155816597912, 0.028896840658953926, 0.02825322628704274, 0.027685220830545497, 0.02666364029859006, 0.025486033827772144, 0.02414387260068274, 0.023028867611909868, 0.022681878550084772, 0.02299235797660897, 0.02387546679328945, 0.024738332374206702, 0.025547718436096926, 0.026640938816603423, 0.02759836215880636, 0.028240938725365098, 0.028199955208514017, 0.028168175430310402, 0.02767018559717724, 0.027414861073674215, 0.027239233260695786, 0.0274939869379551, 0.027874761581110984, 0.02868161073982207, 0.029514734605865275, 0.030345172291974937, 0.031248268714928727, 0.032298002681611045, 0.033509628354587276, 0.0348066615601669, 0.03569061118903811, 0.03631377821401384, 0.03654105211474412, 0.03646788532881584, 0.03572808397059345, 0.03427781350345514, 0.03309813106562172, 0.031639416134799855, 0.02970329439236902, 0.027599049067936567, 0.02603054913364457, 0.024090316372098155, 0.02220132238001286, 0.02051452966091278, 0.019044426362309692, 0.017805605247084858, 0.01643252777018217, 0.01523003850809785, 0.01424180324883461, 0.013706552220618947, 0.0130880570946912, 0.012988920737072255, 0.013178248200839212, 0.013386796436950147, 0.01359897371732897, 0.01439195864266014, 0.015495810506657983, 0.016686507754200334, 0.01807173050136072, 0.019341411872889052, 0.020370802976522343, 0.0213787239197115, 0.02262888584538598, 0.02401686851684336, 0.025523335513576738, 0.026670410326906566, 0.02758824337325398, 0.02810647098585074, 0.028219175888028712, 0.02804128716256827, 0.027840212128430745, 0.02799079668741686, 0.027988272685847155, 0.02831306909632167, 0.028434723397990712, 0.0285549391753426, 0.02832607944879636, 0.02800347501499142, 0.027460301198426997, 0.02681840364884072, 0.026203190519756815, 0.02552364346313934, 0.024940794741503684, 0.024553643852497812, 0.024009602077058226, 0.023587486328410737, 0.023053226444370627, 0.02237349941244249, 0.021247392964358097, 0.01948489409103017, 0.01759577829009665, 0.015969918059865678, 0.014849832783247986, 0.014164911869984548, 0.013546042864334782, 0.01328357500957488, 0.012905521640083246, 0.012806686101790404, 0.01256569256360443, 0.01270015008783326, 0.013333718053885597, 0.014364706842779438, 0.015230812921928084, 0.016214173123414017, 0.017422309714956504, 0.01848297873673576, 0.019690103784110968, 0.02062988015396428, 0.021304326954883004, 0.021542023987470748, 0.021445001132587415, 0.02128479356968176, 0.021154257299581803, 0.020548768777841446, 0.020419411659703072, 0.020346908766621045, 0.02018386842926173, 0.020060715556614095, 0.019970155121820186, 0.019905412966441507, 0.019860328269953802, 0.019689549628068632, 0.019110038324468673, 0.018401772510693467, 0.01773443768827515, 0.01691379473734185, 0.0163889904882787, 0.015891976533507178, 0.015695148472402557, 0.015634975895130635, 0.01548249397414641, 0.015250362203767827, 0.01446715870868431, 0.013690714184349355, 0.013111437378948002, 0.01280400987898366, 0.012789088065484542, 0.012885508256999974, 0.012645414791893052, 0.012533763320360268, 0.01300792748125149, 0.014045480441271196, 0.015593406388961941, 0.017496649938682926, 0.01947963017829757, 0.021814960986639112, 0.0244888991790445, 0.027455202671237973, 0.030462142682767764, 0.03347516022004274, 0.03632355277573078, 0.03911728575744543, 0.041489125175428104, 0.043617926344794986, 0.04507509866910146, 0.045973158335007626, 0.046666313335408376, 0.047747911364257295, 0.04910015737076979, 0.051170936172887156, 0.05323921785426519, 0.05484930583024696, 0.05598397968583077, 0.056516639752925084, 0.05678375349578094, 0.05655312215346535, 0.05709318659280136, 0.05753330561326649, 0.05822424761198231, 0.05856641837777238, 0.058663546697002605, 0.05829520111627496, 0.058019458378357286, 0.05786276302771312, 0.057678835712609886, 0.05721489013034267, 0.05620972754199197, 0.05488023496470325, 0.05291870088860013, 0.05085359195424363, 0.04836971777146554, 0.045888993393773454, 0.04332790860019442, 0.040721243397433354, 0.03815348906679705, 0.03609755066086763, 0.03431153121207709, 0.03269994312791247, 0.03113246913067769, 0.029533434333839276, 0.02779284963423818, 0.02581340528028532, 0.023636664296078556, 0.021032966406022018, 0.018298152858289164, 0.015471223173718233, 0.012975006021594128, 0.011476514573927241, 0.011190786613452559, 0.012013514795745658, 0.013192708648177051, 0.0146026096239084, 0.016627808096549106, 0.019288816219412905, 0.022115031993867204, 0.024956066779425322, 0.027947127033299147, 0.030317719296220055, 0.03213024736687776, 0.033908117916643665, 0.035613155393420214, 0.03695858371541455, 0.0370883147011733, 0.035844860180821725, 0.03331269225961453, 0.030127822662769057, 0.026675716455458534, 0.02305094507263966, 0.019294584365168215, 0.016588874620184203, 0.013459760460278334, 0.010513659470637583, 0.008184205378854309, 0.005908681970234855, 0.003908372487361734, 0.002250880846271649, 0.001837561814419065, 0.003902446460586522, 0.00649131804032715, 0.008842266053540701, 0.011337576744963709, 0.013847821453172829, 0.016241515374979285, 0.018506880743639053, 0.020753891025054552, 0.022854281545735794, 0.025177910908837288, 0.027764777035113285, 0.0302577363231247, 0.032552204835272186, 0.033962244268502154, 0.03530995724171245, 0.036795414568091225, 0.03840706162943578, 0.039993850675796264, 0.04133645030179679, 0.04211247094820217, 0.04239213751353172, 0.042192499106345205, 0.04200269786908514, 0.041897190162155235, 0.041830932940717325, 0.04166737666619139, 0.04206882264734189, 0.0426127097658282, 0.042895687146734904, 0.04300135533202284, 0.04249799814293581, 0.041897582995049115, 0.04072077112408416, 0.03927976254850985, 0.037331499513228325, 0.035889992777759706, 0.03456359233645024, 0.033243529781910974, 0.03199033675126687, 0.03059935779738079, 0.029272240636492235, 0.027900707354997015, 0.02654938414970694, 0.02543173352052397, 0.024311103096379235, 0.023065212419431085, 0.021685454855791198, 0.02041159885695607, 0.019056064221564174, 0.017656707279948437, 0.01626614648165674, 0.015012383850973622, 0.013603567963072178, 0.012189757837366814, 0.010674529938407772, 0.009407142987148039, 0.008344525906195775, 0.007439054007672372, 0.0072034584519923735, 0.007775010970036668, 0.009047582903156274, 0.010731538882415681, 0.01253460028234948, 0.014333543563369548, 0.016070624592636203, 0.017817726146123574, 0.019557256660804743, 0.02116824086555951, 0.022529303997840977, 0.023628588936546305, 0.02391411988476377, 0.02359656311707365, 0.022355277074164143, 0.020961866673625245, 0.018393580144489934, 0.015660552711922182, 0.013874328661167971, 0.01254026736778108, 0.011812131260623127, 0.010800298354986543, 0.00961805971638548, 0.008471507575266851, 0.007656757785702683, 0.006719580941926242, 0.0056999472982024405, 0.005125787188458596, 0.00504686530895439, 0.005697178935649704, 0.006245540782853768, 0.0070976650798796875, 0.007900543705723831, 0.008755370167568399, 0.009807746909975117, 0.011209592216881203, 0.01276960312030194, 0.014467251258771754, 0.015865855510978952, 0.01751794577394112, 0.01978728846519214, 0.022540086452385207, 0.024859037758439572, 0.02589623397823137, 0.02611181133516041, 0.026565850619759173, 0.0272557734372972, 0.02776644526036269, 0.02799937699621002, 0.02818388188652303, 0.02806005928616626, 0.028083982827741123, 0.02781538632605852, 0.027763976455106594, 0.028120518002563644, 0.028688559534023904, 0.029389365084960088, 0.030059907204608147, 0.03052096911154336, 0.031053468449087778, 0.03142000488428638, 0.03173833045042581, 0.031892653890475096, 0.03198060527161537, 0.031944507243272385, 0.03180892531117334, 0.03180195743523648, 0.03175983113429147, 0.03185651864929952, 0.032146459060636644, 0.032526908876218445, 0.033087790299913135, 0.03370146462957083, 0.0342847740780508, 0.0344768243549477, 0.03441738754137779, 0.034008301029805295]",0.047747911364257295,0.03933510500603793,0.004853992182658543,0.04750054525518271,0.0,0.0,0.035284257886372294,0.03933510500603793,0.004853992182658543,0.04750054525518271,5.064,1717635305.7748544,2024-06-06_10-55-05
0.5059,0.0026400000000000035,0.4466536038200087,0.46542341376729296,-0.0020462481630795543,0.39777759199428386,0.5059,0.0026400000000000035,0.48313614380133146,0.46542341376729296,-0.0020462481630795543,0.39777759199428386,0.04910015737076979,"[0.011315756658919754, 0.012192407496521018, 0.01288995615295488, 0.01359963525141729, 0.014321891165186378, 0.015181047888625853, 0.01592941522152252, 0.01673874496494045, 0.01751440457689525, 0.01835087734908702, 0.019202544572813795, 0.020070622325609303, 0.02095627718778323, 0.02186061264947246, 0.022737260153569413, 0.023681097053535004, 0.024646250751560458, 0.025633386418693636, 0.02659237614956749, 0.027623542314219474, 0.0286250346734827, 0.029647102596467904, 0.03056454213255984, 0.031680305841655834, 0.03263530150735364, 0.033606764937046466, 0.034593095597664145, 0.03536350794006898, 0.035930760474075646, 0.03631257033147624, 0.03661317474198803, 0.03688385713543919, 0.03738127616234113, 0.037934719347479336, 0.03858163380471939, 0.03921882339006296, 0.03999131852533767, 0.04074980907886149, 0.04127472956039594, 0.04151563832077664, 0.04151964454301027, 0.04123464219442919, 0.04096829512038153, 0.04056460486818273, 0.04028281736824196, 0.04000166841569801, 0.03919762289117317, 0.037812479337396496, 0.03622310391275238, 0.03453579653228067, 0.0330206041779641, 0.031565009966306234, 0.03054064037737075, 0.029904305612678588, 0.029394155816597912, 0.028896840658953926, 0.02825322628704274, 0.027685220830545497, 0.02666364029859006, 0.025486033827772144, 0.02414387260068274, 0.023028867611909868, 0.022681878550084772, 0.02299235797660897, 0.02387546679328945, 0.024738332374206702, 0.025547718436096926, 0.026640938816603423, 0.02759836215880636, 0.028240938725365098, 0.028199955208514017, 0.028168175430310402, 0.02767018559717724, 0.027414861073674215, 0.027239233260695786, 0.0274939869379551, 0.027874761581110984, 0.02868161073982207, 0.029514734605865275, 0.030345172291974937, 0.031248268714928727, 0.032298002681611045, 0.033509628354587276, 0.0348066615601669, 0.03569061118903811, 0.03631377821401384, 0.03654105211474412, 0.03646788532881584, 0.03572808397059345, 0.03427781350345514, 0.03309813106562172, 0.031639416134799855, 0.02970329439236902, 0.027599049067936567, 0.02603054913364457, 0.024090316372098155, 0.02220132238001286, 0.02051452966091278, 0.019044426362309692, 0.017805605247084858, 0.01643252777018217, 0.01523003850809785, 0.01424180324883461, 0.013706552220618947, 0.0130880570946912, 0.012988920737072255, 0.013178248200839212, 0.013386796436950147, 0.01359897371732897, 0.01439195864266014, 0.015495810506657983, 0.016686507754200334, 0.01807173050136072, 0.019341411872889052, 0.020370802976522343, 0.0213787239197115, 0.02262888584538598, 0.02401686851684336, 0.025523335513576738, 0.026670410326906566, 0.02758824337325398, 0.02810647098585074, 0.028219175888028712, 0.02804128716256827, 0.027840212128430745, 0.02799079668741686, 0.027988272685847155, 0.02831306909632167, 0.028434723397990712, 0.0285549391753426, 0.02832607944879636, 0.02800347501499142, 0.027460301198426997, 0.02681840364884072, 0.026203190519756815, 0.02552364346313934, 0.024940794741503684, 0.024553643852497812, 0.024009602077058226, 0.023587486328410737, 0.023053226444370627, 0.02237349941244249, 0.021247392964358097, 0.01948489409103017, 0.01759577829009665, 0.015969918059865678, 0.014849832783247986, 0.014164911869984548, 0.013546042864334782, 0.01328357500957488, 0.012905521640083246, 0.012806686101790404, 0.01256569256360443, 0.01270015008783326, 0.013333718053885597, 0.014364706842779438, 0.015230812921928084, 0.016214173123414017, 0.017422309714956504, 0.01848297873673576, 0.019690103784110968, 0.02062988015396428, 0.021304326954883004, 0.021542023987470748, 0.021445001132587415, 0.02128479356968176, 0.021154257299581803, 0.020548768777841446, 0.020419411659703072, 0.020346908766621045, 0.02018386842926173, 0.020060715556614095, 0.019970155121820186, 0.019905412966441507, 0.019860328269953802, 0.019689549628068632, 0.019110038324468673, 0.018401772510693467, 0.01773443768827515, 0.01691379473734185, 0.0163889904882787, 0.015891976533507178, 0.015695148472402557, 0.015634975895130635, 0.01548249397414641, 0.015250362203767827, 0.01446715870868431, 0.013690714184349355, 0.013111437378948002, 0.01280400987898366, 0.012789088065484542, 0.012885508256999974, 0.012645414791893052, 0.012533763320360268, 0.01300792748125149, 0.014045480441271196, 0.015593406388961941, 0.017496649938682926, 0.01947963017829757, 0.021814960986639112, 0.0244888991790445, 0.027455202671237973, 0.030462142682767764, 0.03347516022004274, 0.03632355277573078, 0.03911728575744543, 0.041489125175428104, 0.043617926344794986, 0.04507509866910146, 0.045973158335007626, 0.046666313335408376, 0.047747911364257295, 0.04910015737076979, 0.051170936172887156, 0.05323921785426519, 0.05484930583024696, 0.05598397968583077, 0.056516639752925084, 0.05678375349578094, 0.05655312215346535, 0.05709318659280136, 0.05753330561326649, 0.05822424761198231, 0.05856641837777238, 0.058663546697002605, 0.05829520111627496, 0.058019458378357286, 0.05786276302771312, 0.057678835712609886, 0.05721489013034267, 0.05620972754199197, 0.05488023496470325, 0.05291870088860013, 0.05085359195424363, 0.04836971777146554, 0.045888993393773454, 0.04332790860019442, 0.040721243397433354, 0.03815348906679705, 0.03609755066086763, 0.03431153121207709, 0.03269994312791247, 0.03113246913067769, 0.029533434333839276, 0.02779284963423818, 0.02581340528028532, 0.023636664296078556, 0.021032966406022018, 0.018298152858289164, 0.015471223173718233, 0.012975006021594128, 0.011476514573927241, 0.011190786613452559, 0.012013514795745658, 0.013192708648177051, 0.0146026096239084, 0.016627808096549106, 0.019288816219412905, 0.022115031993867204, 0.024956066779425322, 0.027947127033299147, 0.030317719296220055, 0.03213024736687776, 0.033908117916643665, 0.035613155393420214, 0.03695858371541455, 0.0370883147011733, 0.035844860180821725, 0.03331269225961453, 0.030127822662769057, 0.026675716455458534, 0.02305094507263966, 0.019294584365168215, 0.016588874620184203, 0.013459760460278334, 0.010513659470637583, 0.008184205378854309, 0.005908681970234855, 0.003908372487361734, 0.002250880846271649, 0.001837561814419065, 0.003902446460586522, 0.00649131804032715, 0.008842266053540701, 0.011337576744963709, 0.013847821453172829, 0.016241515374979285, 0.018506880743639053, 0.020753891025054552, 0.022854281545735794, 0.025177910908837288, 0.027764777035113285, 0.0302577363231247, 0.032552204835272186, 0.033962244268502154, 0.03530995724171245, 0.036795414568091225, 0.03840706162943578, 0.039993850675796264, 0.04133645030179679, 0.04211247094820217, 0.04239213751353172, 0.042192499106345205, 0.04200269786908514, 0.041897190162155235, 0.041830932940717325, 0.04166737666619139, 0.04206882264734189, 0.0426127097658282, 0.042895687146734904, 0.04300135533202284, 0.04249799814293581, 0.041897582995049115, 0.04072077112408416, 0.03927976254850985, 0.037331499513228325, 0.035889992777759706, 0.03456359233645024, 0.033243529781910974, 0.03199033675126687, 0.03059935779738079, 0.029272240636492235, 0.027900707354997015, 0.02654938414970694, 0.02543173352052397, 0.024311103096379235, 0.023065212419431085, 0.021685454855791198, 0.02041159885695607, 0.019056064221564174, 0.017656707279948437, 0.01626614648165674, 0.015012383850973622, 0.013603567963072178, 0.012189757837366814, 0.010674529938407772, 0.009407142987148039, 0.008344525906195775, 0.007439054007672372, 0.0072034584519923735, 0.007775010970036668, 0.009047582903156274, 0.010731538882415681, 0.01253460028234948, 0.014333543563369548, 0.016070624592636203, 0.017817726146123574, 0.019557256660804743, 0.02116824086555951, 0.022529303997840977, 0.023628588936546305, 0.02391411988476377, 0.02359656311707365, 0.022355277074164143, 0.020961866673625245, 0.018393580144489934, 0.015660552711922182, 0.013874328661167971, 0.01254026736778108, 0.011812131260623127, 0.010800298354986543, 0.00961805971638548, 0.008471507575266851, 0.007656757785702683, 0.006719580941926242, 0.0056999472982024405, 0.005125787188458596, 0.00504686530895439, 0.005697178935649704, 0.006245540782853768, 0.0070976650798796875, 0.007900543705723831, 0.008755370167568399, 0.009807746909975117, 0.011209592216881203, 0.01276960312030194, 0.014467251258771754, 0.015865855510978952, 0.01751794577394112, 0.01978728846519214, 0.022540086452385207, 0.024859037758439572, 0.02589623397823137, 0.02611181133516041, 0.026565850619759173, 0.0272557734372972, 0.02776644526036269, 0.02799937699621002, 0.02818388188652303, 0.02806005928616626, 0.028083982827741123, 0.02781538632605852, 0.027763976455106594, 0.028120518002563644, 0.028688559534023904, 0.029389365084960088, 0.030059907204608147, 0.03052096911154336, 0.031053468449087778, 0.03142000488428638, 0.03173833045042581, 0.031892653890475096, 0.03198060527161537, 0.031944507243272385, 0.03180892531117334, 0.03180195743523648, 0.03175983113429147, 0.03185651864929952, 0.032146459060636644, 0.032526908876218445, 0.033087790299913135, 0.03370146462957083, 0.0342847740780508, 0.0344768243549477, 0.03441738754137779, 0.034008301029805295]",0.04910015737076979,0.04047658623270706,0.004686248163079557,0.04887601182572482,0.0,0.0,0.03648253998132278,0.04047658623270706,0.004686248163079557,0.04887601182572482,5.088,1717635305.7992184,2024-06-06_10-55-05
0.5059,0.003360000000000002,0.4498541244513854,0.46442920124585046,-0.0012124422972448652,0.3988878858198358,0.5059,0.003360000000000002,0.48722782752323945,0.46442920124585046,-0.0012124422972448652,0.3988878858198358,0.051170936172887156,"[0.011315756658919754, 0.012192407496521018, 0.01288995615295488, 0.01359963525141729, 0.014321891165186378, 0.015181047888625853, 0.01592941522152252, 0.01673874496494045, 0.01751440457689525, 0.01835087734908702, 0.019202544572813795, 0.020070622325609303, 0.02095627718778323, 0.02186061264947246, 0.022737260153569413, 0.023681097053535004, 0.024646250751560458, 0.025633386418693636, 0.02659237614956749, 0.027623542314219474, 0.0286250346734827, 0.029647102596467904, 0.03056454213255984, 0.031680305841655834, 0.03263530150735364, 0.033606764937046466, 0.034593095597664145, 0.03536350794006898, 0.035930760474075646, 0.03631257033147624, 0.03661317474198803, 0.03688385713543919, 0.03738127616234113, 0.037934719347479336, 0.03858163380471939, 0.03921882339006296, 0.03999131852533767, 0.04074980907886149, 0.04127472956039594, 0.04151563832077664, 0.04151964454301027, 0.04123464219442919, 0.04096829512038153, 0.04056460486818273, 0.04028281736824196, 0.04000166841569801, 0.03919762289117317, 0.037812479337396496, 0.03622310391275238, 0.03453579653228067, 0.0330206041779641, 0.031565009966306234, 0.03054064037737075, 0.029904305612678588, 0.029394155816597912, 0.028896840658953926, 0.02825322628704274, 0.027685220830545497, 0.02666364029859006, 0.025486033827772144, 0.02414387260068274, 0.023028867611909868, 0.022681878550084772, 0.02299235797660897, 0.02387546679328945, 0.024738332374206702, 0.025547718436096926, 0.026640938816603423, 0.02759836215880636, 0.028240938725365098, 0.028199955208514017, 0.028168175430310402, 0.02767018559717724, 0.027414861073674215, 0.027239233260695786, 0.0274939869379551, 0.027874761581110984, 0.02868161073982207, 0.029514734605865275, 0.030345172291974937, 0.031248268714928727, 0.032298002681611045, 0.033509628354587276, 0.0348066615601669, 0.03569061118903811, 0.03631377821401384, 0.03654105211474412, 0.03646788532881584, 0.03572808397059345, 0.03427781350345514, 0.03309813106562172, 0.031639416134799855, 0.02970329439236902, 0.027599049067936567, 0.02603054913364457, 0.024090316372098155, 0.02220132238001286, 0.02051452966091278, 0.019044426362309692, 0.017805605247084858, 0.01643252777018217, 0.01523003850809785, 0.01424180324883461, 0.013706552220618947, 0.0130880570946912, 0.012988920737072255, 0.013178248200839212, 0.013386796436950147, 0.01359897371732897, 0.01439195864266014, 0.015495810506657983, 0.016686507754200334, 0.01807173050136072, 0.019341411872889052, 0.020370802976522343, 0.0213787239197115, 0.02262888584538598, 0.02401686851684336, 0.025523335513576738, 0.026670410326906566, 0.02758824337325398, 0.02810647098585074, 0.028219175888028712, 0.02804128716256827, 0.027840212128430745, 0.02799079668741686, 0.027988272685847155, 0.02831306909632167, 0.028434723397990712, 0.0285549391753426, 0.02832607944879636, 0.02800347501499142, 0.027460301198426997, 0.02681840364884072, 0.026203190519756815, 0.02552364346313934, 0.024940794741503684, 0.024553643852497812, 0.024009602077058226, 0.023587486328410737, 0.023053226444370627, 0.02237349941244249, 0.021247392964358097, 0.01948489409103017, 0.01759577829009665, 0.015969918059865678, 0.014849832783247986, 0.014164911869984548, 0.013546042864334782, 0.01328357500957488, 0.012905521640083246, 0.012806686101790404, 0.01256569256360443, 0.01270015008783326, 0.013333718053885597, 0.014364706842779438, 0.015230812921928084, 0.016214173123414017, 0.017422309714956504, 0.01848297873673576, 0.019690103784110968, 0.02062988015396428, 0.021304326954883004, 0.021542023987470748, 0.021445001132587415, 0.02128479356968176, 0.021154257299581803, 0.020548768777841446, 0.020419411659703072, 0.020346908766621045, 0.02018386842926173, 0.020060715556614095, 0.019970155121820186, 0.019905412966441507, 0.019860328269953802, 0.019689549628068632, 0.019110038324468673, 0.018401772510693467, 0.01773443768827515, 0.01691379473734185, 0.0163889904882787, 0.015891976533507178, 0.015695148472402557, 0.015634975895130635, 0.01548249397414641, 0.015250362203767827, 0.01446715870868431, 0.013690714184349355, 0.013111437378948002, 0.01280400987898366, 0.012789088065484542, 0.012885508256999974, 0.012645414791893052, 0.012533763320360268, 0.01300792748125149, 0.014045480441271196, 0.015593406388961941, 0.017496649938682926, 0.01947963017829757, 0.021814960986639112, 0.0244888991790445, 0.027455202671237973, 0.030462142682767764, 0.03347516022004274, 0.03632355277573078, 0.03911728575744543, 0.041489125175428104, 0.043617926344794986, 0.04507509866910146, 0.045973158335007626, 0.046666313335408376, 0.047747911364257295, 0.04910015737076979, 0.051170936172887156, 0.05323921785426519, 0.05484930583024696, 0.05598397968583077, 0.056516639752925084, 0.05678375349578094, 0.05655312215346535, 0.05709318659280136, 0.05753330561326649, 0.05822424761198231, 0.05856641837777238, 0.058663546697002605, 0.05829520111627496, 0.058019458378357286, 0.05786276302771312, 0.057678835712609886, 0.05721489013034267, 0.05620972754199197, 0.05488023496470325, 0.05291870088860013, 0.05085359195424363, 0.04836971777146554, 0.045888993393773454, 0.04332790860019442, 0.040721243397433354, 0.03815348906679705, 0.03609755066086763, 0.03431153121207709, 0.03269994312791247, 0.03113246913067769, 0.029533434333839276, 0.02779284963423818, 0.02581340528028532, 0.023636664296078556, 0.021032966406022018, 0.018298152858289164, 0.015471223173718233, 0.012975006021594128, 0.011476514573927241, 0.011190786613452559, 0.012013514795745658, 0.013192708648177051, 0.0146026096239084, 0.016627808096549106, 0.019288816219412905, 0.022115031993867204, 0.024956066779425322, 0.027947127033299147, 0.030317719296220055, 0.03213024736687776, 0.033908117916643665, 0.035613155393420214, 0.03695858371541455, 0.0370883147011733, 0.035844860180821725, 0.03331269225961453, 0.030127822662769057, 0.026675716455458534, 0.02305094507263966, 0.019294584365168215, 0.016588874620184203, 0.013459760460278334, 0.010513659470637583, 0.008184205378854309, 0.005908681970234855, 0.003908372487361734, 0.002250880846271649, 0.001837561814419065, 0.003902446460586522, 0.00649131804032715, 0.008842266053540701, 0.011337576744963709, 0.013847821453172829, 0.016241515374979285, 0.018506880743639053, 0.020753891025054552, 0.022854281545735794, 0.025177910908837288, 0.027764777035113285, 0.0302577363231247, 0.032552204835272186, 0.033962244268502154, 0.03530995724171245, 0.036795414568091225, 0.03840706162943578, 0.039993850675796264, 0.04133645030179679, 0.04211247094820217, 0.04239213751353172, 0.042192499106345205, 0.04200269786908514, 0.041897190162155235, 0.041830932940717325, 0.04166737666619139, 0.04206882264734189, 0.0426127097658282, 0.042895687146734904, 0.04300135533202284, 0.04249799814293581, 0.041897582995049115, 0.04072077112408416, 0.03927976254850985, 0.037331499513228325, 0.035889992777759706, 0.03456359233645024, 0.033243529781910974, 0.03199033675126687, 0.03059935779738079, 0.029272240636492235, 0.027900707354997015, 0.02654938414970694, 0.02543173352052397, 0.024311103096379235, 0.023065212419431085, 0.021685454855791198, 0.02041159885695607, 0.019056064221564174, 0.017656707279948437, 0.01626614648165674, 0.015012383850973622, 0.013603567963072178, 0.012189757837366814, 0.010674529938407772, 0.009407142987148039, 0.008344525906195775, 0.007439054007672372, 0.0072034584519923735, 0.007775010970036668, 0.009047582903156274, 0.010731538882415681, 0.01253460028234948, 0.014333543563369548, 0.016070624592636203, 0.017817726146123574, 0.019557256660804743, 0.02116824086555951, 0.022529303997840977, 0.023628588936546305, 0.02391411988476377, 0.02359656311707365, 0.022355277074164143, 0.020961866673625245, 0.018393580144489934, 0.015660552711922182, 0.013874328661167971, 0.01254026736778108, 0.011812131260623127, 0.010800298354986543, 0.00961805971638548, 0.008471507575266851, 0.007656757785702683, 0.006719580941926242, 0.0056999472982024405, 0.005125787188458596, 0.00504686530895439, 0.005697178935649704, 0.006245540782853768, 0.0070976650798796875, 0.007900543705723831, 0.008755370167568399, 0.009807746909975117, 0.011209592216881203, 0.01276960312030194, 0.014467251258771754, 0.015865855510978952, 0.01751794577394112, 0.01978728846519214, 0.022540086452385207, 0.024859037758439572, 0.02589623397823137, 0.02611181133516041, 0.026565850619759173, 0.0272557734372972, 0.02776644526036269, 0.02799937699621002, 0.02818388188652303, 0.02806005928616626, 0.028083982827741123, 0.02781538632605852, 0.027763976455106594, 0.028120518002563644, 0.028688559534023904, 0.029389365084960088, 0.030059907204608147, 0.03052096911154336, 0.031053468449087778, 0.03142000488428638, 0.03173833045042581, 0.031892653890475096, 0.03198060527161537, 0.031944507243272385, 0.03180892531117334, 0.03180195743523648, 0.03175983113429147, 0.03185651864929952, 0.032146459060636644, 0.032526908876218445, 0.033087790299913135, 0.03370146462957083, 0.0342847740780508, 0.0344768243549477, 0.03441738754137779, 0.034008301029805295]",0.051170936172887156,0.04147079875414955,0.004572442297244867,0.05096623863154959,0.0,0.0,0.03737370307185406,0.04147079875414955,0.004572442297244867,0.05096623863154959,5.112,1717635305.8241577,2024-06-06_10-55-05
0.5059,0.0040799999999999725,0.45299271948415054,0.4631671916504932,-0.0006097623934197081,0.3999604609387409,0.5059,0.0040799999999999725,0.49095046664211683,0.4631671916504932,-0.0006097623934197081,0.3999604609387409,0.05323921785426519,"[0.011315756658919754, 0.012192407496521018, 0.01288995615295488, 0.01359963525141729, 0.014321891165186378, 0.015181047888625853, 0.01592941522152252, 0.01673874496494045, 0.01751440457689525, 0.01835087734908702, 0.019202544572813795, 0.020070622325609303, 0.02095627718778323, 0.02186061264947246, 0.022737260153569413, 0.023681097053535004, 0.024646250751560458, 0.025633386418693636, 0.02659237614956749, 0.027623542314219474, 0.0286250346734827, 0.029647102596467904, 0.03056454213255984, 0.031680305841655834, 0.03263530150735364, 0.033606764937046466, 0.034593095597664145, 0.03536350794006898, 0.035930760474075646, 0.03631257033147624, 0.03661317474198803, 0.03688385713543919, 0.03738127616234113, 0.037934719347479336, 0.03858163380471939, 0.03921882339006296, 0.03999131852533767, 0.04074980907886149, 0.04127472956039594, 0.04151563832077664, 0.04151964454301027, 0.04123464219442919, 0.04096829512038153, 0.04056460486818273, 0.04028281736824196, 0.04000166841569801, 0.03919762289117317, 0.037812479337396496, 0.03622310391275238, 0.03453579653228067, 0.0330206041779641, 0.031565009966306234, 0.03054064037737075, 0.029904305612678588, 0.029394155816597912, 0.028896840658953926, 0.02825322628704274, 0.027685220830545497, 0.02666364029859006, 0.025486033827772144, 0.02414387260068274, 0.023028867611909868, 0.022681878550084772, 0.02299235797660897, 0.02387546679328945, 0.024738332374206702, 0.025547718436096926, 0.026640938816603423, 0.02759836215880636, 0.028240938725365098, 0.028199955208514017, 0.028168175430310402, 0.02767018559717724, 0.027414861073674215, 0.027239233260695786, 0.0274939869379551, 0.027874761581110984, 0.02868161073982207, 0.029514734605865275, 0.030345172291974937, 0.031248268714928727, 0.032298002681611045, 0.033509628354587276, 0.0348066615601669, 0.03569061118903811, 0.03631377821401384, 0.03654105211474412, 0.03646788532881584, 0.03572808397059345, 0.03427781350345514, 0.03309813106562172, 0.031639416134799855, 0.02970329439236902, 0.027599049067936567, 0.02603054913364457, 0.024090316372098155, 0.02220132238001286, 0.02051452966091278, 0.019044426362309692, 0.017805605247084858, 0.01643252777018217, 0.01523003850809785, 0.01424180324883461, 0.013706552220618947, 0.0130880570946912, 0.012988920737072255, 0.013178248200839212, 0.013386796436950147, 0.01359897371732897, 0.01439195864266014, 0.015495810506657983, 0.016686507754200334, 0.01807173050136072, 0.019341411872889052, 0.020370802976522343, 0.0213787239197115, 0.02262888584538598, 0.02401686851684336, 0.025523335513576738, 0.026670410326906566, 0.02758824337325398, 0.02810647098585074, 0.028219175888028712, 0.02804128716256827, 0.027840212128430745, 0.02799079668741686, 0.027988272685847155, 0.02831306909632167, 0.028434723397990712, 0.0285549391753426, 0.02832607944879636, 0.02800347501499142, 0.027460301198426997, 0.02681840364884072, 0.026203190519756815, 0.02552364346313934, 0.024940794741503684, 0.024553643852497812, 0.024009602077058226, 0.023587486328410737, 0.023053226444370627, 0.02237349941244249, 0.021247392964358097, 0.01948489409103017, 0.01759577829009665, 0.015969918059865678, 0.014849832783247986, 0.014164911869984548, 0.013546042864334782, 0.01328357500957488, 0.012905521640083246, 0.012806686101790404, 0.01256569256360443, 0.01270015008783326, 0.013333718053885597, 0.014364706842779438, 0.015230812921928084, 0.016214173123414017, 0.017422309714956504, 0.01848297873673576, 0.019690103784110968, 0.02062988015396428, 0.021304326954883004, 0.021542023987470748, 0.021445001132587415, 0.02128479356968176, 0.021154257299581803, 0.020548768777841446, 0.020419411659703072, 0.020346908766621045, 0.02018386842926173, 0.020060715556614095, 0.019970155121820186, 0.019905412966441507, 0.019860328269953802, 0.019689549628068632, 0.019110038324468673, 0.018401772510693467, 0.01773443768827515, 0.01691379473734185, 0.0163889904882787, 0.015891976533507178, 0.015695148472402557, 0.015634975895130635, 0.01548249397414641, 0.015250362203767827, 0.01446715870868431, 0.013690714184349355, 0.013111437378948002, 0.01280400987898366, 0.012789088065484542, 0.012885508256999974, 0.012645414791893052, 0.012533763320360268, 0.01300792748125149, 0.014045480441271196, 0.015593406388961941, 0.017496649938682926, 0.01947963017829757, 0.021814960986639112, 0.0244888991790445, 0.027455202671237973, 0.030462142682767764, 0.03347516022004274, 0.03632355277573078, 0.03911728575744543, 0.041489125175428104, 0.043617926344794986, 0.04507509866910146, 0.045973158335007626, 0.046666313335408376, 0.047747911364257295, 0.04910015737076979, 0.051170936172887156, 0.05323921785426519, 0.05484930583024696, 0.05598397968583077, 0.056516639752925084, 0.05678375349578094, 0.05655312215346535, 0.05709318659280136, 0.05753330561326649, 0.05822424761198231, 0.05856641837777238, 0.058663546697002605, 0.05829520111627496, 0.058019458378357286, 0.05786276302771312, 0.057678835712609886, 0.05721489013034267, 0.05620972754199197, 0.05488023496470325, 0.05291870088860013, 0.05085359195424363, 0.04836971777146554, 0.045888993393773454, 0.04332790860019442, 0.040721243397433354, 0.03815348906679705, 0.03609755066086763, 0.03431153121207709, 0.03269994312791247, 0.03113246913067769, 0.029533434333839276, 0.02779284963423818, 0.02581340528028532, 0.023636664296078556, 0.021032966406022018, 0.018298152858289164, 0.015471223173718233, 0.012975006021594128, 0.011476514573927241, 0.011190786613452559, 0.012013514795745658, 0.013192708648177051, 0.0146026096239084, 0.016627808096549106, 0.019288816219412905, 0.022115031993867204, 0.024956066779425322, 0.027947127033299147, 0.030317719296220055, 0.03213024736687776, 0.033908117916643665, 0.035613155393420214, 0.03695858371541455, 0.0370883147011733, 0.035844860180821725, 0.03331269225961453, 0.030127822662769057, 0.026675716455458534, 0.02305094507263966, 0.019294584365168215, 0.016588874620184203, 0.013459760460278334, 0.010513659470637583, 0.008184205378854309, 0.005908681970234855, 0.003908372487361734, 0.002250880846271649, 0.001837561814419065, 0.003902446460586522, 0.00649131804032715, 0.008842266053540701, 0.011337576744963709, 0.013847821453172829, 0.016241515374979285, 0.018506880743639053, 0.020753891025054552, 0.022854281545735794, 0.025177910908837288, 0.027764777035113285, 0.0302577363231247, 0.032552204835272186, 0.033962244268502154, 0.03530995724171245, 0.036795414568091225, 0.03840706162943578, 0.039993850675796264, 0.04133645030179679, 0.04211247094820217, 0.04239213751353172, 0.042192499106345205, 0.04200269786908514, 0.041897190162155235, 0.041830932940717325, 0.04166737666619139, 0.04206882264734189, 0.0426127097658282, 0.042895687146734904, 0.04300135533202284, 0.04249799814293581, 0.041897582995049115, 0.04072077112408416, 0.03927976254850985, 0.037331499513228325, 0.035889992777759706, 0.03456359233645024, 0.033243529781910974, 0.03199033675126687, 0.03059935779738079, 0.029272240636492235, 0.027900707354997015, 0.02654938414970694, 0.02543173352052397, 0.024311103096379235, 0.023065212419431085, 0.021685454855791198, 0.02041159885695607, 0.019056064221564174, 0.017656707279948437, 0.01626614648165674, 0.015012383850973622, 0.013603567963072178, 0.012189757837366814, 0.010674529938407772, 0.009407142987148039, 0.008344525906195775, 0.007439054007672372, 0.0072034584519923735, 0.007775010970036668, 0.009047582903156274, 0.010731538882415681, 0.01253460028234948, 0.014333543563369548, 0.016070624592636203, 0.017817726146123574, 0.019557256660804743, 0.02116824086555951, 0.022529303997840977, 0.023628588936546305, 0.02391411988476377, 0.02359656311707365, 0.022355277074164143, 0.020961866673625245, 0.018393580144489934, 0.015660552711922182, 0.013874328661167971, 0.01254026736778108, 0.011812131260623127, 0.010800298354986543, 0.00961805971638548, 0.008471507575266851, 0.007656757785702683, 0.006719580941926242, 0.0056999472982024405, 0.005125787188458596, 0.00504686530895439, 0.005697178935649704, 0.006245540782853768, 0.0070976650798796875, 0.007900543705723831, 0.008755370167568399, 0.009807746909975117, 0.011209592216881203, 0.01276960312030194, 0.014467251258771754, 0.015865855510978952, 0.01751794577394112, 0.01978728846519214, 0.022540086452385207, 0.024859037758439572, 0.02589623397823137, 0.02611181133516041, 0.026565850619759173, 0.0272557734372972, 0.02776644526036269, 0.02799937699621002, 0.02818388188652303, 0.02806005928616626, 0.028083982827741123, 0.02781538632605852, 0.027763976455106594, 0.028120518002563644, 0.028688559534023904, 0.029389365084960088, 0.030059907204608147, 0.03052096911154336, 0.031053468449087778, 0.03142000488428638, 0.03173833045042581, 0.031892653890475096, 0.03198060527161537, 0.031944507243272385, 0.03180892531117334, 0.03180195743523648, 0.03175983113429147, 0.03185651864929952, 0.032146459060636644, 0.032526908876218445, 0.033087790299913135, 0.03370146462957083, 0.0342847740780508, 0.0344768243549477, 0.03441738754137779, 0.034008301029805295]",0.05323921785426519,0.04273280834950682,0.004689762393419681,0.05303225854540966,0.0,0.0,0.03795774715796629,0.04273280834950682,0.004689762393419681,0.05303225854540966,5.135999999999999,1717635305.8468494,2024-06-06_10-55-05
0.5059,0.004799999999999999,0.45605674642906646,0.4619353450807358,-0.00011614257437283712,0.401428201763769,0.5059,0.004799999999999999,0.49459853767314493,0.4619353450807358,-0.00011614257437283712,0.401428201763769,0.05484930583024696,"[0.011315756658919754, 0.012192407496521018, 0.01288995615295488, 0.01359963525141729, 0.014321891165186378, 0.015181047888625853, 0.01592941522152252, 0.01673874496494045, 0.01751440457689525, 0.01835087734908702, 0.019202544572813795, 0.020070622325609303, 0.02095627718778323, 0.02186061264947246, 0.022737260153569413, 0.023681097053535004, 0.024646250751560458, 0.025633386418693636, 0.02659237614956749, 0.027623542314219474, 0.0286250346734827, 0.029647102596467904, 0.03056454213255984, 0.031680305841655834, 0.03263530150735364, 0.033606764937046466, 0.034593095597664145, 0.03536350794006898, 0.035930760474075646, 0.03631257033147624, 0.03661317474198803, 0.03688385713543919, 0.03738127616234113, 0.037934719347479336, 0.03858163380471939, 0.03921882339006296, 0.03999131852533767, 0.04074980907886149, 0.04127472956039594, 0.04151563832077664, 0.04151964454301027, 0.04123464219442919, 0.04096829512038153, 0.04056460486818273, 0.04028281736824196, 0.04000166841569801, 0.03919762289117317, 0.037812479337396496, 0.03622310391275238, 0.03453579653228067, 0.0330206041779641, 0.031565009966306234, 0.03054064037737075, 0.029904305612678588, 0.029394155816597912, 0.028896840658953926, 0.02825322628704274, 0.027685220830545497, 0.02666364029859006, 0.025486033827772144, 0.02414387260068274, 0.023028867611909868, 0.022681878550084772, 0.02299235797660897, 0.02387546679328945, 0.024738332374206702, 0.025547718436096926, 0.026640938816603423, 0.02759836215880636, 0.028240938725365098, 0.028199955208514017, 0.028168175430310402, 0.02767018559717724, 0.027414861073674215, 0.027239233260695786, 0.0274939869379551, 0.027874761581110984, 0.02868161073982207, 0.029514734605865275, 0.030345172291974937, 0.031248268714928727, 0.032298002681611045, 0.033509628354587276, 0.0348066615601669, 0.03569061118903811, 0.03631377821401384, 0.03654105211474412, 0.03646788532881584, 0.03572808397059345, 0.03427781350345514, 0.03309813106562172, 0.031639416134799855, 0.02970329439236902, 0.027599049067936567, 0.02603054913364457, 0.024090316372098155, 0.02220132238001286, 0.02051452966091278, 0.019044426362309692, 0.017805605247084858, 0.01643252777018217, 0.01523003850809785, 0.01424180324883461, 0.013706552220618947, 0.0130880570946912, 0.012988920737072255, 0.013178248200839212, 0.013386796436950147, 0.01359897371732897, 0.01439195864266014, 0.015495810506657983, 0.016686507754200334, 0.01807173050136072, 0.019341411872889052, 0.020370802976522343, 0.0213787239197115, 0.02262888584538598, 0.02401686851684336, 0.025523335513576738, 0.026670410326906566, 0.02758824337325398, 0.02810647098585074, 0.028219175888028712, 0.02804128716256827, 0.027840212128430745, 0.02799079668741686, 0.027988272685847155, 0.02831306909632167, 0.028434723397990712, 0.0285549391753426, 0.02832607944879636, 0.02800347501499142, 0.027460301198426997, 0.02681840364884072, 0.026203190519756815, 0.02552364346313934, 0.024940794741503684, 0.024553643852497812, 0.024009602077058226, 0.023587486328410737, 0.023053226444370627, 0.02237349941244249, 0.021247392964358097, 0.01948489409103017, 0.01759577829009665, 0.015969918059865678, 0.014849832783247986, 0.014164911869984548, 0.013546042864334782, 0.01328357500957488, 0.012905521640083246, 0.012806686101790404, 0.01256569256360443, 0.01270015008783326, 0.013333718053885597, 0.014364706842779438, 0.015230812921928084, 0.016214173123414017, 0.017422309714956504, 0.01848297873673576, 0.019690103784110968, 0.02062988015396428, 0.021304326954883004, 0.021542023987470748, 0.021445001132587415, 0.02128479356968176, 0.021154257299581803, 0.020548768777841446, 0.020419411659703072, 0.020346908766621045, 0.02018386842926173, 0.020060715556614095, 0.019970155121820186, 0.019905412966441507, 0.019860328269953802, 0.019689549628068632, 0.019110038324468673, 0.018401772510693467, 0.01773443768827515, 0.01691379473734185, 0.0163889904882787, 0.015891976533507178, 0.015695148472402557, 0.015634975895130635, 0.01548249397414641, 0.015250362203767827, 0.01446715870868431, 0.013690714184349355, 0.013111437378948002, 0.01280400987898366, 0.012789088065484542, 0.012885508256999974, 0.012645414791893052, 0.012533763320360268, 0.01300792748125149, 0.014045480441271196, 0.015593406388961941, 0.017496649938682926, 0.01947963017829757, 0.021814960986639112, 0.0244888991790445, 0.027455202671237973, 0.030462142682767764, 0.03347516022004274, 0.03632355277573078, 0.03911728575744543, 0.041489125175428104, 0.043617926344794986, 0.04507509866910146, 0.045973158335007626, 0.046666313335408376, 0.047747911364257295, 0.04910015737076979, 0.051170936172887156, 0.05323921785426519, 0.05484930583024696, 0.05598397968583077, 0.056516639752925084, 0.05678375349578094, 0.05655312215346535, 0.05709318659280136, 0.05753330561326649, 0.05822424761198231, 0.05856641837777238, 0.058663546697002605, 0.05829520111627496, 0.058019458378357286, 0.05786276302771312, 0.057678835712609886, 0.05721489013034267, 0.05620972754199197, 0.05488023496470325, 0.05291870088860013, 0.05085359195424363, 0.04836971777146554, 0.045888993393773454, 0.04332790860019442, 0.040721243397433354, 0.03815348906679705, 0.03609755066086763, 0.03431153121207709, 0.03269994312791247, 0.03113246913067769, 0.029533434333839276, 0.02779284963423818, 0.02581340528028532, 0.023636664296078556, 0.021032966406022018, 0.018298152858289164, 0.015471223173718233, 0.012975006021594128, 0.011476514573927241, 0.011190786613452559, 0.012013514795745658, 0.013192708648177051, 0.0146026096239084, 0.016627808096549106, 0.019288816219412905, 0.022115031993867204, 0.024956066779425322, 0.027947127033299147, 0.030317719296220055, 0.03213024736687776, 0.033908117916643665, 0.035613155393420214, 0.03695858371541455, 0.0370883147011733, 0.035844860180821725, 0.03331269225961453, 0.030127822662769057, 0.026675716455458534, 0.02305094507263966, 0.019294584365168215, 0.016588874620184203, 0.013459760460278334, 0.010513659470637583, 0.008184205378854309, 0.005908681970234855, 0.003908372487361734, 0.002250880846271649, 0.001837561814419065, 0.003902446460586522, 0.00649131804032715, 0.008842266053540701, 0.011337576744963709, 0.013847821453172829, 0.016241515374979285, 0.018506880743639053, 0.020753891025054552, 0.022854281545735794, 0.025177910908837288, 0.027764777035113285, 0.0302577363231247, 0.032552204835272186, 0.033962244268502154, 0.03530995724171245, 0.036795414568091225, 0.03840706162943578, 0.039993850675796264, 0.04133645030179679, 0.04211247094820217, 0.04239213751353172, 0.042192499106345205, 0.04200269786908514, 0.041897190162155235, 0.041830932940717325, 0.04166737666619139, 0.04206882264734189, 0.0426127097658282, 0.042895687146734904, 0.04300135533202284, 0.04249799814293581, 0.041897582995049115, 0.04072077112408416, 0.03927976254850985, 0.037331499513228325, 0.035889992777759706, 0.03456359233645024, 0.033243529781910974, 0.03199033675126687, 0.03059935779738079, 0.029272240636492235, 0.027900707354997015, 0.02654938414970694, 0.02543173352052397, 0.024311103096379235, 0.023065212419431085, 0.021685454855791198, 0.02041159885695607, 0.019056064221564174, 0.017656707279948437, 0.01626614648165674, 0.015012383850973622, 0.013603567963072178, 0.012189757837366814, 0.010674529938407772, 0.009407142987148039, 0.008344525906195775, 0.007439054007672372, 0.0072034584519923735, 0.007775010970036668, 0.009047582903156274, 0.010731538882415681, 0.01253460028234948, 0.014333543563369548, 0.016070624592636203, 0.017817726146123574, 0.019557256660804743, 0.02116824086555951, 0.022529303997840977, 0.023628588936546305, 0.02391411988476377, 0.02359656311707365, 0.022355277074164143, 0.020961866673625245, 0.018393580144489934, 0.015660552711922182, 0.013874328661167971, 0.01254026736778108, 0.011812131260623127, 0.010800298354986543, 0.00961805971638548, 0.008471507575266851, 0.007656757785702683, 0.006719580941926242, 0.0056999472982024405, 0.005125787188458596, 0.00504686530895439, 0.005697178935649704, 0.006245540782853768, 0.0070976650798796875, 0.007900543705723831, 0.008755370167568399, 0.009807746909975117, 0.011209592216881203, 0.01276960312030194, 0.014467251258771754, 0.015865855510978952, 0.01751794577394112, 0.01978728846519214, 0.022540086452385207, 0.024859037758439572, 0.02589623397823137, 0.02611181133516041, 0.026565850619759173, 0.0272557734372972, 0.02776644526036269, 0.02799937699621002, 0.02818388188652303, 0.02806005928616626, 0.028083982827741123, 0.02781538632605852, 0.027763976455106594, 0.028120518002563644, 0.028688559534023904, 0.029389365084960088, 0.030059907204608147, 0.03052096911154336, 0.031053468449087778, 0.03142000488428638, 0.03173833045042581, 0.031892653890475096, 0.03198060527161537, 0.031944507243272385, 0.03180892531117334, 0.03180195743523648, 0.03175983113429147, 0.03185651864929952, 0.032146459060636644, 0.032526908876218445, 0.033087790299913135, 0.03370146462957083, 0.0342847740780508, 0.0344768243549477, 0.03441738754137779, 0.034008301029805295]",0.05484930583024696,0.04396465491926421,0.004916142574372836,0.054628544665297485,0.0,0.0,0.03854179124407847,0.04396465491926421,0.004916142574372836,0.054628544665297485,5.16,1717635305.8709693,2024-06-06_10-55-05
0.5059,0.005519999999999997,0.4590339218797779,0.4609050328479332,0.00013999003404885227,0.403309048849597,0.5059,0.005519999999999997,0.4981597572099686,0.4609050328479332,0.00013999003404885227,0.403309048849597,0.05598397968583077,"[0.011315756658919754, 0.012192407496521018, 0.01288995615295488, 0.01359963525141729, 0.014321891165186378, 0.015181047888625853, 0.01592941522152252, 0.01673874496494045, 0.01751440457689525, 0.01835087734908702, 0.019202544572813795, 0.020070622325609303, 0.02095627718778323, 0.02186061264947246, 0.022737260153569413, 0.023681097053535004, 0.024646250751560458, 0.025633386418693636, 0.02659237614956749, 0.027623542314219474, 0.0286250346734827, 0.029647102596467904, 0.03056454213255984, 0.031680305841655834, 0.03263530150735364, 0.033606764937046466, 0.034593095597664145, 0.03536350794006898, 0.035930760474075646, 0.03631257033147624, 0.03661317474198803, 0.03688385713543919, 0.03738127616234113, 0.037934719347479336, 0.03858163380471939, 0.03921882339006296, 0.03999131852533767, 0.04074980907886149, 0.04127472956039594, 0.04151563832077664, 0.04151964454301027, 0.04123464219442919, 0.04096829512038153, 0.04056460486818273, 0.04028281736824196, 0.04000166841569801, 0.03919762289117317, 0.037812479337396496, 0.03622310391275238, 0.03453579653228067, 0.0330206041779641, 0.031565009966306234, 0.03054064037737075, 0.029904305612678588, 0.029394155816597912, 0.028896840658953926, 0.02825322628704274, 0.027685220830545497, 0.02666364029859006, 0.025486033827772144, 0.02414387260068274, 0.023028867611909868, 0.022681878550084772, 0.02299235797660897, 0.02387546679328945, 0.024738332374206702, 0.025547718436096926, 0.026640938816603423, 0.02759836215880636, 0.028240938725365098, 0.028199955208514017, 0.028168175430310402, 0.02767018559717724, 0.027414861073674215, 0.027239233260695786, 0.0274939869379551, 0.027874761581110984, 0.02868161073982207, 0.029514734605865275, 0.030345172291974937, 0.031248268714928727, 0.032298002681611045, 0.033509628354587276, 0.0348066615601669, 0.03569061118903811, 0.03631377821401384, 0.03654105211474412, 0.03646788532881584, 0.03572808397059345, 0.03427781350345514, 0.03309813106562172, 0.031639416134799855, 0.02970329439236902, 0.027599049067936567, 0.02603054913364457, 0.024090316372098155, 0.02220132238001286, 0.02051452966091278, 0.019044426362309692, 0.017805605247084858, 0.01643252777018217, 0.01523003850809785, 0.01424180324883461, 0.013706552220618947, 0.0130880570946912, 0.012988920737072255, 0.013178248200839212, 0.013386796436950147, 0.01359897371732897, 0.01439195864266014, 0.015495810506657983, 0.016686507754200334, 0.01807173050136072, 0.019341411872889052, 0.020370802976522343, 0.0213787239197115, 0.02262888584538598, 0.02401686851684336, 0.025523335513576738, 0.026670410326906566, 0.02758824337325398, 0.02810647098585074, 0.028219175888028712, 0.02804128716256827, 0.027840212128430745, 0.02799079668741686, 0.027988272685847155, 0.02831306909632167, 0.028434723397990712, 0.0285549391753426, 0.02832607944879636, 0.02800347501499142, 0.027460301198426997, 0.02681840364884072, 0.026203190519756815, 0.02552364346313934, 0.024940794741503684, 0.024553643852497812, 0.024009602077058226, 0.023587486328410737, 0.023053226444370627, 0.02237349941244249, 0.021247392964358097, 0.01948489409103017, 0.01759577829009665, 0.015969918059865678, 0.014849832783247986, 0.014164911869984548, 0.013546042864334782, 0.01328357500957488, 0.012905521640083246, 0.012806686101790404, 0.01256569256360443, 0.01270015008783326, 0.013333718053885597, 0.014364706842779438, 0.015230812921928084, 0.016214173123414017, 0.017422309714956504, 0.01848297873673576, 0.019690103784110968, 0.02062988015396428, 0.021304326954883004, 0.021542023987470748, 0.021445001132587415, 0.02128479356968176, 0.021154257299581803, 0.020548768777841446, 0.020419411659703072, 0.020346908766621045, 0.02018386842926173, 0.020060715556614095, 0.019970155121820186, 0.019905412966441507, 0.019860328269953802, 0.019689549628068632, 0.019110038324468673, 0.018401772510693467, 0.01773443768827515, 0.01691379473734185, 0.0163889904882787, 0.015891976533507178, 0.015695148472402557, 0.015634975895130635, 0.01548249397414641, 0.015250362203767827, 0.01446715870868431, 0.013690714184349355, 0.013111437378948002, 0.01280400987898366, 0.012789088065484542, 0.012885508256999974, 0.012645414791893052, 0.012533763320360268, 0.01300792748125149, 0.014045480441271196, 0.015593406388961941, 0.017496649938682926, 0.01947963017829757, 0.021814960986639112, 0.0244888991790445, 0.027455202671237973, 0.030462142682767764, 0.03347516022004274, 0.03632355277573078, 0.03911728575744543, 0.041489125175428104, 0.043617926344794986, 0.04507509866910146, 0.045973158335007626, 0.046666313335408376, 0.047747911364257295, 0.04910015737076979, 0.051170936172887156, 0.05323921785426519, 0.05484930583024696, 0.05598397968583077, 0.056516639752925084, 0.05678375349578094, 0.05655312215346535, 0.05709318659280136, 0.05753330561326649, 0.05822424761198231, 0.05856641837777238, 0.058663546697002605, 0.05829520111627496, 0.058019458378357286, 0.05786276302771312, 0.057678835712609886, 0.05721489013034267, 0.05620972754199197, 0.05488023496470325, 0.05291870088860013, 0.05085359195424363, 0.04836971777146554, 0.045888993393773454, 0.04332790860019442, 0.040721243397433354, 0.03815348906679705, 0.03609755066086763, 0.03431153121207709, 0.03269994312791247, 0.03113246913067769, 0.029533434333839276, 0.02779284963423818, 0.02581340528028532, 0.023636664296078556, 0.021032966406022018, 0.018298152858289164, 0.015471223173718233, 0.012975006021594128, 0.011476514573927241, 0.011190786613452559, 0.012013514795745658, 0.013192708648177051, 0.0146026096239084, 0.016627808096549106, 0.019288816219412905, 0.022115031993867204, 0.024956066779425322, 0.027947127033299147, 0.030317719296220055, 0.03213024736687776, 0.033908117916643665, 0.035613155393420214, 0.03695858371541455, 0.0370883147011733, 0.035844860180821725, 0.03331269225961453, 0.030127822662769057, 0.026675716455458534, 0.02305094507263966, 0.019294584365168215, 0.016588874620184203, 0.013459760460278334, 0.010513659470637583, 0.008184205378854309, 0.005908681970234855, 0.003908372487361734, 0.002250880846271649, 0.001837561814419065, 0.003902446460586522, 0.00649131804032715, 0.008842266053540701, 0.011337576744963709, 0.013847821453172829, 0.016241515374979285, 0.018506880743639053, 0.020753891025054552, 0.022854281545735794, 0.025177910908837288, 0.027764777035113285, 0.0302577363231247, 0.032552204835272186, 0.033962244268502154, 0.03530995724171245, 0.036795414568091225, 0.03840706162943578, 0.039993850675796264, 0.04133645030179679, 0.04211247094820217, 0.04239213751353172, 0.042192499106345205, 0.04200269786908514, 0.041897190162155235, 0.041830932940717325, 0.04166737666619139, 0.04206882264734189, 0.0426127097658282, 0.042895687146734904, 0.04300135533202284, 0.04249799814293581, 0.041897582995049115, 0.04072077112408416, 0.03927976254850985, 0.037331499513228325, 0.035889992777759706, 0.03456359233645024, 0.033243529781910974, 0.03199033675126687, 0.03059935779738079, 0.029272240636492235, 0.027900707354997015, 0.02654938414970694, 0.02543173352052397, 0.024311103096379235, 0.023065212419431085, 0.021685454855791198, 0.02041159885695607, 0.019056064221564174, 0.017656707279948437, 0.01626614648165674, 0.015012383850973622, 0.013603567963072178, 0.012189757837366814, 0.010674529938407772, 0.009407142987148039, 0.008344525906195775, 0.007439054007672372, 0.0072034584519923735, 0.007775010970036668, 0.009047582903156274, 0.010731538882415681, 0.01253460028234948, 0.014333543563369548, 0.016070624592636203, 0.017817726146123574, 0.019557256660804743, 0.02116824086555951, 0.022529303997840977, 0.023628588936546305, 0.02391411988476377, 0.02359656311707365, 0.022355277074164143, 0.020961866673625245, 0.018393580144489934, 0.015660552711922182, 0.013874328661167971, 0.01254026736778108, 0.011812131260623127, 0.010800298354986543, 0.00961805971638548, 0.008471507575266851, 0.007656757785702683, 0.006719580941926242, 0.0056999472982024405, 0.005125787188458596, 0.00504686530895439, 0.005697178935649704, 0.006245540782853768, 0.0070976650798796875, 0.007900543705723831, 0.008755370167568399, 0.009807746909975117, 0.011209592216881203, 0.01276960312030194, 0.014467251258771754, 0.015865855510978952, 0.01751794577394112, 0.01978728846519214, 0.022540086452385207, 0.024859037758439572, 0.02589623397823137, 0.02611181133516041, 0.026565850619759173, 0.0272557734372972, 0.02776644526036269, 0.02799937699621002, 0.02818388188652303, 0.02806005928616626, 0.028083982827741123, 0.02781538632605852, 0.027763976455106594, 0.028120518002563644, 0.028688559534023904, 0.029389365084960088, 0.030059907204608147, 0.03052096911154336, 0.031053468449087778, 0.03142000488428638, 0.03173833045042581, 0.031892653890475096, 0.03198060527161537, 0.031944507243272385, 0.03180892531117334, 0.03180195743523648, 0.03175983113429147, 0.03185651864929952, 0.032146459060636644, 0.032526908876218445, 0.033087790299913135, 0.03370146462957083, 0.0342847740780508, 0.0344768243549477, 0.03441738754137779, 0.034008301029805295]",0.05598397968583077,0.0449949671520668,0.005380009965951145,0.055724873030180866,0.0,0.0,0.039125835330190706,0.0449949671520668,0.005380009965951145,0.055724873030180866,5.183999999999999,1717635305.8957856,2024-06-06_10-55-05
0.5059,0.006240000000000023,0.4619123803783678,0.45986130326845504,0.0002566299106705103,0.40571336035723193,0.5059,0.006240000000000023,0.5014022345239147,0.45986130326845504,0.0002566299106705103,0.40571336035723193,0.056516639752925084,"[0.011315756658919754, 0.012192407496521018, 0.01288995615295488, 0.01359963525141729, 0.014321891165186378, 0.015181047888625853, 0.01592941522152252, 0.01673874496494045, 0.01751440457689525, 0.01835087734908702, 0.019202544572813795, 0.020070622325609303, 0.02095627718778323, 0.02186061264947246, 0.022737260153569413, 0.023681097053535004, 0.024646250751560458, 0.025633386418693636, 0.02659237614956749, 0.027623542314219474, 0.0286250346734827, 0.029647102596467904, 0.03056454213255984, 0.031680305841655834, 0.03263530150735364, 0.033606764937046466, 0.034593095597664145, 0.03536350794006898, 0.035930760474075646, 0.03631257033147624, 0.03661317474198803, 0.03688385713543919, 0.03738127616234113, 0.037934719347479336, 0.03858163380471939, 0.03921882339006296, 0.03999131852533767, 0.04074980907886149, 0.04127472956039594, 0.04151563832077664, 0.04151964454301027, 0.04123464219442919, 0.04096829512038153, 0.04056460486818273, 0.04028281736824196, 0.04000166841569801, 0.03919762289117317, 0.037812479337396496, 0.03622310391275238, 0.03453579653228067, 0.0330206041779641, 0.031565009966306234, 0.03054064037737075, 0.029904305612678588, 0.029394155816597912, 0.028896840658953926, 0.02825322628704274, 0.027685220830545497, 0.02666364029859006, 0.025486033827772144, 0.02414387260068274, 0.023028867611909868, 0.022681878550084772, 0.02299235797660897, 0.02387546679328945, 0.024738332374206702, 0.025547718436096926, 0.026640938816603423, 0.02759836215880636, 0.028240938725365098, 0.028199955208514017, 0.028168175430310402, 0.02767018559717724, 0.027414861073674215, 0.027239233260695786, 0.0274939869379551, 0.027874761581110984, 0.02868161073982207, 0.029514734605865275, 0.030345172291974937, 0.031248268714928727, 0.032298002681611045, 0.033509628354587276, 0.0348066615601669, 0.03569061118903811, 0.03631377821401384, 0.03654105211474412, 0.03646788532881584, 0.03572808397059345, 0.03427781350345514, 0.03309813106562172, 0.031639416134799855, 0.02970329439236902, 0.027599049067936567, 0.02603054913364457, 0.024090316372098155, 0.02220132238001286, 0.02051452966091278, 0.019044426362309692, 0.017805605247084858, 0.01643252777018217, 0.01523003850809785, 0.01424180324883461, 0.013706552220618947, 0.0130880570946912, 0.012988920737072255, 0.013178248200839212, 0.013386796436950147, 0.01359897371732897, 0.01439195864266014, 0.015495810506657983, 0.016686507754200334, 0.01807173050136072, 0.019341411872889052, 0.020370802976522343, 0.0213787239197115, 0.02262888584538598, 0.02401686851684336, 0.025523335513576738, 0.026670410326906566, 0.02758824337325398, 0.02810647098585074, 0.028219175888028712, 0.02804128716256827, 0.027840212128430745, 0.02799079668741686, 0.027988272685847155, 0.02831306909632167, 0.028434723397990712, 0.0285549391753426, 0.02832607944879636, 0.02800347501499142, 0.027460301198426997, 0.02681840364884072, 0.026203190519756815, 0.02552364346313934, 0.024940794741503684, 0.024553643852497812, 0.024009602077058226, 0.023587486328410737, 0.023053226444370627, 0.02237349941244249, 0.021247392964358097, 0.01948489409103017, 0.01759577829009665, 0.015969918059865678, 0.014849832783247986, 0.014164911869984548, 0.013546042864334782, 0.01328357500957488, 0.012905521640083246, 0.012806686101790404, 0.01256569256360443, 0.01270015008783326, 0.013333718053885597, 0.014364706842779438, 0.015230812921928084, 0.016214173123414017, 0.017422309714956504, 0.01848297873673576, 0.019690103784110968, 0.02062988015396428, 0.021304326954883004, 0.021542023987470748, 0.021445001132587415, 0.02128479356968176, 0.021154257299581803, 0.020548768777841446, 0.020419411659703072, 0.020346908766621045, 0.02018386842926173, 0.020060715556614095, 0.019970155121820186, 0.019905412966441507, 0.019860328269953802, 0.019689549628068632, 0.019110038324468673, 0.018401772510693467, 0.01773443768827515, 0.01691379473734185, 0.0163889904882787, 0.015891976533507178, 0.015695148472402557, 0.015634975895130635, 0.01548249397414641, 0.015250362203767827, 0.01446715870868431, 0.013690714184349355, 0.013111437378948002, 0.01280400987898366, 0.012789088065484542, 0.012885508256999974, 0.012645414791893052, 0.012533763320360268, 0.01300792748125149, 0.014045480441271196, 0.015593406388961941, 0.017496649938682926, 0.01947963017829757, 0.021814960986639112, 0.0244888991790445, 0.027455202671237973, 0.030462142682767764, 0.03347516022004274, 0.03632355277573078, 0.03911728575744543, 0.041489125175428104, 0.043617926344794986, 0.04507509866910146, 0.045973158335007626, 0.046666313335408376, 0.047747911364257295, 0.04910015737076979, 0.051170936172887156, 0.05323921785426519, 0.05484930583024696, 0.05598397968583077, 0.056516639752925084, 0.05678375349578094, 0.05655312215346535, 0.05709318659280136, 0.05753330561326649, 0.05822424761198231, 0.05856641837777238, 0.058663546697002605, 0.05829520111627496, 0.058019458378357286, 0.05786276302771312, 0.057678835712609886, 0.05721489013034267, 0.05620972754199197, 0.05488023496470325, 0.05291870088860013, 0.05085359195424363, 0.04836971777146554, 0.045888993393773454, 0.04332790860019442, 0.040721243397433354, 0.03815348906679705, 0.03609755066086763, 0.03431153121207709, 0.03269994312791247, 0.03113246913067769, 0.029533434333839276, 0.02779284963423818, 0.02581340528028532, 0.023636664296078556, 0.021032966406022018, 0.018298152858289164, 0.015471223173718233, 0.012975006021594128, 0.011476514573927241, 0.011190786613452559, 0.012013514795745658, 0.013192708648177051, 0.0146026096239084, 0.016627808096549106, 0.019288816219412905, 0.022115031993867204, 0.024956066779425322, 0.027947127033299147, 0.030317719296220055, 0.03213024736687776, 0.033908117916643665, 0.035613155393420214, 0.03695858371541455, 0.0370883147011733, 0.035844860180821725, 0.03331269225961453, 0.030127822662769057, 0.026675716455458534, 0.02305094507263966, 0.019294584365168215, 0.016588874620184203, 0.013459760460278334, 0.010513659470637583, 0.008184205378854309, 0.005908681970234855, 0.003908372487361734, 0.002250880846271649, 0.001837561814419065, 0.003902446460586522, 0.00649131804032715, 0.008842266053540701, 0.011337576744963709, 0.013847821453172829, 0.016241515374979285, 0.018506880743639053, 0.020753891025054552, 0.022854281545735794, 0.025177910908837288, 0.027764777035113285, 0.0302577363231247, 0.032552204835272186, 0.033962244268502154, 0.03530995724171245, 0.036795414568091225, 0.03840706162943578, 0.039993850675796264, 0.04133645030179679, 0.04211247094820217, 0.04239213751353172, 0.042192499106345205, 0.04200269786908514, 0.041897190162155235, 0.041830932940717325, 0.04166737666619139, 0.04206882264734189, 0.0426127097658282, 0.042895687146734904, 0.04300135533202284, 0.04249799814293581, 0.041897582995049115, 0.04072077112408416, 0.03927976254850985, 0.037331499513228325, 0.035889992777759706, 0.03456359233645024, 0.033243529781910974, 0.03199033675126687, 0.03059935779738079, 0.029272240636492235, 0.027900707354997015, 0.02654938414970694, 0.02543173352052397, 0.024311103096379235, 0.023065212419431085, 0.021685454855791198, 0.02041159885695607, 0.019056064221564174, 0.017656707279948437, 0.01626614648165674, 0.015012383850973622, 0.013603567963072178, 0.012189757837366814, 0.010674529938407772, 0.009407142987148039, 0.008344525906195775, 0.007439054007672372, 0.0072034584519923735, 0.007775010970036668, 0.009047582903156274, 0.010731538882415681, 0.01253460028234948, 0.014333543563369548, 0.016070624592636203, 0.017817726146123574, 0.019557256660804743, 0.02116824086555951, 0.022529303997840977, 0.023628588936546305, 0.02391411988476377, 0.02359656311707365, 0.022355277074164143, 0.020961866673625245, 0.018393580144489934, 0.015660552711922182, 0.013874328661167971, 0.01254026736778108, 0.011812131260623127, 0.010800298354986543, 0.00961805971638548, 0.008471507575266851, 0.007656757785702683, 0.006719580941926242, 0.0056999472982024405, 0.005125787188458596, 0.00504686530895439, 0.005697178935649704, 0.006245540782853768, 0.0070976650798796875, 0.007900543705723831, 0.008755370167568399, 0.009807746909975117, 0.011209592216881203, 0.01276960312030194, 0.014467251258771754, 0.015865855510978952, 0.01751794577394112, 0.01978728846519214, 0.022540086452385207, 0.024859037758439572, 0.02589623397823137, 0.02611181133516041, 0.026565850619759173, 0.0272557734372972, 0.02776644526036269, 0.02799937699621002, 0.02818388188652303, 0.02806005928616626, 0.028083982827741123, 0.02781538632605852, 0.027763976455106594, 0.028120518002563644, 0.028688559534023904, 0.029389365084960088, 0.030059907204608147, 0.03052096911154336, 0.031053468449087778, 0.03142000488428638, 0.03173833045042581, 0.031892653890475096, 0.03198060527161537, 0.031944507243272385, 0.03180892531117334, 0.03180195743523648, 0.03175983113429147, 0.03185651864929952, 0.032146459060636644, 0.032526908876218445, 0.033087790299913135, 0.03370146462957083, 0.0342847740780508, 0.0344768243549477, 0.03441738754137779, 0.034008301029805295]",0.056516639752925084,0.04603869673154498,0.0059833700893295125,0.05619902002113586,0.0,0.0,0.039489854145546954,0.04603869673154498,0.0059833700893295125,0.05619902002113586,5.208,1717635305.920091,2024-06-06_10-55-05
0.5059,0.006959999999999994,0.46468073113357544,0.4587325438004277,8.014440952506174e-05,0.40831529626322405,0.5059,0.006959999999999994,0.5040945535529664,0.4587325438004277,8.014440952506174e-05,0.40831529626322405,0.05678375349578094,"[0.011315756658919754, 0.012192407496521018, 0.01288995615295488, 0.01359963525141729, 0.014321891165186378, 0.015181047888625853, 0.01592941522152252, 0.01673874496494045, 0.01751440457689525, 0.01835087734908702, 0.019202544572813795, 0.020070622325609303, 0.02095627718778323, 0.02186061264947246, 0.022737260153569413, 0.023681097053535004, 0.024646250751560458, 0.025633386418693636, 0.02659237614956749, 0.027623542314219474, 0.0286250346734827, 0.029647102596467904, 0.03056454213255984, 0.031680305841655834, 0.03263530150735364, 0.033606764937046466, 0.034593095597664145, 0.03536350794006898, 0.035930760474075646, 0.03631257033147624, 0.03661317474198803, 0.03688385713543919, 0.03738127616234113, 0.037934719347479336, 0.03858163380471939, 0.03921882339006296, 0.03999131852533767, 0.04074980907886149, 0.04127472956039594, 0.04151563832077664, 0.04151964454301027, 0.04123464219442919, 0.04096829512038153, 0.04056460486818273, 0.04028281736824196, 0.04000166841569801, 0.03919762289117317, 0.037812479337396496, 0.03622310391275238, 0.03453579653228067, 0.0330206041779641, 0.031565009966306234, 0.03054064037737075, 0.029904305612678588, 0.029394155816597912, 0.028896840658953926, 0.02825322628704274, 0.027685220830545497, 0.02666364029859006, 0.025486033827772144, 0.02414387260068274, 0.023028867611909868, 0.022681878550084772, 0.02299235797660897, 0.02387546679328945, 0.024738332374206702, 0.025547718436096926, 0.026640938816603423, 0.02759836215880636, 0.028240938725365098, 0.028199955208514017, 0.028168175430310402, 0.02767018559717724, 0.027414861073674215, 0.027239233260695786, 0.0274939869379551, 0.027874761581110984, 0.02868161073982207, 0.029514734605865275, 0.030345172291974937, 0.031248268714928727, 0.032298002681611045, 0.033509628354587276, 0.0348066615601669, 0.03569061118903811, 0.03631377821401384, 0.03654105211474412, 0.03646788532881584, 0.03572808397059345, 0.03427781350345514, 0.03309813106562172, 0.031639416134799855, 0.02970329439236902, 0.027599049067936567, 0.02603054913364457, 0.024090316372098155, 0.02220132238001286, 0.02051452966091278, 0.019044426362309692, 0.017805605247084858, 0.01643252777018217, 0.01523003850809785, 0.01424180324883461, 0.013706552220618947, 0.0130880570946912, 0.012988920737072255, 0.013178248200839212, 0.013386796436950147, 0.01359897371732897, 0.01439195864266014, 0.015495810506657983, 0.016686507754200334, 0.01807173050136072, 0.019341411872889052, 0.020370802976522343, 0.0213787239197115, 0.02262888584538598, 0.02401686851684336, 0.025523335513576738, 0.026670410326906566, 0.02758824337325398, 0.02810647098585074, 0.028219175888028712, 0.02804128716256827, 0.027840212128430745, 0.02799079668741686, 0.027988272685847155, 0.02831306909632167, 0.028434723397990712, 0.0285549391753426, 0.02832607944879636, 0.02800347501499142, 0.027460301198426997, 0.02681840364884072, 0.026203190519756815, 0.02552364346313934, 0.024940794741503684, 0.024553643852497812, 0.024009602077058226, 0.023587486328410737, 0.023053226444370627, 0.02237349941244249, 0.021247392964358097, 0.01948489409103017, 0.01759577829009665, 0.015969918059865678, 0.014849832783247986, 0.014164911869984548, 0.013546042864334782, 0.01328357500957488, 0.012905521640083246, 0.012806686101790404, 0.01256569256360443, 0.01270015008783326, 0.013333718053885597, 0.014364706842779438, 0.015230812921928084, 0.016214173123414017, 0.017422309714956504, 0.01848297873673576, 0.019690103784110968, 0.02062988015396428, 0.021304326954883004, 0.021542023987470748, 0.021445001132587415, 0.02128479356968176, 0.021154257299581803, 0.020548768777841446, 0.020419411659703072, 0.020346908766621045, 0.02018386842926173, 0.020060715556614095, 0.019970155121820186, 0.019905412966441507, 0.019860328269953802, 0.019689549628068632, 0.019110038324468673, 0.018401772510693467, 0.01773443768827515, 0.01691379473734185, 0.0163889904882787, 0.015891976533507178, 0.015695148472402557, 0.015634975895130635, 0.01548249397414641, 0.015250362203767827, 0.01446715870868431, 0.013690714184349355, 0.013111437378948002, 0.01280400987898366, 0.012789088065484542, 0.012885508256999974, 0.012645414791893052, 0.012533763320360268, 0.01300792748125149, 0.014045480441271196, 0.015593406388961941, 0.017496649938682926, 0.01947963017829757, 0.021814960986639112, 0.0244888991790445, 0.027455202671237973, 0.030462142682767764, 0.03347516022004274, 0.03632355277573078, 0.03911728575744543, 0.041489125175428104, 0.043617926344794986, 0.04507509866910146, 0.045973158335007626, 0.046666313335408376, 0.047747911364257295, 0.04910015737076979, 0.051170936172887156, 0.05323921785426519, 0.05484930583024696, 0.05598397968583077, 0.056516639752925084, 0.05678375349578094, 0.05655312215346535, 0.05709318659280136, 0.05753330561326649, 0.05822424761198231, 0.05856641837777238, 0.058663546697002605, 0.05829520111627496, 0.058019458378357286, 0.05786276302771312, 0.057678835712609886, 0.05721489013034267, 0.05620972754199197, 0.05488023496470325, 0.05291870088860013, 0.05085359195424363, 0.04836971777146554, 0.045888993393773454, 0.04332790860019442, 0.040721243397433354, 0.03815348906679705, 0.03609755066086763, 0.03431153121207709, 0.03269994312791247, 0.03113246913067769, 0.029533434333839276, 0.02779284963423818, 0.02581340528028532, 0.023636664296078556, 0.021032966406022018, 0.018298152858289164, 0.015471223173718233, 0.012975006021594128, 0.011476514573927241, 0.011190786613452559, 0.012013514795745658, 0.013192708648177051, 0.0146026096239084, 0.016627808096549106, 0.019288816219412905, 0.022115031993867204, 0.024956066779425322, 0.027947127033299147, 0.030317719296220055, 0.03213024736687776, 0.033908117916643665, 0.035613155393420214, 0.03695858371541455, 0.0370883147011733, 0.035844860180821725, 0.03331269225961453, 0.030127822662769057, 0.026675716455458534, 0.02305094507263966, 0.019294584365168215, 0.016588874620184203, 0.013459760460278334, 0.010513659470637583, 0.008184205378854309, 0.005908681970234855, 0.003908372487361734, 0.002250880846271649, 0.001837561814419065, 0.003902446460586522, 0.00649131804032715, 0.008842266053540701, 0.011337576744963709, 0.013847821453172829, 0.016241515374979285, 0.018506880743639053, 0.020753891025054552, 0.022854281545735794, 0.025177910908837288, 0.027764777035113285, 0.0302577363231247, 0.032552204835272186, 0.033962244268502154, 0.03530995724171245, 0.036795414568091225, 0.03840706162943578, 0.039993850675796264, 0.04133645030179679, 0.04211247094820217, 0.04239213751353172, 0.042192499106345205, 0.04200269786908514, 0.041897190162155235, 0.041830932940717325, 0.04166737666619139, 0.04206882264734189, 0.0426127097658282, 0.042895687146734904, 0.04300135533202284, 0.04249799814293581, 0.041897582995049115, 0.04072077112408416, 0.03927976254850985, 0.037331499513228325, 0.035889992777759706, 0.03456359233645024, 0.033243529781910974, 0.03199033675126687, 0.03059935779738079, 0.029272240636492235, 0.027900707354997015, 0.02654938414970694, 0.02543173352052397, 0.024311103096379235, 0.023065212419431085, 0.021685454855791198, 0.02041159885695607, 0.019056064221564174, 0.017656707279948437, 0.01626614648165674, 0.015012383850973622, 0.013603567963072178, 0.012189757837366814, 0.010674529938407772, 0.009407142987148039, 0.008344525906195775, 0.007439054007672372, 0.0072034584519923735, 0.007775010970036668, 0.009047582903156274, 0.010731538882415681, 0.01253460028234948, 0.014333543563369548, 0.016070624592636203, 0.017817726146123574, 0.019557256660804743, 0.02116824086555951, 0.022529303997840977, 0.023628588936546305, 0.02391411988476377, 0.02359656311707365, 0.022355277074164143, 0.020961866673625245, 0.018393580144489934, 0.015660552711922182, 0.013874328661167971, 0.01254026736778108, 0.011812131260623127, 0.010800298354986543, 0.00961805971638548, 0.008471507575266851, 0.007656757785702683, 0.006719580941926242, 0.0056999472982024405, 0.005125787188458596, 0.00504686530895439, 0.005697178935649704, 0.006245540782853768, 0.0070976650798796875, 0.007900543705723831, 0.008755370167568399, 0.009807746909975117, 0.011209592216881203, 0.01276960312030194, 0.014467251258771754, 0.015865855510978952, 0.01751794577394112, 0.01978728846519214, 0.022540086452385207, 0.024859037758439572, 0.02589623397823137, 0.02611181133516041, 0.026565850619759173, 0.0272557734372972, 0.02776644526036269, 0.02799937699621002, 0.02818388188652303, 0.02806005928616626, 0.028083982827741123, 0.02781538632605852, 0.027763976455106594, 0.028120518002563644, 0.028688559534023904, 0.029389365084960088, 0.030059907204608147, 0.03052096911154336, 0.031053468449087778, 0.03142000488428638, 0.03173833045042581, 0.031892653890475096, 0.03198060527161537, 0.031944507243272385, 0.03180892531117334, 0.03180195743523648, 0.03175983113429147, 0.03185651864929952, 0.032146459060636644, 0.032526908876218445, 0.033087790299913135, 0.03370146462957083, 0.0342847740780508, 0.0344768243549477, 0.03441738754137779, 0.034008301029805295]",0.05678375349578094,0.0471674561995723,0.006879855590474932,0.056365434870351394,0.0,0.0,0.039413822419390954,0.0471674561995723,0.006879855590474932,0.056365434870351394,5.232,1717635305.9449112,2024-06-06_10-55-05
0.5059,0.007679999999999992,0.46732811230135407,0.4573989303704169,-0.0003260520941599245,0.4113445544011065,0.5059,0.007679999999999992,0.5066659029945891,0.4573989303704169,-0.0003260520941599245,0.4113445544011065,0.05655312215346535,"[0.011315756658919754, 0.012192407496521018, 0.01288995615295488, 0.01359963525141729, 0.014321891165186378, 0.015181047888625853, 0.01592941522152252, 0.01673874496494045, 0.01751440457689525, 0.01835087734908702, 0.019202544572813795, 0.020070622325609303, 0.02095627718778323, 0.02186061264947246, 0.022737260153569413, 0.023681097053535004, 0.024646250751560458, 0.025633386418693636, 0.02659237614956749, 0.027623542314219474, 0.0286250346734827, 0.029647102596467904, 0.03056454213255984, 0.031680305841655834, 0.03263530150735364, 0.033606764937046466, 0.034593095597664145, 0.03536350794006898, 0.035930760474075646, 0.03631257033147624, 0.03661317474198803, 0.03688385713543919, 0.03738127616234113, 0.037934719347479336, 0.03858163380471939, 0.03921882339006296, 0.03999131852533767, 0.04074980907886149, 0.04127472956039594, 0.04151563832077664, 0.04151964454301027, 0.04123464219442919, 0.04096829512038153, 0.04056460486818273, 0.04028281736824196, 0.04000166841569801, 0.03919762289117317, 0.037812479337396496, 0.03622310391275238, 0.03453579653228067, 0.0330206041779641, 0.031565009966306234, 0.03054064037737075, 0.029904305612678588, 0.029394155816597912, 0.028896840658953926, 0.02825322628704274, 0.027685220830545497, 0.02666364029859006, 0.025486033827772144, 0.02414387260068274, 0.023028867611909868, 0.022681878550084772, 0.02299235797660897, 0.02387546679328945, 0.024738332374206702, 0.025547718436096926, 0.026640938816603423, 0.02759836215880636, 0.028240938725365098, 0.028199955208514017, 0.028168175430310402, 0.02767018559717724, 0.027414861073674215, 0.027239233260695786, 0.0274939869379551, 0.027874761581110984, 0.02868161073982207, 0.029514734605865275, 0.030345172291974937, 0.031248268714928727, 0.032298002681611045, 0.033509628354587276, 0.0348066615601669, 0.03569061118903811, 0.03631377821401384, 0.03654105211474412, 0.03646788532881584, 0.03572808397059345, 0.03427781350345514, 0.03309813106562172, 0.031639416134799855, 0.02970329439236902, 0.027599049067936567, 0.02603054913364457, 0.024090316372098155, 0.02220132238001286, 0.02051452966091278, 0.019044426362309692, 0.017805605247084858, 0.01643252777018217, 0.01523003850809785, 0.01424180324883461, 0.013706552220618947, 0.0130880570946912, 0.012988920737072255, 0.013178248200839212, 0.013386796436950147, 0.01359897371732897, 0.01439195864266014, 0.015495810506657983, 0.016686507754200334, 0.01807173050136072, 0.019341411872889052, 0.020370802976522343, 0.0213787239197115, 0.02262888584538598, 0.02401686851684336, 0.025523335513576738, 0.026670410326906566, 0.02758824337325398, 0.02810647098585074, 0.028219175888028712, 0.02804128716256827, 0.027840212128430745, 0.02799079668741686, 0.027988272685847155, 0.02831306909632167, 0.028434723397990712, 0.0285549391753426, 0.02832607944879636, 0.02800347501499142, 0.027460301198426997, 0.02681840364884072, 0.026203190519756815, 0.02552364346313934, 0.024940794741503684, 0.024553643852497812, 0.024009602077058226, 0.023587486328410737, 0.023053226444370627, 0.02237349941244249, 0.021247392964358097, 0.01948489409103017, 0.01759577829009665, 0.015969918059865678, 0.014849832783247986, 0.014164911869984548, 0.013546042864334782, 0.01328357500957488, 0.012905521640083246, 0.012806686101790404, 0.01256569256360443, 0.01270015008783326, 0.013333718053885597, 0.014364706842779438, 0.015230812921928084, 0.016214173123414017, 0.017422309714956504, 0.01848297873673576, 0.019690103784110968, 0.02062988015396428, 0.021304326954883004, 0.021542023987470748, 0.021445001132587415, 0.02128479356968176, 0.021154257299581803, 0.020548768777841446, 0.020419411659703072, 0.020346908766621045, 0.02018386842926173, 0.020060715556614095, 0.019970155121820186, 0.019905412966441507, 0.019860328269953802, 0.019689549628068632, 0.019110038324468673, 0.018401772510693467, 0.01773443768827515, 0.01691379473734185, 0.0163889904882787, 0.015891976533507178, 0.015695148472402557, 0.015634975895130635, 0.01548249397414641, 0.015250362203767827, 0.01446715870868431, 0.013690714184349355, 0.013111437378948002, 0.01280400987898366, 0.012789088065484542, 0.012885508256999974, 0.012645414791893052, 0.012533763320360268, 0.01300792748125149, 0.014045480441271196, 0.015593406388961941, 0.017496649938682926, 0.01947963017829757, 0.021814960986639112, 0.0244888991790445, 0.027455202671237973, 0.030462142682767764, 0.03347516022004274, 0.03632355277573078, 0.03911728575744543, 0.041489125175428104, 0.043617926344794986, 0.04507509866910146, 0.045973158335007626, 0.046666313335408376, 0.047747911364257295, 0.04910015737076979, 0.051170936172887156, 0.05323921785426519, 0.05484930583024696, 0.05598397968583077, 0.056516639752925084, 0.05678375349578094, 0.05655312215346535, 0.05709318659280136, 0.05753330561326649, 0.05822424761198231, 0.05856641837777238, 0.058663546697002605, 0.05829520111627496, 0.058019458378357286, 0.05786276302771312, 0.057678835712609886, 0.05721489013034267, 0.05620972754199197, 0.05488023496470325, 0.05291870088860013, 0.05085359195424363, 0.04836971777146554, 0.045888993393773454, 0.04332790860019442, 0.040721243397433354, 0.03815348906679705, 0.03609755066086763, 0.03431153121207709, 0.03269994312791247, 0.03113246913067769, 0.029533434333839276, 0.02779284963423818, 0.02581340528028532, 0.023636664296078556, 0.021032966406022018, 0.018298152858289164, 0.015471223173718233, 0.012975006021594128, 0.011476514573927241, 0.011190786613452559, 0.012013514795745658, 0.013192708648177051, 0.0146026096239084, 0.016627808096549106, 0.019288816219412905, 0.022115031993867204, 0.024956066779425322, 0.027947127033299147, 0.030317719296220055, 0.03213024736687776, 0.033908117916643665, 0.035613155393420214, 0.03695858371541455, 0.0370883147011733, 0.035844860180821725, 0.03331269225961453, 0.030127822662769057, 0.026675716455458534, 0.02305094507263966, 0.019294584365168215, 0.016588874620184203, 0.013459760460278334, 0.010513659470637583, 0.008184205378854309, 0.005908681970234855, 0.003908372487361734, 0.002250880846271649, 0.001837561814419065, 0.003902446460586522, 0.00649131804032715, 0.008842266053540701, 0.011337576744963709, 0.013847821453172829, 0.016241515374979285, 0.018506880743639053, 0.020753891025054552, 0.022854281545735794, 0.025177910908837288, 0.027764777035113285, 0.0302577363231247, 0.032552204835272186, 0.033962244268502154, 0.03530995724171245, 0.036795414568091225, 0.03840706162943578, 0.039993850675796264, 0.04133645030179679, 0.04211247094820217, 0.04239213751353172, 0.042192499106345205, 0.04200269786908514, 0.041897190162155235, 0.041830932940717325, 0.04166737666619139, 0.04206882264734189, 0.0426127097658282, 0.042895687146734904, 0.04300135533202284, 0.04249799814293581, 0.041897582995049115, 0.04072077112408416, 0.03927976254850985, 0.037331499513228325, 0.035889992777759706, 0.03456359233645024, 0.033243529781910974, 0.03199033675126687, 0.03059935779738079, 0.029272240636492235, 0.027900707354997015, 0.02654938414970694, 0.02543173352052397, 0.024311103096379235, 0.023065212419431085, 0.021685454855791198, 0.02041159885695607, 0.019056064221564174, 0.017656707279948437, 0.01626614648165674, 0.015012383850973622, 0.013603567963072178, 0.012189757837366814, 0.010674529938407772, 0.009407142987148039, 0.008344525906195775, 0.007439054007672372, 0.0072034584519923735, 0.007775010970036668, 0.009047582903156274, 0.010731538882415681, 0.01253460028234948, 0.014333543563369548, 0.016070624592636203, 0.017817726146123574, 0.019557256660804743, 0.02116824086555951, 0.022529303997840977, 0.023628588936546305, 0.02391411988476377, 0.02359656311707365, 0.022355277074164143, 0.020961866673625245, 0.018393580144489934, 0.015660552711922182, 0.013874328661167971, 0.01254026736778108, 0.011812131260623127, 0.010800298354986543, 0.00961805971638548, 0.008471507575266851, 0.007656757785702683, 0.006719580941926242, 0.0056999472982024405, 0.005125787188458596, 0.00504686530895439, 0.005697178935649704, 0.006245540782853768, 0.0070976650798796875, 0.007900543705723831, 0.008755370167568399, 0.009807746909975117, 0.011209592216881203, 0.01276960312030194, 0.014467251258771754, 0.015865855510978952, 0.01751794577394112, 0.01978728846519214, 0.022540086452385207, 0.024859037758439572, 0.02589623397823137, 0.02611181133516041, 0.026565850619759173, 0.0272557734372972, 0.02776644526036269, 0.02799937699621002, 0.02818388188652303, 0.02806005928616626, 0.028083982827741123, 0.02781538632605852, 0.027763976455106594, 0.028120518002563644, 0.028688559534023904, 0.029389365084960088, 0.030059907204608147, 0.03052096911154336, 0.031053468449087778, 0.03142000488428638, 0.03173833045042581, 0.031892653890475096, 0.03198060527161537, 0.031944507243272385, 0.03180892531117334, 0.03180195743523648, 0.03175983113429147, 0.03185651864929952, 0.032146459060636644, 0.032526908876218445, 0.033087790299913135, 0.03370146462957083, 0.0342847740780508, 0.0344768243549477, 0.03441738754137779, 0.034008301029805295]",0.05655312215346535,0.048501069629583116,0.008006052094159917,0.05598355790024756,0.0,0.0,0.039337790693235064,0.048501069629583116,0.008006052094159917,0.05598355790024756,5.255999999999999,1717635305.9689734,2024-06-06_10-55-05
0.5059,0.008400000000000019,0.46984424255039486,0.45626230100240783,-0.0007454727566951094,0.4134882997991909,0.5059,0.008400000000000019,0.509106001517474,0.45626230100240783,-0.0007454727566951094,0.4134882997991909,0.05709318659280136,"[0.011315756658919754, 0.012192407496521018, 0.01288995615295488, 0.01359963525141729, 0.014321891165186378, 0.015181047888625853, 0.01592941522152252, 0.01673874496494045, 0.01751440457689525, 0.01835087734908702, 0.019202544572813795, 0.020070622325609303, 0.02095627718778323, 0.02186061264947246, 0.022737260153569413, 0.023681097053535004, 0.024646250751560458, 0.025633386418693636, 0.02659237614956749, 0.027623542314219474, 0.0286250346734827, 0.029647102596467904, 0.03056454213255984, 0.031680305841655834, 0.03263530150735364, 0.033606764937046466, 0.034593095597664145, 0.03536350794006898, 0.035930760474075646, 0.03631257033147624, 0.03661317474198803, 0.03688385713543919, 0.03738127616234113, 0.037934719347479336, 0.03858163380471939, 0.03921882339006296, 0.03999131852533767, 0.04074980907886149, 0.04127472956039594, 0.04151563832077664, 0.04151964454301027, 0.04123464219442919, 0.04096829512038153, 0.04056460486818273, 0.04028281736824196, 0.04000166841569801, 0.03919762289117317, 0.037812479337396496, 0.03622310391275238, 0.03453579653228067, 0.0330206041779641, 0.031565009966306234, 0.03054064037737075, 0.029904305612678588, 0.029394155816597912, 0.028896840658953926, 0.02825322628704274, 0.027685220830545497, 0.02666364029859006, 0.025486033827772144, 0.02414387260068274, 0.023028867611909868, 0.022681878550084772, 0.02299235797660897, 0.02387546679328945, 0.024738332374206702, 0.025547718436096926, 0.026640938816603423, 0.02759836215880636, 0.028240938725365098, 0.028199955208514017, 0.028168175430310402, 0.02767018559717724, 0.027414861073674215, 0.027239233260695786, 0.0274939869379551, 0.027874761581110984, 0.02868161073982207, 0.029514734605865275, 0.030345172291974937, 0.031248268714928727, 0.032298002681611045, 0.033509628354587276, 0.0348066615601669, 0.03569061118903811, 0.03631377821401384, 0.03654105211474412, 0.03646788532881584, 0.03572808397059345, 0.03427781350345514, 0.03309813106562172, 0.031639416134799855, 0.02970329439236902, 0.027599049067936567, 0.02603054913364457, 0.024090316372098155, 0.02220132238001286, 0.02051452966091278, 0.019044426362309692, 0.017805605247084858, 0.01643252777018217, 0.01523003850809785, 0.01424180324883461, 0.013706552220618947, 0.0130880570946912, 0.012988920737072255, 0.013178248200839212, 0.013386796436950147, 0.01359897371732897, 0.01439195864266014, 0.015495810506657983, 0.016686507754200334, 0.01807173050136072, 0.019341411872889052, 0.020370802976522343, 0.0213787239197115, 0.02262888584538598, 0.02401686851684336, 0.025523335513576738, 0.026670410326906566, 0.02758824337325398, 0.02810647098585074, 0.028219175888028712, 0.02804128716256827, 0.027840212128430745, 0.02799079668741686, 0.027988272685847155, 0.02831306909632167, 0.028434723397990712, 0.0285549391753426, 0.02832607944879636, 0.02800347501499142, 0.027460301198426997, 0.02681840364884072, 0.026203190519756815, 0.02552364346313934, 0.024940794741503684, 0.024553643852497812, 0.024009602077058226, 0.023587486328410737, 0.023053226444370627, 0.02237349941244249, 0.021247392964358097, 0.01948489409103017, 0.01759577829009665, 0.015969918059865678, 0.014849832783247986, 0.014164911869984548, 0.013546042864334782, 0.01328357500957488, 0.012905521640083246, 0.012806686101790404, 0.01256569256360443, 0.01270015008783326, 0.013333718053885597, 0.014364706842779438, 0.015230812921928084, 0.016214173123414017, 0.017422309714956504, 0.01848297873673576, 0.019690103784110968, 0.02062988015396428, 0.021304326954883004, 0.021542023987470748, 0.021445001132587415, 0.02128479356968176, 0.021154257299581803, 0.020548768777841446, 0.020419411659703072, 0.020346908766621045, 0.02018386842926173, 0.020060715556614095, 0.019970155121820186, 0.019905412966441507, 0.019860328269953802, 0.019689549628068632, 0.019110038324468673, 0.018401772510693467, 0.01773443768827515, 0.01691379473734185, 0.0163889904882787, 0.015891976533507178, 0.015695148472402557, 0.015634975895130635, 0.01548249397414641, 0.015250362203767827, 0.01446715870868431, 0.013690714184349355, 0.013111437378948002, 0.01280400987898366, 0.012789088065484542, 0.012885508256999974, 0.012645414791893052, 0.012533763320360268, 0.01300792748125149, 0.014045480441271196, 0.015593406388961941, 0.017496649938682926, 0.01947963017829757, 0.021814960986639112, 0.0244888991790445, 0.027455202671237973, 0.030462142682767764, 0.03347516022004274, 0.03632355277573078, 0.03911728575744543, 0.041489125175428104, 0.043617926344794986, 0.04507509866910146, 0.045973158335007626, 0.046666313335408376, 0.047747911364257295, 0.04910015737076979, 0.051170936172887156, 0.05323921785426519, 0.05484930583024696, 0.05598397968583077, 0.056516639752925084, 0.05678375349578094, 0.05655312215346535, 0.05709318659280136, 0.05753330561326649, 0.05822424761198231, 0.05856641837777238, 0.058663546697002605, 0.05829520111627496, 0.058019458378357286, 0.05786276302771312, 0.057678835712609886, 0.05721489013034267, 0.05620972754199197, 0.05488023496470325, 0.05291870088860013, 0.05085359195424363, 0.04836971777146554, 0.045888993393773454, 0.04332790860019442, 0.040721243397433354, 0.03815348906679705, 0.03609755066086763, 0.03431153121207709, 0.03269994312791247, 0.03113246913067769, 0.029533434333839276, 0.02779284963423818, 0.02581340528028532, 0.023636664296078556, 0.021032966406022018, 0.018298152858289164, 0.015471223173718233, 0.012975006021594128, 0.011476514573927241, 0.011190786613452559, 0.012013514795745658, 0.013192708648177051, 0.0146026096239084, 0.016627808096549106, 0.019288816219412905, 0.022115031993867204, 0.024956066779425322, 0.027947127033299147, 0.030317719296220055, 0.03213024736687776, 0.033908117916643665, 0.035613155393420214, 0.03695858371541455, 0.0370883147011733, 0.035844860180821725, 0.03331269225961453, 0.030127822662769057, 0.026675716455458534, 0.02305094507263966, 0.019294584365168215, 0.016588874620184203, 0.013459760460278334, 0.010513659470637583, 0.008184205378854309, 0.005908681970234855, 0.003908372487361734, 0.002250880846271649, 0.001837561814419065, 0.003902446460586522, 0.00649131804032715, 0.008842266053540701, 0.011337576744963709, 0.013847821453172829, 0.016241515374979285, 0.018506880743639053, 0.020753891025054552, 0.022854281545735794, 0.025177910908837288, 0.027764777035113285, 0.0302577363231247, 0.032552204835272186, 0.033962244268502154, 0.03530995724171245, 0.036795414568091225, 0.03840706162943578, 0.039993850675796264, 0.04133645030179679, 0.04211247094820217, 0.04239213751353172, 0.042192499106345205, 0.04200269786908514, 0.041897190162155235, 0.041830932940717325, 0.04166737666619139, 0.04206882264734189, 0.0426127097658282, 0.042895687146734904, 0.04300135533202284, 0.04249799814293581, 0.041897582995049115, 0.04072077112408416, 0.03927976254850985, 0.037331499513228325, 0.035889992777759706, 0.03456359233645024, 0.033243529781910974, 0.03199033675126687, 0.03059935779738079, 0.029272240636492235, 0.027900707354997015, 0.02654938414970694, 0.02543173352052397, 0.024311103096379235, 0.023065212419431085, 0.021685454855791198, 0.02041159885695607, 0.019056064221564174, 0.017656707279948437, 0.01626614648165674, 0.015012383850973622, 0.013603567963072178, 0.012189757837366814, 0.010674529938407772, 0.009407142987148039, 0.008344525906195775, 0.007439054007672372, 0.0072034584519923735, 0.007775010970036668, 0.009047582903156274, 0.010731538882415681, 0.01253460028234948, 0.014333543563369548, 0.016070624592636203, 0.017817726146123574, 0.019557256660804743, 0.02116824086555951, 0.022529303997840977, 0.023628588936546305, 0.02391411988476377, 0.02359656311707365, 0.022355277074164143, 0.020961866673625245, 0.018393580144489934, 0.015660552711922182, 0.013874328661167971, 0.01254026736778108, 0.011812131260623127, 0.010800298354986543, 0.00961805971638548, 0.008471507575266851, 0.007656757785702683, 0.006719580941926242, 0.0056999472982024405, 0.005125787188458596, 0.00504686530895439, 0.005697178935649704, 0.006245540782853768, 0.0070976650798796875, 0.007900543705723831, 0.008755370167568399, 0.009807746909975117, 0.011209592216881203, 0.01276960312030194, 0.014467251258771754, 0.015865855510978952, 0.01751794577394112, 0.01978728846519214, 0.022540086452385207, 0.024859037758439572, 0.02589623397823137, 0.02611181133516041, 0.026565850619759173, 0.0272557734372972, 0.02776644526036269, 0.02799937699621002, 0.02818388188652303, 0.02806005928616626, 0.028083982827741123, 0.02781538632605852, 0.027763976455106594, 0.028120518002563644, 0.028688559534023904, 0.029389365084960088, 0.030059907204608147, 0.03052096911154336, 0.031053468449087778, 0.03142000488428638, 0.03173833045042581, 0.031892653890475096, 0.03198060527161537, 0.031944507243272385, 0.03180892531117334, 0.03180195743523648, 0.03175983113429147, 0.03185651864929952, 0.032146459060636644, 0.032526908876218445, 0.033087790299913135, 0.03370146462957083, 0.0342847740780508, 0.0344768243549477, 0.03441738754137779, 0.034008301029805295]",0.05709318659280136,0.04963769899759218,0.009145472756695128,0.05635594275120398,0.0,0.0,0.03926175896707912,0.04963769899759218,0.009145472756695128,0.05635594275120398,5.28,1717635305.9932966,2024-06-06_10-55-05
0.5059,0.00911999999999999,0.4722194696496712,0.4549443054867292,-0.001032010433412577,0.41558893072455233,0.5059,0.00911999999999999,0.5113078357006952,0.4549443054867292,-0.001032010433412577,0.41558893072455233,0.05753330561326649,"[0.011315756658919754, 0.012192407496521018, 0.01288995615295488, 0.01359963525141729, 0.014321891165186378, 0.015181047888625853, 0.01592941522152252, 0.01673874496494045, 0.01751440457689525, 0.01835087734908702, 0.019202544572813795, 0.020070622325609303, 0.02095627718778323, 0.02186061264947246, 0.022737260153569413, 0.023681097053535004, 0.024646250751560458, 0.025633386418693636, 0.02659237614956749, 0.027623542314219474, 0.0286250346734827, 0.029647102596467904, 0.03056454213255984, 0.031680305841655834, 0.03263530150735364, 0.033606764937046466, 0.034593095597664145, 0.03536350794006898, 0.035930760474075646, 0.03631257033147624, 0.03661317474198803, 0.03688385713543919, 0.03738127616234113, 0.037934719347479336, 0.03858163380471939, 0.03921882339006296, 0.03999131852533767, 0.04074980907886149, 0.04127472956039594, 0.04151563832077664, 0.04151964454301027, 0.04123464219442919, 0.04096829512038153, 0.04056460486818273, 0.04028281736824196, 0.04000166841569801, 0.03919762289117317, 0.037812479337396496, 0.03622310391275238, 0.03453579653228067, 0.0330206041779641, 0.031565009966306234, 0.03054064037737075, 0.029904305612678588, 0.029394155816597912, 0.028896840658953926, 0.02825322628704274, 0.027685220830545497, 0.02666364029859006, 0.025486033827772144, 0.02414387260068274, 0.023028867611909868, 0.022681878550084772, 0.02299235797660897, 0.02387546679328945, 0.024738332374206702, 0.025547718436096926, 0.026640938816603423, 0.02759836215880636, 0.028240938725365098, 0.028199955208514017, 0.028168175430310402, 0.02767018559717724, 0.027414861073674215, 0.027239233260695786, 0.0274939869379551, 0.027874761581110984, 0.02868161073982207, 0.029514734605865275, 0.030345172291974937, 0.031248268714928727, 0.032298002681611045, 0.033509628354587276, 0.0348066615601669, 0.03569061118903811, 0.03631377821401384, 0.03654105211474412, 0.03646788532881584, 0.03572808397059345, 0.03427781350345514, 0.03309813106562172, 0.031639416134799855, 0.02970329439236902, 0.027599049067936567, 0.02603054913364457, 0.024090316372098155, 0.02220132238001286, 0.02051452966091278, 0.019044426362309692, 0.017805605247084858, 0.01643252777018217, 0.01523003850809785, 0.01424180324883461, 0.013706552220618947, 0.0130880570946912, 0.012988920737072255, 0.013178248200839212, 0.013386796436950147, 0.01359897371732897, 0.01439195864266014, 0.015495810506657983, 0.016686507754200334, 0.01807173050136072, 0.019341411872889052, 0.020370802976522343, 0.0213787239197115, 0.02262888584538598, 0.02401686851684336, 0.025523335513576738, 0.026670410326906566, 0.02758824337325398, 0.02810647098585074, 0.028219175888028712, 0.02804128716256827, 0.027840212128430745, 0.02799079668741686, 0.027988272685847155, 0.02831306909632167, 0.028434723397990712, 0.0285549391753426, 0.02832607944879636, 0.02800347501499142, 0.027460301198426997, 0.02681840364884072, 0.026203190519756815, 0.02552364346313934, 0.024940794741503684, 0.024553643852497812, 0.024009602077058226, 0.023587486328410737, 0.023053226444370627, 0.02237349941244249, 0.021247392964358097, 0.01948489409103017, 0.01759577829009665, 0.015969918059865678, 0.014849832783247986, 0.014164911869984548, 0.013546042864334782, 0.01328357500957488, 0.012905521640083246, 0.012806686101790404, 0.01256569256360443, 0.01270015008783326, 0.013333718053885597, 0.014364706842779438, 0.015230812921928084, 0.016214173123414017, 0.017422309714956504, 0.01848297873673576, 0.019690103784110968, 0.02062988015396428, 0.021304326954883004, 0.021542023987470748, 0.021445001132587415, 0.02128479356968176, 0.021154257299581803, 0.020548768777841446, 0.020419411659703072, 0.020346908766621045, 0.02018386842926173, 0.020060715556614095, 0.019970155121820186, 0.019905412966441507, 0.019860328269953802, 0.019689549628068632, 0.019110038324468673, 0.018401772510693467, 0.01773443768827515, 0.01691379473734185, 0.0163889904882787, 0.015891976533507178, 0.015695148472402557, 0.015634975895130635, 0.01548249397414641, 0.015250362203767827, 0.01446715870868431, 0.013690714184349355, 0.013111437378948002, 0.01280400987898366, 0.012789088065484542, 0.012885508256999974, 0.012645414791893052, 0.012533763320360268, 0.01300792748125149, 0.014045480441271196, 0.015593406388961941, 0.017496649938682926, 0.01947963017829757, 0.021814960986639112, 0.0244888991790445, 0.027455202671237973, 0.030462142682767764, 0.03347516022004274, 0.03632355277573078, 0.03911728575744543, 0.041489125175428104, 0.043617926344794986, 0.04507509866910146, 0.045973158335007626, 0.046666313335408376, 0.047747911364257295, 0.04910015737076979, 0.051170936172887156, 0.05323921785426519, 0.05484930583024696, 0.05598397968583077, 0.056516639752925084, 0.05678375349578094, 0.05655312215346535, 0.05709318659280136, 0.05753330561326649, 0.05822424761198231, 0.05856641837777238, 0.058663546697002605, 0.05829520111627496, 0.058019458378357286, 0.05786276302771312, 0.057678835712609886, 0.05721489013034267, 0.05620972754199197, 0.05488023496470325, 0.05291870088860013, 0.05085359195424363, 0.04836971777146554, 0.045888993393773454, 0.04332790860019442, 0.040721243397433354, 0.03815348906679705, 0.03609755066086763, 0.03431153121207709, 0.03269994312791247, 0.03113246913067769, 0.029533434333839276, 0.02779284963423818, 0.02581340528028532, 0.023636664296078556, 0.021032966406022018, 0.018298152858289164, 0.015471223173718233, 0.012975006021594128, 0.011476514573927241, 0.011190786613452559, 0.012013514795745658, 0.013192708648177051, 0.0146026096239084, 0.016627808096549106, 0.019288816219412905, 0.022115031993867204, 0.024956066779425322, 0.027947127033299147, 0.030317719296220055, 0.03213024736687776, 0.033908117916643665, 0.035613155393420214, 0.03695858371541455, 0.0370883147011733, 0.035844860180821725, 0.03331269225961453, 0.030127822662769057, 0.026675716455458534, 0.02305094507263966, 0.019294584365168215, 0.016588874620184203, 0.013459760460278334, 0.010513659470637583, 0.008184205378854309, 0.005908681970234855, 0.003908372487361734, 0.002250880846271649, 0.001837561814419065, 0.003902446460586522, 0.00649131804032715, 0.008842266053540701, 0.011337576744963709, 0.013847821453172829, 0.016241515374979285, 0.018506880743639053, 0.020753891025054552, 0.022854281545735794, 0.025177910908837288, 0.027764777035113285, 0.0302577363231247, 0.032552204835272186, 0.033962244268502154, 0.03530995724171245, 0.036795414568091225, 0.03840706162943578, 0.039993850675796264, 0.04133645030179679, 0.04211247094820217, 0.04239213751353172, 0.042192499106345205, 0.04200269786908514, 0.041897190162155235, 0.041830932940717325, 0.04166737666619139, 0.04206882264734189, 0.0426127097658282, 0.042895687146734904, 0.04300135533202284, 0.04249799814293581, 0.041897582995049115, 0.04072077112408416, 0.03927976254850985, 0.037331499513228325, 0.035889992777759706, 0.03456359233645024, 0.033243529781910974, 0.03199033675126687, 0.03059935779738079, 0.029272240636492235, 0.027900707354997015, 0.02654938414970694, 0.02543173352052397, 0.024311103096379235, 0.023065212419431085, 0.021685454855791198, 0.02041159885695607, 0.019056064221564174, 0.017656707279948437, 0.01626614648165674, 0.015012383850973622, 0.013603567963072178, 0.012189757837366814, 0.010674529938407772, 0.009407142987148039, 0.008344525906195775, 0.007439054007672372, 0.0072034584519923735, 0.007775010970036668, 0.009047582903156274, 0.010731538882415681, 0.01253460028234948, 0.014333543563369548, 0.016070624592636203, 0.017817726146123574, 0.019557256660804743, 0.02116824086555951, 0.022529303997840977, 0.023628588936546305, 0.02391411988476377, 0.02359656311707365, 0.022355277074164143, 0.020961866673625245, 0.018393580144489934, 0.015660552711922182, 0.013874328661167971, 0.01254026736778108, 0.011812131260623127, 0.010800298354986543, 0.00961805971638548, 0.008471507575266851, 0.007656757785702683, 0.006719580941926242, 0.0056999472982024405, 0.005125787188458596, 0.00504686530895439, 0.005697178935649704, 0.006245540782853768, 0.0070976650798796875, 0.007900543705723831, 0.008755370167568399, 0.009807746909975117, 0.011209592216881203, 0.01276960312030194, 0.014467251258771754, 0.015865855510978952, 0.01751794577394112, 0.01978728846519214, 0.022540086452385207, 0.024859037758439572, 0.02589623397823137, 0.02611181133516041, 0.026565850619759173, 0.0272557734372972, 0.02776644526036269, 0.02799937699621002, 0.02818388188652303, 0.02806005928616626, 0.028083982827741123, 0.02781538632605852, 0.027763976455106594, 0.028120518002563644, 0.028688559534023904, 0.029389365084960088, 0.030059907204608147, 0.03052096911154336, 0.031053468449087778, 0.03142000488428638, 0.03173833045042581, 0.031892653890475096, 0.03198060527161537, 0.031944507243272385, 0.03180892531117334, 0.03180195743523648, 0.03175983113429147, 0.03185651864929952, 0.032146459060636644, 0.032526908876218445, 0.033087790299913135, 0.03370146462957083, 0.0342847740780508, 0.0344768243549477, 0.03441738754137779, 0.034008301029805295]",0.05753330561326649,0.05095569451327081,0.010152010433412566,0.05663053892511888,0.0,0.0,0.03908836605102395,0.05095569451327081,0.010152010433412566,0.05663053892511888,5.304,1717635306.0190213,2024-06-06_10-55-06
0.5059,0.009840000000000015,0.4744448158308773,0.45343158945097317,-0.001084809521624466,0.41725468078209765,0.5059,0.009840000000000015,0.51287298301635,0.45343158945097317,-0.001084809521624466,0.41725468078209765,0.05822424761198231,"[0.011315756658919754, 0.012192407496521018, 0.01288995615295488, 0.01359963525141729, 0.014321891165186378, 0.015181047888625853, 0.01592941522152252, 0.01673874496494045, 0.01751440457689525, 0.01835087734908702, 0.019202544572813795, 0.020070622325609303, 0.02095627718778323, 0.02186061264947246, 0.022737260153569413, 0.023681097053535004, 0.024646250751560458, 0.025633386418693636, 0.02659237614956749, 0.027623542314219474, 0.0286250346734827, 0.029647102596467904, 0.03056454213255984, 0.031680305841655834, 0.03263530150735364, 0.033606764937046466, 0.034593095597664145, 0.03536350794006898, 0.035930760474075646, 0.03631257033147624, 0.03661317474198803, 0.03688385713543919, 0.03738127616234113, 0.037934719347479336, 0.03858163380471939, 0.03921882339006296, 0.03999131852533767, 0.04074980907886149, 0.04127472956039594, 0.04151563832077664, 0.04151964454301027, 0.04123464219442919, 0.04096829512038153, 0.04056460486818273, 0.04028281736824196, 0.04000166841569801, 0.03919762289117317, 0.037812479337396496, 0.03622310391275238, 0.03453579653228067, 0.0330206041779641, 0.031565009966306234, 0.03054064037737075, 0.029904305612678588, 0.029394155816597912, 0.028896840658953926, 0.02825322628704274, 0.027685220830545497, 0.02666364029859006, 0.025486033827772144, 0.02414387260068274, 0.023028867611909868, 0.022681878550084772, 0.02299235797660897, 0.02387546679328945, 0.024738332374206702, 0.025547718436096926, 0.026640938816603423, 0.02759836215880636, 0.028240938725365098, 0.028199955208514017, 0.028168175430310402, 0.02767018559717724, 0.027414861073674215, 0.027239233260695786, 0.0274939869379551, 0.027874761581110984, 0.02868161073982207, 0.029514734605865275, 0.030345172291974937, 0.031248268714928727, 0.032298002681611045, 0.033509628354587276, 0.0348066615601669, 0.03569061118903811, 0.03631377821401384, 0.03654105211474412, 0.03646788532881584, 0.03572808397059345, 0.03427781350345514, 0.03309813106562172, 0.031639416134799855, 0.02970329439236902, 0.027599049067936567, 0.02603054913364457, 0.024090316372098155, 0.02220132238001286, 0.02051452966091278, 0.019044426362309692, 0.017805605247084858, 0.01643252777018217, 0.01523003850809785, 0.01424180324883461, 0.013706552220618947, 0.0130880570946912, 0.012988920737072255, 0.013178248200839212, 0.013386796436950147, 0.01359897371732897, 0.01439195864266014, 0.015495810506657983, 0.016686507754200334, 0.01807173050136072, 0.019341411872889052, 0.020370802976522343, 0.0213787239197115, 0.02262888584538598, 0.02401686851684336, 0.025523335513576738, 0.026670410326906566, 0.02758824337325398, 0.02810647098585074, 0.028219175888028712, 0.02804128716256827, 0.027840212128430745, 0.02799079668741686, 0.027988272685847155, 0.02831306909632167, 0.028434723397990712, 0.0285549391753426, 0.02832607944879636, 0.02800347501499142, 0.027460301198426997, 0.02681840364884072, 0.026203190519756815, 0.02552364346313934, 0.024940794741503684, 0.024553643852497812, 0.024009602077058226, 0.023587486328410737, 0.023053226444370627, 0.02237349941244249, 0.021247392964358097, 0.01948489409103017, 0.01759577829009665, 0.015969918059865678, 0.014849832783247986, 0.014164911869984548, 0.013546042864334782, 0.01328357500957488, 0.012905521640083246, 0.012806686101790404, 0.01256569256360443, 0.01270015008783326, 0.013333718053885597, 0.014364706842779438, 0.015230812921928084, 0.016214173123414017, 0.017422309714956504, 0.01848297873673576, 0.019690103784110968, 0.02062988015396428, 0.021304326954883004, 0.021542023987470748, 0.021445001132587415, 0.02128479356968176, 0.021154257299581803, 0.020548768777841446, 0.020419411659703072, 0.020346908766621045, 0.02018386842926173, 0.020060715556614095, 0.019970155121820186, 0.019905412966441507, 0.019860328269953802, 0.019689549628068632, 0.019110038324468673, 0.018401772510693467, 0.01773443768827515, 0.01691379473734185, 0.0163889904882787, 0.015891976533507178, 0.015695148472402557, 0.015634975895130635, 0.01548249397414641, 0.015250362203767827, 0.01446715870868431, 0.013690714184349355, 0.013111437378948002, 0.01280400987898366, 0.012789088065484542, 0.012885508256999974, 0.012645414791893052, 0.012533763320360268, 0.01300792748125149, 0.014045480441271196, 0.015593406388961941, 0.017496649938682926, 0.01947963017829757, 0.021814960986639112, 0.0244888991790445, 0.027455202671237973, 0.030462142682767764, 0.03347516022004274, 0.03632355277573078, 0.03911728575744543, 0.041489125175428104, 0.043617926344794986, 0.04507509866910146, 0.045973158335007626, 0.046666313335408376, 0.047747911364257295, 0.04910015737076979, 0.051170936172887156, 0.05323921785426519, 0.05484930583024696, 0.05598397968583077, 0.056516639752925084, 0.05678375349578094, 0.05655312215346535, 0.05709318659280136, 0.05753330561326649, 0.05822424761198231, 0.05856641837777238, 0.058663546697002605, 0.05829520111627496, 0.058019458378357286, 0.05786276302771312, 0.057678835712609886, 0.05721489013034267, 0.05620972754199197, 0.05488023496470325, 0.05291870088860013, 0.05085359195424363, 0.04836971777146554, 0.045888993393773454, 0.04332790860019442, 0.040721243397433354, 0.03815348906679705, 0.03609755066086763, 0.03431153121207709, 0.03269994312791247, 0.03113246913067769, 0.029533434333839276, 0.02779284963423818, 0.02581340528028532, 0.023636664296078556, 0.021032966406022018, 0.018298152858289164, 0.015471223173718233, 0.012975006021594128, 0.011476514573927241, 0.011190786613452559, 0.012013514795745658, 0.013192708648177051, 0.0146026096239084, 0.016627808096549106, 0.019288816219412905, 0.022115031993867204, 0.024956066779425322, 0.027947127033299147, 0.030317719296220055, 0.03213024736687776, 0.033908117916643665, 0.035613155393420214, 0.03695858371541455, 0.0370883147011733, 0.035844860180821725, 0.03331269225961453, 0.030127822662769057, 0.026675716455458534, 0.02305094507263966, 0.019294584365168215, 0.016588874620184203, 0.013459760460278334, 0.010513659470637583, 0.008184205378854309, 0.005908681970234855, 0.003908372487361734, 0.002250880846271649, 0.001837561814419065, 0.003902446460586522, 0.00649131804032715, 0.008842266053540701, 0.011337576744963709, 0.013847821453172829, 0.016241515374979285, 0.018506880743639053, 0.020753891025054552, 0.022854281545735794, 0.025177910908837288, 0.027764777035113285, 0.0302577363231247, 0.032552204835272186, 0.033962244268502154, 0.03530995724171245, 0.036795414568091225, 0.03840706162943578, 0.039993850675796264, 0.04133645030179679, 0.04211247094820217, 0.04239213751353172, 0.042192499106345205, 0.04200269786908514, 0.041897190162155235, 0.041830932940717325, 0.04166737666619139, 0.04206882264734189, 0.0426127097658282, 0.042895687146734904, 0.04300135533202284, 0.04249799814293581, 0.041897582995049115, 0.04072077112408416, 0.03927976254850985, 0.037331499513228325, 0.035889992777759706, 0.03456359233645024, 0.033243529781910974, 0.03199033675126687, 0.03059935779738079, 0.029272240636492235, 0.027900707354997015, 0.02654938414970694, 0.02543173352052397, 0.024311103096379235, 0.023065212419431085, 0.021685454855791198, 0.02041159885695607, 0.019056064221564174, 0.017656707279948437, 0.01626614648165674, 0.015012383850973622, 0.013603567963072178, 0.012189757837366814, 0.010674529938407772, 0.009407142987148039, 0.008344525906195775, 0.007439054007672372, 0.0072034584519923735, 0.007775010970036668, 0.009047582903156274, 0.010731538882415681, 0.01253460028234948, 0.014333543563369548, 0.016070624592636203, 0.017817726146123574, 0.019557256660804743, 0.02116824086555951, 0.022529303997840977, 0.023628588936546305, 0.02391411988476377, 0.02359656311707365, 0.022355277074164143, 0.020961866673625245, 0.018393580144489934, 0.015660552711922182, 0.013874328661167971, 0.01254026736778108, 0.011812131260623127, 0.010800298354986543, 0.00961805971638548, 0.008471507575266851, 0.007656757785702683, 0.006719580941926242, 0.0056999472982024405, 0.005125787188458596, 0.00504686530895439, 0.005697178935649704, 0.006245540782853768, 0.0070976650798796875, 0.007900543705723831, 0.008755370167568399, 0.009807746909975117, 0.011209592216881203, 0.01276960312030194, 0.014467251258771754, 0.015865855510978952, 0.01751794577394112, 0.01978728846519214, 0.022540086452385207, 0.024859037758439572, 0.02589623397823137, 0.02611181133516041, 0.026565850619759173, 0.0272557734372972, 0.02776644526036269, 0.02799937699621002, 0.02818388188652303, 0.02806005928616626, 0.028083982827741123, 0.02781538632605852, 0.027763976455106594, 0.028120518002563644, 0.028688559534023904, 0.029389365084960088, 0.030059907204608147, 0.03052096911154336, 0.031053468449087778, 0.03142000488428638, 0.03173833045042581, 0.031892653890475096, 0.03198060527161537, 0.031944507243272385, 0.03180892531117334, 0.03180195743523648, 0.03175983113429147, 0.03185651864929952, 0.032146459060636644, 0.032526908876218445, 0.033087790299913135, 0.03370146462957083, 0.0342847740780508, 0.0344768243549477, 0.03441738754137779, 0.034008301029805295]",0.05822424761198231,0.052468410549026845,0.010924809521624482,0.05719013504877962,0.0,0.0,0.038428167185472706,0.052468410549026845,0.010924809521624482,0.05719013504877962,5.328,1717635306.0409195,2024-06-06_10-55-06
0.5059,0.010560000000000014,0.4765120196957543,0.45200919098733916,-0.0009486789516760757,0.41908749818806107,0.5059,0.010560000000000014,0.5142799880156758,0.45200919098733916,-0.0009486789516760757,0.41908749818806107,0.05856641837777238,"[0.011315756658919754, 0.012192407496521018, 0.01288995615295488, 0.01359963525141729, 0.014321891165186378, 0.015181047888625853, 0.01592941522152252, 0.01673874496494045, 0.01751440457689525, 0.01835087734908702, 0.019202544572813795, 0.020070622325609303, 0.02095627718778323, 0.02186061264947246, 0.022737260153569413, 0.023681097053535004, 0.024646250751560458, 0.025633386418693636, 0.02659237614956749, 0.027623542314219474, 0.0286250346734827, 0.029647102596467904, 0.03056454213255984, 0.031680305841655834, 0.03263530150735364, 0.033606764937046466, 0.034593095597664145, 0.03536350794006898, 0.035930760474075646, 0.03631257033147624, 0.03661317474198803, 0.03688385713543919, 0.03738127616234113, 0.037934719347479336, 0.03858163380471939, 0.03921882339006296, 0.03999131852533767, 0.04074980907886149, 0.04127472956039594, 0.04151563832077664, 0.04151964454301027, 0.04123464219442919, 0.04096829512038153, 0.04056460486818273, 0.04028281736824196, 0.04000166841569801, 0.03919762289117317, 0.037812479337396496, 0.03622310391275238, 0.03453579653228067, 0.0330206041779641, 0.031565009966306234, 0.03054064037737075, 0.029904305612678588, 0.029394155816597912, 0.028896840658953926, 0.02825322628704274, 0.027685220830545497, 0.02666364029859006, 0.025486033827772144, 0.02414387260068274, 0.023028867611909868, 0.022681878550084772, 0.02299235797660897, 0.02387546679328945, 0.024738332374206702, 0.025547718436096926, 0.026640938816603423, 0.02759836215880636, 0.028240938725365098, 0.028199955208514017, 0.028168175430310402, 0.02767018559717724, 0.027414861073674215, 0.027239233260695786, 0.0274939869379551, 0.027874761581110984, 0.02868161073982207, 0.029514734605865275, 0.030345172291974937, 0.031248268714928727, 0.032298002681611045, 0.033509628354587276, 0.0348066615601669, 0.03569061118903811, 0.03631377821401384, 0.03654105211474412, 0.03646788532881584, 0.03572808397059345, 0.03427781350345514, 0.03309813106562172, 0.031639416134799855, 0.02970329439236902, 0.027599049067936567, 0.02603054913364457, 0.024090316372098155, 0.02220132238001286, 0.02051452966091278, 0.019044426362309692, 0.017805605247084858, 0.01643252777018217, 0.01523003850809785, 0.01424180324883461, 0.013706552220618947, 0.0130880570946912, 0.012988920737072255, 0.013178248200839212, 0.013386796436950147, 0.01359897371732897, 0.01439195864266014, 0.015495810506657983, 0.016686507754200334, 0.01807173050136072, 0.019341411872889052, 0.020370802976522343, 0.0213787239197115, 0.02262888584538598, 0.02401686851684336, 0.025523335513576738, 0.026670410326906566, 0.02758824337325398, 0.02810647098585074, 0.028219175888028712, 0.02804128716256827, 0.027840212128430745, 0.02799079668741686, 0.027988272685847155, 0.02831306909632167, 0.028434723397990712, 0.0285549391753426, 0.02832607944879636, 0.02800347501499142, 0.027460301198426997, 0.02681840364884072, 0.026203190519756815, 0.02552364346313934, 0.024940794741503684, 0.024553643852497812, 0.024009602077058226, 0.023587486328410737, 0.023053226444370627, 0.02237349941244249, 0.021247392964358097, 0.01948489409103017, 0.01759577829009665, 0.015969918059865678, 0.014849832783247986, 0.014164911869984548, 0.013546042864334782, 0.01328357500957488, 0.012905521640083246, 0.012806686101790404, 0.01256569256360443, 0.01270015008783326, 0.013333718053885597, 0.014364706842779438, 0.015230812921928084, 0.016214173123414017, 0.017422309714956504, 0.01848297873673576, 0.019690103784110968, 0.02062988015396428, 0.021304326954883004, 0.021542023987470748, 0.021445001132587415, 0.02128479356968176, 0.021154257299581803, 0.020548768777841446, 0.020419411659703072, 0.020346908766621045, 0.02018386842926173, 0.020060715556614095, 0.019970155121820186, 0.019905412966441507, 0.019860328269953802, 0.019689549628068632, 0.019110038324468673, 0.018401772510693467, 0.01773443768827515, 0.01691379473734185, 0.0163889904882787, 0.015891976533507178, 0.015695148472402557, 0.015634975895130635, 0.01548249397414641, 0.015250362203767827, 0.01446715870868431, 0.013690714184349355, 0.013111437378948002, 0.01280400987898366, 0.012789088065484542, 0.012885508256999974, 0.012645414791893052, 0.012533763320360268, 0.01300792748125149, 0.014045480441271196, 0.015593406388961941, 0.017496649938682926, 0.01947963017829757, 0.021814960986639112, 0.0244888991790445, 0.027455202671237973, 0.030462142682767764, 0.03347516022004274, 0.03632355277573078, 0.03911728575744543, 0.041489125175428104, 0.043617926344794986, 0.04507509866910146, 0.045973158335007626, 0.046666313335408376, 0.047747911364257295, 0.04910015737076979, 0.051170936172887156, 0.05323921785426519, 0.05484930583024696, 0.05598397968583077, 0.056516639752925084, 0.05678375349578094, 0.05655312215346535, 0.05709318659280136, 0.05753330561326649, 0.05822424761198231, 0.05856641837777238, 0.058663546697002605, 0.05829520111627496, 0.058019458378357286, 0.05786276302771312, 0.057678835712609886, 0.05721489013034267, 0.05620972754199197, 0.05488023496470325, 0.05291870088860013, 0.05085359195424363, 0.04836971777146554, 0.045888993393773454, 0.04332790860019442, 0.040721243397433354, 0.03815348906679705, 0.03609755066086763, 0.03431153121207709, 0.03269994312791247, 0.03113246913067769, 0.029533434333839276, 0.02779284963423818, 0.02581340528028532, 0.023636664296078556, 0.021032966406022018, 0.018298152858289164, 0.015471223173718233, 0.012975006021594128, 0.011476514573927241, 0.011190786613452559, 0.012013514795745658, 0.013192708648177051, 0.0146026096239084, 0.016627808096549106, 0.019288816219412905, 0.022115031993867204, 0.024956066779425322, 0.027947127033299147, 0.030317719296220055, 0.03213024736687776, 0.033908117916643665, 0.035613155393420214, 0.03695858371541455, 0.0370883147011733, 0.035844860180821725, 0.03331269225961453, 0.030127822662769057, 0.026675716455458534, 0.02305094507263966, 0.019294584365168215, 0.016588874620184203, 0.013459760460278334, 0.010513659470637583, 0.008184205378854309, 0.005908681970234855, 0.003908372487361734, 0.002250880846271649, 0.001837561814419065, 0.003902446460586522, 0.00649131804032715, 0.008842266053540701, 0.011337576744963709, 0.013847821453172829, 0.016241515374979285, 0.018506880743639053, 0.020753891025054552, 0.022854281545735794, 0.025177910908837288, 0.027764777035113285, 0.0302577363231247, 0.032552204835272186, 0.033962244268502154, 0.03530995724171245, 0.036795414568091225, 0.03840706162943578, 0.039993850675796264, 0.04133645030179679, 0.04211247094820217, 0.04239213751353172, 0.042192499106345205, 0.04200269786908514, 0.041897190162155235, 0.041830932940717325, 0.04166737666619139, 0.04206882264734189, 0.0426127097658282, 0.042895687146734904, 0.04300135533202284, 0.04249799814293581, 0.041897582995049115, 0.04072077112408416, 0.03927976254850985, 0.037331499513228325, 0.035889992777759706, 0.03456359233645024, 0.033243529781910974, 0.03199033675126687, 0.03059935779738079, 0.029272240636492235, 0.027900707354997015, 0.02654938414970694, 0.02543173352052397, 0.024311103096379235, 0.023065212419431085, 0.021685454855791198, 0.02041159885695607, 0.019056064221564174, 0.017656707279948437, 0.01626614648165674, 0.015012383850973622, 0.013603567963072178, 0.012189757837366814, 0.010674529938407772, 0.009407142987148039, 0.008344525906195775, 0.007439054007672372, 0.0072034584519923735, 0.007775010970036668, 0.009047582903156274, 0.010731538882415681, 0.01253460028234948, 0.014333543563369548, 0.016070624592636203, 0.017817726146123574, 0.019557256660804743, 0.02116824086555951, 0.022529303997840977, 0.023628588936546305, 0.02391411988476377, 0.02359656311707365, 0.022355277074164143, 0.020961866673625245, 0.018393580144489934, 0.015660552711922182, 0.013874328661167971, 0.01254026736778108, 0.011812131260623127, 0.010800298354986543, 0.00961805971638548, 0.008471507575266851, 0.007656757785702683, 0.006719580941926242, 0.0056999472982024405, 0.005125787188458596, 0.00504686530895439, 0.005697178935649704, 0.006245540782853768, 0.0070976650798796875, 0.007900543705723831, 0.008755370167568399, 0.009807746909975117, 0.011209592216881203, 0.01276960312030194, 0.014467251258771754, 0.015865855510978952, 0.01751794577394112, 0.01978728846519214, 0.022540086452385207, 0.024859037758439572, 0.02589623397823137, 0.02611181133516041, 0.026565850619759173, 0.0272557734372972, 0.02776644526036269, 0.02799937699621002, 0.02818388188652303, 0.02806005928616626, 0.028083982827741123, 0.02781538632605852, 0.027763976455106594, 0.028120518002563644, 0.028688559534023904, 0.029389365084960088, 0.030059907204608147, 0.03052096911154336, 0.031053468449087778, 0.03142000488428638, 0.03173833045042581, 0.031892653890475096, 0.03198060527161537, 0.031944507243272385, 0.03180892531117334, 0.03180195743523648, 0.03175983113429147, 0.03185651864929952, 0.032146459060636644, 0.032526908876218445, 0.033087790299913135, 0.03370146462957083, 0.0342847740780508, 0.0344768243549477, 0.03441738754137779, 0.034008301029805295]",0.05856641837777238,0.053890809012660856,0.01150867895167609,0.05742452150769323,0.0,0.0,0.03776796831992146,0.053890809012660856,0.01150867895167609,0.05742452150769323,5.352,1717635306.0649261,2024-06-06_10-55-06
0.5059,0.011279999999999984,0.4784135744566346,0.4507558030320562,-0.000719178445707839,0.4209903088955446,0.5059,0.011279999999999984,0.5155213439110047,0.4507558030320562,-0.000719178445707839,0.4209903088955446,0.058663546697002605,"[0.011315756658919754, 0.012192407496521018, 0.01288995615295488, 0.01359963525141729, 0.014321891165186378, 0.015181047888625853, 0.01592941522152252, 0.01673874496494045, 0.01751440457689525, 0.01835087734908702, 0.019202544572813795, 0.020070622325609303, 0.02095627718778323, 0.02186061264947246, 0.022737260153569413, 0.023681097053535004, 0.024646250751560458, 0.025633386418693636, 0.02659237614956749, 0.027623542314219474, 0.0286250346734827, 0.029647102596467904, 0.03056454213255984, 0.031680305841655834, 0.03263530150735364, 0.033606764937046466, 0.034593095597664145, 0.03536350794006898, 0.035930760474075646, 0.03631257033147624, 0.03661317474198803, 0.03688385713543919, 0.03738127616234113, 0.037934719347479336, 0.03858163380471939, 0.03921882339006296, 0.03999131852533767, 0.04074980907886149, 0.04127472956039594, 0.04151563832077664, 0.04151964454301027, 0.04123464219442919, 0.04096829512038153, 0.04056460486818273, 0.04028281736824196, 0.04000166841569801, 0.03919762289117317, 0.037812479337396496, 0.03622310391275238, 0.03453579653228067, 0.0330206041779641, 0.031565009966306234, 0.03054064037737075, 0.029904305612678588, 0.029394155816597912, 0.028896840658953926, 0.02825322628704274, 0.027685220830545497, 0.02666364029859006, 0.025486033827772144, 0.02414387260068274, 0.023028867611909868, 0.022681878550084772, 0.02299235797660897, 0.02387546679328945, 0.024738332374206702, 0.025547718436096926, 0.026640938816603423, 0.02759836215880636, 0.028240938725365098, 0.028199955208514017, 0.028168175430310402, 0.02767018559717724, 0.027414861073674215, 0.027239233260695786, 0.0274939869379551, 0.027874761581110984, 0.02868161073982207, 0.029514734605865275, 0.030345172291974937, 0.031248268714928727, 0.032298002681611045, 0.033509628354587276, 0.0348066615601669, 0.03569061118903811, 0.03631377821401384, 0.03654105211474412, 0.03646788532881584, 0.03572808397059345, 0.03427781350345514, 0.03309813106562172, 0.031639416134799855, 0.02970329439236902, 0.027599049067936567, 0.02603054913364457, 0.024090316372098155, 0.02220132238001286, 0.02051452966091278, 0.019044426362309692, 0.017805605247084858, 0.01643252777018217, 0.01523003850809785, 0.01424180324883461, 0.013706552220618947, 0.0130880570946912, 0.012988920737072255, 0.013178248200839212, 0.013386796436950147, 0.01359897371732897, 0.01439195864266014, 0.015495810506657983, 0.016686507754200334, 0.01807173050136072, 0.019341411872889052, 0.020370802976522343, 0.0213787239197115, 0.02262888584538598, 0.02401686851684336, 0.025523335513576738, 0.026670410326906566, 0.02758824337325398, 0.02810647098585074, 0.028219175888028712, 0.02804128716256827, 0.027840212128430745, 0.02799079668741686, 0.027988272685847155, 0.02831306909632167, 0.028434723397990712, 0.0285549391753426, 0.02832607944879636, 0.02800347501499142, 0.027460301198426997, 0.02681840364884072, 0.026203190519756815, 0.02552364346313934, 0.024940794741503684, 0.024553643852497812, 0.024009602077058226, 0.023587486328410737, 0.023053226444370627, 0.02237349941244249, 0.021247392964358097, 0.01948489409103017, 0.01759577829009665, 0.015969918059865678, 0.014849832783247986, 0.014164911869984548, 0.013546042864334782, 0.01328357500957488, 0.012905521640083246, 0.012806686101790404, 0.01256569256360443, 0.01270015008783326, 0.013333718053885597, 0.014364706842779438, 0.015230812921928084, 0.016214173123414017, 0.017422309714956504, 0.01848297873673576, 0.019690103784110968, 0.02062988015396428, 0.021304326954883004, 0.021542023987470748, 0.021445001132587415, 0.02128479356968176, 0.021154257299581803, 0.020548768777841446, 0.020419411659703072, 0.020346908766621045, 0.02018386842926173, 0.020060715556614095, 0.019970155121820186, 0.019905412966441507, 0.019860328269953802, 0.019689549628068632, 0.019110038324468673, 0.018401772510693467, 0.01773443768827515, 0.01691379473734185, 0.0163889904882787, 0.015891976533507178, 0.015695148472402557, 0.015634975895130635, 0.01548249397414641, 0.015250362203767827, 0.01446715870868431, 0.013690714184349355, 0.013111437378948002, 0.01280400987898366, 0.012789088065484542, 0.012885508256999974, 0.012645414791893052, 0.012533763320360268, 0.01300792748125149, 0.014045480441271196, 0.015593406388961941, 0.017496649938682926, 0.01947963017829757, 0.021814960986639112, 0.0244888991790445, 0.027455202671237973, 0.030462142682767764, 0.03347516022004274, 0.03632355277573078, 0.03911728575744543, 0.041489125175428104, 0.043617926344794986, 0.04507509866910146, 0.045973158335007626, 0.046666313335408376, 0.047747911364257295, 0.04910015737076979, 0.051170936172887156, 0.05323921785426519, 0.05484930583024696, 0.05598397968583077, 0.056516639752925084, 0.05678375349578094, 0.05655312215346535, 0.05709318659280136, 0.05753330561326649, 0.05822424761198231, 0.05856641837777238, 0.058663546697002605, 0.05829520111627496, 0.058019458378357286, 0.05786276302771312, 0.057678835712609886, 0.05721489013034267, 0.05620972754199197, 0.05488023496470325, 0.05291870088860013, 0.05085359195424363, 0.04836971777146554, 0.045888993393773454, 0.04332790860019442, 0.040721243397433354, 0.03815348906679705, 0.03609755066086763, 0.03431153121207709, 0.03269994312791247, 0.03113246913067769, 0.029533434333839276, 0.02779284963423818, 0.02581340528028532, 0.023636664296078556, 0.021032966406022018, 0.018298152858289164, 0.015471223173718233, 0.012975006021594128, 0.011476514573927241, 0.011190786613452559, 0.012013514795745658, 0.013192708648177051, 0.0146026096239084, 0.016627808096549106, 0.019288816219412905, 0.022115031993867204, 0.024956066779425322, 0.027947127033299147, 0.030317719296220055, 0.03213024736687776, 0.033908117916643665, 0.035613155393420214, 0.03695858371541455, 0.0370883147011733, 0.035844860180821725, 0.03331269225961453, 0.030127822662769057, 0.026675716455458534, 0.02305094507263966, 0.019294584365168215, 0.016588874620184203, 0.013459760460278334, 0.010513659470637583, 0.008184205378854309, 0.005908681970234855, 0.003908372487361734, 0.002250880846271649, 0.001837561814419065, 0.003902446460586522, 0.00649131804032715, 0.008842266053540701, 0.011337576744963709, 0.013847821453172829, 0.016241515374979285, 0.018506880743639053, 0.020753891025054552, 0.022854281545735794, 0.025177910908837288, 0.027764777035113285, 0.0302577363231247, 0.032552204835272186, 0.033962244268502154, 0.03530995724171245, 0.036795414568091225, 0.03840706162943578, 0.039993850675796264, 0.04133645030179679, 0.04211247094820217, 0.04239213751353172, 0.042192499106345205, 0.04200269786908514, 0.041897190162155235, 0.041830932940717325, 0.04166737666619139, 0.04206882264734189, 0.0426127097658282, 0.042895687146734904, 0.04300135533202284, 0.04249799814293581, 0.041897582995049115, 0.04072077112408416, 0.03927976254850985, 0.037331499513228325, 0.035889992777759706, 0.03456359233645024, 0.033243529781910974, 0.03199033675126687, 0.03059935779738079, 0.029272240636492235, 0.027900707354997015, 0.02654938414970694, 0.02543173352052397, 0.024311103096379235, 0.023065212419431085, 0.021685454855791198, 0.02041159885695607, 0.019056064221564174, 0.017656707279948437, 0.01626614648165674, 0.015012383850973622, 0.013603567963072178, 0.012189757837366814, 0.010674529938407772, 0.009407142987148039, 0.008344525906195775, 0.007439054007672372, 0.0072034584519923735, 0.007775010970036668, 0.009047582903156274, 0.010731538882415681, 0.01253460028234948, 0.014333543563369548, 0.016070624592636203, 0.017817726146123574, 0.019557256660804743, 0.02116824086555951, 0.022529303997840977, 0.023628588936546305, 0.02391411988476377, 0.02359656311707365, 0.022355277074164143, 0.020961866673625245, 0.018393580144489934, 0.015660552711922182, 0.013874328661167971, 0.01254026736778108, 0.011812131260623127, 0.010800298354986543, 0.00961805971638548, 0.008471507575266851, 0.007656757785702683, 0.006719580941926242, 0.0056999472982024405, 0.005125787188458596, 0.00504686530895439, 0.005697178935649704, 0.006245540782853768, 0.0070976650798796875, 0.007900543705723831, 0.008755370167568399, 0.009807746909975117, 0.011209592216881203, 0.01276960312030194, 0.014467251258771754, 0.015865855510978952, 0.01751794577394112, 0.01978728846519214, 0.022540086452385207, 0.024859037758439572, 0.02589623397823137, 0.02611181133516041, 0.026565850619759173, 0.0272557734372972, 0.02776644526036269, 0.02799937699621002, 0.02818388188652303, 0.02806005928616626, 0.028083982827741123, 0.02781538632605852, 0.027763976455106594, 0.028120518002563644, 0.028688559534023904, 0.029389365084960088, 0.030059907204608147, 0.03052096911154336, 0.031053468449087778, 0.03142000488428638, 0.03173833045042581, 0.031892653890475096, 0.03198060527161537, 0.031944507243272385, 0.03180892531117334, 0.03180195743523648, 0.03175983113429147, 0.03185651864929952, 0.032146459060636644, 0.032526908876218445, 0.033087790299913135, 0.03370146462957083, 0.0342847740780508, 0.0344768243549477, 0.03441738754137779, 0.034008301029805295]",0.058663546697002605,0.055144196967943815,0.011999178445707824,0.05742326556109001,0.0,0.0,0.037107769454370054,0.055144196967943815,0.011999178445707824,0.05742326556109001,5.3759999999999994,1717635306.089439,2024-06-06_10-55-06
0.5059,0.01200000000000001,0.4801427623179777,0.44941821456646247,4.356636708978791e-05,0.4230868759611016,0.5059,0.01200000000000001,0.5165903329067965,0.44941821456646247,4.356636708978791e-05,0.4230868759611016,0.05829520111627496,"[0.011315756658919754, 0.012192407496521018, 0.01288995615295488, 0.01359963525141729, 0.014321891165186378, 0.015181047888625853, 0.01592941522152252, 0.01673874496494045, 0.01751440457689525, 0.01835087734908702, 0.019202544572813795, 0.020070622325609303, 0.02095627718778323, 0.02186061264947246, 0.022737260153569413, 0.023681097053535004, 0.024646250751560458, 0.025633386418693636, 0.02659237614956749, 0.027623542314219474, 0.0286250346734827, 0.029647102596467904, 0.03056454213255984, 0.031680305841655834, 0.03263530150735364, 0.033606764937046466, 0.034593095597664145, 0.03536350794006898, 0.035930760474075646, 0.03631257033147624, 0.03661317474198803, 0.03688385713543919, 0.03738127616234113, 0.037934719347479336, 0.03858163380471939, 0.03921882339006296, 0.03999131852533767, 0.04074980907886149, 0.04127472956039594, 0.04151563832077664, 0.04151964454301027, 0.04123464219442919, 0.04096829512038153, 0.04056460486818273, 0.04028281736824196, 0.04000166841569801, 0.03919762289117317, 0.037812479337396496, 0.03622310391275238, 0.03453579653228067, 0.0330206041779641, 0.031565009966306234, 0.03054064037737075, 0.029904305612678588, 0.029394155816597912, 0.028896840658953926, 0.02825322628704274, 0.027685220830545497, 0.02666364029859006, 0.025486033827772144, 0.02414387260068274, 0.023028867611909868, 0.022681878550084772, 0.02299235797660897, 0.02387546679328945, 0.024738332374206702, 0.025547718436096926, 0.026640938816603423, 0.02759836215880636, 0.028240938725365098, 0.028199955208514017, 0.028168175430310402, 0.02767018559717724, 0.027414861073674215, 0.027239233260695786, 0.0274939869379551, 0.027874761581110984, 0.02868161073982207, 0.029514734605865275, 0.030345172291974937, 0.031248268714928727, 0.032298002681611045, 0.033509628354587276, 0.0348066615601669, 0.03569061118903811, 0.03631377821401384, 0.03654105211474412, 0.03646788532881584, 0.03572808397059345, 0.03427781350345514, 0.03309813106562172, 0.031639416134799855, 0.02970329439236902, 0.027599049067936567, 0.02603054913364457, 0.024090316372098155, 0.02220132238001286, 0.02051452966091278, 0.019044426362309692, 0.017805605247084858, 0.01643252777018217, 0.01523003850809785, 0.01424180324883461, 0.013706552220618947, 0.0130880570946912, 0.012988920737072255, 0.013178248200839212, 0.013386796436950147, 0.01359897371732897, 0.01439195864266014, 0.015495810506657983, 0.016686507754200334, 0.01807173050136072, 0.019341411872889052, 0.020370802976522343, 0.0213787239197115, 0.02262888584538598, 0.02401686851684336, 0.025523335513576738, 0.026670410326906566, 0.02758824337325398, 0.02810647098585074, 0.028219175888028712, 0.02804128716256827, 0.027840212128430745, 0.02799079668741686, 0.027988272685847155, 0.02831306909632167, 0.028434723397990712, 0.0285549391753426, 0.02832607944879636, 0.02800347501499142, 0.027460301198426997, 0.02681840364884072, 0.026203190519756815, 0.02552364346313934, 0.024940794741503684, 0.024553643852497812, 0.024009602077058226, 0.023587486328410737, 0.023053226444370627, 0.02237349941244249, 0.021247392964358097, 0.01948489409103017, 0.01759577829009665, 0.015969918059865678, 0.014849832783247986, 0.014164911869984548, 0.013546042864334782, 0.01328357500957488, 0.012905521640083246, 0.012806686101790404, 0.01256569256360443, 0.01270015008783326, 0.013333718053885597, 0.014364706842779438, 0.015230812921928084, 0.016214173123414017, 0.017422309714956504, 0.01848297873673576, 0.019690103784110968, 0.02062988015396428, 0.021304326954883004, 0.021542023987470748, 0.021445001132587415, 0.02128479356968176, 0.021154257299581803, 0.020548768777841446, 0.020419411659703072, 0.020346908766621045, 0.02018386842926173, 0.020060715556614095, 0.019970155121820186, 0.019905412966441507, 0.019860328269953802, 0.019689549628068632, 0.019110038324468673, 0.018401772510693467, 0.01773443768827515, 0.01691379473734185, 0.0163889904882787, 0.015891976533507178, 0.015695148472402557, 0.015634975895130635, 0.01548249397414641, 0.015250362203767827, 0.01446715870868431, 0.013690714184349355, 0.013111437378948002, 0.01280400987898366, 0.012789088065484542, 0.012885508256999974, 0.012645414791893052, 0.012533763320360268, 0.01300792748125149, 0.014045480441271196, 0.015593406388961941, 0.017496649938682926, 0.01947963017829757, 0.021814960986639112, 0.0244888991790445, 0.027455202671237973, 0.030462142682767764, 0.03347516022004274, 0.03632355277573078, 0.03911728575744543, 0.041489125175428104, 0.043617926344794986, 0.04507509866910146, 0.045973158335007626, 0.046666313335408376, 0.047747911364257295, 0.04910015737076979, 0.051170936172887156, 0.05323921785426519, 0.05484930583024696, 0.05598397968583077, 0.056516639752925084, 0.05678375349578094, 0.05655312215346535, 0.05709318659280136, 0.05753330561326649, 0.05822424761198231, 0.05856641837777238, 0.058663546697002605, 0.05829520111627496, 0.058019458378357286, 0.05786276302771312, 0.057678835712609886, 0.05721489013034267, 0.05620972754199197, 0.05488023496470325, 0.05291870088860013, 0.05085359195424363, 0.04836971777146554, 0.045888993393773454, 0.04332790860019442, 0.040721243397433354, 0.03815348906679705, 0.03609755066086763, 0.03431153121207709, 0.03269994312791247, 0.03113246913067769, 0.029533434333839276, 0.02779284963423818, 0.02581340528028532, 0.023636664296078556, 0.021032966406022018, 0.018298152858289164, 0.015471223173718233, 0.012975006021594128, 0.011476514573927241, 0.011190786613452559, 0.012013514795745658, 0.013192708648177051, 0.0146026096239084, 0.016627808096549106, 0.019288816219412905, 0.022115031993867204, 0.024956066779425322, 0.027947127033299147, 0.030317719296220055, 0.03213024736687776, 0.033908117916643665, 0.035613155393420214, 0.03695858371541455, 0.0370883147011733, 0.035844860180821725, 0.03331269225961453, 0.030127822662769057, 0.026675716455458534, 0.02305094507263966, 0.019294584365168215, 0.016588874620184203, 0.013459760460278334, 0.010513659470637583, 0.008184205378854309, 0.005908681970234855, 0.003908372487361734, 0.002250880846271649, 0.001837561814419065, 0.003902446460586522, 0.00649131804032715, 0.008842266053540701, 0.011337576744963709, 0.013847821453172829, 0.016241515374979285, 0.018506880743639053, 0.020753891025054552, 0.022854281545735794, 0.025177910908837288, 0.027764777035113285, 0.0302577363231247, 0.032552204835272186, 0.033962244268502154, 0.03530995724171245, 0.036795414568091225, 0.03840706162943578, 0.039993850675796264, 0.04133645030179679, 0.04211247094820217, 0.04239213751353172, 0.042192499106345205, 0.04200269786908514, 0.041897190162155235, 0.041830932940717325, 0.04166737666619139, 0.04206882264734189, 0.0426127097658282, 0.042895687146734904, 0.04300135533202284, 0.04249799814293581, 0.041897582995049115, 0.04072077112408416, 0.03927976254850985, 0.037331499513228325, 0.035889992777759706, 0.03456359233645024, 0.033243529781910974, 0.03199033675126687, 0.03059935779738079, 0.029272240636492235, 0.027900707354997015, 0.02654938414970694, 0.02543173352052397, 0.024311103096379235, 0.023065212419431085, 0.021685454855791198, 0.02041159885695607, 0.019056064221564174, 0.017656707279948437, 0.01626614648165674, 0.015012383850973622, 0.013603567963072178, 0.012189757837366814, 0.010674529938407772, 0.009407142987148039, 0.008344525906195775, 0.007439054007672372, 0.0072034584519923735, 0.007775010970036668, 0.009047582903156274, 0.010731538882415681, 0.01253460028234948, 0.014333543563369548, 0.016070624592636203, 0.017817726146123574, 0.019557256660804743, 0.02116824086555951, 0.022529303997840977, 0.023628588936546305, 0.02391411988476377, 0.02359656311707365, 0.022355277074164143, 0.020961866673625245, 0.018393580144489934, 0.015660552711922182, 0.013874328661167971, 0.01254026736778108, 0.011812131260623127, 0.010800298354986543, 0.00961805971638548, 0.008471507575266851, 0.007656757785702683, 0.006719580941926242, 0.0056999472982024405, 0.005125787188458596, 0.00504686530895439, 0.005697178935649704, 0.006245540782853768, 0.0070976650798796875, 0.007900543705723831, 0.008755370167568399, 0.009807746909975117, 0.011209592216881203, 0.01276960312030194, 0.014467251258771754, 0.015865855510978952, 0.01751794577394112, 0.01978728846519214, 0.022540086452385207, 0.024859037758439572, 0.02589623397823137, 0.02611181133516041, 0.026565850619759173, 0.0272557734372972, 0.02776644526036269, 0.02799937699621002, 0.02818388188652303, 0.02806005928616626, 0.028083982827741123, 0.02781538632605852, 0.027763976455106594, 0.028120518002563644, 0.028688559534023904, 0.029389365084960088, 0.030059907204608147, 0.03052096911154336, 0.031053468449087778, 0.03142000488428638, 0.03173833045042581, 0.031892653890475096, 0.03198060527161537, 0.031944507243272385, 0.03180892531117334, 0.03180195743523648, 0.03175983113429147, 0.03185651864929952, 0.032146459060636644, 0.032526908876218445, 0.033087790299913135, 0.03370146462957083, 0.0342847740780508, 0.0344768243549477, 0.03441738754137779, 0.034008301029805295]",0.05829520111627496,0.056481785433537546,0.011956433632910223,0.057055886356876084,0.0,0.0,0.036447570588818756,0.056481785433537546,0.011956433632910223,0.057055886356876084,5.4,1717635306.1161702,2024-06-06_10-55-06
0.5059,0.012720000000000009,0.48169368482712976,0.4482344929601785,0.0009949347983510847,0.4248713265820251,0.5059,0.012720000000000009,0.5170779232286882,0.4482344929601785,0.0009949347983510847,0.4248713265820251,0.058019458378357286,"[0.011315756658919754, 0.012192407496521018, 0.01288995615295488, 0.01359963525141729, 0.014321891165186378, 0.015181047888625853, 0.01592941522152252, 0.01673874496494045, 0.01751440457689525, 0.01835087734908702, 0.019202544572813795, 0.020070622325609303, 0.02095627718778323, 0.02186061264947246, 0.022737260153569413, 0.023681097053535004, 0.024646250751560458, 0.025633386418693636, 0.02659237614956749, 0.027623542314219474, 0.0286250346734827, 0.029647102596467904, 0.03056454213255984, 0.031680305841655834, 0.03263530150735364, 0.033606764937046466, 0.034593095597664145, 0.03536350794006898, 0.035930760474075646, 0.03631257033147624, 0.03661317474198803, 0.03688385713543919, 0.03738127616234113, 0.037934719347479336, 0.03858163380471939, 0.03921882339006296, 0.03999131852533767, 0.04074980907886149, 0.04127472956039594, 0.04151563832077664, 0.04151964454301027, 0.04123464219442919, 0.04096829512038153, 0.04056460486818273, 0.04028281736824196, 0.04000166841569801, 0.03919762289117317, 0.037812479337396496, 0.03622310391275238, 0.03453579653228067, 0.0330206041779641, 0.031565009966306234, 0.03054064037737075, 0.029904305612678588, 0.029394155816597912, 0.028896840658953926, 0.02825322628704274, 0.027685220830545497, 0.02666364029859006, 0.025486033827772144, 0.02414387260068274, 0.023028867611909868, 0.022681878550084772, 0.02299235797660897, 0.02387546679328945, 0.024738332374206702, 0.025547718436096926, 0.026640938816603423, 0.02759836215880636, 0.028240938725365098, 0.028199955208514017, 0.028168175430310402, 0.02767018559717724, 0.027414861073674215, 0.027239233260695786, 0.0274939869379551, 0.027874761581110984, 0.02868161073982207, 0.029514734605865275, 0.030345172291974937, 0.031248268714928727, 0.032298002681611045, 0.033509628354587276, 0.0348066615601669, 0.03569061118903811, 0.03631377821401384, 0.03654105211474412, 0.03646788532881584, 0.03572808397059345, 0.03427781350345514, 0.03309813106562172, 0.031639416134799855, 0.02970329439236902, 0.027599049067936567, 0.02603054913364457, 0.024090316372098155, 0.02220132238001286, 0.02051452966091278, 0.019044426362309692, 0.017805605247084858, 0.01643252777018217, 0.01523003850809785, 0.01424180324883461, 0.013706552220618947, 0.0130880570946912, 0.012988920737072255, 0.013178248200839212, 0.013386796436950147, 0.01359897371732897, 0.01439195864266014, 0.015495810506657983, 0.016686507754200334, 0.01807173050136072, 0.019341411872889052, 0.020370802976522343, 0.0213787239197115, 0.02262888584538598, 0.02401686851684336, 0.025523335513576738, 0.026670410326906566, 0.02758824337325398, 0.02810647098585074, 0.028219175888028712, 0.02804128716256827, 0.027840212128430745, 0.02799079668741686, 0.027988272685847155, 0.02831306909632167, 0.028434723397990712, 0.0285549391753426, 0.02832607944879636, 0.02800347501499142, 0.027460301198426997, 0.02681840364884072, 0.026203190519756815, 0.02552364346313934, 0.024940794741503684, 0.024553643852497812, 0.024009602077058226, 0.023587486328410737, 0.023053226444370627, 0.02237349941244249, 0.021247392964358097, 0.01948489409103017, 0.01759577829009665, 0.015969918059865678, 0.014849832783247986, 0.014164911869984548, 0.013546042864334782, 0.01328357500957488, 0.012905521640083246, 0.012806686101790404, 0.01256569256360443, 0.01270015008783326, 0.013333718053885597, 0.014364706842779438, 0.015230812921928084, 0.016214173123414017, 0.017422309714956504, 0.01848297873673576, 0.019690103784110968, 0.02062988015396428, 0.021304326954883004, 0.021542023987470748, 0.021445001132587415, 0.02128479356968176, 0.021154257299581803, 0.020548768777841446, 0.020419411659703072, 0.020346908766621045, 0.02018386842926173, 0.020060715556614095, 0.019970155121820186, 0.019905412966441507, 0.019860328269953802, 0.019689549628068632, 0.019110038324468673, 0.018401772510693467, 0.01773443768827515, 0.01691379473734185, 0.0163889904882787, 0.015891976533507178, 0.015695148472402557, 0.015634975895130635, 0.01548249397414641, 0.015250362203767827, 0.01446715870868431, 0.013690714184349355, 0.013111437378948002, 0.01280400987898366, 0.012789088065484542, 0.012885508256999974, 0.012645414791893052, 0.012533763320360268, 0.01300792748125149, 0.014045480441271196, 0.015593406388961941, 0.017496649938682926, 0.01947963017829757, 0.021814960986639112, 0.0244888991790445, 0.027455202671237973, 0.030462142682767764, 0.03347516022004274, 0.03632355277573078, 0.03911728575744543, 0.041489125175428104, 0.043617926344794986, 0.04507509866910146, 0.045973158335007626, 0.046666313335408376, 0.047747911364257295, 0.04910015737076979, 0.051170936172887156, 0.05323921785426519, 0.05484930583024696, 0.05598397968583077, 0.056516639752925084, 0.05678375349578094, 0.05655312215346535, 0.05709318659280136, 0.05753330561326649, 0.05822424761198231, 0.05856641837777238, 0.058663546697002605, 0.05829520111627496, 0.058019458378357286, 0.05786276302771312, 0.057678835712609886, 0.05721489013034267, 0.05620972754199197, 0.05488023496470325, 0.05291870088860013, 0.05085359195424363, 0.04836971777146554, 0.045888993393773454, 0.04332790860019442, 0.040721243397433354, 0.03815348906679705, 0.03609755066086763, 0.03431153121207709, 0.03269994312791247, 0.03113246913067769, 0.029533434333839276, 0.02779284963423818, 0.02581340528028532, 0.023636664296078556, 0.021032966406022018, 0.018298152858289164, 0.015471223173718233, 0.012975006021594128, 0.011476514573927241, 0.011190786613452559, 0.012013514795745658, 0.013192708648177051, 0.0146026096239084, 0.016627808096549106, 0.019288816219412905, 0.022115031993867204, 0.024956066779425322, 0.027947127033299147, 0.030317719296220055, 0.03213024736687776, 0.033908117916643665, 0.035613155393420214, 0.03695858371541455, 0.0370883147011733, 0.035844860180821725, 0.03331269225961453, 0.030127822662769057, 0.026675716455458534, 0.02305094507263966, 0.019294584365168215, 0.016588874620184203, 0.013459760460278334, 0.010513659470637583, 0.008184205378854309, 0.005908681970234855, 0.003908372487361734, 0.002250880846271649, 0.001837561814419065, 0.003902446460586522, 0.00649131804032715, 0.008842266053540701, 0.011337576744963709, 0.013847821453172829, 0.016241515374979285, 0.018506880743639053, 0.020753891025054552, 0.022854281545735794, 0.025177910908837288, 0.027764777035113285, 0.0302577363231247, 0.032552204835272186, 0.033962244268502154, 0.03530995724171245, 0.036795414568091225, 0.03840706162943578, 0.039993850675796264, 0.04133645030179679, 0.04211247094820217, 0.04239213751353172, 0.042192499106345205, 0.04200269786908514, 0.041897190162155235, 0.041830932940717325, 0.04166737666619139, 0.04206882264734189, 0.0426127097658282, 0.042895687146734904, 0.04300135533202284, 0.04249799814293581, 0.041897582995049115, 0.04072077112408416, 0.03927976254850985, 0.037331499513228325, 0.035889992777759706, 0.03456359233645024, 0.033243529781910974, 0.03199033675126687, 0.03059935779738079, 0.029272240636492235, 0.027900707354997015, 0.02654938414970694, 0.02543173352052397, 0.024311103096379235, 0.023065212419431085, 0.021685454855791198, 0.02041159885695607, 0.019056064221564174, 0.017656707279948437, 0.01626614648165674, 0.015012383850973622, 0.013603567963072178, 0.012189757837366814, 0.010674529938407772, 0.009407142987148039, 0.008344525906195775, 0.007439054007672372, 0.0072034584519923735, 0.007775010970036668, 0.009047582903156274, 0.010731538882415681, 0.01253460028234948, 0.014333543563369548, 0.016070624592636203, 0.017817726146123574, 0.019557256660804743, 0.02116824086555951, 0.022529303997840977, 0.023628588936546305, 0.02391411988476377, 0.02359656311707365, 0.022355277074164143, 0.020961866673625245, 0.018393580144489934, 0.015660552711922182, 0.013874328661167971, 0.01254026736778108, 0.011812131260623127, 0.010800298354986543, 0.00961805971638548, 0.008471507575266851, 0.007656757785702683, 0.006719580941926242, 0.0056999472982024405, 0.005125787188458596, 0.00504686530895439, 0.005697178935649704, 0.006245540782853768, 0.0070976650798796875, 0.007900543705723831, 0.008755370167568399, 0.009807746909975117, 0.011209592216881203, 0.01276960312030194, 0.014467251258771754, 0.015865855510978952, 0.01751794577394112, 0.01978728846519214, 0.022540086452385207, 0.024859037758439572, 0.02589623397823137, 0.02611181133516041, 0.026565850619759173, 0.0272557734372972, 0.02776644526036269, 0.02799937699621002, 0.02818388188652303, 0.02806005928616626, 0.028083982827741123, 0.02781538632605852, 0.027763976455106594, 0.028120518002563644, 0.028688559534023904, 0.029389365084960088, 0.030059907204608147, 0.03052096911154336, 0.031053468449087778, 0.03142000488428638, 0.03173833045042581, 0.031892653890475096, 0.03198060527161537, 0.031944507243272385, 0.03180892531117334, 0.03180195743523648, 0.03175983113429147, 0.03185651864929952, 0.032146459060636644, 0.032526908876218445, 0.033087790299913135, 0.03370146462957083, 0.0342847740780508, 0.0344768243549477, 0.03441738754137779, 0.034008301029805295]",0.058019458378357286,0.05766550703982154,0.011725065201648925,0.056822358245104676,0.0,0.0,0.03538423840155841,0.05766550703982154,0.011725065201648925,0.056822358245104676,5.4239999999999995,1717635306.1371505,2024-06-06_10-55-06
0.5059,0.01343999999999998,0.48306128904388784,0.446905431120193,0.0026344546328132662,0.42621641650010467,0.5059,0.01343999999999998,0.5173821952581859,0.446905431120193,0.0026344546328132662,0.42621641650010467,0.05786276302771312,"[0.011315756658919754, 0.012192407496521018, 0.01288995615295488, 0.01359963525141729, 0.014321891165186378, 0.015181047888625853, 0.01592941522152252, 0.01673874496494045, 0.01751440457689525, 0.01835087734908702, 0.019202544572813795, 0.020070622325609303, 0.02095627718778323, 0.02186061264947246, 0.022737260153569413, 0.023681097053535004, 0.024646250751560458, 0.025633386418693636, 0.02659237614956749, 0.027623542314219474, 0.0286250346734827, 0.029647102596467904, 0.03056454213255984, 0.031680305841655834, 0.03263530150735364, 0.033606764937046466, 0.034593095597664145, 0.03536350794006898, 0.035930760474075646, 0.03631257033147624, 0.03661317474198803, 0.03688385713543919, 0.03738127616234113, 0.037934719347479336, 0.03858163380471939, 0.03921882339006296, 0.03999131852533767, 0.04074980907886149, 0.04127472956039594, 0.04151563832077664, 0.04151964454301027, 0.04123464219442919, 0.04096829512038153, 0.04056460486818273, 0.04028281736824196, 0.04000166841569801, 0.03919762289117317, 0.037812479337396496, 0.03622310391275238, 0.03453579653228067, 0.0330206041779641, 0.031565009966306234, 0.03054064037737075, 0.029904305612678588, 0.029394155816597912, 0.028896840658953926, 0.02825322628704274, 0.027685220830545497, 0.02666364029859006, 0.025486033827772144, 0.02414387260068274, 0.023028867611909868, 0.022681878550084772, 0.02299235797660897, 0.02387546679328945, 0.024738332374206702, 0.025547718436096926, 0.026640938816603423, 0.02759836215880636, 0.028240938725365098, 0.028199955208514017, 0.028168175430310402, 0.02767018559717724, 0.027414861073674215, 0.027239233260695786, 0.0274939869379551, 0.027874761581110984, 0.02868161073982207, 0.029514734605865275, 0.030345172291974937, 0.031248268714928727, 0.032298002681611045, 0.033509628354587276, 0.0348066615601669, 0.03569061118903811, 0.03631377821401384, 0.03654105211474412, 0.03646788532881584, 0.03572808397059345, 0.03427781350345514, 0.03309813106562172, 0.031639416134799855, 0.02970329439236902, 0.027599049067936567, 0.02603054913364457, 0.024090316372098155, 0.02220132238001286, 0.02051452966091278, 0.019044426362309692, 0.017805605247084858, 0.01643252777018217, 0.01523003850809785, 0.01424180324883461, 0.013706552220618947, 0.0130880570946912, 0.012988920737072255, 0.013178248200839212, 0.013386796436950147, 0.01359897371732897, 0.01439195864266014, 0.015495810506657983, 0.016686507754200334, 0.01807173050136072, 0.019341411872889052, 0.020370802976522343, 0.0213787239197115, 0.02262888584538598, 0.02401686851684336, 0.025523335513576738, 0.026670410326906566, 0.02758824337325398, 0.02810647098585074, 0.028219175888028712, 0.02804128716256827, 0.027840212128430745, 0.02799079668741686, 0.027988272685847155, 0.02831306909632167, 0.028434723397990712, 0.0285549391753426, 0.02832607944879636, 0.02800347501499142, 0.027460301198426997, 0.02681840364884072, 0.026203190519756815, 0.02552364346313934, 0.024940794741503684, 0.024553643852497812, 0.024009602077058226, 0.023587486328410737, 0.023053226444370627, 0.02237349941244249, 0.021247392964358097, 0.01948489409103017, 0.01759577829009665, 0.015969918059865678, 0.014849832783247986, 0.014164911869984548, 0.013546042864334782, 0.01328357500957488, 0.012905521640083246, 0.012806686101790404, 0.01256569256360443, 0.01270015008783326, 0.013333718053885597, 0.014364706842779438, 0.015230812921928084, 0.016214173123414017, 0.017422309714956504, 0.01848297873673576, 0.019690103784110968, 0.02062988015396428, 0.021304326954883004, 0.021542023987470748, 0.021445001132587415, 0.02128479356968176, 0.021154257299581803, 0.020548768777841446, 0.020419411659703072, 0.020346908766621045, 0.02018386842926173, 0.020060715556614095, 0.019970155121820186, 0.019905412966441507, 0.019860328269953802, 0.019689549628068632, 0.019110038324468673, 0.018401772510693467, 0.01773443768827515, 0.01691379473734185, 0.0163889904882787, 0.015891976533507178, 0.015695148472402557, 0.015634975895130635, 0.01548249397414641, 0.015250362203767827, 0.01446715870868431, 0.013690714184349355, 0.013111437378948002, 0.01280400987898366, 0.012789088065484542, 0.012885508256999974, 0.012645414791893052, 0.012533763320360268, 0.01300792748125149, 0.014045480441271196, 0.015593406388961941, 0.017496649938682926, 0.01947963017829757, 0.021814960986639112, 0.0244888991790445, 0.027455202671237973, 0.030462142682767764, 0.03347516022004274, 0.03632355277573078, 0.03911728575744543, 0.041489125175428104, 0.043617926344794986, 0.04507509866910146, 0.045973158335007626, 0.046666313335408376, 0.047747911364257295, 0.04910015737076979, 0.051170936172887156, 0.05323921785426519, 0.05484930583024696, 0.05598397968583077, 0.056516639752925084, 0.05678375349578094, 0.05655312215346535, 0.05709318659280136, 0.05753330561326649, 0.05822424761198231, 0.05856641837777238, 0.058663546697002605, 0.05829520111627496, 0.058019458378357286, 0.05786276302771312, 0.057678835712609886, 0.05721489013034267, 0.05620972754199197, 0.05488023496470325, 0.05291870088860013, 0.05085359195424363, 0.04836971777146554, 0.045888993393773454, 0.04332790860019442, 0.040721243397433354, 0.03815348906679705, 0.03609755066086763, 0.03431153121207709, 0.03269994312791247, 0.03113246913067769, 0.029533434333839276, 0.02779284963423818, 0.02581340528028532, 0.023636664296078556, 0.021032966406022018, 0.018298152858289164, 0.015471223173718233, 0.012975006021594128, 0.011476514573927241, 0.011190786613452559, 0.012013514795745658, 0.013192708648177051, 0.0146026096239084, 0.016627808096549106, 0.019288816219412905, 0.022115031993867204, 0.024956066779425322, 0.027947127033299147, 0.030317719296220055, 0.03213024736687776, 0.033908117916643665, 0.035613155393420214, 0.03695858371541455, 0.0370883147011733, 0.035844860180821725, 0.03331269225961453, 0.030127822662769057, 0.026675716455458534, 0.02305094507263966, 0.019294584365168215, 0.016588874620184203, 0.013459760460278334, 0.010513659470637583, 0.008184205378854309, 0.005908681970234855, 0.003908372487361734, 0.002250880846271649, 0.001837561814419065, 0.003902446460586522, 0.00649131804032715, 0.008842266053540701, 0.011337576744963709, 0.013847821453172829, 0.016241515374979285, 0.018506880743639053, 0.020753891025054552, 0.022854281545735794, 0.025177910908837288, 0.027764777035113285, 0.0302577363231247, 0.032552204835272186, 0.033962244268502154, 0.03530995724171245, 0.036795414568091225, 0.03840706162943578, 0.039993850675796264, 0.04133645030179679, 0.04211247094820217, 0.04239213751353172, 0.042192499106345205, 0.04200269786908514, 0.041897190162155235, 0.041830932940717325, 0.04166737666619139, 0.04206882264734189, 0.0426127097658282, 0.042895687146734904, 0.04300135533202284, 0.04249799814293581, 0.041897582995049115, 0.04072077112408416, 0.03927976254850985, 0.037331499513228325, 0.035889992777759706, 0.03456359233645024, 0.033243529781910974, 0.03199033675126687, 0.03059935779738079, 0.029272240636492235, 0.027900707354997015, 0.02654938414970694, 0.02543173352052397, 0.024311103096379235, 0.023065212419431085, 0.021685454855791198, 0.02041159885695607, 0.019056064221564174, 0.017656707279948437, 0.01626614648165674, 0.015012383850973622, 0.013603567963072178, 0.012189757837366814, 0.010674529938407772, 0.009407142987148039, 0.008344525906195775, 0.007439054007672372, 0.0072034584519923735, 0.007775010970036668, 0.009047582903156274, 0.010731538882415681, 0.01253460028234948, 0.014333543563369548, 0.016070624592636203, 0.017817726146123574, 0.019557256660804743, 0.02116824086555951, 0.022529303997840977, 0.023628588936546305, 0.02391411988476377, 0.02359656311707365, 0.022355277074164143, 0.020961866673625245, 0.018393580144489934, 0.015660552711922182, 0.013874328661167971, 0.01254026736778108, 0.011812131260623127, 0.010800298354986543, 0.00961805971638548, 0.008471507575266851, 0.007656757785702683, 0.006719580941926242, 0.0056999472982024405, 0.005125787188458596, 0.00504686530895439, 0.005697178935649704, 0.006245540782853768, 0.0070976650798796875, 0.007900543705723831, 0.008755370167568399, 0.009807746909975117, 0.011209592216881203, 0.01276960312030194, 0.014467251258771754, 0.015865855510978952, 0.01751794577394112, 0.01978728846519214, 0.022540086452385207, 0.024859037758439572, 0.02589623397823137, 0.02611181133516041, 0.026565850619759173, 0.0272557734372972, 0.02776644526036269, 0.02799937699621002, 0.02818388188652303, 0.02806005928616626, 0.028083982827741123, 0.02781538632605852, 0.027763976455106594, 0.028120518002563644, 0.028688559534023904, 0.029389365084960088, 0.030059907204608147, 0.03052096911154336, 0.031053468449087778, 0.03142000488428638, 0.03173833045042581, 0.031892653890475096, 0.03198060527161537, 0.031944507243272385, 0.03180892531117334, 0.03180195743523648, 0.03175983113429147, 0.03185651864929952, 0.032146459060636644, 0.032526908876218445, 0.033087790299913135, 0.03370146462957083, 0.0342847740780508, 0.0344768243549477, 0.03441738754137779, 0.034008301029805295]",0.05786276302771312,0.05899456887980703,0.010805545367186713,0.056844872543783176,0.0,0.0,0.03432090621429801,0.05899456887980703,0.010805545367186713,0.056844872543783176,5.4479999999999995,1717635306.1608975,2024-06-06_10-55-06
0.5059,0.014160000000000006,0.484241389400578,0.4455651401945832,0.004419426589949941,0.4273909776271733,0.5059,0.014160000000000006,0.5174989634276156,0.4455651401945832,0.004419426589949941,0.4273909776271733,0.057678835712609886,"[0.011315756658919754, 0.012192407496521018, 0.01288995615295488, 0.01359963525141729, 0.014321891165186378, 0.015181047888625853, 0.01592941522152252, 0.01673874496494045, 0.01751440457689525, 0.01835087734908702, 0.019202544572813795, 0.020070622325609303, 0.02095627718778323, 0.02186061264947246, 0.022737260153569413, 0.023681097053535004, 0.024646250751560458, 0.025633386418693636, 0.02659237614956749, 0.027623542314219474, 0.0286250346734827, 0.029647102596467904, 0.03056454213255984, 0.031680305841655834, 0.03263530150735364, 0.033606764937046466, 0.034593095597664145, 0.03536350794006898, 0.035930760474075646, 0.03631257033147624, 0.03661317474198803, 0.03688385713543919, 0.03738127616234113, 0.037934719347479336, 0.03858163380471939, 0.03921882339006296, 0.03999131852533767, 0.04074980907886149, 0.04127472956039594, 0.04151563832077664, 0.04151964454301027, 0.04123464219442919, 0.04096829512038153, 0.04056460486818273, 0.04028281736824196, 0.04000166841569801, 0.03919762289117317, 0.037812479337396496, 0.03622310391275238, 0.03453579653228067, 0.0330206041779641, 0.031565009966306234, 0.03054064037737075, 0.029904305612678588, 0.029394155816597912, 0.028896840658953926, 0.02825322628704274, 0.027685220830545497, 0.02666364029859006, 0.025486033827772144, 0.02414387260068274, 0.023028867611909868, 0.022681878550084772, 0.02299235797660897, 0.02387546679328945, 0.024738332374206702, 0.025547718436096926, 0.026640938816603423, 0.02759836215880636, 0.028240938725365098, 0.028199955208514017, 0.028168175430310402, 0.02767018559717724, 0.027414861073674215, 0.027239233260695786, 0.0274939869379551, 0.027874761581110984, 0.02868161073982207, 0.029514734605865275, 0.030345172291974937, 0.031248268714928727, 0.032298002681611045, 0.033509628354587276, 0.0348066615601669, 0.03569061118903811, 0.03631377821401384, 0.03654105211474412, 0.03646788532881584, 0.03572808397059345, 0.03427781350345514, 0.03309813106562172, 0.031639416134799855, 0.02970329439236902, 0.027599049067936567, 0.02603054913364457, 0.024090316372098155, 0.02220132238001286, 0.02051452966091278, 0.019044426362309692, 0.017805605247084858, 0.01643252777018217, 0.01523003850809785, 0.01424180324883461, 0.013706552220618947, 0.0130880570946912, 0.012988920737072255, 0.013178248200839212, 0.013386796436950147, 0.01359897371732897, 0.01439195864266014, 0.015495810506657983, 0.016686507754200334, 0.01807173050136072, 0.019341411872889052, 0.020370802976522343, 0.0213787239197115, 0.02262888584538598, 0.02401686851684336, 0.025523335513576738, 0.026670410326906566, 0.02758824337325398, 0.02810647098585074, 0.028219175888028712, 0.02804128716256827, 0.027840212128430745, 0.02799079668741686, 0.027988272685847155, 0.02831306909632167, 0.028434723397990712, 0.0285549391753426, 0.02832607944879636, 0.02800347501499142, 0.027460301198426997, 0.02681840364884072, 0.026203190519756815, 0.02552364346313934, 0.024940794741503684, 0.024553643852497812, 0.024009602077058226, 0.023587486328410737, 0.023053226444370627, 0.02237349941244249, 0.021247392964358097, 0.01948489409103017, 0.01759577829009665, 0.015969918059865678, 0.014849832783247986, 0.014164911869984548, 0.013546042864334782, 0.01328357500957488, 0.012905521640083246, 0.012806686101790404, 0.01256569256360443, 0.01270015008783326, 0.013333718053885597, 0.014364706842779438, 0.015230812921928084, 0.016214173123414017, 0.017422309714956504, 0.01848297873673576, 0.019690103784110968, 0.02062988015396428, 0.021304326954883004, 0.021542023987470748, 0.021445001132587415, 0.02128479356968176, 0.021154257299581803, 0.020548768777841446, 0.020419411659703072, 0.020346908766621045, 0.02018386842926173, 0.020060715556614095, 0.019970155121820186, 0.019905412966441507, 0.019860328269953802, 0.019689549628068632, 0.019110038324468673, 0.018401772510693467, 0.01773443768827515, 0.01691379473734185, 0.0163889904882787, 0.015891976533507178, 0.015695148472402557, 0.015634975895130635, 0.01548249397414641, 0.015250362203767827, 0.01446715870868431, 0.013690714184349355, 0.013111437378948002, 0.01280400987898366, 0.012789088065484542, 0.012885508256999974, 0.012645414791893052, 0.012533763320360268, 0.01300792748125149, 0.014045480441271196, 0.015593406388961941, 0.017496649938682926, 0.01947963017829757, 0.021814960986639112, 0.0244888991790445, 0.027455202671237973, 0.030462142682767764, 0.03347516022004274, 0.03632355277573078, 0.03911728575744543, 0.041489125175428104, 0.043617926344794986, 0.04507509866910146, 0.045973158335007626, 0.046666313335408376, 0.047747911364257295, 0.04910015737076979, 0.051170936172887156, 0.05323921785426519, 0.05484930583024696, 0.05598397968583077, 0.056516639752925084, 0.05678375349578094, 0.05655312215346535, 0.05709318659280136, 0.05753330561326649, 0.05822424761198231, 0.05856641837777238, 0.058663546697002605, 0.05829520111627496, 0.058019458378357286, 0.05786276302771312, 0.057678835712609886, 0.05721489013034267, 0.05620972754199197, 0.05488023496470325, 0.05291870088860013, 0.05085359195424363, 0.04836971777146554, 0.045888993393773454, 0.04332790860019442, 0.040721243397433354, 0.03815348906679705, 0.03609755066086763, 0.03431153121207709, 0.03269994312791247, 0.03113246913067769, 0.029533434333839276, 0.02779284963423818, 0.02581340528028532, 0.023636664296078556, 0.021032966406022018, 0.018298152858289164, 0.015471223173718233, 0.012975006021594128, 0.011476514573927241, 0.011190786613452559, 0.012013514795745658, 0.013192708648177051, 0.0146026096239084, 0.016627808096549106, 0.019288816219412905, 0.022115031993867204, 0.024956066779425322, 0.027947127033299147, 0.030317719296220055, 0.03213024736687776, 0.033908117916643665, 0.035613155393420214, 0.03695858371541455, 0.0370883147011733, 0.035844860180821725, 0.03331269225961453, 0.030127822662769057, 0.026675716455458534, 0.02305094507263966, 0.019294584365168215, 0.016588874620184203, 0.013459760460278334, 0.010513659470637583, 0.008184205378854309, 0.005908681970234855, 0.003908372487361734, 0.002250880846271649, 0.001837561814419065, 0.003902446460586522, 0.00649131804032715, 0.008842266053540701, 0.011337576744963709, 0.013847821453172829, 0.016241515374979285, 0.018506880743639053, 0.020753891025054552, 0.022854281545735794, 0.025177910908837288, 0.027764777035113285, 0.0302577363231247, 0.032552204835272186, 0.033962244268502154, 0.03530995724171245, 0.036795414568091225, 0.03840706162943578, 0.039993850675796264, 0.04133645030179679, 0.04211247094820217, 0.04239213751353172, 0.042192499106345205, 0.04200269786908514, 0.041897190162155235, 0.041830932940717325, 0.04166737666619139, 0.04206882264734189, 0.0426127097658282, 0.042895687146734904, 0.04300135533202284, 0.04249799814293581, 0.041897582995049115, 0.04072077112408416, 0.03927976254850985, 0.037331499513228325, 0.035889992777759706, 0.03456359233645024, 0.033243529781910974, 0.03199033675126687, 0.03059935779738079, 0.029272240636492235, 0.027900707354997015, 0.02654938414970694, 0.02543173352052397, 0.024311103096379235, 0.023065212419431085, 0.021685454855791198, 0.02041159885695607, 0.019056064221564174, 0.017656707279948437, 0.01626614648165674, 0.015012383850973622, 0.013603567963072178, 0.012189757837366814, 0.010674529938407772, 0.009407142987148039, 0.008344525906195775, 0.007439054007672372, 0.0072034584519923735, 0.007775010970036668, 0.009047582903156274, 0.010731538882415681, 0.01253460028234948, 0.014333543563369548, 0.016070624592636203, 0.017817726146123574, 0.019557256660804743, 0.02116824086555951, 0.022529303997840977, 0.023628588936546305, 0.02391411988476377, 0.02359656311707365, 0.022355277074164143, 0.020961866673625245, 0.018393580144489934, 0.015660552711922182, 0.013874328661167971, 0.01254026736778108, 0.011812131260623127, 0.010800298354986543, 0.00961805971638548, 0.008471507575266851, 0.007656757785702683, 0.006719580941926242, 0.0056999472982024405, 0.005125787188458596, 0.00504686530895439, 0.005697178935649704, 0.006245540782853768, 0.0070976650798796875, 0.007900543705723831, 0.008755370167568399, 0.009807746909975117, 0.011209592216881203, 0.01276960312030194, 0.014467251258771754, 0.015865855510978952, 0.01751794577394112, 0.01978728846519214, 0.022540086452385207, 0.024859037758439572, 0.02589623397823137, 0.02611181133516041, 0.026565850619759173, 0.0272557734372972, 0.02776644526036269, 0.02799937699621002, 0.02818388188652303, 0.02806005928616626, 0.028083982827741123, 0.02781538632605852, 0.027763976455106594, 0.028120518002563644, 0.028688559534023904, 0.029389365084960088, 0.030059907204608147, 0.03052096911154336, 0.031053468449087778, 0.03142000488428638, 0.03173833045042581, 0.031892653890475096, 0.03198060527161537, 0.031944507243272385, 0.03180892531117334, 0.03180195743523648, 0.03175983113429147, 0.03185651864929952, 0.032146459060636644, 0.032526908876218445, 0.033087790299913135, 0.03370146462957083, 0.0342847740780508, 0.0344768243549477, 0.03441738754137779, 0.034008301029805295]",0.057678835712609886,0.06033485980541681,0.009740573410050066,0.05685041177340466,0.0,0.0,0.033257574027037606,0.06033485980541681,0.009740573410050066,0.05685041177340466,5.472,1717635306.1848886,2024-06-06_10-55-06
0.5059,0.014880000000000004,0.4852306851471505,0.4441784199477746,0.006157318634221197,0.4286846111683297,0.5059,0.014880000000000004,0.5174249269869278,0.4441784199477746,0.006157318634221197,0.4286846111683297,0.05721489013034267,"[0.011315756658919754, 0.012192407496521018, 0.01288995615295488, 0.01359963525141729, 0.014321891165186378, 0.015181047888625853, 0.01592941522152252, 0.01673874496494045, 0.01751440457689525, 0.01835087734908702, 0.019202544572813795, 0.020070622325609303, 0.02095627718778323, 0.02186061264947246, 0.022737260153569413, 0.023681097053535004, 0.024646250751560458, 0.025633386418693636, 0.02659237614956749, 0.027623542314219474, 0.0286250346734827, 0.029647102596467904, 0.03056454213255984, 0.031680305841655834, 0.03263530150735364, 0.033606764937046466, 0.034593095597664145, 0.03536350794006898, 0.035930760474075646, 0.03631257033147624, 0.03661317474198803, 0.03688385713543919, 0.03738127616234113, 0.037934719347479336, 0.03858163380471939, 0.03921882339006296, 0.03999131852533767, 0.04074980907886149, 0.04127472956039594, 0.04151563832077664, 0.04151964454301027, 0.04123464219442919, 0.04096829512038153, 0.04056460486818273, 0.04028281736824196, 0.04000166841569801, 0.03919762289117317, 0.037812479337396496, 0.03622310391275238, 0.03453579653228067, 0.0330206041779641, 0.031565009966306234, 0.03054064037737075, 0.029904305612678588, 0.029394155816597912, 0.028896840658953926, 0.02825322628704274, 0.027685220830545497, 0.02666364029859006, 0.025486033827772144, 0.02414387260068274, 0.023028867611909868, 0.022681878550084772, 0.02299235797660897, 0.02387546679328945, 0.024738332374206702, 0.025547718436096926, 0.026640938816603423, 0.02759836215880636, 0.028240938725365098, 0.028199955208514017, 0.028168175430310402, 0.02767018559717724, 0.027414861073674215, 0.027239233260695786, 0.0274939869379551, 0.027874761581110984, 0.02868161073982207, 0.029514734605865275, 0.030345172291974937, 0.031248268714928727, 0.032298002681611045, 0.033509628354587276, 0.0348066615601669, 0.03569061118903811, 0.03631377821401384, 0.03654105211474412, 0.03646788532881584, 0.03572808397059345, 0.03427781350345514, 0.03309813106562172, 0.031639416134799855, 0.02970329439236902, 0.027599049067936567, 0.02603054913364457, 0.024090316372098155, 0.02220132238001286, 0.02051452966091278, 0.019044426362309692, 0.017805605247084858, 0.01643252777018217, 0.01523003850809785, 0.01424180324883461, 0.013706552220618947, 0.0130880570946912, 0.012988920737072255, 0.013178248200839212, 0.013386796436950147, 0.01359897371732897, 0.01439195864266014, 0.015495810506657983, 0.016686507754200334, 0.01807173050136072, 0.019341411872889052, 0.020370802976522343, 0.0213787239197115, 0.02262888584538598, 0.02401686851684336, 0.025523335513576738, 0.026670410326906566, 0.02758824337325398, 0.02810647098585074, 0.028219175888028712, 0.02804128716256827, 0.027840212128430745, 0.02799079668741686, 0.027988272685847155, 0.02831306909632167, 0.028434723397990712, 0.0285549391753426, 0.02832607944879636, 0.02800347501499142, 0.027460301198426997, 0.02681840364884072, 0.026203190519756815, 0.02552364346313934, 0.024940794741503684, 0.024553643852497812, 0.024009602077058226, 0.023587486328410737, 0.023053226444370627, 0.02237349941244249, 0.021247392964358097, 0.01948489409103017, 0.01759577829009665, 0.015969918059865678, 0.014849832783247986, 0.014164911869984548, 0.013546042864334782, 0.01328357500957488, 0.012905521640083246, 0.012806686101790404, 0.01256569256360443, 0.01270015008783326, 0.013333718053885597, 0.014364706842779438, 0.015230812921928084, 0.016214173123414017, 0.017422309714956504, 0.01848297873673576, 0.019690103784110968, 0.02062988015396428, 0.021304326954883004, 0.021542023987470748, 0.021445001132587415, 0.02128479356968176, 0.021154257299581803, 0.020548768777841446, 0.020419411659703072, 0.020346908766621045, 0.02018386842926173, 0.020060715556614095, 0.019970155121820186, 0.019905412966441507, 0.019860328269953802, 0.019689549628068632, 0.019110038324468673, 0.018401772510693467, 0.01773443768827515, 0.01691379473734185, 0.0163889904882787, 0.015891976533507178, 0.015695148472402557, 0.015634975895130635, 0.01548249397414641, 0.015250362203767827, 0.01446715870868431, 0.013690714184349355, 0.013111437378948002, 0.01280400987898366, 0.012789088065484542, 0.012885508256999974, 0.012645414791893052, 0.012533763320360268, 0.01300792748125149, 0.014045480441271196, 0.015593406388961941, 0.017496649938682926, 0.01947963017829757, 0.021814960986639112, 0.0244888991790445, 0.027455202671237973, 0.030462142682767764, 0.03347516022004274, 0.03632355277573078, 0.03911728575744543, 0.041489125175428104, 0.043617926344794986, 0.04507509866910146, 0.045973158335007626, 0.046666313335408376, 0.047747911364257295, 0.04910015737076979, 0.051170936172887156, 0.05323921785426519, 0.05484930583024696, 0.05598397968583077, 0.056516639752925084, 0.05678375349578094, 0.05655312215346535, 0.05709318659280136, 0.05753330561326649, 0.05822424761198231, 0.05856641837777238, 0.058663546697002605, 0.05829520111627496, 0.058019458378357286, 0.05786276302771312, 0.057678835712609886, 0.05721489013034267, 0.05620972754199197, 0.05488023496470325, 0.05291870088860013, 0.05085359195424363, 0.04836971777146554, 0.045888993393773454, 0.04332790860019442, 0.040721243397433354, 0.03815348906679705, 0.03609755066086763, 0.03431153121207709, 0.03269994312791247, 0.03113246913067769, 0.029533434333839276, 0.02779284963423818, 0.02581340528028532, 0.023636664296078556, 0.021032966406022018, 0.018298152858289164, 0.015471223173718233, 0.012975006021594128, 0.011476514573927241, 0.011190786613452559, 0.012013514795745658, 0.013192708648177051, 0.0146026096239084, 0.016627808096549106, 0.019288816219412905, 0.022115031993867204, 0.024956066779425322, 0.027947127033299147, 0.030317719296220055, 0.03213024736687776, 0.033908117916643665, 0.035613155393420214, 0.03695858371541455, 0.0370883147011733, 0.035844860180821725, 0.03331269225961453, 0.030127822662769057, 0.026675716455458534, 0.02305094507263966, 0.019294584365168215, 0.016588874620184203, 0.013459760460278334, 0.010513659470637583, 0.008184205378854309, 0.005908681970234855, 0.003908372487361734, 0.002250880846271649, 0.001837561814419065, 0.003902446460586522, 0.00649131804032715, 0.008842266053540701, 0.011337576744963709, 0.013847821453172829, 0.016241515374979285, 0.018506880743639053, 0.020753891025054552, 0.022854281545735794, 0.025177910908837288, 0.027764777035113285, 0.0302577363231247, 0.032552204835272186, 0.033962244268502154, 0.03530995724171245, 0.036795414568091225, 0.03840706162943578, 0.039993850675796264, 0.04133645030179679, 0.04211247094820217, 0.04239213751353172, 0.042192499106345205, 0.04200269786908514, 0.041897190162155235, 0.041830932940717325, 0.04166737666619139, 0.04206882264734189, 0.0426127097658282, 0.042895687146734904, 0.04300135533202284, 0.04249799814293581, 0.041897582995049115, 0.04072077112408416, 0.03927976254850985, 0.037331499513228325, 0.035889992777759706, 0.03456359233645024, 0.033243529781910974, 0.03199033675126687, 0.03059935779738079, 0.029272240636492235, 0.027900707354997015, 0.02654938414970694, 0.02543173352052397, 0.024311103096379235, 0.023065212419431085, 0.021685454855791198, 0.02041159885695607, 0.019056064221564174, 0.017656707279948437, 0.01626614648165674, 0.015012383850973622, 0.013603567963072178, 0.012189757837366814, 0.010674529938407772, 0.009407142987148039, 0.008344525906195775, 0.007439054007672372, 0.0072034584519923735, 0.007775010970036668, 0.009047582903156274, 0.010731538882415681, 0.01253460028234948, 0.014333543563369548, 0.016070624592636203, 0.017817726146123574, 0.019557256660804743, 0.02116824086555951, 0.022529303997840977, 0.023628588936546305, 0.02391411988476377, 0.02359656311707365, 0.022355277074164143, 0.020961866673625245, 0.018393580144489934, 0.015660552711922182, 0.013874328661167971, 0.01254026736778108, 0.011812131260623127, 0.010800298354986543, 0.00961805971638548, 0.008471507575266851, 0.007656757785702683, 0.006719580941926242, 0.0056999472982024405, 0.005125787188458596, 0.00504686530895439, 0.005697178935649704, 0.006245540782853768, 0.0070976650798796875, 0.007900543705723831, 0.008755370167568399, 0.009807746909975117, 0.011209592216881203, 0.01276960312030194, 0.014467251258771754, 0.015865855510978952, 0.01751794577394112, 0.01978728846519214, 0.022540086452385207, 0.024859037758439572, 0.02589623397823137, 0.02611181133516041, 0.026565850619759173, 0.0272557734372972, 0.02776644526036269, 0.02799937699621002, 0.02818388188652303, 0.02806005928616626, 0.028083982827741123, 0.02781538632605852, 0.027763976455106594, 0.028120518002563644, 0.028688559534023904, 0.029389365084960088, 0.030059907204608147, 0.03052096911154336, 0.031053468449087778, 0.03142000488428638, 0.03173833045042581, 0.031892653890475096, 0.03198060527161537, 0.031944507243272385, 0.03180892531117334, 0.03180195743523648, 0.03175983113429147, 0.03185651864929952, 0.032146459060636644, 0.032526908876218445, 0.033087790299913135, 0.03370146462957083, 0.0342847740780508, 0.0344768243549477, 0.03441738754137779, 0.034008301029805295]",0.05721489013034267,0.06172158005222539,0.008722681365778806,0.05654607397882083,0.0,0.0,0.03219424183977726,0.06172158005222539,0.008722681365778806,0.05654607397882083,5.4959999999999996,1717635306.2095828,2024-06-06_10-55-06
0.5059,0.015600000000000003,0.486026773299123,0.44270998303385534,0.007658951290321405,0.43038081014153645,0.5059,0.015600000000000003,0.5170410956868955,0.44270998303385534,0.007658951290321405,0.43038081014153645,0.05620972754199197,"[0.011315756658919754, 0.012192407496521018, 0.01288995615295488, 0.01359963525141729, 0.014321891165186378, 0.015181047888625853, 0.01592941522152252, 0.01673874496494045, 0.01751440457689525, 0.01835087734908702, 0.019202544572813795, 0.020070622325609303, 0.02095627718778323, 0.02186061264947246, 0.022737260153569413, 0.023681097053535004, 0.024646250751560458, 0.025633386418693636, 0.02659237614956749, 0.027623542314219474, 0.0286250346734827, 0.029647102596467904, 0.03056454213255984, 0.031680305841655834, 0.03263530150735364, 0.033606764937046466, 0.034593095597664145, 0.03536350794006898, 0.035930760474075646, 0.03631257033147624, 0.03661317474198803, 0.03688385713543919, 0.03738127616234113, 0.037934719347479336, 0.03858163380471939, 0.03921882339006296, 0.03999131852533767, 0.04074980907886149, 0.04127472956039594, 0.04151563832077664, 0.04151964454301027, 0.04123464219442919, 0.04096829512038153, 0.04056460486818273, 0.04028281736824196, 0.04000166841569801, 0.03919762289117317, 0.037812479337396496, 0.03622310391275238, 0.03453579653228067, 0.0330206041779641, 0.031565009966306234, 0.03054064037737075, 0.029904305612678588, 0.029394155816597912, 0.028896840658953926, 0.02825322628704274, 0.027685220830545497, 0.02666364029859006, 0.025486033827772144, 0.02414387260068274, 0.023028867611909868, 0.022681878550084772, 0.02299235797660897, 0.02387546679328945, 0.024738332374206702, 0.025547718436096926, 0.026640938816603423, 0.02759836215880636, 0.028240938725365098, 0.028199955208514017, 0.028168175430310402, 0.02767018559717724, 0.027414861073674215, 0.027239233260695786, 0.0274939869379551, 0.027874761581110984, 0.02868161073982207, 0.029514734605865275, 0.030345172291974937, 0.031248268714928727, 0.032298002681611045, 0.033509628354587276, 0.0348066615601669, 0.03569061118903811, 0.03631377821401384, 0.03654105211474412, 0.03646788532881584, 0.03572808397059345, 0.03427781350345514, 0.03309813106562172, 0.031639416134799855, 0.02970329439236902, 0.027599049067936567, 0.02603054913364457, 0.024090316372098155, 0.02220132238001286, 0.02051452966091278, 0.019044426362309692, 0.017805605247084858, 0.01643252777018217, 0.01523003850809785, 0.01424180324883461, 0.013706552220618947, 0.0130880570946912, 0.012988920737072255, 0.013178248200839212, 0.013386796436950147, 0.01359897371732897, 0.01439195864266014, 0.015495810506657983, 0.016686507754200334, 0.01807173050136072, 0.019341411872889052, 0.020370802976522343, 0.0213787239197115, 0.02262888584538598, 0.02401686851684336, 0.025523335513576738, 0.026670410326906566, 0.02758824337325398, 0.02810647098585074, 0.028219175888028712, 0.02804128716256827, 0.027840212128430745, 0.02799079668741686, 0.027988272685847155, 0.02831306909632167, 0.028434723397990712, 0.0285549391753426, 0.02832607944879636, 0.02800347501499142, 0.027460301198426997, 0.02681840364884072, 0.026203190519756815, 0.02552364346313934, 0.024940794741503684, 0.024553643852497812, 0.024009602077058226, 0.023587486328410737, 0.023053226444370627, 0.02237349941244249, 0.021247392964358097, 0.01948489409103017, 0.01759577829009665, 0.015969918059865678, 0.014849832783247986, 0.014164911869984548, 0.013546042864334782, 0.01328357500957488, 0.012905521640083246, 0.012806686101790404, 0.01256569256360443, 0.01270015008783326, 0.013333718053885597, 0.014364706842779438, 0.015230812921928084, 0.016214173123414017, 0.017422309714956504, 0.01848297873673576, 0.019690103784110968, 0.02062988015396428, 0.021304326954883004, 0.021542023987470748, 0.021445001132587415, 0.02128479356968176, 0.021154257299581803, 0.020548768777841446, 0.020419411659703072, 0.020346908766621045, 0.02018386842926173, 0.020060715556614095, 0.019970155121820186, 0.019905412966441507, 0.019860328269953802, 0.019689549628068632, 0.019110038324468673, 0.018401772510693467, 0.01773443768827515, 0.01691379473734185, 0.0163889904882787, 0.015891976533507178, 0.015695148472402557, 0.015634975895130635, 0.01548249397414641, 0.015250362203767827, 0.01446715870868431, 0.013690714184349355, 0.013111437378948002, 0.01280400987898366, 0.012789088065484542, 0.012885508256999974, 0.012645414791893052, 0.012533763320360268, 0.01300792748125149, 0.014045480441271196, 0.015593406388961941, 0.017496649938682926, 0.01947963017829757, 0.021814960986639112, 0.0244888991790445, 0.027455202671237973, 0.030462142682767764, 0.03347516022004274, 0.03632355277573078, 0.03911728575744543, 0.041489125175428104, 0.043617926344794986, 0.04507509866910146, 0.045973158335007626, 0.046666313335408376, 0.047747911364257295, 0.04910015737076979, 0.051170936172887156, 0.05323921785426519, 0.05484930583024696, 0.05598397968583077, 0.056516639752925084, 0.05678375349578094, 0.05655312215346535, 0.05709318659280136, 0.05753330561326649, 0.05822424761198231, 0.05856641837777238, 0.058663546697002605, 0.05829520111627496, 0.058019458378357286, 0.05786276302771312, 0.057678835712609886, 0.05721489013034267, 0.05620972754199197, 0.05488023496470325, 0.05291870088860013, 0.05085359195424363, 0.04836971777146554, 0.045888993393773454, 0.04332790860019442, 0.040721243397433354, 0.03815348906679705, 0.03609755066086763, 0.03431153121207709, 0.03269994312791247, 0.03113246913067769, 0.029533434333839276, 0.02779284963423818, 0.02581340528028532, 0.023636664296078556, 0.021032966406022018, 0.018298152858289164, 0.015471223173718233, 0.012975006021594128, 0.011476514573927241, 0.011190786613452559, 0.012013514795745658, 0.013192708648177051, 0.0146026096239084, 0.016627808096549106, 0.019288816219412905, 0.022115031993867204, 0.024956066779425322, 0.027947127033299147, 0.030317719296220055, 0.03213024736687776, 0.033908117916643665, 0.035613155393420214, 0.03695858371541455, 0.0370883147011733, 0.035844860180821725, 0.03331269225961453, 0.030127822662769057, 0.026675716455458534, 0.02305094507263966, 0.019294584365168215, 0.016588874620184203, 0.013459760460278334, 0.010513659470637583, 0.008184205378854309, 0.005908681970234855, 0.003908372487361734, 0.002250880846271649, 0.001837561814419065, 0.003902446460586522, 0.00649131804032715, 0.008842266053540701, 0.011337576744963709, 0.013847821453172829, 0.016241515374979285, 0.018506880743639053, 0.020753891025054552, 0.022854281545735794, 0.025177910908837288, 0.027764777035113285, 0.0302577363231247, 0.032552204835272186, 0.033962244268502154, 0.03530995724171245, 0.036795414568091225, 0.03840706162943578, 0.039993850675796264, 0.04133645030179679, 0.04211247094820217, 0.04239213751353172, 0.042192499106345205, 0.04200269786908514, 0.041897190162155235, 0.041830932940717325, 0.04166737666619139, 0.04206882264734189, 0.0426127097658282, 0.042895687146734904, 0.04300135533202284, 0.04249799814293581, 0.041897582995049115, 0.04072077112408416, 0.03927976254850985, 0.037331499513228325, 0.035889992777759706, 0.03456359233645024, 0.033243529781910974, 0.03199033675126687, 0.03059935779738079, 0.029272240636492235, 0.027900707354997015, 0.02654938414970694, 0.02543173352052397, 0.024311103096379235, 0.023065212419431085, 0.021685454855791198, 0.02041159885695607, 0.019056064221564174, 0.017656707279948437, 0.01626614648165674, 0.015012383850973622, 0.013603567963072178, 0.012189757837366814, 0.010674529938407772, 0.009407142987148039, 0.008344525906195775, 0.007439054007672372, 0.0072034584519923735, 0.007775010970036668, 0.009047582903156274, 0.010731538882415681, 0.01253460028234948, 0.014333543563369548, 0.016070624592636203, 0.017817726146123574, 0.019557256660804743, 0.02116824086555951, 0.022529303997840977, 0.023628588936546305, 0.02391411988476377, 0.02359656311707365, 0.022355277074164143, 0.020961866673625245, 0.018393580144489934, 0.015660552711922182, 0.013874328661167971, 0.01254026736778108, 0.011812131260623127, 0.010800298354986543, 0.00961805971638548, 0.008471507575266851, 0.007656757785702683, 0.006719580941926242, 0.0056999472982024405, 0.005125787188458596, 0.00504686530895439, 0.005697178935649704, 0.006245540782853768, 0.0070976650798796875, 0.007900543705723831, 0.008755370167568399, 0.009807746909975117, 0.011209592216881203, 0.01276960312030194, 0.014467251258771754, 0.015865855510978952, 0.01751794577394112, 0.01978728846519214, 0.022540086452385207, 0.024859037758439572, 0.02589623397823137, 0.02611181133516041, 0.026565850619759173, 0.0272557734372972, 0.02776644526036269, 0.02799937699621002, 0.02818388188652303, 0.02806005928616626, 0.028083982827741123, 0.02781538632605852, 0.027763976455106594, 0.028120518002563644, 0.028688559534023904, 0.029389365084960088, 0.030059907204608147, 0.03052096911154336, 0.031053468449087778, 0.03142000488428638, 0.03173833045042581, 0.031892653890475096, 0.03198060527161537, 0.031944507243272385, 0.03180892531117334, 0.03180195743523648, 0.03175983113429147, 0.03185651864929952, 0.032146459060636644, 0.032526908876218445, 0.033087790299913135, 0.03370146462957083, 0.0342847740780508, 0.0344768243549477, 0.03441738754137779, 0.034008301029805295]",0.05620972754199197,0.06319001696614468,0.007941048709678598,0.055645963157586575,0.0,0.0,0.031014322387772464,0.06319001696614468,0.007941048709678598,0.055645963157586575,5.5200000000000005,1717635306.2330198,2024-06-06_10-55-06
0.5059,0.01632,0.4866281570299399,0.44128326261608386,0.008870718946941771,0.43225584420830626,0.5059,0.01632,0.5164392425127587,0.44128326261608386,0.008870718946941771,0.43225584420830626,0.05488023496470325,"[0.011315756658919754, 0.012192407496521018, 0.01288995615295488, 0.01359963525141729, 0.014321891165186378, 0.015181047888625853, 0.01592941522152252, 0.01673874496494045, 0.01751440457689525, 0.01835087734908702, 0.019202544572813795, 0.020070622325609303, 0.02095627718778323, 0.02186061264947246, 0.022737260153569413, 0.023681097053535004, 0.024646250751560458, 0.025633386418693636, 0.02659237614956749, 0.027623542314219474, 0.0286250346734827, 0.029647102596467904, 0.03056454213255984, 0.031680305841655834, 0.03263530150735364, 0.033606764937046466, 0.034593095597664145, 0.03536350794006898, 0.035930760474075646, 0.03631257033147624, 0.03661317474198803, 0.03688385713543919, 0.03738127616234113, 0.037934719347479336, 0.03858163380471939, 0.03921882339006296, 0.03999131852533767, 0.04074980907886149, 0.04127472956039594, 0.04151563832077664, 0.04151964454301027, 0.04123464219442919, 0.04096829512038153, 0.04056460486818273, 0.04028281736824196, 0.04000166841569801, 0.03919762289117317, 0.037812479337396496, 0.03622310391275238, 0.03453579653228067, 0.0330206041779641, 0.031565009966306234, 0.03054064037737075, 0.029904305612678588, 0.029394155816597912, 0.028896840658953926, 0.02825322628704274, 0.027685220830545497, 0.02666364029859006, 0.025486033827772144, 0.02414387260068274, 0.023028867611909868, 0.022681878550084772, 0.02299235797660897, 0.02387546679328945, 0.024738332374206702, 0.025547718436096926, 0.026640938816603423, 0.02759836215880636, 0.028240938725365098, 0.028199955208514017, 0.028168175430310402, 0.02767018559717724, 0.027414861073674215, 0.027239233260695786, 0.0274939869379551, 0.027874761581110984, 0.02868161073982207, 0.029514734605865275, 0.030345172291974937, 0.031248268714928727, 0.032298002681611045, 0.033509628354587276, 0.0348066615601669, 0.03569061118903811, 0.03631377821401384, 0.03654105211474412, 0.03646788532881584, 0.03572808397059345, 0.03427781350345514, 0.03309813106562172, 0.031639416134799855, 0.02970329439236902, 0.027599049067936567, 0.02603054913364457, 0.024090316372098155, 0.02220132238001286, 0.02051452966091278, 0.019044426362309692, 0.017805605247084858, 0.01643252777018217, 0.01523003850809785, 0.01424180324883461, 0.013706552220618947, 0.0130880570946912, 0.012988920737072255, 0.013178248200839212, 0.013386796436950147, 0.01359897371732897, 0.01439195864266014, 0.015495810506657983, 0.016686507754200334, 0.01807173050136072, 0.019341411872889052, 0.020370802976522343, 0.0213787239197115, 0.02262888584538598, 0.02401686851684336, 0.025523335513576738, 0.026670410326906566, 0.02758824337325398, 0.02810647098585074, 0.028219175888028712, 0.02804128716256827, 0.027840212128430745, 0.02799079668741686, 0.027988272685847155, 0.02831306909632167, 0.028434723397990712, 0.0285549391753426, 0.02832607944879636, 0.02800347501499142, 0.027460301198426997, 0.02681840364884072, 0.026203190519756815, 0.02552364346313934, 0.024940794741503684, 0.024553643852497812, 0.024009602077058226, 0.023587486328410737, 0.023053226444370627, 0.02237349941244249, 0.021247392964358097, 0.01948489409103017, 0.01759577829009665, 0.015969918059865678, 0.014849832783247986, 0.014164911869984548, 0.013546042864334782, 0.01328357500957488, 0.012905521640083246, 0.012806686101790404, 0.01256569256360443, 0.01270015008783326, 0.013333718053885597, 0.014364706842779438, 0.015230812921928084, 0.016214173123414017, 0.017422309714956504, 0.01848297873673576, 0.019690103784110968, 0.02062988015396428, 0.021304326954883004, 0.021542023987470748, 0.021445001132587415, 0.02128479356968176, 0.021154257299581803, 0.020548768777841446, 0.020419411659703072, 0.020346908766621045, 0.02018386842926173, 0.020060715556614095, 0.019970155121820186, 0.019905412966441507, 0.019860328269953802, 0.019689549628068632, 0.019110038324468673, 0.018401772510693467, 0.01773443768827515, 0.01691379473734185, 0.0163889904882787, 0.015891976533507178, 0.015695148472402557, 0.015634975895130635, 0.01548249397414641, 0.015250362203767827, 0.01446715870868431, 0.013690714184349355, 0.013111437378948002, 0.01280400987898366, 0.012789088065484542, 0.012885508256999974, 0.012645414791893052, 0.012533763320360268, 0.01300792748125149, 0.014045480441271196, 0.015593406388961941, 0.017496649938682926, 0.01947963017829757, 0.021814960986639112, 0.0244888991790445, 0.027455202671237973, 0.030462142682767764, 0.03347516022004274, 0.03632355277573078, 0.03911728575744543, 0.041489125175428104, 0.043617926344794986, 0.04507509866910146, 0.045973158335007626, 0.046666313335408376, 0.047747911364257295, 0.04910015737076979, 0.051170936172887156, 0.05323921785426519, 0.05484930583024696, 0.05598397968583077, 0.056516639752925084, 0.05678375349578094, 0.05655312215346535, 0.05709318659280136, 0.05753330561326649, 0.05822424761198231, 0.05856641837777238, 0.058663546697002605, 0.05829520111627496, 0.058019458378357286, 0.05786276302771312, 0.057678835712609886, 0.05721489013034267, 0.05620972754199197, 0.05488023496470325, 0.05291870088860013, 0.05085359195424363, 0.04836971777146554, 0.045888993393773454, 0.04332790860019442, 0.040721243397433354, 0.03815348906679705, 0.03609755066086763, 0.03431153121207709, 0.03269994312791247, 0.03113246913067769, 0.029533434333839276, 0.02779284963423818, 0.02581340528028532, 0.023636664296078556, 0.021032966406022018, 0.018298152858289164, 0.015471223173718233, 0.012975006021594128, 0.011476514573927241, 0.011190786613452559, 0.012013514795745658, 0.013192708648177051, 0.0146026096239084, 0.016627808096549106, 0.019288816219412905, 0.022115031993867204, 0.024956066779425322, 0.027947127033299147, 0.030317719296220055, 0.03213024736687776, 0.033908117916643665, 0.035613155393420214, 0.03695858371541455, 0.0370883147011733, 0.035844860180821725, 0.03331269225961453, 0.030127822662769057, 0.026675716455458534, 0.02305094507263966, 0.019294584365168215, 0.016588874620184203, 0.013459760460278334, 0.010513659470637583, 0.008184205378854309, 0.005908681970234855, 0.003908372487361734, 0.002250880846271649, 0.001837561814419065, 0.003902446460586522, 0.00649131804032715, 0.008842266053540701, 0.011337576744963709, 0.013847821453172829, 0.016241515374979285, 0.018506880743639053, 0.020753891025054552, 0.022854281545735794, 0.025177910908837288, 0.027764777035113285, 0.0302577363231247, 0.032552204835272186, 0.033962244268502154, 0.03530995724171245, 0.036795414568091225, 0.03840706162943578, 0.039993850675796264, 0.04133645030179679, 0.04211247094820217, 0.04239213751353172, 0.042192499106345205, 0.04200269786908514, 0.041897190162155235, 0.041830932940717325, 0.04166737666619139, 0.04206882264734189, 0.0426127097658282, 0.042895687146734904, 0.04300135533202284, 0.04249799814293581, 0.041897582995049115, 0.04072077112408416, 0.03927976254850985, 0.037331499513228325, 0.035889992777759706, 0.03456359233645024, 0.033243529781910974, 0.03199033675126687, 0.03059935779738079, 0.029272240636492235, 0.027900707354997015, 0.02654938414970694, 0.02543173352052397, 0.024311103096379235, 0.023065212419431085, 0.021685454855791198, 0.02041159885695607, 0.019056064221564174, 0.017656707279948437, 0.01626614648165674, 0.015012383850973622, 0.013603567963072178, 0.012189757837366814, 0.010674529938407772, 0.009407142987148039, 0.008344525906195775, 0.007439054007672372, 0.0072034584519923735, 0.007775010970036668, 0.009047582903156274, 0.010731538882415681, 0.01253460028234948, 0.014333543563369548, 0.016070624592636203, 0.017817726146123574, 0.019557256660804743, 0.02116824086555951, 0.022529303997840977, 0.023628588936546305, 0.02391411988476377, 0.02359656311707365, 0.022355277074164143, 0.020961866673625245, 0.018393580144489934, 0.015660552711922182, 0.013874328661167971, 0.01254026736778108, 0.011812131260623127, 0.010800298354986543, 0.00961805971638548, 0.008471507575266851, 0.007656757785702683, 0.006719580941926242, 0.0056999472982024405, 0.005125787188458596, 0.00504686530895439, 0.005697178935649704, 0.006245540782853768, 0.0070976650798796875, 0.007900543705723831, 0.008755370167568399, 0.009807746909975117, 0.011209592216881203, 0.01276960312030194, 0.014467251258771754, 0.015865855510978952, 0.01751794577394112, 0.01978728846519214, 0.022540086452385207, 0.024859037758439572, 0.02589623397823137, 0.02611181133516041, 0.026565850619759173, 0.0272557734372972, 0.02776644526036269, 0.02799937699621002, 0.02818388188652303, 0.02806005928616626, 0.028083982827741123, 0.02781538632605852, 0.027763976455106594, 0.028120518002563644, 0.028688559534023904, 0.029389365084960088, 0.030059907204608147, 0.03052096911154336, 0.031053468449087778, 0.03142000488428638, 0.03173833045042581, 0.031892653890475096, 0.03198060527161537, 0.031944507243272385, 0.03180892531117334, 0.03180195743523648, 0.03175983113429147, 0.03185651864929952, 0.032146459060636644, 0.032526908876218445, 0.033087790299913135, 0.03370146462957083, 0.0342847740780508, 0.0344768243549477, 0.03441738754137779, 0.034008301029805295]",0.05488023496470325,0.06461673738391616,0.00744928105305823,0.05437231282163363,0.0,0.0,0.029811085482818855,0.06461673738391616,0.00744928105305823,0.05437231282163363,5.5440000000000005,1717635306.2568884,2024-06-06_10-55-06
0.5059,0.01704,0.4870342494733391,0.4396429306756282,0.010062904465415032,0.4345775145231118,0.5059,0.01704,0.5156420980512044,0.4396429306756282,0.010062904465415032,0.4345775145231118,0.05291870088860013,"[0.011315756658919754, 0.012192407496521018, 0.01288995615295488, 0.01359963525141729, 0.014321891165186378, 0.015181047888625853, 0.01592941522152252, 0.01673874496494045, 0.01751440457689525, 0.01835087734908702, 0.019202544572813795, 0.020070622325609303, 0.02095627718778323, 0.02186061264947246, 0.022737260153569413, 0.023681097053535004, 0.024646250751560458, 0.025633386418693636, 0.02659237614956749, 0.027623542314219474, 0.0286250346734827, 0.029647102596467904, 0.03056454213255984, 0.031680305841655834, 0.03263530150735364, 0.033606764937046466, 0.034593095597664145, 0.03536350794006898, 0.035930760474075646, 0.03631257033147624, 0.03661317474198803, 0.03688385713543919, 0.03738127616234113, 0.037934719347479336, 0.03858163380471939, 0.03921882339006296, 0.03999131852533767, 0.04074980907886149, 0.04127472956039594, 0.04151563832077664, 0.04151964454301027, 0.04123464219442919, 0.04096829512038153, 0.04056460486818273, 0.04028281736824196, 0.04000166841569801, 0.03919762289117317, 0.037812479337396496, 0.03622310391275238, 0.03453579653228067, 0.0330206041779641, 0.031565009966306234, 0.03054064037737075, 0.029904305612678588, 0.029394155816597912, 0.028896840658953926, 0.02825322628704274, 0.027685220830545497, 0.02666364029859006, 0.025486033827772144, 0.02414387260068274, 0.023028867611909868, 0.022681878550084772, 0.02299235797660897, 0.02387546679328945, 0.024738332374206702, 0.025547718436096926, 0.026640938816603423, 0.02759836215880636, 0.028240938725365098, 0.028199955208514017, 0.028168175430310402, 0.02767018559717724, 0.027414861073674215, 0.027239233260695786, 0.0274939869379551, 0.027874761581110984, 0.02868161073982207, 0.029514734605865275, 0.030345172291974937, 0.031248268714928727, 0.032298002681611045, 0.033509628354587276, 0.0348066615601669, 0.03569061118903811, 0.03631377821401384, 0.03654105211474412, 0.03646788532881584, 0.03572808397059345, 0.03427781350345514, 0.03309813106562172, 0.031639416134799855, 0.02970329439236902, 0.027599049067936567, 0.02603054913364457, 0.024090316372098155, 0.02220132238001286, 0.02051452966091278, 0.019044426362309692, 0.017805605247084858, 0.01643252777018217, 0.01523003850809785, 0.01424180324883461, 0.013706552220618947, 0.0130880570946912, 0.012988920737072255, 0.013178248200839212, 0.013386796436950147, 0.01359897371732897, 0.01439195864266014, 0.015495810506657983, 0.016686507754200334, 0.01807173050136072, 0.019341411872889052, 0.020370802976522343, 0.0213787239197115, 0.02262888584538598, 0.02401686851684336, 0.025523335513576738, 0.026670410326906566, 0.02758824337325398, 0.02810647098585074, 0.028219175888028712, 0.02804128716256827, 0.027840212128430745, 0.02799079668741686, 0.027988272685847155, 0.02831306909632167, 0.028434723397990712, 0.0285549391753426, 0.02832607944879636, 0.02800347501499142, 0.027460301198426997, 0.02681840364884072, 0.026203190519756815, 0.02552364346313934, 0.024940794741503684, 0.024553643852497812, 0.024009602077058226, 0.023587486328410737, 0.023053226444370627, 0.02237349941244249, 0.021247392964358097, 0.01948489409103017, 0.01759577829009665, 0.015969918059865678, 0.014849832783247986, 0.014164911869984548, 0.013546042864334782, 0.01328357500957488, 0.012905521640083246, 0.012806686101790404, 0.01256569256360443, 0.01270015008783326, 0.013333718053885597, 0.014364706842779438, 0.015230812921928084, 0.016214173123414017, 0.017422309714956504, 0.01848297873673576, 0.019690103784110968, 0.02062988015396428, 0.021304326954883004, 0.021542023987470748, 0.021445001132587415, 0.02128479356968176, 0.021154257299581803, 0.020548768777841446, 0.020419411659703072, 0.020346908766621045, 0.02018386842926173, 0.020060715556614095, 0.019970155121820186, 0.019905412966441507, 0.019860328269953802, 0.019689549628068632, 0.019110038324468673, 0.018401772510693467, 0.01773443768827515, 0.01691379473734185, 0.0163889904882787, 0.015891976533507178, 0.015695148472402557, 0.015634975895130635, 0.01548249397414641, 0.015250362203767827, 0.01446715870868431, 0.013690714184349355, 0.013111437378948002, 0.01280400987898366, 0.012789088065484542, 0.012885508256999974, 0.012645414791893052, 0.012533763320360268, 0.01300792748125149, 0.014045480441271196, 0.015593406388961941, 0.017496649938682926, 0.01947963017829757, 0.021814960986639112, 0.0244888991790445, 0.027455202671237973, 0.030462142682767764, 0.03347516022004274, 0.03632355277573078, 0.03911728575744543, 0.041489125175428104, 0.043617926344794986, 0.04507509866910146, 0.045973158335007626, 0.046666313335408376, 0.047747911364257295, 0.04910015737076979, 0.051170936172887156, 0.05323921785426519, 0.05484930583024696, 0.05598397968583077, 0.056516639752925084, 0.05678375349578094, 0.05655312215346535, 0.05709318659280136, 0.05753330561326649, 0.05822424761198231, 0.05856641837777238, 0.058663546697002605, 0.05829520111627496, 0.058019458378357286, 0.05786276302771312, 0.057678835712609886, 0.05721489013034267, 0.05620972754199197, 0.05488023496470325, 0.05291870088860013, 0.05085359195424363, 0.04836971777146554, 0.045888993393773454, 0.04332790860019442, 0.040721243397433354, 0.03815348906679705, 0.03609755066086763, 0.03431153121207709, 0.03269994312791247, 0.03113246913067769, 0.029533434333839276, 0.02779284963423818, 0.02581340528028532, 0.023636664296078556, 0.021032966406022018, 0.018298152858289164, 0.015471223173718233, 0.012975006021594128, 0.011476514573927241, 0.011190786613452559, 0.012013514795745658, 0.013192708648177051, 0.0146026096239084, 0.016627808096549106, 0.019288816219412905, 0.022115031993867204, 0.024956066779425322, 0.027947127033299147, 0.030317719296220055, 0.03213024736687776, 0.033908117916643665, 0.035613155393420214, 0.03695858371541455, 0.0370883147011733, 0.035844860180821725, 0.03331269225961453, 0.030127822662769057, 0.026675716455458534, 0.02305094507263966, 0.019294584365168215, 0.016588874620184203, 0.013459760460278334, 0.010513659470637583, 0.008184205378854309, 0.005908681970234855, 0.003908372487361734, 0.002250880846271649, 0.001837561814419065, 0.003902446460586522, 0.00649131804032715, 0.008842266053540701, 0.011337576744963709, 0.013847821453172829, 0.016241515374979285, 0.018506880743639053, 0.020753891025054552, 0.022854281545735794, 0.025177910908837288, 0.027764777035113285, 0.0302577363231247, 0.032552204835272186, 0.033962244268502154, 0.03530995724171245, 0.036795414568091225, 0.03840706162943578, 0.039993850675796264, 0.04133645030179679, 0.04211247094820217, 0.04239213751353172, 0.042192499106345205, 0.04200269786908514, 0.041897190162155235, 0.041830932940717325, 0.04166737666619139, 0.04206882264734189, 0.0426127097658282, 0.042895687146734904, 0.04300135533202284, 0.04249799814293581, 0.041897582995049115, 0.04072077112408416, 0.03927976254850985, 0.037331499513228325, 0.035889992777759706, 0.03456359233645024, 0.033243529781910974, 0.03199033675126687, 0.03059935779738079, 0.029272240636492235, 0.027900707354997015, 0.02654938414970694, 0.02543173352052397, 0.024311103096379235, 0.023065212419431085, 0.021685454855791198, 0.02041159885695607, 0.019056064221564174, 0.017656707279948437, 0.01626614648165674, 0.015012383850973622, 0.013603567963072178, 0.012189757837366814, 0.010674529938407772, 0.009407142987148039, 0.008344525906195775, 0.007439054007672372, 0.0072034584519923735, 0.007775010970036668, 0.009047582903156274, 0.010731538882415681, 0.01253460028234948, 0.014333543563369548, 0.016070624592636203, 0.017817726146123574, 0.019557256660804743, 0.02116824086555951, 0.022529303997840977, 0.023628588936546305, 0.02391411988476377, 0.02359656311707365, 0.022355277074164143, 0.020961866673625245, 0.018393580144489934, 0.015660552711922182, 0.013874328661167971, 0.01254026736778108, 0.011812131260623127, 0.010800298354986543, 0.00961805971638548, 0.008471507575266851, 0.007656757785702683, 0.006719580941926242, 0.0056999472982024405, 0.005125787188458596, 0.00504686530895439, 0.005697178935649704, 0.006245540782853768, 0.0070976650798796875, 0.007900543705723831, 0.008755370167568399, 0.009807746909975117, 0.011209592216881203, 0.01276960312030194, 0.014467251258771754, 0.015865855510978952, 0.01751794577394112, 0.01978728846519214, 0.022540086452385207, 0.024859037758439572, 0.02589623397823137, 0.02611181133516041, 0.026565850619759173, 0.0272557734372972, 0.02776644526036269, 0.02799937699621002, 0.02818388188652303, 0.02806005928616626, 0.028083982827741123, 0.02781538632605852, 0.027763976455106594, 0.028120518002563644, 0.028688559534023904, 0.029389365084960088, 0.030059907204608147, 0.03052096911154336, 0.031053468449087778, 0.03142000488428638, 0.03173833045042581, 0.031892653890475096, 0.03198060527161537, 0.031944507243272385, 0.03180892531117334, 0.03180195743523648, 0.03175983113429147, 0.03185651864929952, 0.032146459060636644, 0.032526908876218445, 0.033087790299913135, 0.03370146462957083, 0.0342847740780508, 0.0344768243549477, 0.03441738754137779, 0.034008301029805295]",0.05291870088860013,0.06625706932437181,0.0069770955345849674,0.052456734950227346,0.0,0.0,0.028607848577865302,0.06625706932437181,0.0069770955345849674,0.052456734950227346,5.568,1717635306.2811766,2024-06-06_10-55-06
0.5059,0.017759999999999998,0.4872453729254905,0.43816731132843406,0.010915139004871077,0.43685454347601554,0.5059,0.017759999999999998,0.5146499845984022,0.43816731132843406,0.010915139004871077,0.43685454347601554,0.05085359195424363,"[0.011315756658919754, 0.012192407496521018, 0.01288995615295488, 0.01359963525141729, 0.014321891165186378, 0.015181047888625853, 0.01592941522152252, 0.01673874496494045, 0.01751440457689525, 0.01835087734908702, 0.019202544572813795, 0.020070622325609303, 0.02095627718778323, 0.02186061264947246, 0.022737260153569413, 0.023681097053535004, 0.024646250751560458, 0.025633386418693636, 0.02659237614956749, 0.027623542314219474, 0.0286250346734827, 0.029647102596467904, 0.03056454213255984, 0.031680305841655834, 0.03263530150735364, 0.033606764937046466, 0.034593095597664145, 0.03536350794006898, 0.035930760474075646, 0.03631257033147624, 0.03661317474198803, 0.03688385713543919, 0.03738127616234113, 0.037934719347479336, 0.03858163380471939, 0.03921882339006296, 0.03999131852533767, 0.04074980907886149, 0.04127472956039594, 0.04151563832077664, 0.04151964454301027, 0.04123464219442919, 0.04096829512038153, 0.04056460486818273, 0.04028281736824196, 0.04000166841569801, 0.03919762289117317, 0.037812479337396496, 0.03622310391275238, 0.03453579653228067, 0.0330206041779641, 0.031565009966306234, 0.03054064037737075, 0.029904305612678588, 0.029394155816597912, 0.028896840658953926, 0.02825322628704274, 0.027685220830545497, 0.02666364029859006, 0.025486033827772144, 0.02414387260068274, 0.023028867611909868, 0.022681878550084772, 0.02299235797660897, 0.02387546679328945, 0.024738332374206702, 0.025547718436096926, 0.026640938816603423, 0.02759836215880636, 0.028240938725365098, 0.028199955208514017, 0.028168175430310402, 0.02767018559717724, 0.027414861073674215, 0.027239233260695786, 0.0274939869379551, 0.027874761581110984, 0.02868161073982207, 0.029514734605865275, 0.030345172291974937, 0.031248268714928727, 0.032298002681611045, 0.033509628354587276, 0.0348066615601669, 0.03569061118903811, 0.03631377821401384, 0.03654105211474412, 0.03646788532881584, 0.03572808397059345, 0.03427781350345514, 0.03309813106562172, 0.031639416134799855, 0.02970329439236902, 0.027599049067936567, 0.02603054913364457, 0.024090316372098155, 0.02220132238001286, 0.02051452966091278, 0.019044426362309692, 0.017805605247084858, 0.01643252777018217, 0.01523003850809785, 0.01424180324883461, 0.013706552220618947, 0.0130880570946912, 0.012988920737072255, 0.013178248200839212, 0.013386796436950147, 0.01359897371732897, 0.01439195864266014, 0.015495810506657983, 0.016686507754200334, 0.01807173050136072, 0.019341411872889052, 0.020370802976522343, 0.0213787239197115, 0.02262888584538598, 0.02401686851684336, 0.025523335513576738, 0.026670410326906566, 0.02758824337325398, 0.02810647098585074, 0.028219175888028712, 0.02804128716256827, 0.027840212128430745, 0.02799079668741686, 0.027988272685847155, 0.02831306909632167, 0.028434723397990712, 0.0285549391753426, 0.02832607944879636, 0.02800347501499142, 0.027460301198426997, 0.02681840364884072, 0.026203190519756815, 0.02552364346313934, 0.024940794741503684, 0.024553643852497812, 0.024009602077058226, 0.023587486328410737, 0.023053226444370627, 0.02237349941244249, 0.021247392964358097, 0.01948489409103017, 0.01759577829009665, 0.015969918059865678, 0.014849832783247986, 0.014164911869984548, 0.013546042864334782, 0.01328357500957488, 0.012905521640083246, 0.012806686101790404, 0.01256569256360443, 0.01270015008783326, 0.013333718053885597, 0.014364706842779438, 0.015230812921928084, 0.016214173123414017, 0.017422309714956504, 0.01848297873673576, 0.019690103784110968, 0.02062988015396428, 0.021304326954883004, 0.021542023987470748, 0.021445001132587415, 0.02128479356968176, 0.021154257299581803, 0.020548768777841446, 0.020419411659703072, 0.020346908766621045, 0.02018386842926173, 0.020060715556614095, 0.019970155121820186, 0.019905412966441507, 0.019860328269953802, 0.019689549628068632, 0.019110038324468673, 0.018401772510693467, 0.01773443768827515, 0.01691379473734185, 0.0163889904882787, 0.015891976533507178, 0.015695148472402557, 0.015634975895130635, 0.01548249397414641, 0.015250362203767827, 0.01446715870868431, 0.013690714184349355, 0.013111437378948002, 0.01280400987898366, 0.012789088065484542, 0.012885508256999974, 0.012645414791893052, 0.012533763320360268, 0.01300792748125149, 0.014045480441271196, 0.015593406388961941, 0.017496649938682926, 0.01947963017829757, 0.021814960986639112, 0.0244888991790445, 0.027455202671237973, 0.030462142682767764, 0.03347516022004274, 0.03632355277573078, 0.03911728575744543, 0.041489125175428104, 0.043617926344794986, 0.04507509866910146, 0.045973158335007626, 0.046666313335408376, 0.047747911364257295, 0.04910015737076979, 0.051170936172887156, 0.05323921785426519, 0.05484930583024696, 0.05598397968583077, 0.056516639752925084, 0.05678375349578094, 0.05655312215346535, 0.05709318659280136, 0.05753330561326649, 0.05822424761198231, 0.05856641837777238, 0.058663546697002605, 0.05829520111627496, 0.058019458378357286, 0.05786276302771312, 0.057678835712609886, 0.05721489013034267, 0.05620972754199197, 0.05488023496470325, 0.05291870088860013, 0.05085359195424363, 0.04836971777146554, 0.045888993393773454, 0.04332790860019442, 0.040721243397433354, 0.03815348906679705, 0.03609755066086763, 0.03431153121207709, 0.03269994312791247, 0.03113246913067769, 0.029533434333839276, 0.02779284963423818, 0.02581340528028532, 0.023636664296078556, 0.021032966406022018, 0.018298152858289164, 0.015471223173718233, 0.012975006021594128, 0.011476514573927241, 0.011190786613452559, 0.012013514795745658, 0.013192708648177051, 0.0146026096239084, 0.016627808096549106, 0.019288816219412905, 0.022115031993867204, 0.024956066779425322, 0.027947127033299147, 0.030317719296220055, 0.03213024736687776, 0.033908117916643665, 0.035613155393420214, 0.03695858371541455, 0.0370883147011733, 0.035844860180821725, 0.03331269225961453, 0.030127822662769057, 0.026675716455458534, 0.02305094507263966, 0.019294584365168215, 0.016588874620184203, 0.013459760460278334, 0.010513659470637583, 0.008184205378854309, 0.005908681970234855, 0.003908372487361734, 0.002250880846271649, 0.001837561814419065, 0.003902446460586522, 0.00649131804032715, 0.008842266053540701, 0.011337576744963709, 0.013847821453172829, 0.016241515374979285, 0.018506880743639053, 0.020753891025054552, 0.022854281545735794, 0.025177910908837288, 0.027764777035113285, 0.0302577363231247, 0.032552204835272186, 0.033962244268502154, 0.03530995724171245, 0.036795414568091225, 0.03840706162943578, 0.039993850675796264, 0.04133645030179679, 0.04211247094820217, 0.04239213751353172, 0.042192499106345205, 0.04200269786908514, 0.041897190162155235, 0.041830932940717325, 0.04166737666619139, 0.04206882264734189, 0.0426127097658282, 0.042895687146734904, 0.04300135533202284, 0.04249799814293581, 0.041897582995049115, 0.04072077112408416, 0.03927976254850985, 0.037331499513228325, 0.035889992777759706, 0.03456359233645024, 0.033243529781910974, 0.03199033675126687, 0.03059935779738079, 0.029272240636492235, 0.027900707354997015, 0.02654938414970694, 0.02543173352052397, 0.024311103096379235, 0.023065212419431085, 0.021685454855791198, 0.02041159885695607, 0.019056064221564174, 0.017656707279948437, 0.01626614648165674, 0.015012383850973622, 0.013603567963072178, 0.012189757837366814, 0.010674529938407772, 0.009407142987148039, 0.008344525906195775, 0.007439054007672372, 0.0072034584519923735, 0.007775010970036668, 0.009047582903156274, 0.010731538882415681, 0.01253460028234948, 0.014333543563369548, 0.016070624592636203, 0.017817726146123574, 0.019557256660804743, 0.02116824086555951, 0.022529303997840977, 0.023628588936546305, 0.02391411988476377, 0.02359656311707365, 0.022355277074164143, 0.020961866673625245, 0.018393580144489934, 0.015660552711922182, 0.013874328661167971, 0.01254026736778108, 0.011812131260623127, 0.010800298354986543, 0.00961805971638548, 0.008471507575266851, 0.007656757785702683, 0.006719580941926242, 0.0056999472982024405, 0.005125787188458596, 0.00504686530895439, 0.005697178935649704, 0.006245540782853768, 0.0070976650798796875, 0.007900543705723831, 0.008755370167568399, 0.009807746909975117, 0.011209592216881203, 0.01276960312030194, 0.014467251258771754, 0.015865855510978952, 0.01751794577394112, 0.01978728846519214, 0.022540086452385207, 0.024859037758439572, 0.02589623397823137, 0.02611181133516041, 0.026565850619759173, 0.0272557734372972, 0.02776644526036269, 0.02799937699621002, 0.02818388188652303, 0.02806005928616626, 0.028083982827741123, 0.02781538632605852, 0.027763976455106594, 0.028120518002563644, 0.028688559534023904, 0.029389365084960088, 0.030059907204608147, 0.03052096911154336, 0.031053468449087778, 0.03142000488428638, 0.03173833045042581, 0.031892653890475096, 0.03198060527161537, 0.031944507243272385, 0.03180892531117334, 0.03180195743523648, 0.03175983113429147, 0.03185651864929952, 0.032146459060636644, 0.032526908876218445, 0.033087790299913135, 0.03370146462957083, 0.0342847740780508, 0.0344768243549477, 0.03441738754137779, 0.034008301029805295]",0.05085359195424363,0.06773268867156595,0.0068448609951289215,0.05039082944947498,0.0,0.0,0.02740461167291164,0.06773268867156595,0.0068448609951289215,0.05039082944947498,5.5920000000000005,1717635306.3052568,2024-06-06_10-55-06
0.5059,0.018479999999999996,0.4872627534608663,0.4366442862128458,0.011575333097249722,0.43938838482530834,0.5059,0.018479999999999996,0.5135586040849274,0.4366442862128458,0.011575333097249722,0.43938838482530834,0.04836971777146554,"[0.011315756658919754, 0.012192407496521018, 0.01288995615295488, 0.01359963525141729, 0.014321891165186378, 0.015181047888625853, 0.01592941522152252, 0.01673874496494045, 0.01751440457689525, 0.01835087734908702, 0.019202544572813795, 0.020070622325609303, 0.02095627718778323, 0.02186061264947246, 0.022737260153569413, 0.023681097053535004, 0.024646250751560458, 0.025633386418693636, 0.02659237614956749, 0.027623542314219474, 0.0286250346734827, 0.029647102596467904, 0.03056454213255984, 0.031680305841655834, 0.03263530150735364, 0.033606764937046466, 0.034593095597664145, 0.03536350794006898, 0.035930760474075646, 0.03631257033147624, 0.03661317474198803, 0.03688385713543919, 0.03738127616234113, 0.037934719347479336, 0.03858163380471939, 0.03921882339006296, 0.03999131852533767, 0.04074980907886149, 0.04127472956039594, 0.04151563832077664, 0.04151964454301027, 0.04123464219442919, 0.04096829512038153, 0.04056460486818273, 0.04028281736824196, 0.04000166841569801, 0.03919762289117317, 0.037812479337396496, 0.03622310391275238, 0.03453579653228067, 0.0330206041779641, 0.031565009966306234, 0.03054064037737075, 0.029904305612678588, 0.029394155816597912, 0.028896840658953926, 0.02825322628704274, 0.027685220830545497, 0.02666364029859006, 0.025486033827772144, 0.02414387260068274, 0.023028867611909868, 0.022681878550084772, 0.02299235797660897, 0.02387546679328945, 0.024738332374206702, 0.025547718436096926, 0.026640938816603423, 0.02759836215880636, 0.028240938725365098, 0.028199955208514017, 0.028168175430310402, 0.02767018559717724, 0.027414861073674215, 0.027239233260695786, 0.0274939869379551, 0.027874761581110984, 0.02868161073982207, 0.029514734605865275, 0.030345172291974937, 0.031248268714928727, 0.032298002681611045, 0.033509628354587276, 0.0348066615601669, 0.03569061118903811, 0.03631377821401384, 0.03654105211474412, 0.03646788532881584, 0.03572808397059345, 0.03427781350345514, 0.03309813106562172, 0.031639416134799855, 0.02970329439236902, 0.027599049067936567, 0.02603054913364457, 0.024090316372098155, 0.02220132238001286, 0.02051452966091278, 0.019044426362309692, 0.017805605247084858, 0.01643252777018217, 0.01523003850809785, 0.01424180324883461, 0.013706552220618947, 0.0130880570946912, 0.012988920737072255, 0.013178248200839212, 0.013386796436950147, 0.01359897371732897, 0.01439195864266014, 0.015495810506657983, 0.016686507754200334, 0.01807173050136072, 0.019341411872889052, 0.020370802976522343, 0.0213787239197115, 0.02262888584538598, 0.02401686851684336, 0.025523335513576738, 0.026670410326906566, 0.02758824337325398, 0.02810647098585074, 0.028219175888028712, 0.02804128716256827, 0.027840212128430745, 0.02799079668741686, 0.027988272685847155, 0.02831306909632167, 0.028434723397990712, 0.0285549391753426, 0.02832607944879636, 0.02800347501499142, 0.027460301198426997, 0.02681840364884072, 0.026203190519756815, 0.02552364346313934, 0.024940794741503684, 0.024553643852497812, 0.024009602077058226, 0.023587486328410737, 0.023053226444370627, 0.02237349941244249, 0.021247392964358097, 0.01948489409103017, 0.01759577829009665, 0.015969918059865678, 0.014849832783247986, 0.014164911869984548, 0.013546042864334782, 0.01328357500957488, 0.012905521640083246, 0.012806686101790404, 0.01256569256360443, 0.01270015008783326, 0.013333718053885597, 0.014364706842779438, 0.015230812921928084, 0.016214173123414017, 0.017422309714956504, 0.01848297873673576, 0.019690103784110968, 0.02062988015396428, 0.021304326954883004, 0.021542023987470748, 0.021445001132587415, 0.02128479356968176, 0.021154257299581803, 0.020548768777841446, 0.020419411659703072, 0.020346908766621045, 0.02018386842926173, 0.020060715556614095, 0.019970155121820186, 0.019905412966441507, 0.019860328269953802, 0.019689549628068632, 0.019110038324468673, 0.018401772510693467, 0.01773443768827515, 0.01691379473734185, 0.0163889904882787, 0.015891976533507178, 0.015695148472402557, 0.015634975895130635, 0.01548249397414641, 0.015250362203767827, 0.01446715870868431, 0.013690714184349355, 0.013111437378948002, 0.01280400987898366, 0.012789088065484542, 0.012885508256999974, 0.012645414791893052, 0.012533763320360268, 0.01300792748125149, 0.014045480441271196, 0.015593406388961941, 0.017496649938682926, 0.01947963017829757, 0.021814960986639112, 0.0244888991790445, 0.027455202671237973, 0.030462142682767764, 0.03347516022004274, 0.03632355277573078, 0.03911728575744543, 0.041489125175428104, 0.043617926344794986, 0.04507509866910146, 0.045973158335007626, 0.046666313335408376, 0.047747911364257295, 0.04910015737076979, 0.051170936172887156, 0.05323921785426519, 0.05484930583024696, 0.05598397968583077, 0.056516639752925084, 0.05678375349578094, 0.05655312215346535, 0.05709318659280136, 0.05753330561326649, 0.05822424761198231, 0.05856641837777238, 0.058663546697002605, 0.05829520111627496, 0.058019458378357286, 0.05786276302771312, 0.057678835712609886, 0.05721489013034267, 0.05620972754199197, 0.05488023496470325, 0.05291870088860013, 0.05085359195424363, 0.04836971777146554, 0.045888993393773454, 0.04332790860019442, 0.040721243397433354, 0.03815348906679705, 0.03609755066086763, 0.03431153121207709, 0.03269994312791247, 0.03113246913067769, 0.029533434333839276, 0.02779284963423818, 0.02581340528028532, 0.023636664296078556, 0.021032966406022018, 0.018298152858289164, 0.015471223173718233, 0.012975006021594128, 0.011476514573927241, 0.011190786613452559, 0.012013514795745658, 0.013192708648177051, 0.0146026096239084, 0.016627808096549106, 0.019288816219412905, 0.022115031993867204, 0.024956066779425322, 0.027947127033299147, 0.030317719296220055, 0.03213024736687776, 0.033908117916643665, 0.035613155393420214, 0.03695858371541455, 0.0370883147011733, 0.035844860180821725, 0.03331269225961453, 0.030127822662769057, 0.026675716455458534, 0.02305094507263966, 0.019294584365168215, 0.016588874620184203, 0.013459760460278334, 0.010513659470637583, 0.008184205378854309, 0.005908681970234855, 0.003908372487361734, 0.002250880846271649, 0.001837561814419065, 0.003902446460586522, 0.00649131804032715, 0.008842266053540701, 0.011337576744963709, 0.013847821453172829, 0.016241515374979285, 0.018506880743639053, 0.020753891025054552, 0.022854281545735794, 0.025177910908837288, 0.027764777035113285, 0.0302577363231247, 0.032552204835272186, 0.033962244268502154, 0.03530995724171245, 0.036795414568091225, 0.03840706162943578, 0.039993850675796264, 0.04133645030179679, 0.04211247094820217, 0.04239213751353172, 0.042192499106345205, 0.04200269786908514, 0.041897190162155235, 0.041830932940717325, 0.04166737666619139, 0.04206882264734189, 0.0426127097658282, 0.042895687146734904, 0.04300135533202284, 0.04249799814293581, 0.041897582995049115, 0.04072077112408416, 0.03927976254850985, 0.037331499513228325, 0.035889992777759706, 0.03456359233645024, 0.033243529781910974, 0.03199033675126687, 0.03059935779738079, 0.029272240636492235, 0.027900707354997015, 0.02654938414970694, 0.02543173352052397, 0.024311103096379235, 0.023065212419431085, 0.021685454855791198, 0.02041159885695607, 0.019056064221564174, 0.017656707279948437, 0.01626614648165674, 0.015012383850973622, 0.013603567963072178, 0.012189757837366814, 0.010674529938407772, 0.009407142987148039, 0.008344525906195775, 0.007439054007672372, 0.0072034584519923735, 0.007775010970036668, 0.009047582903156274, 0.010731538882415681, 0.01253460028234948, 0.014333543563369548, 0.016070624592636203, 0.017817726146123574, 0.019557256660804743, 0.02116824086555951, 0.022529303997840977, 0.023628588936546305, 0.02391411988476377, 0.02359656311707365, 0.022355277074164143, 0.020961866673625245, 0.018393580144489934, 0.015660552711922182, 0.013874328661167971, 0.01254026736778108, 0.011812131260623127, 0.010800298354986543, 0.00961805971638548, 0.008471507575266851, 0.007656757785702683, 0.006719580941926242, 0.0056999472982024405, 0.005125787188458596, 0.00504686530895439, 0.005697178935649704, 0.006245540782853768, 0.0070976650798796875, 0.007900543705723831, 0.008755370167568399, 0.009807746909975117, 0.011209592216881203, 0.01276960312030194, 0.014467251258771754, 0.015865855510978952, 0.01751794577394112, 0.01978728846519214, 0.022540086452385207, 0.024859037758439572, 0.02589623397823137, 0.02611181133516041, 0.026565850619759173, 0.0272557734372972, 0.02776644526036269, 0.02799937699621002, 0.02818388188652303, 0.02806005928616626, 0.028083982827741123, 0.02781538632605852, 0.027763976455106594, 0.028120518002563644, 0.028688559534023904, 0.029389365084960088, 0.030059907204608147, 0.03052096911154336, 0.031053468449087778, 0.03142000488428638, 0.03173833045042581, 0.031892653890475096, 0.03198060527161537, 0.031944507243272385, 0.03180892531117334, 0.03180195743523648, 0.03175983113429147, 0.03185651864929952, 0.032146459060636644, 0.032526908876218445, 0.033087790299913135, 0.03370146462957083, 0.0342847740780508, 0.0344768243549477, 0.03441738754137779, 0.034008301029805295]",0.04836971777146554,0.06925571378715423,0.006904666902750274,0.04787436863555794,0.0,0.0,0.02629585062406109,0.06925571378715423,0.006904666902750274,0.04787436863555794,5.616,1717635306.3290405,2024-06-06_10-55-06
0.5059,0.019199999999999995,0.48708851099989037,0.43502127871334284,0.012621630231201202,0.4416734830258955,0.5059,0.019199999999999995,0.5123228385031525,0.43502127871334284,0.012621630231201202,0.4416734830258955,0.045888993393773454,"[0.011315756658919754, 0.012192407496521018, 0.01288995615295488, 0.01359963525141729, 0.014321891165186378, 0.015181047888625853, 0.01592941522152252, 0.01673874496494045, 0.01751440457689525, 0.01835087734908702, 0.019202544572813795, 0.020070622325609303, 0.02095627718778323, 0.02186061264947246, 0.022737260153569413, 0.023681097053535004, 0.024646250751560458, 0.025633386418693636, 0.02659237614956749, 0.027623542314219474, 0.0286250346734827, 0.029647102596467904, 0.03056454213255984, 0.031680305841655834, 0.03263530150735364, 0.033606764937046466, 0.034593095597664145, 0.03536350794006898, 0.035930760474075646, 0.03631257033147624, 0.03661317474198803, 0.03688385713543919, 0.03738127616234113, 0.037934719347479336, 0.03858163380471939, 0.03921882339006296, 0.03999131852533767, 0.04074980907886149, 0.04127472956039594, 0.04151563832077664, 0.04151964454301027, 0.04123464219442919, 0.04096829512038153, 0.04056460486818273, 0.04028281736824196, 0.04000166841569801, 0.03919762289117317, 0.037812479337396496, 0.03622310391275238, 0.03453579653228067, 0.0330206041779641, 0.031565009966306234, 0.03054064037737075, 0.029904305612678588, 0.029394155816597912, 0.028896840658953926, 0.02825322628704274, 0.027685220830545497, 0.02666364029859006, 0.025486033827772144, 0.02414387260068274, 0.023028867611909868, 0.022681878550084772, 0.02299235797660897, 0.02387546679328945, 0.024738332374206702, 0.025547718436096926, 0.026640938816603423, 0.02759836215880636, 0.028240938725365098, 0.028199955208514017, 0.028168175430310402, 0.02767018559717724, 0.027414861073674215, 0.027239233260695786, 0.0274939869379551, 0.027874761581110984, 0.02868161073982207, 0.029514734605865275, 0.030345172291974937, 0.031248268714928727, 0.032298002681611045, 0.033509628354587276, 0.0348066615601669, 0.03569061118903811, 0.03631377821401384, 0.03654105211474412, 0.03646788532881584, 0.03572808397059345, 0.03427781350345514, 0.03309813106562172, 0.031639416134799855, 0.02970329439236902, 0.027599049067936567, 0.02603054913364457, 0.024090316372098155, 0.02220132238001286, 0.02051452966091278, 0.019044426362309692, 0.017805605247084858, 0.01643252777018217, 0.01523003850809785, 0.01424180324883461, 0.013706552220618947, 0.0130880570946912, 0.012988920737072255, 0.013178248200839212, 0.013386796436950147, 0.01359897371732897, 0.01439195864266014, 0.015495810506657983, 0.016686507754200334, 0.01807173050136072, 0.019341411872889052, 0.020370802976522343, 0.0213787239197115, 0.02262888584538598, 0.02401686851684336, 0.025523335513576738, 0.026670410326906566, 0.02758824337325398, 0.02810647098585074, 0.028219175888028712, 0.02804128716256827, 0.027840212128430745, 0.02799079668741686, 0.027988272685847155, 0.02831306909632167, 0.028434723397990712, 0.0285549391753426, 0.02832607944879636, 0.02800347501499142, 0.027460301198426997, 0.02681840364884072, 0.026203190519756815, 0.02552364346313934, 0.024940794741503684, 0.024553643852497812, 0.024009602077058226, 0.023587486328410737, 0.023053226444370627, 0.02237349941244249, 0.021247392964358097, 0.01948489409103017, 0.01759577829009665, 0.015969918059865678, 0.014849832783247986, 0.014164911869984548, 0.013546042864334782, 0.01328357500957488, 0.012905521640083246, 0.012806686101790404, 0.01256569256360443, 0.01270015008783326, 0.013333718053885597, 0.014364706842779438, 0.015230812921928084, 0.016214173123414017, 0.017422309714956504, 0.01848297873673576, 0.019690103784110968, 0.02062988015396428, 0.021304326954883004, 0.021542023987470748, 0.021445001132587415, 0.02128479356968176, 0.021154257299581803, 0.020548768777841446, 0.020419411659703072, 0.020346908766621045, 0.02018386842926173, 0.020060715556614095, 0.019970155121820186, 0.019905412966441507, 0.019860328269953802, 0.019689549628068632, 0.019110038324468673, 0.018401772510693467, 0.01773443768827515, 0.01691379473734185, 0.0163889904882787, 0.015891976533507178, 0.015695148472402557, 0.015634975895130635, 0.01548249397414641, 0.015250362203767827, 0.01446715870868431, 0.013690714184349355, 0.013111437378948002, 0.01280400987898366, 0.012789088065484542, 0.012885508256999974, 0.012645414791893052, 0.012533763320360268, 0.01300792748125149, 0.014045480441271196, 0.015593406388961941, 0.017496649938682926, 0.01947963017829757, 0.021814960986639112, 0.0244888991790445, 0.027455202671237973, 0.030462142682767764, 0.03347516022004274, 0.03632355277573078, 0.03911728575744543, 0.041489125175428104, 0.043617926344794986, 0.04507509866910146, 0.045973158335007626, 0.046666313335408376, 0.047747911364257295, 0.04910015737076979, 0.051170936172887156, 0.05323921785426519, 0.05484930583024696, 0.05598397968583077, 0.056516639752925084, 0.05678375349578094, 0.05655312215346535, 0.05709318659280136, 0.05753330561326649, 0.05822424761198231, 0.05856641837777238, 0.058663546697002605, 0.05829520111627496, 0.058019458378357286, 0.05786276302771312, 0.057678835712609886, 0.05721489013034267, 0.05620972754199197, 0.05488023496470325, 0.05291870088860013, 0.05085359195424363, 0.04836971777146554, 0.045888993393773454, 0.04332790860019442, 0.040721243397433354, 0.03815348906679705, 0.03609755066086763, 0.03431153121207709, 0.03269994312791247, 0.03113246913067769, 0.029533434333839276, 0.02779284963423818, 0.02581340528028532, 0.023636664296078556, 0.021032966406022018, 0.018298152858289164, 0.015471223173718233, 0.012975006021594128, 0.011476514573927241, 0.011190786613452559, 0.012013514795745658, 0.013192708648177051, 0.0146026096239084, 0.016627808096549106, 0.019288816219412905, 0.022115031993867204, 0.024956066779425322, 0.027947127033299147, 0.030317719296220055, 0.03213024736687776, 0.033908117916643665, 0.035613155393420214, 0.03695858371541455, 0.0370883147011733, 0.035844860180821725, 0.03331269225961453, 0.030127822662769057, 0.026675716455458534, 0.02305094507263966, 0.019294584365168215, 0.016588874620184203, 0.013459760460278334, 0.010513659470637583, 0.008184205378854309, 0.005908681970234855, 0.003908372487361734, 0.002250880846271649, 0.001837561814419065, 0.003902446460586522, 0.00649131804032715, 0.008842266053540701, 0.011337576744963709, 0.013847821453172829, 0.016241515374979285, 0.018506880743639053, 0.020753891025054552, 0.022854281545735794, 0.025177910908837288, 0.027764777035113285, 0.0302577363231247, 0.032552204835272186, 0.033962244268502154, 0.03530995724171245, 0.036795414568091225, 0.03840706162943578, 0.039993850675796264, 0.04133645030179679, 0.04211247094820217, 0.04239213751353172, 0.042192499106345205, 0.04200269786908514, 0.041897190162155235, 0.041830932940717325, 0.04166737666619139, 0.04206882264734189, 0.0426127097658282, 0.042895687146734904, 0.04300135533202284, 0.04249799814293581, 0.041897582995049115, 0.04072077112408416, 0.03927976254850985, 0.037331499513228325, 0.035889992777759706, 0.03456359233645024, 0.033243529781910974, 0.03199033675126687, 0.03059935779738079, 0.029272240636492235, 0.027900707354997015, 0.02654938414970694, 0.02543173352052397, 0.024311103096379235, 0.023065212419431085, 0.021685454855791198, 0.02041159885695607, 0.019056064221564174, 0.017656707279948437, 0.01626614648165674, 0.015012383850973622, 0.013603567963072178, 0.012189757837366814, 0.010674529938407772, 0.009407142987148039, 0.008344525906195775, 0.007439054007672372, 0.0072034584519923735, 0.007775010970036668, 0.009047582903156274, 0.010731538882415681, 0.01253460028234948, 0.014333543563369548, 0.016070624592636203, 0.017817726146123574, 0.019557256660804743, 0.02116824086555951, 0.022529303997840977, 0.023628588936546305, 0.02391411988476377, 0.02359656311707365, 0.022355277074164143, 0.020961866673625245, 0.018393580144489934, 0.015660552711922182, 0.013874328661167971, 0.01254026736778108, 0.011812131260623127, 0.010800298354986543, 0.00961805971638548, 0.008471507575266851, 0.007656757785702683, 0.006719580941926242, 0.0056999472982024405, 0.005125787188458596, 0.00504686530895439, 0.005697178935649704, 0.006245540782853768, 0.0070976650798796875, 0.007900543705723831, 0.008755370167568399, 0.009807746909975117, 0.011209592216881203, 0.01276960312030194, 0.014467251258771754, 0.015865855510978952, 0.01751794577394112, 0.01978728846519214, 0.022540086452385207, 0.024859037758439572, 0.02589623397823137, 0.02611181133516041, 0.026565850619759173, 0.0272557734372972, 0.02776644526036269, 0.02799937699621002, 0.02818388188652303, 0.02806005928616626, 0.028083982827741123, 0.02781538632605852, 0.027763976455106594, 0.028120518002563644, 0.028688559534023904, 0.029389365084960088, 0.030059907204608147, 0.03052096911154336, 0.031053468449087778, 0.03142000488428638, 0.03173833045042581, 0.031892653890475096, 0.03198060527161537, 0.031944507243272385, 0.03180892531117334, 0.03180195743523648, 0.03175983113429147, 0.03185651864929952, 0.032146459060636644, 0.032526908876218445, 0.033087790299913135, 0.03370146462957083, 0.0342847740780508, 0.0344768243549477, 0.03441738754137779, 0.034008301029805295]",0.045888993393773454,0.07087872128665718,0.0065783697687987926,0.04541502797399488,0.0,0.0,0.025234327503262155,0.07087872128665718,0.0065783697687987926,0.04541502797399488,5.64,1717635306.3532374,2024-06-06_10-55-06
0.5059,0.019919999999999993,0.4867256448902644,0.4335206991004762,0.013453553078436625,0.4438829940866854,0.5059,0.019919999999999993,0.5108984492727275,0.4335206991004762,0.013453553078436625,0.4438829940866854,0.04332790860019442,"[0.011315756658919754, 0.012192407496521018, 0.01288995615295488, 0.01359963525141729, 0.014321891165186378, 0.015181047888625853, 0.01592941522152252, 0.01673874496494045, 0.01751440457689525, 0.01835087734908702, 0.019202544572813795, 0.020070622325609303, 0.02095627718778323, 0.02186061264947246, 0.022737260153569413, 0.023681097053535004, 0.024646250751560458, 0.025633386418693636, 0.02659237614956749, 0.027623542314219474, 0.0286250346734827, 0.029647102596467904, 0.03056454213255984, 0.031680305841655834, 0.03263530150735364, 0.033606764937046466, 0.034593095597664145, 0.03536350794006898, 0.035930760474075646, 0.03631257033147624, 0.03661317474198803, 0.03688385713543919, 0.03738127616234113, 0.037934719347479336, 0.03858163380471939, 0.03921882339006296, 0.03999131852533767, 0.04074980907886149, 0.04127472956039594, 0.04151563832077664, 0.04151964454301027, 0.04123464219442919, 0.04096829512038153, 0.04056460486818273, 0.04028281736824196, 0.04000166841569801, 0.03919762289117317, 0.037812479337396496, 0.03622310391275238, 0.03453579653228067, 0.0330206041779641, 0.031565009966306234, 0.03054064037737075, 0.029904305612678588, 0.029394155816597912, 0.028896840658953926, 0.02825322628704274, 0.027685220830545497, 0.02666364029859006, 0.025486033827772144, 0.02414387260068274, 0.023028867611909868, 0.022681878550084772, 0.02299235797660897, 0.02387546679328945, 0.024738332374206702, 0.025547718436096926, 0.026640938816603423, 0.02759836215880636, 0.028240938725365098, 0.028199955208514017, 0.028168175430310402, 0.02767018559717724, 0.027414861073674215, 0.027239233260695786, 0.0274939869379551, 0.027874761581110984, 0.02868161073982207, 0.029514734605865275, 0.030345172291974937, 0.031248268714928727, 0.032298002681611045, 0.033509628354587276, 0.0348066615601669, 0.03569061118903811, 0.03631377821401384, 0.03654105211474412, 0.03646788532881584, 0.03572808397059345, 0.03427781350345514, 0.03309813106562172, 0.031639416134799855, 0.02970329439236902, 0.027599049067936567, 0.02603054913364457, 0.024090316372098155, 0.02220132238001286, 0.02051452966091278, 0.019044426362309692, 0.017805605247084858, 0.01643252777018217, 0.01523003850809785, 0.01424180324883461, 0.013706552220618947, 0.0130880570946912, 0.012988920737072255, 0.013178248200839212, 0.013386796436950147, 0.01359897371732897, 0.01439195864266014, 0.015495810506657983, 0.016686507754200334, 0.01807173050136072, 0.019341411872889052, 0.020370802976522343, 0.0213787239197115, 0.02262888584538598, 0.02401686851684336, 0.025523335513576738, 0.026670410326906566, 0.02758824337325398, 0.02810647098585074, 0.028219175888028712, 0.02804128716256827, 0.027840212128430745, 0.02799079668741686, 0.027988272685847155, 0.02831306909632167, 0.028434723397990712, 0.0285549391753426, 0.02832607944879636, 0.02800347501499142, 0.027460301198426997, 0.02681840364884072, 0.026203190519756815, 0.02552364346313934, 0.024940794741503684, 0.024553643852497812, 0.024009602077058226, 0.023587486328410737, 0.023053226444370627, 0.02237349941244249, 0.021247392964358097, 0.01948489409103017, 0.01759577829009665, 0.015969918059865678, 0.014849832783247986, 0.014164911869984548, 0.013546042864334782, 0.01328357500957488, 0.012905521640083246, 0.012806686101790404, 0.01256569256360443, 0.01270015008783326, 0.013333718053885597, 0.014364706842779438, 0.015230812921928084, 0.016214173123414017, 0.017422309714956504, 0.01848297873673576, 0.019690103784110968, 0.02062988015396428, 0.021304326954883004, 0.021542023987470748, 0.021445001132587415, 0.02128479356968176, 0.021154257299581803, 0.020548768777841446, 0.020419411659703072, 0.020346908766621045, 0.02018386842926173, 0.020060715556614095, 0.019970155121820186, 0.019905412966441507, 0.019860328269953802, 0.019689549628068632, 0.019110038324468673, 0.018401772510693467, 0.01773443768827515, 0.01691379473734185, 0.0163889904882787, 0.015891976533507178, 0.015695148472402557, 0.015634975895130635, 0.01548249397414641, 0.015250362203767827, 0.01446715870868431, 0.013690714184349355, 0.013111437378948002, 0.01280400987898366, 0.012789088065484542, 0.012885508256999974, 0.012645414791893052, 0.012533763320360268, 0.01300792748125149, 0.014045480441271196, 0.015593406388961941, 0.017496649938682926, 0.01947963017829757, 0.021814960986639112, 0.0244888991790445, 0.027455202671237973, 0.030462142682767764, 0.03347516022004274, 0.03632355277573078, 0.03911728575744543, 0.041489125175428104, 0.043617926344794986, 0.04507509866910146, 0.045973158335007626, 0.046666313335408376, 0.047747911364257295, 0.04910015737076979, 0.051170936172887156, 0.05323921785426519, 0.05484930583024696, 0.05598397968583077, 0.056516639752925084, 0.05678375349578094, 0.05655312215346535, 0.05709318659280136, 0.05753330561326649, 0.05822424761198231, 0.05856641837777238, 0.058663546697002605, 0.05829520111627496, 0.058019458378357286, 0.05786276302771312, 0.057678835712609886, 0.05721489013034267, 0.05620972754199197, 0.05488023496470325, 0.05291870088860013, 0.05085359195424363, 0.04836971777146554, 0.045888993393773454, 0.04332790860019442, 0.040721243397433354, 0.03815348906679705, 0.03609755066086763, 0.03431153121207709, 0.03269994312791247, 0.03113246913067769, 0.029533434333839276, 0.02779284963423818, 0.02581340528028532, 0.023636664296078556, 0.021032966406022018, 0.018298152858289164, 0.015471223173718233, 0.012975006021594128, 0.011476514573927241, 0.011190786613452559, 0.012013514795745658, 0.013192708648177051, 0.0146026096239084, 0.016627808096549106, 0.019288816219412905, 0.022115031993867204, 0.024956066779425322, 0.027947127033299147, 0.030317719296220055, 0.03213024736687776, 0.033908117916643665, 0.035613155393420214, 0.03695858371541455, 0.0370883147011733, 0.035844860180821725, 0.03331269225961453, 0.030127822662769057, 0.026675716455458534, 0.02305094507263966, 0.019294584365168215, 0.016588874620184203, 0.013459760460278334, 0.010513659470637583, 0.008184205378854309, 0.005908681970234855, 0.003908372487361734, 0.002250880846271649, 0.001837561814419065, 0.003902446460586522, 0.00649131804032715, 0.008842266053540701, 0.011337576744963709, 0.013847821453172829, 0.016241515374979285, 0.018506880743639053, 0.020753891025054552, 0.022854281545735794, 0.025177910908837288, 0.027764777035113285, 0.0302577363231247, 0.032552204835272186, 0.033962244268502154, 0.03530995724171245, 0.036795414568091225, 0.03840706162943578, 0.039993850675796264, 0.04133645030179679, 0.04211247094820217, 0.04239213751353172, 0.042192499106345205, 0.04200269786908514, 0.041897190162155235, 0.041830932940717325, 0.04166737666619139, 0.04206882264734189, 0.0426127097658282, 0.042895687146734904, 0.04300135533202284, 0.04249799814293581, 0.041897582995049115, 0.04072077112408416, 0.03927976254850985, 0.037331499513228325, 0.035889992777759706, 0.03456359233645024, 0.033243529781910974, 0.03199033675126687, 0.03059935779738079, 0.029272240636492235, 0.027900707354997015, 0.02654938414970694, 0.02543173352052397, 0.024311103096379235, 0.023065212419431085, 0.021685454855791198, 0.02041159885695607, 0.019056064221564174, 0.017656707279948437, 0.01626614648165674, 0.015012383850973622, 0.013603567963072178, 0.012189757837366814, 0.010674529938407772, 0.009407142987148039, 0.008344525906195775, 0.007439054007672372, 0.0072034584519923735, 0.007775010970036668, 0.009047582903156274, 0.010731538882415681, 0.01253460028234948, 0.014333543563369548, 0.016070624592636203, 0.017817726146123574, 0.019557256660804743, 0.02116824086555951, 0.022529303997840977, 0.023628588936546305, 0.02391411988476377, 0.02359656311707365, 0.022355277074164143, 0.020961866673625245, 0.018393580144489934, 0.015660552711922182, 0.013874328661167971, 0.01254026736778108, 0.011812131260623127, 0.010800298354986543, 0.00961805971638548, 0.008471507575266851, 0.007656757785702683, 0.006719580941926242, 0.0056999472982024405, 0.005125787188458596, 0.00504686530895439, 0.005697178935649704, 0.006245540782853768, 0.0070976650798796875, 0.007900543705723831, 0.008755370167568399, 0.009807746909975117, 0.011209592216881203, 0.01276960312030194, 0.014467251258771754, 0.015865855510978952, 0.01751794577394112, 0.01978728846519214, 0.022540086452385207, 0.024859037758439572, 0.02589623397823137, 0.02611181133516041, 0.026565850619759173, 0.0272557734372972, 0.02776644526036269, 0.02799937699621002, 0.02818388188652303, 0.02806005928616626, 0.028083982827741123, 0.02781538632605852, 0.027763976455106594, 0.028120518002563644, 0.028688559534023904, 0.029389365084960088, 0.030059907204608147, 0.03052096911154336, 0.031053468449087778, 0.03142000488428638, 0.03173833045042581, 0.031892653890475096, 0.03198060527161537, 0.031944507243272385, 0.03180892531117334, 0.03180195743523648, 0.03175983113429147, 0.03185651864929952, 0.032146459060636644, 0.032526908876218445, 0.033087790299913135, 0.03370146462957083, 0.0342847740780508, 0.0344768243549477, 0.03441738754137779, 0.034008301029805295]",0.04332790860019442,0.07237930089952382,0.006466446921563368,0.04284265080357896,0.0,0.0,0.024172804382463164,0.07237930089952382,0.006466446921563368,0.04284265080357896,5.664,1717635306.3771756,2024-06-06_10-55-06
0.5059,0.02063999999999999,0.486178015087349,0.4320559226316078,0.01431098168842417,0.4459516159066524,0.5059,0.02063999999999999,0.5092892963490131,0.4320559226316078,0.01431098168842417,0.4459516159066524,0.040721243397433354,"[0.011315756658919754, 0.012192407496521018, 0.01288995615295488, 0.01359963525141729, 0.014321891165186378, 0.015181047888625853, 0.01592941522152252, 0.01673874496494045, 0.01751440457689525, 0.01835087734908702, 0.019202544572813795, 0.020070622325609303, 0.02095627718778323, 0.02186061264947246, 0.022737260153569413, 0.023681097053535004, 0.024646250751560458, 0.025633386418693636, 0.02659237614956749, 0.027623542314219474, 0.0286250346734827, 0.029647102596467904, 0.03056454213255984, 0.031680305841655834, 0.03263530150735364, 0.033606764937046466, 0.034593095597664145, 0.03536350794006898, 0.035930760474075646, 0.03631257033147624, 0.03661317474198803, 0.03688385713543919, 0.03738127616234113, 0.037934719347479336, 0.03858163380471939, 0.03921882339006296, 0.03999131852533767, 0.04074980907886149, 0.04127472956039594, 0.04151563832077664, 0.04151964454301027, 0.04123464219442919, 0.04096829512038153, 0.04056460486818273, 0.04028281736824196, 0.04000166841569801, 0.03919762289117317, 0.037812479337396496, 0.03622310391275238, 0.03453579653228067, 0.0330206041779641, 0.031565009966306234, 0.03054064037737075, 0.029904305612678588, 0.029394155816597912, 0.028896840658953926, 0.02825322628704274, 0.027685220830545497, 0.02666364029859006, 0.025486033827772144, 0.02414387260068274, 0.023028867611909868, 0.022681878550084772, 0.02299235797660897, 0.02387546679328945, 0.024738332374206702, 0.025547718436096926, 0.026640938816603423, 0.02759836215880636, 0.028240938725365098, 0.028199955208514017, 0.028168175430310402, 0.02767018559717724, 0.027414861073674215, 0.027239233260695786, 0.0274939869379551, 0.027874761581110984, 0.02868161073982207, 0.029514734605865275, 0.030345172291974937, 0.031248268714928727, 0.032298002681611045, 0.033509628354587276, 0.0348066615601669, 0.03569061118903811, 0.03631377821401384, 0.03654105211474412, 0.03646788532881584, 0.03572808397059345, 0.03427781350345514, 0.03309813106562172, 0.031639416134799855, 0.02970329439236902, 0.027599049067936567, 0.02603054913364457, 0.024090316372098155, 0.02220132238001286, 0.02051452966091278, 0.019044426362309692, 0.017805605247084858, 0.01643252777018217, 0.01523003850809785, 0.01424180324883461, 0.013706552220618947, 0.0130880570946912, 0.012988920737072255, 0.013178248200839212, 0.013386796436950147, 0.01359897371732897, 0.01439195864266014, 0.015495810506657983, 0.016686507754200334, 0.01807173050136072, 0.019341411872889052, 0.020370802976522343, 0.0213787239197115, 0.02262888584538598, 0.02401686851684336, 0.025523335513576738, 0.026670410326906566, 0.02758824337325398, 0.02810647098585074, 0.028219175888028712, 0.02804128716256827, 0.027840212128430745, 0.02799079668741686, 0.027988272685847155, 0.02831306909632167, 0.028434723397990712, 0.0285549391753426, 0.02832607944879636, 0.02800347501499142, 0.027460301198426997, 0.02681840364884072, 0.026203190519756815, 0.02552364346313934, 0.024940794741503684, 0.024553643852497812, 0.024009602077058226, 0.023587486328410737, 0.023053226444370627, 0.02237349941244249, 0.021247392964358097, 0.01948489409103017, 0.01759577829009665, 0.015969918059865678, 0.014849832783247986, 0.014164911869984548, 0.013546042864334782, 0.01328357500957488, 0.012905521640083246, 0.012806686101790404, 0.01256569256360443, 0.01270015008783326, 0.013333718053885597, 0.014364706842779438, 0.015230812921928084, 0.016214173123414017, 0.017422309714956504, 0.01848297873673576, 0.019690103784110968, 0.02062988015396428, 0.021304326954883004, 0.021542023987470748, 0.021445001132587415, 0.02128479356968176, 0.021154257299581803, 0.020548768777841446, 0.020419411659703072, 0.020346908766621045, 0.02018386842926173, 0.020060715556614095, 0.019970155121820186, 0.019905412966441507, 0.019860328269953802, 0.019689549628068632, 0.019110038324468673, 0.018401772510693467, 0.01773443768827515, 0.01691379473734185, 0.0163889904882787, 0.015891976533507178, 0.015695148472402557, 0.015634975895130635, 0.01548249397414641, 0.015250362203767827, 0.01446715870868431, 0.013690714184349355, 0.013111437378948002, 0.01280400987898366, 0.012789088065484542, 0.012885508256999974, 0.012645414791893052, 0.012533763320360268, 0.01300792748125149, 0.014045480441271196, 0.015593406388961941, 0.017496649938682926, 0.01947963017829757, 0.021814960986639112, 0.0244888991790445, 0.027455202671237973, 0.030462142682767764, 0.03347516022004274, 0.03632355277573078, 0.03911728575744543, 0.041489125175428104, 0.043617926344794986, 0.04507509866910146, 0.045973158335007626, 0.046666313335408376, 0.047747911364257295, 0.04910015737076979, 0.051170936172887156, 0.05323921785426519, 0.05484930583024696, 0.05598397968583077, 0.056516639752925084, 0.05678375349578094, 0.05655312215346535, 0.05709318659280136, 0.05753330561326649, 0.05822424761198231, 0.05856641837777238, 0.058663546697002605, 0.05829520111627496, 0.058019458378357286, 0.05786276302771312, 0.057678835712609886, 0.05721489013034267, 0.05620972754199197, 0.05488023496470325, 0.05291870088860013, 0.05085359195424363, 0.04836971777146554, 0.045888993393773454, 0.04332790860019442, 0.040721243397433354, 0.03815348906679705, 0.03609755066086763, 0.03431153121207709, 0.03269994312791247, 0.03113246913067769, 0.029533434333839276, 0.02779284963423818, 0.02581340528028532, 0.023636664296078556, 0.021032966406022018, 0.018298152858289164, 0.015471223173718233, 0.012975006021594128, 0.011476514573927241, 0.011190786613452559, 0.012013514795745658, 0.013192708648177051, 0.0146026096239084, 0.016627808096549106, 0.019288816219412905, 0.022115031993867204, 0.024956066779425322, 0.027947127033299147, 0.030317719296220055, 0.03213024736687776, 0.033908117916643665, 0.035613155393420214, 0.03695858371541455, 0.0370883147011733, 0.035844860180821725, 0.03331269225961453, 0.030127822662769057, 0.026675716455458534, 0.02305094507263966, 0.019294584365168215, 0.016588874620184203, 0.013459760460278334, 0.010513659470637583, 0.008184205378854309, 0.005908681970234855, 0.003908372487361734, 0.002250880846271649, 0.001837561814419065, 0.003902446460586522, 0.00649131804032715, 0.008842266053540701, 0.011337576744963709, 0.013847821453172829, 0.016241515374979285, 0.018506880743639053, 0.020753891025054552, 0.022854281545735794, 0.025177910908837288, 0.027764777035113285, 0.0302577363231247, 0.032552204835272186, 0.033962244268502154, 0.03530995724171245, 0.036795414568091225, 0.03840706162943578, 0.039993850675796264, 0.04133645030179679, 0.04211247094820217, 0.04239213751353172, 0.042192499106345205, 0.04200269786908514, 0.041897190162155235, 0.041830932940717325, 0.04166737666619139, 0.04206882264734189, 0.0426127097658282, 0.042895687146734904, 0.04300135533202284, 0.04249799814293581, 0.041897582995049115, 0.04072077112408416, 0.03927976254850985, 0.037331499513228325, 0.035889992777759706, 0.03456359233645024, 0.033243529781910974, 0.03199033675126687, 0.03059935779738079, 0.029272240636492235, 0.027900707354997015, 0.02654938414970694, 0.02543173352052397, 0.024311103096379235, 0.023065212419431085, 0.021685454855791198, 0.02041159885695607, 0.019056064221564174, 0.017656707279948437, 0.01626614648165674, 0.015012383850973622, 0.013603567963072178, 0.012189757837366814, 0.010674529938407772, 0.009407142987148039, 0.008344525906195775, 0.007439054007672372, 0.0072034584519923735, 0.007775010970036668, 0.009047582903156274, 0.010731538882415681, 0.01253460028234948, 0.014333543563369548, 0.016070624592636203, 0.017817726146123574, 0.019557256660804743, 0.02116824086555951, 0.022529303997840977, 0.023628588936546305, 0.02391411988476377, 0.02359656311707365, 0.022355277074164143, 0.020961866673625245, 0.018393580144489934, 0.015660552711922182, 0.013874328661167971, 0.01254026736778108, 0.011812131260623127, 0.010800298354986543, 0.00961805971638548, 0.008471507575266851, 0.007656757785702683, 0.006719580941926242, 0.0056999472982024405, 0.005125787188458596, 0.00504686530895439, 0.005697178935649704, 0.006245540782853768, 0.0070976650798796875, 0.007900543705723831, 0.008755370167568399, 0.009807746909975117, 0.011209592216881203, 0.01276960312030194, 0.014467251258771754, 0.015865855510978952, 0.01751794577394112, 0.01978728846519214, 0.022540086452385207, 0.024859037758439572, 0.02589623397823137, 0.02611181133516041, 0.026565850619759173, 0.0272557734372972, 0.02776644526036269, 0.02799937699621002, 0.02818388188652303, 0.02806005928616626, 0.028083982827741123, 0.02781538632605852, 0.027763976455106594, 0.028120518002563644, 0.028688559534023904, 0.029389365084960088, 0.030059907204608147, 0.03052096911154336, 0.031053468449087778, 0.03142000488428638, 0.03173833045042581, 0.031892653890475096, 0.03198060527161537, 0.031944507243272385, 0.03180892531117334, 0.03180195743523648, 0.03175983113429147, 0.03185651864929952, 0.032146459060636644, 0.032526908876218445, 0.033087790299913135, 0.03370146462957083, 0.0342847740780508, 0.0344768243549477, 0.03441738754137779, 0.034008301029805295]",0.040721243397433354,0.07384407736839221,0.006329018311575821,0.04022639918069659,0.0,0.0,0.02311128126166412,0.07384407736839221,0.006329018311575821,0.04022639918069659,5.688,1717635306.401249,2024-06-06_10-55-06
0.5059,0.021360000000000018,0.4854503190419679,0.43075889372971415,0.014991039233472583,0.44783217093863037,0.5059,0.021360000000000018,0.5076920005021421,0.43075889372971415,0.014991039233472583,0.44783217093863037,0.03815348906679705,"[0.011315756658919754, 0.012192407496521018, 0.01288995615295488, 0.01359963525141729, 0.014321891165186378, 0.015181047888625853, 0.01592941522152252, 0.01673874496494045, 0.01751440457689525, 0.01835087734908702, 0.019202544572813795, 0.020070622325609303, 0.02095627718778323, 0.02186061264947246, 0.022737260153569413, 0.023681097053535004, 0.024646250751560458, 0.025633386418693636, 0.02659237614956749, 0.027623542314219474, 0.0286250346734827, 0.029647102596467904, 0.03056454213255984, 0.031680305841655834, 0.03263530150735364, 0.033606764937046466, 0.034593095597664145, 0.03536350794006898, 0.035930760474075646, 0.03631257033147624, 0.03661317474198803, 0.03688385713543919, 0.03738127616234113, 0.037934719347479336, 0.03858163380471939, 0.03921882339006296, 0.03999131852533767, 0.04074980907886149, 0.04127472956039594, 0.04151563832077664, 0.04151964454301027, 0.04123464219442919, 0.04096829512038153, 0.04056460486818273, 0.04028281736824196, 0.04000166841569801, 0.03919762289117317, 0.037812479337396496, 0.03622310391275238, 0.03453579653228067, 0.0330206041779641, 0.031565009966306234, 0.03054064037737075, 0.029904305612678588, 0.029394155816597912, 0.028896840658953926, 0.02825322628704274, 0.027685220830545497, 0.02666364029859006, 0.025486033827772144, 0.02414387260068274, 0.023028867611909868, 0.022681878550084772, 0.02299235797660897, 0.02387546679328945, 0.024738332374206702, 0.025547718436096926, 0.026640938816603423, 0.02759836215880636, 0.028240938725365098, 0.028199955208514017, 0.028168175430310402, 0.02767018559717724, 0.027414861073674215, 0.027239233260695786, 0.0274939869379551, 0.027874761581110984, 0.02868161073982207, 0.029514734605865275, 0.030345172291974937, 0.031248268714928727, 0.032298002681611045, 0.033509628354587276, 0.0348066615601669, 0.03569061118903811, 0.03631377821401384, 0.03654105211474412, 0.03646788532881584, 0.03572808397059345, 0.03427781350345514, 0.03309813106562172, 0.031639416134799855, 0.02970329439236902, 0.027599049067936567, 0.02603054913364457, 0.024090316372098155, 0.02220132238001286, 0.02051452966091278, 0.019044426362309692, 0.017805605247084858, 0.01643252777018217, 0.01523003850809785, 0.01424180324883461, 0.013706552220618947, 0.0130880570946912, 0.012988920737072255, 0.013178248200839212, 0.013386796436950147, 0.01359897371732897, 0.01439195864266014, 0.015495810506657983, 0.016686507754200334, 0.01807173050136072, 0.019341411872889052, 0.020370802976522343, 0.0213787239197115, 0.02262888584538598, 0.02401686851684336, 0.025523335513576738, 0.026670410326906566, 0.02758824337325398, 0.02810647098585074, 0.028219175888028712, 0.02804128716256827, 0.027840212128430745, 0.02799079668741686, 0.027988272685847155, 0.02831306909632167, 0.028434723397990712, 0.0285549391753426, 0.02832607944879636, 0.02800347501499142, 0.027460301198426997, 0.02681840364884072, 0.026203190519756815, 0.02552364346313934, 0.024940794741503684, 0.024553643852497812, 0.024009602077058226, 0.023587486328410737, 0.023053226444370627, 0.02237349941244249, 0.021247392964358097, 0.01948489409103017, 0.01759577829009665, 0.015969918059865678, 0.014849832783247986, 0.014164911869984548, 0.013546042864334782, 0.01328357500957488, 0.012905521640083246, 0.012806686101790404, 0.01256569256360443, 0.01270015008783326, 0.013333718053885597, 0.014364706842779438, 0.015230812921928084, 0.016214173123414017, 0.017422309714956504, 0.01848297873673576, 0.019690103784110968, 0.02062988015396428, 0.021304326954883004, 0.021542023987470748, 0.021445001132587415, 0.02128479356968176, 0.021154257299581803, 0.020548768777841446, 0.020419411659703072, 0.020346908766621045, 0.02018386842926173, 0.020060715556614095, 0.019970155121820186, 0.019905412966441507, 0.019860328269953802, 0.019689549628068632, 0.019110038324468673, 0.018401772510693467, 0.01773443768827515, 0.01691379473734185, 0.0163889904882787, 0.015891976533507178, 0.015695148472402557, 0.015634975895130635, 0.01548249397414641, 0.015250362203767827, 0.01446715870868431, 0.013690714184349355, 0.013111437378948002, 0.01280400987898366, 0.012789088065484542, 0.012885508256999974, 0.012645414791893052, 0.012533763320360268, 0.01300792748125149, 0.014045480441271196, 0.015593406388961941, 0.017496649938682926, 0.01947963017829757, 0.021814960986639112, 0.0244888991790445, 0.027455202671237973, 0.030462142682767764, 0.03347516022004274, 0.03632355277573078, 0.03911728575744543, 0.041489125175428104, 0.043617926344794986, 0.04507509866910146, 0.045973158335007626, 0.046666313335408376, 0.047747911364257295, 0.04910015737076979, 0.051170936172887156, 0.05323921785426519, 0.05484930583024696, 0.05598397968583077, 0.056516639752925084, 0.05678375349578094, 0.05655312215346535, 0.05709318659280136, 0.05753330561326649, 0.05822424761198231, 0.05856641837777238, 0.058663546697002605, 0.05829520111627496, 0.058019458378357286, 0.05786276302771312, 0.057678835712609886, 0.05721489013034267, 0.05620972754199197, 0.05488023496470325, 0.05291870088860013, 0.05085359195424363, 0.04836971777146554, 0.045888993393773454, 0.04332790860019442, 0.040721243397433354, 0.03815348906679705, 0.03609755066086763, 0.03431153121207709, 0.03269994312791247, 0.03113246913067769, 0.029533434333839276, 0.02779284963423818, 0.02581340528028532, 0.023636664296078556, 0.021032966406022018, 0.018298152858289164, 0.015471223173718233, 0.012975006021594128, 0.011476514573927241, 0.011190786613452559, 0.012013514795745658, 0.013192708648177051, 0.0146026096239084, 0.016627808096549106, 0.019288816219412905, 0.022115031993867204, 0.024956066779425322, 0.027947127033299147, 0.030317719296220055, 0.03213024736687776, 0.033908117916643665, 0.035613155393420214, 0.03695858371541455, 0.0370883147011733, 0.035844860180821725, 0.03331269225961453, 0.030127822662769057, 0.026675716455458534, 0.02305094507263966, 0.019294584365168215, 0.016588874620184203, 0.013459760460278334, 0.010513659470637583, 0.008184205378854309, 0.005908681970234855, 0.003908372487361734, 0.002250880846271649, 0.001837561814419065, 0.003902446460586522, 0.00649131804032715, 0.008842266053540701, 0.011337576744963709, 0.013847821453172829, 0.016241515374979285, 0.018506880743639053, 0.020753891025054552, 0.022854281545735794, 0.025177910908837288, 0.027764777035113285, 0.0302577363231247, 0.032552204835272186, 0.033962244268502154, 0.03530995724171245, 0.036795414568091225, 0.03840706162943578, 0.039993850675796264, 0.04133645030179679, 0.04211247094820217, 0.04239213751353172, 0.042192499106345205, 0.04200269786908514, 0.041897190162155235, 0.041830932940717325, 0.04166737666619139, 0.04206882264734189, 0.0426127097658282, 0.042895687146734904, 0.04300135533202284, 0.04249799814293581, 0.041897582995049115, 0.04072077112408416, 0.03927976254850985, 0.037331499513228325, 0.035889992777759706, 0.03456359233645024, 0.033243529781910974, 0.03199033675126687, 0.03059935779738079, 0.029272240636492235, 0.027900707354997015, 0.02654938414970694, 0.02543173352052397, 0.024311103096379235, 0.023065212419431085, 0.021685454855791198, 0.02041159885695607, 0.019056064221564174, 0.017656707279948437, 0.01626614648165674, 0.015012383850973622, 0.013603567963072178, 0.012189757837366814, 0.010674529938407772, 0.009407142987148039, 0.008344525906195775, 0.007439054007672372, 0.0072034584519923735, 0.007775010970036668, 0.009047582903156274, 0.010731538882415681, 0.01253460028234948, 0.014333543563369548, 0.016070624592636203, 0.017817726146123574, 0.019557256660804743, 0.02116824086555951, 0.022529303997840977, 0.023628588936546305, 0.02391411988476377, 0.02359656311707365, 0.022355277074164143, 0.020961866673625245, 0.018393580144489934, 0.015660552711922182, 0.013874328661167971, 0.01254026736778108, 0.011812131260623127, 0.010800298354986543, 0.00961805971638548, 0.008471507575266851, 0.007656757785702683, 0.006719580941926242, 0.0056999472982024405, 0.005125787188458596, 0.00504686530895439, 0.005697178935649704, 0.006245540782853768, 0.0070976650798796875, 0.007900543705723831, 0.008755370167568399, 0.009807746909975117, 0.011209592216881203, 0.01276960312030194, 0.014467251258771754, 0.015865855510978952, 0.01751794577394112, 0.01978728846519214, 0.022540086452385207, 0.024859037758439572, 0.02589623397823137, 0.02611181133516041, 0.026565850619759173, 0.0272557734372972, 0.02776644526036269, 0.02799937699621002, 0.02818388188652303, 0.02806005928616626, 0.028083982827741123, 0.02781538632605852, 0.027763976455106594, 0.028120518002563644, 0.028688559534023904, 0.029389365084960088, 0.030059907204608147, 0.03052096911154336, 0.031053468449087778, 0.03142000488428638, 0.03173833045042581, 0.031892653890475096, 0.03198060527161537, 0.031944507243272385, 0.03180892531117334, 0.03180195743523648, 0.03175983113429147, 0.03185651864929952, 0.032146459060636644, 0.032526908876218445, 0.033087790299913135, 0.03370146462957083, 0.0342847740780508, 0.0344768243549477, 0.03441738754137779, 0.034008301029805295]",0.03815348906679705,0.07514110627028586,0.006368960766527435,0.03761814810333752,0.0,0.0,0.022241681460174245,0.07514110627028586,0.006368960766527435,0.03761814810333752,5.712000000000001,1717635306.4248683,2024-06-06_10-55-06
0.5059,0.02207999999999999,0.4845480644263769,0.4297171904630974,0.015859953536844468,0.4489904465968584,0.5059,0.02207999999999999,0.5061120694043704,0.4297171904630974,0.015859953536844468,0.4489904465968584,0.03609755066086763,"[0.011315756658919754, 0.012192407496521018, 0.01288995615295488, 0.01359963525141729, 0.014321891165186378, 0.015181047888625853, 0.01592941522152252, 0.01673874496494045, 0.01751440457689525, 0.01835087734908702, 0.019202544572813795, 0.020070622325609303, 0.02095627718778323, 0.02186061264947246, 0.022737260153569413, 0.023681097053535004, 0.024646250751560458, 0.025633386418693636, 0.02659237614956749, 0.027623542314219474, 0.0286250346734827, 0.029647102596467904, 0.03056454213255984, 0.031680305841655834, 0.03263530150735364, 0.033606764937046466, 0.034593095597664145, 0.03536350794006898, 0.035930760474075646, 0.03631257033147624, 0.03661317474198803, 0.03688385713543919, 0.03738127616234113, 0.037934719347479336, 0.03858163380471939, 0.03921882339006296, 0.03999131852533767, 0.04074980907886149, 0.04127472956039594, 0.04151563832077664, 0.04151964454301027, 0.04123464219442919, 0.04096829512038153, 0.04056460486818273, 0.04028281736824196, 0.04000166841569801, 0.03919762289117317, 0.037812479337396496, 0.03622310391275238, 0.03453579653228067, 0.0330206041779641, 0.031565009966306234, 0.03054064037737075, 0.029904305612678588, 0.029394155816597912, 0.028896840658953926, 0.02825322628704274, 0.027685220830545497, 0.02666364029859006, 0.025486033827772144, 0.02414387260068274, 0.023028867611909868, 0.022681878550084772, 0.02299235797660897, 0.02387546679328945, 0.024738332374206702, 0.025547718436096926, 0.026640938816603423, 0.02759836215880636, 0.028240938725365098, 0.028199955208514017, 0.028168175430310402, 0.02767018559717724, 0.027414861073674215, 0.027239233260695786, 0.0274939869379551, 0.027874761581110984, 0.02868161073982207, 0.029514734605865275, 0.030345172291974937, 0.031248268714928727, 0.032298002681611045, 0.033509628354587276, 0.0348066615601669, 0.03569061118903811, 0.03631377821401384, 0.03654105211474412, 0.03646788532881584, 0.03572808397059345, 0.03427781350345514, 0.03309813106562172, 0.031639416134799855, 0.02970329439236902, 0.027599049067936567, 0.02603054913364457, 0.024090316372098155, 0.02220132238001286, 0.02051452966091278, 0.019044426362309692, 0.017805605247084858, 0.01643252777018217, 0.01523003850809785, 0.01424180324883461, 0.013706552220618947, 0.0130880570946912, 0.012988920737072255, 0.013178248200839212, 0.013386796436950147, 0.01359897371732897, 0.01439195864266014, 0.015495810506657983, 0.016686507754200334, 0.01807173050136072, 0.019341411872889052, 0.020370802976522343, 0.0213787239197115, 0.02262888584538598, 0.02401686851684336, 0.025523335513576738, 0.026670410326906566, 0.02758824337325398, 0.02810647098585074, 0.028219175888028712, 0.02804128716256827, 0.027840212128430745, 0.02799079668741686, 0.027988272685847155, 0.02831306909632167, 0.028434723397990712, 0.0285549391753426, 0.02832607944879636, 0.02800347501499142, 0.027460301198426997, 0.02681840364884072, 0.026203190519756815, 0.02552364346313934, 0.024940794741503684, 0.024553643852497812, 0.024009602077058226, 0.023587486328410737, 0.023053226444370627, 0.02237349941244249, 0.021247392964358097, 0.01948489409103017, 0.01759577829009665, 0.015969918059865678, 0.014849832783247986, 0.014164911869984548, 0.013546042864334782, 0.01328357500957488, 0.012905521640083246, 0.012806686101790404, 0.01256569256360443, 0.01270015008783326, 0.013333718053885597, 0.014364706842779438, 0.015230812921928084, 0.016214173123414017, 0.017422309714956504, 0.01848297873673576, 0.019690103784110968, 0.02062988015396428, 0.021304326954883004, 0.021542023987470748, 0.021445001132587415, 0.02128479356968176, 0.021154257299581803, 0.020548768777841446, 0.020419411659703072, 0.020346908766621045, 0.02018386842926173, 0.020060715556614095, 0.019970155121820186, 0.019905412966441507, 0.019860328269953802, 0.019689549628068632, 0.019110038324468673, 0.018401772510693467, 0.01773443768827515, 0.01691379473734185, 0.0163889904882787, 0.015891976533507178, 0.015695148472402557, 0.015634975895130635, 0.01548249397414641, 0.015250362203767827, 0.01446715870868431, 0.013690714184349355, 0.013111437378948002, 0.01280400987898366, 0.012789088065484542, 0.012885508256999974, 0.012645414791893052, 0.012533763320360268, 0.01300792748125149, 0.014045480441271196, 0.015593406388961941, 0.017496649938682926, 0.01947963017829757, 0.021814960986639112, 0.0244888991790445, 0.027455202671237973, 0.030462142682767764, 0.03347516022004274, 0.03632355277573078, 0.03911728575744543, 0.041489125175428104, 0.043617926344794986, 0.04507509866910146, 0.045973158335007626, 0.046666313335408376, 0.047747911364257295, 0.04910015737076979, 0.051170936172887156, 0.05323921785426519, 0.05484930583024696, 0.05598397968583077, 0.056516639752925084, 0.05678375349578094, 0.05655312215346535, 0.05709318659280136, 0.05753330561326649, 0.05822424761198231, 0.05856641837777238, 0.058663546697002605, 0.05829520111627496, 0.058019458378357286, 0.05786276302771312, 0.057678835712609886, 0.05721489013034267, 0.05620972754199197, 0.05488023496470325, 0.05291870088860013, 0.05085359195424363, 0.04836971777146554, 0.045888993393773454, 0.04332790860019442, 0.040721243397433354, 0.03815348906679705, 0.03609755066086763, 0.03431153121207709, 0.03269994312791247, 0.03113246913067769, 0.029533434333839276, 0.02779284963423818, 0.02581340528028532, 0.023636664296078556, 0.021032966406022018, 0.018298152858289164, 0.015471223173718233, 0.012975006021594128, 0.011476514573927241, 0.011190786613452559, 0.012013514795745658, 0.013192708648177051, 0.0146026096239084, 0.016627808096549106, 0.019288816219412905, 0.022115031993867204, 0.024956066779425322, 0.027947127033299147, 0.030317719296220055, 0.03213024736687776, 0.033908117916643665, 0.035613155393420214, 0.03695858371541455, 0.0370883147011733, 0.035844860180821725, 0.03331269225961453, 0.030127822662769057, 0.026675716455458534, 0.02305094507263966, 0.019294584365168215, 0.016588874620184203, 0.013459760460278334, 0.010513659470637583, 0.008184205378854309, 0.005908681970234855, 0.003908372487361734, 0.002250880846271649, 0.001837561814419065, 0.003902446460586522, 0.00649131804032715, 0.008842266053540701, 0.011337576744963709, 0.013847821453172829, 0.016241515374979285, 0.018506880743639053, 0.020753891025054552, 0.022854281545735794, 0.025177910908837288, 0.027764777035113285, 0.0302577363231247, 0.032552204835272186, 0.033962244268502154, 0.03530995724171245, 0.036795414568091225, 0.03840706162943578, 0.039993850675796264, 0.04133645030179679, 0.04211247094820217, 0.04239213751353172, 0.042192499106345205, 0.04200269786908514, 0.041897190162155235, 0.041830932940717325, 0.04166737666619139, 0.04206882264734189, 0.0426127097658282, 0.042895687146734904, 0.04300135533202284, 0.04249799814293581, 0.041897582995049115, 0.04072077112408416, 0.03927976254850985, 0.037331499513228325, 0.035889992777759706, 0.03456359233645024, 0.033243529781910974, 0.03199033675126687, 0.03059935779738079, 0.029272240636492235, 0.027900707354997015, 0.02654938414970694, 0.02543173352052397, 0.024311103096379235, 0.023065212419431085, 0.021685454855791198, 0.02041159885695607, 0.019056064221564174, 0.017656707279948437, 0.01626614648165674, 0.015012383850973622, 0.013603567963072178, 0.012189757837366814, 0.010674529938407772, 0.009407142987148039, 0.008344525906195775, 0.007439054007672372, 0.0072034584519923735, 0.007775010970036668, 0.009047582903156274, 0.010731538882415681, 0.01253460028234948, 0.014333543563369548, 0.016070624592636203, 0.017817726146123574, 0.019557256660804743, 0.02116824086555951, 0.022529303997840977, 0.023628588936546305, 0.02391411988476377, 0.02359656311707365, 0.022355277074164143, 0.020961866673625245, 0.018393580144489934, 0.015660552711922182, 0.013874328661167971, 0.01254026736778108, 0.011812131260623127, 0.010800298354986543, 0.00961805971638548, 0.008471507575266851, 0.007656757785702683, 0.006719580941926242, 0.0056999472982024405, 0.005125787188458596, 0.00504686530895439, 0.005697178935649704, 0.006245540782853768, 0.0070976650798796875, 0.007900543705723831, 0.008755370167568399, 0.009807746909975117, 0.011209592216881203, 0.01276960312030194, 0.014467251258771754, 0.015865855510978952, 0.01751794577394112, 0.01978728846519214, 0.022540086452385207, 0.024859037758439572, 0.02589623397823137, 0.02611181133516041, 0.026565850619759173, 0.0272557734372972, 0.02776644526036269, 0.02799937699621002, 0.02818388188652303, 0.02806005928616626, 0.028083982827741123, 0.02781538632605852, 0.027763976455106594, 0.028120518002563644, 0.028688559534023904, 0.029389365084960088, 0.030059907204608147, 0.03052096911154336, 0.031053468449087778, 0.03142000488428638, 0.03173833045042581, 0.031892653890475096, 0.03198060527161537, 0.031944507243272385, 0.03180892531117334, 0.03180195743523648, 0.03175983113429147, 0.03185651864929952, 0.032146459060636644, 0.032526908876218445, 0.033087790299913135, 0.03370146462957083, 0.0342847740780508, 0.0344768243549477, 0.03441738754137779, 0.034008301029805295]",0.03609755066086763,0.0761828095369026,0.006220046463155521,0.035557617829518495,0.0,0.0,0.02156400497799349,0.0761828095369026,0.006220046463155521,0.035557617829518495,5.736,1717635306.449001,2024-06-06_10-55-06
0.5059,0.022799999999999987,0.48347753785077474,0.42889067073410486,0.016736141300305516,0.44970608849207117,0.5059,0.022799999999999987,0.5043638663465875,0.42889067073410486,0.016736141300305516,0.44970608849207117,0.03431153121207709,"[0.011315756658919754, 0.012192407496521018, 0.01288995615295488, 0.01359963525141729, 0.014321891165186378, 0.015181047888625853, 0.01592941522152252, 0.01673874496494045, 0.01751440457689525, 0.01835087734908702, 0.019202544572813795, 0.020070622325609303, 0.02095627718778323, 0.02186061264947246, 0.022737260153569413, 0.023681097053535004, 0.024646250751560458, 0.025633386418693636, 0.02659237614956749, 0.027623542314219474, 0.0286250346734827, 0.029647102596467904, 0.03056454213255984, 0.031680305841655834, 0.03263530150735364, 0.033606764937046466, 0.034593095597664145, 0.03536350794006898, 0.035930760474075646, 0.03631257033147624, 0.03661317474198803, 0.03688385713543919, 0.03738127616234113, 0.037934719347479336, 0.03858163380471939, 0.03921882339006296, 0.03999131852533767, 0.04074980907886149, 0.04127472956039594, 0.04151563832077664, 0.04151964454301027, 0.04123464219442919, 0.04096829512038153, 0.04056460486818273, 0.04028281736824196, 0.04000166841569801, 0.03919762289117317, 0.037812479337396496, 0.03622310391275238, 0.03453579653228067, 0.0330206041779641, 0.031565009966306234, 0.03054064037737075, 0.029904305612678588, 0.029394155816597912, 0.028896840658953926, 0.02825322628704274, 0.027685220830545497, 0.02666364029859006, 0.025486033827772144, 0.02414387260068274, 0.023028867611909868, 0.022681878550084772, 0.02299235797660897, 0.02387546679328945, 0.024738332374206702, 0.025547718436096926, 0.026640938816603423, 0.02759836215880636, 0.028240938725365098, 0.028199955208514017, 0.028168175430310402, 0.02767018559717724, 0.027414861073674215, 0.027239233260695786, 0.0274939869379551, 0.027874761581110984, 0.02868161073982207, 0.029514734605865275, 0.030345172291974937, 0.031248268714928727, 0.032298002681611045, 0.033509628354587276, 0.0348066615601669, 0.03569061118903811, 0.03631377821401384, 0.03654105211474412, 0.03646788532881584, 0.03572808397059345, 0.03427781350345514, 0.03309813106562172, 0.031639416134799855, 0.02970329439236902, 0.027599049067936567, 0.02603054913364457, 0.024090316372098155, 0.02220132238001286, 0.02051452966091278, 0.019044426362309692, 0.017805605247084858, 0.01643252777018217, 0.01523003850809785, 0.01424180324883461, 0.013706552220618947, 0.0130880570946912, 0.012988920737072255, 0.013178248200839212, 0.013386796436950147, 0.01359897371732897, 0.01439195864266014, 0.015495810506657983, 0.016686507754200334, 0.01807173050136072, 0.019341411872889052, 0.020370802976522343, 0.0213787239197115, 0.02262888584538598, 0.02401686851684336, 0.025523335513576738, 0.026670410326906566, 0.02758824337325398, 0.02810647098585074, 0.028219175888028712, 0.02804128716256827, 0.027840212128430745, 0.02799079668741686, 0.027988272685847155, 0.02831306909632167, 0.028434723397990712, 0.0285549391753426, 0.02832607944879636, 0.02800347501499142, 0.027460301198426997, 0.02681840364884072, 0.026203190519756815, 0.02552364346313934, 0.024940794741503684, 0.024553643852497812, 0.024009602077058226, 0.023587486328410737, 0.023053226444370627, 0.02237349941244249, 0.021247392964358097, 0.01948489409103017, 0.01759577829009665, 0.015969918059865678, 0.014849832783247986, 0.014164911869984548, 0.013546042864334782, 0.01328357500957488, 0.012905521640083246, 0.012806686101790404, 0.01256569256360443, 0.01270015008783326, 0.013333718053885597, 0.014364706842779438, 0.015230812921928084, 0.016214173123414017, 0.017422309714956504, 0.01848297873673576, 0.019690103784110968, 0.02062988015396428, 0.021304326954883004, 0.021542023987470748, 0.021445001132587415, 0.02128479356968176, 0.021154257299581803, 0.020548768777841446, 0.020419411659703072, 0.020346908766621045, 0.02018386842926173, 0.020060715556614095, 0.019970155121820186, 0.019905412966441507, 0.019860328269953802, 0.019689549628068632, 0.019110038324468673, 0.018401772510693467, 0.01773443768827515, 0.01691379473734185, 0.0163889904882787, 0.015891976533507178, 0.015695148472402557, 0.015634975895130635, 0.01548249397414641, 0.015250362203767827, 0.01446715870868431, 0.013690714184349355, 0.013111437378948002, 0.01280400987898366, 0.012789088065484542, 0.012885508256999974, 0.012645414791893052, 0.012533763320360268, 0.01300792748125149, 0.014045480441271196, 0.015593406388961941, 0.017496649938682926, 0.01947963017829757, 0.021814960986639112, 0.0244888991790445, 0.027455202671237973, 0.030462142682767764, 0.03347516022004274, 0.03632355277573078, 0.03911728575744543, 0.041489125175428104, 0.043617926344794986, 0.04507509866910146, 0.045973158335007626, 0.046666313335408376, 0.047747911364257295, 0.04910015737076979, 0.051170936172887156, 0.05323921785426519, 0.05484930583024696, 0.05598397968583077, 0.056516639752925084, 0.05678375349578094, 0.05655312215346535, 0.05709318659280136, 0.05753330561326649, 0.05822424761198231, 0.05856641837777238, 0.058663546697002605, 0.05829520111627496, 0.058019458378357286, 0.05786276302771312, 0.057678835712609886, 0.05721489013034267, 0.05620972754199197, 0.05488023496470325, 0.05291870088860013, 0.05085359195424363, 0.04836971777146554, 0.045888993393773454, 0.04332790860019442, 0.040721243397433354, 0.03815348906679705, 0.03609755066086763, 0.03431153121207709, 0.03269994312791247, 0.03113246913067769, 0.029533434333839276, 0.02779284963423818, 0.02581340528028532, 0.023636664296078556, 0.021032966406022018, 0.018298152858289164, 0.015471223173718233, 0.012975006021594128, 0.011476514573927241, 0.011190786613452559, 0.012013514795745658, 0.013192708648177051, 0.0146026096239084, 0.016627808096549106, 0.019288816219412905, 0.022115031993867204, 0.024956066779425322, 0.027947127033299147, 0.030317719296220055, 0.03213024736687776, 0.033908117916643665, 0.035613155393420214, 0.03695858371541455, 0.0370883147011733, 0.035844860180821725, 0.03331269225961453, 0.030127822662769057, 0.026675716455458534, 0.02305094507263966, 0.019294584365168215, 0.016588874620184203, 0.013459760460278334, 0.010513659470637583, 0.008184205378854309, 0.005908681970234855, 0.003908372487361734, 0.002250880846271649, 0.001837561814419065, 0.003902446460586522, 0.00649131804032715, 0.008842266053540701, 0.011337576744963709, 0.013847821453172829, 0.016241515374979285, 0.018506880743639053, 0.020753891025054552, 0.022854281545735794, 0.025177910908837288, 0.027764777035113285, 0.0302577363231247, 0.032552204835272186, 0.033962244268502154, 0.03530995724171245, 0.036795414568091225, 0.03840706162943578, 0.039993850675796264, 0.04133645030179679, 0.04211247094820217, 0.04239213751353172, 0.042192499106345205, 0.04200269786908514, 0.041897190162155235, 0.041830932940717325, 0.04166737666619139, 0.04206882264734189, 0.0426127097658282, 0.042895687146734904, 0.04300135533202284, 0.04249799814293581, 0.041897582995049115, 0.04072077112408416, 0.03927976254850985, 0.037331499513228325, 0.035889992777759706, 0.03456359233645024, 0.033243529781910974, 0.03199033675126687, 0.03059935779738079, 0.029272240636492235, 0.027900707354997015, 0.02654938414970694, 0.02543173352052397, 0.024311103096379235, 0.023065212419431085, 0.021685454855791198, 0.02041159885695607, 0.019056064221564174, 0.017656707279948437, 0.01626614648165674, 0.015012383850973622, 0.013603567963072178, 0.012189757837366814, 0.010674529938407772, 0.009407142987148039, 0.008344525906195775, 0.007439054007672372, 0.0072034584519923735, 0.007775010970036668, 0.009047582903156274, 0.010731538882415681, 0.01253460028234948, 0.014333543563369548, 0.016070624592636203, 0.017817726146123574, 0.019557256660804743, 0.02116824086555951, 0.022529303997840977, 0.023628588936546305, 0.02391411988476377, 0.02359656311707365, 0.022355277074164143, 0.020961866673625245, 0.018393580144489934, 0.015660552711922182, 0.013874328661167971, 0.01254026736778108, 0.011812131260623127, 0.010800298354986543, 0.00961805971638548, 0.008471507575266851, 0.007656757785702683, 0.006719580941926242, 0.0056999472982024405, 0.005125787188458596, 0.00504686530895439, 0.005697178935649704, 0.006245540782853768, 0.0070976650798796875, 0.007900543705723831, 0.008755370167568399, 0.009807746909975117, 0.011209592216881203, 0.01276960312030194, 0.014467251258771754, 0.015865855510978952, 0.01751794577394112, 0.01978728846519214, 0.022540086452385207, 0.024859037758439572, 0.02589623397823137, 0.02611181133516041, 0.026565850619759173, 0.0272557734372972, 0.02776644526036269, 0.02799937699621002, 0.02818388188652303, 0.02806005928616626, 0.028083982827741123, 0.02781538632605852, 0.027763976455106594, 0.028120518002563644, 0.028688559534023904, 0.029389365084960088, 0.030059907204608147, 0.03052096911154336, 0.031053468449087778, 0.03142000488428638, 0.03173833045042581, 0.031892653890475096, 0.03198060527161537, 0.031944507243272385, 0.03180892531117334, 0.03180195743523648, 0.03175983113429147, 0.03185651864929952, 0.032146459060636644, 0.032526908876218445, 0.033087790299913135, 0.03370146462957083, 0.0342847740780508, 0.0344768243549477, 0.03441738754137779, 0.034008301029805295]",0.03431153121207709,0.07700932926589515,0.006063858699694471,0.033771449358703576,0.0,0.0,0.020886328495812734,0.07700932926589515,0.006063858699694471,0.033771449358703576,5.76,1717635306.4730513,2024-06-06_10-55-06
0.5059,0.023520000000000013,0.4822457697435198,0.42819286360371833,0.017704776450950983,0.4500670585256463,0.5059,0.023520000000000013,0.5024544217571518,0.42819286360371833,0.017704776450950983,0.4500670585256463,0.03269994312791247,"[0.011315756658919754, 0.012192407496521018, 0.01288995615295488, 0.01359963525141729, 0.014321891165186378, 0.015181047888625853, 0.01592941522152252, 0.01673874496494045, 0.01751440457689525, 0.01835087734908702, 0.019202544572813795, 0.020070622325609303, 0.02095627718778323, 0.02186061264947246, 0.022737260153569413, 0.023681097053535004, 0.024646250751560458, 0.025633386418693636, 0.02659237614956749, 0.027623542314219474, 0.0286250346734827, 0.029647102596467904, 0.03056454213255984, 0.031680305841655834, 0.03263530150735364, 0.033606764937046466, 0.034593095597664145, 0.03536350794006898, 0.035930760474075646, 0.03631257033147624, 0.03661317474198803, 0.03688385713543919, 0.03738127616234113, 0.037934719347479336, 0.03858163380471939, 0.03921882339006296, 0.03999131852533767, 0.04074980907886149, 0.04127472956039594, 0.04151563832077664, 0.04151964454301027, 0.04123464219442919, 0.04096829512038153, 0.04056460486818273, 0.04028281736824196, 0.04000166841569801, 0.03919762289117317, 0.037812479337396496, 0.03622310391275238, 0.03453579653228067, 0.0330206041779641, 0.031565009966306234, 0.03054064037737075, 0.029904305612678588, 0.029394155816597912, 0.028896840658953926, 0.02825322628704274, 0.027685220830545497, 0.02666364029859006, 0.025486033827772144, 0.02414387260068274, 0.023028867611909868, 0.022681878550084772, 0.02299235797660897, 0.02387546679328945, 0.024738332374206702, 0.025547718436096926, 0.026640938816603423, 0.02759836215880636, 0.028240938725365098, 0.028199955208514017, 0.028168175430310402, 0.02767018559717724, 0.027414861073674215, 0.027239233260695786, 0.0274939869379551, 0.027874761581110984, 0.02868161073982207, 0.029514734605865275, 0.030345172291974937, 0.031248268714928727, 0.032298002681611045, 0.033509628354587276, 0.0348066615601669, 0.03569061118903811, 0.03631377821401384, 0.03654105211474412, 0.03646788532881584, 0.03572808397059345, 0.03427781350345514, 0.03309813106562172, 0.031639416134799855, 0.02970329439236902, 0.027599049067936567, 0.02603054913364457, 0.024090316372098155, 0.02220132238001286, 0.02051452966091278, 0.019044426362309692, 0.017805605247084858, 0.01643252777018217, 0.01523003850809785, 0.01424180324883461, 0.013706552220618947, 0.0130880570946912, 0.012988920737072255, 0.013178248200839212, 0.013386796436950147, 0.01359897371732897, 0.01439195864266014, 0.015495810506657983, 0.016686507754200334, 0.01807173050136072, 0.019341411872889052, 0.020370802976522343, 0.0213787239197115, 0.02262888584538598, 0.02401686851684336, 0.025523335513576738, 0.026670410326906566, 0.02758824337325398, 0.02810647098585074, 0.028219175888028712, 0.02804128716256827, 0.027840212128430745, 0.02799079668741686, 0.027988272685847155, 0.02831306909632167, 0.028434723397990712, 0.0285549391753426, 0.02832607944879636, 0.02800347501499142, 0.027460301198426997, 0.02681840364884072, 0.026203190519756815, 0.02552364346313934, 0.024940794741503684, 0.024553643852497812, 0.024009602077058226, 0.023587486328410737, 0.023053226444370627, 0.02237349941244249, 0.021247392964358097, 0.01948489409103017, 0.01759577829009665, 0.015969918059865678, 0.014849832783247986, 0.014164911869984548, 0.013546042864334782, 0.01328357500957488, 0.012905521640083246, 0.012806686101790404, 0.01256569256360443, 0.01270015008783326, 0.013333718053885597, 0.014364706842779438, 0.015230812921928084, 0.016214173123414017, 0.017422309714956504, 0.01848297873673576, 0.019690103784110968, 0.02062988015396428, 0.021304326954883004, 0.021542023987470748, 0.021445001132587415, 0.02128479356968176, 0.021154257299581803, 0.020548768777841446, 0.020419411659703072, 0.020346908766621045, 0.02018386842926173, 0.020060715556614095, 0.019970155121820186, 0.019905412966441507, 0.019860328269953802, 0.019689549628068632, 0.019110038324468673, 0.018401772510693467, 0.01773443768827515, 0.01691379473734185, 0.0163889904882787, 0.015891976533507178, 0.015695148472402557, 0.015634975895130635, 0.01548249397414641, 0.015250362203767827, 0.01446715870868431, 0.013690714184349355, 0.013111437378948002, 0.01280400987898366, 0.012789088065484542, 0.012885508256999974, 0.012645414791893052, 0.012533763320360268, 0.01300792748125149, 0.014045480441271196, 0.015593406388961941, 0.017496649938682926, 0.01947963017829757, 0.021814960986639112, 0.0244888991790445, 0.027455202671237973, 0.030462142682767764, 0.03347516022004274, 0.03632355277573078, 0.03911728575744543, 0.041489125175428104, 0.043617926344794986, 0.04507509866910146, 0.045973158335007626, 0.046666313335408376, 0.047747911364257295, 0.04910015737076979, 0.051170936172887156, 0.05323921785426519, 0.05484930583024696, 0.05598397968583077, 0.056516639752925084, 0.05678375349578094, 0.05655312215346535, 0.05709318659280136, 0.05753330561326649, 0.05822424761198231, 0.05856641837777238, 0.058663546697002605, 0.05829520111627496, 0.058019458378357286, 0.05786276302771312, 0.057678835712609886, 0.05721489013034267, 0.05620972754199197, 0.05488023496470325, 0.05291870088860013, 0.05085359195424363, 0.04836971777146554, 0.045888993393773454, 0.04332790860019442, 0.040721243397433354, 0.03815348906679705, 0.03609755066086763, 0.03431153121207709, 0.03269994312791247, 0.03113246913067769, 0.029533434333839276, 0.02779284963423818, 0.02581340528028532, 0.023636664296078556, 0.021032966406022018, 0.018298152858289164, 0.015471223173718233, 0.012975006021594128, 0.011476514573927241, 0.011190786613452559, 0.012013514795745658, 0.013192708648177051, 0.0146026096239084, 0.016627808096549106, 0.019288816219412905, 0.022115031993867204, 0.024956066779425322, 0.027947127033299147, 0.030317719296220055, 0.03213024736687776, 0.033908117916643665, 0.035613155393420214, 0.03695858371541455, 0.0370883147011733, 0.035844860180821725, 0.03331269225961453, 0.030127822662769057, 0.026675716455458534, 0.02305094507263966, 0.019294584365168215, 0.016588874620184203, 0.013459760460278334, 0.010513659470637583, 0.008184205378854309, 0.005908681970234855, 0.003908372487361734, 0.002250880846271649, 0.001837561814419065, 0.003902446460586522, 0.00649131804032715, 0.008842266053540701, 0.011337576744963709, 0.013847821453172829, 0.016241515374979285, 0.018506880743639053, 0.020753891025054552, 0.022854281545735794, 0.025177910908837288, 0.027764777035113285, 0.0302577363231247, 0.032552204835272186, 0.033962244268502154, 0.03530995724171245, 0.036795414568091225, 0.03840706162943578, 0.039993850675796264, 0.04133645030179679, 0.04211247094820217, 0.04239213751353172, 0.042192499106345205, 0.04200269786908514, 0.041897190162155235, 0.041830932940717325, 0.04166737666619139, 0.04206882264734189, 0.0426127097658282, 0.042895687146734904, 0.04300135533202284, 0.04249799814293581, 0.041897582995049115, 0.04072077112408416, 0.03927976254850985, 0.037331499513228325, 0.035889992777759706, 0.03456359233645024, 0.033243529781910974, 0.03199033675126687, 0.03059935779738079, 0.029272240636492235, 0.027900707354997015, 0.02654938414970694, 0.02543173352052397, 0.024311103096379235, 0.023065212419431085, 0.021685454855791198, 0.02041159885695607, 0.019056064221564174, 0.017656707279948437, 0.01626614648165674, 0.015012383850973622, 0.013603567963072178, 0.012189757837366814, 0.010674529938407772, 0.009407142987148039, 0.008344525906195775, 0.007439054007672372, 0.0072034584519923735, 0.007775010970036668, 0.009047582903156274, 0.010731538882415681, 0.01253460028234948, 0.014333543563369548, 0.016070624592636203, 0.017817726146123574, 0.019557256660804743, 0.02116824086555951, 0.022529303997840977, 0.023628588936546305, 0.02391411988476377, 0.02359656311707365, 0.022355277074164143, 0.020961866673625245, 0.018393580144489934, 0.015660552711922182, 0.013874328661167971, 0.01254026736778108, 0.011812131260623127, 0.010800298354986543, 0.00961805971638548, 0.008471507575266851, 0.007656757785702683, 0.006719580941926242, 0.0056999472982024405, 0.005125787188458596, 0.00504686530895439, 0.005697178935649704, 0.006245540782853768, 0.0070976650798796875, 0.007900543705723831, 0.008755370167568399, 0.009807746909975117, 0.011209592216881203, 0.01276960312030194, 0.014467251258771754, 0.015865855510978952, 0.01751794577394112, 0.01978728846519214, 0.022540086452385207, 0.024859037758439572, 0.02589623397823137, 0.02611181133516041, 0.026565850619759173, 0.0272557734372972, 0.02776644526036269, 0.02799937699621002, 0.02818388188652303, 0.02806005928616626, 0.028083982827741123, 0.02781538632605852, 0.027763976455106594, 0.028120518002563644, 0.028688559534023904, 0.029389365084960088, 0.030059907204608147, 0.03052096911154336, 0.031053468449087778, 0.03142000488428638, 0.03173833045042581, 0.031892653890475096, 0.03198060527161537, 0.031944507243272385, 0.03180892531117334, 0.03180195743523648, 0.03175983113429147, 0.03185651864929952, 0.032146459060636644, 0.032526908876218445, 0.033087790299913135, 0.03370146462957083, 0.0342847740780508, 0.0344768243549477, 0.03441738754137779, 0.034008301029805295]",0.03269994312791247,0.07770713639628168,0.00581522354904903,0.03217871121787347,0.0,0.0,0.020208652013632034,0.07770713639628168,0.00581522354904903,0.03217871121787347,5.784000000000001,1717635306.4996784,2024-06-06_10-55-06
0.5059,0.024239999999999984,0.4808604955880339,0.42766833003487226,0.018502339729356592,0.4502613144095893,0.5059,0.024239999999999984,0.5005686218455254,0.42766833003487226,0.018502339729356592,0.4502613144095893,0.03113246913067769,"[0.011315756658919754, 0.012192407496521018, 0.01288995615295488, 0.01359963525141729, 0.014321891165186378, 0.015181047888625853, 0.01592941522152252, 0.01673874496494045, 0.01751440457689525, 0.01835087734908702, 0.019202544572813795, 0.020070622325609303, 0.02095627718778323, 0.02186061264947246, 0.022737260153569413, 0.023681097053535004, 0.024646250751560458, 0.025633386418693636, 0.02659237614956749, 0.027623542314219474, 0.0286250346734827, 0.029647102596467904, 0.03056454213255984, 0.031680305841655834, 0.03263530150735364, 0.033606764937046466, 0.034593095597664145, 0.03536350794006898, 0.035930760474075646, 0.03631257033147624, 0.03661317474198803, 0.03688385713543919, 0.03738127616234113, 0.037934719347479336, 0.03858163380471939, 0.03921882339006296, 0.03999131852533767, 0.04074980907886149, 0.04127472956039594, 0.04151563832077664, 0.04151964454301027, 0.04123464219442919, 0.04096829512038153, 0.04056460486818273, 0.04028281736824196, 0.04000166841569801, 0.03919762289117317, 0.037812479337396496, 0.03622310391275238, 0.03453579653228067, 0.0330206041779641, 0.031565009966306234, 0.03054064037737075, 0.029904305612678588, 0.029394155816597912, 0.028896840658953926, 0.02825322628704274, 0.027685220830545497, 0.02666364029859006, 0.025486033827772144, 0.02414387260068274, 0.023028867611909868, 0.022681878550084772, 0.02299235797660897, 0.02387546679328945, 0.024738332374206702, 0.025547718436096926, 0.026640938816603423, 0.02759836215880636, 0.028240938725365098, 0.028199955208514017, 0.028168175430310402, 0.02767018559717724, 0.027414861073674215, 0.027239233260695786, 0.0274939869379551, 0.027874761581110984, 0.02868161073982207, 0.029514734605865275, 0.030345172291974937, 0.031248268714928727, 0.032298002681611045, 0.033509628354587276, 0.0348066615601669, 0.03569061118903811, 0.03631377821401384, 0.03654105211474412, 0.03646788532881584, 0.03572808397059345, 0.03427781350345514, 0.03309813106562172, 0.031639416134799855, 0.02970329439236902, 0.027599049067936567, 0.02603054913364457, 0.024090316372098155, 0.02220132238001286, 0.02051452966091278, 0.019044426362309692, 0.017805605247084858, 0.01643252777018217, 0.01523003850809785, 0.01424180324883461, 0.013706552220618947, 0.0130880570946912, 0.012988920737072255, 0.013178248200839212, 0.013386796436950147, 0.01359897371732897, 0.01439195864266014, 0.015495810506657983, 0.016686507754200334, 0.01807173050136072, 0.019341411872889052, 0.020370802976522343, 0.0213787239197115, 0.02262888584538598, 0.02401686851684336, 0.025523335513576738, 0.026670410326906566, 0.02758824337325398, 0.02810647098585074, 0.028219175888028712, 0.02804128716256827, 0.027840212128430745, 0.02799079668741686, 0.027988272685847155, 0.02831306909632167, 0.028434723397990712, 0.0285549391753426, 0.02832607944879636, 0.02800347501499142, 0.027460301198426997, 0.02681840364884072, 0.026203190519756815, 0.02552364346313934, 0.024940794741503684, 0.024553643852497812, 0.024009602077058226, 0.023587486328410737, 0.023053226444370627, 0.02237349941244249, 0.021247392964358097, 0.01948489409103017, 0.01759577829009665, 0.015969918059865678, 0.014849832783247986, 0.014164911869984548, 0.013546042864334782, 0.01328357500957488, 0.012905521640083246, 0.012806686101790404, 0.01256569256360443, 0.01270015008783326, 0.013333718053885597, 0.014364706842779438, 0.015230812921928084, 0.016214173123414017, 0.017422309714956504, 0.01848297873673576, 0.019690103784110968, 0.02062988015396428, 0.021304326954883004, 0.021542023987470748, 0.021445001132587415, 0.02128479356968176, 0.021154257299581803, 0.020548768777841446, 0.020419411659703072, 0.020346908766621045, 0.02018386842926173, 0.020060715556614095, 0.019970155121820186, 0.019905412966441507, 0.019860328269953802, 0.019689549628068632, 0.019110038324468673, 0.018401772510693467, 0.01773443768827515, 0.01691379473734185, 0.0163889904882787, 0.015891976533507178, 0.015695148472402557, 0.015634975895130635, 0.01548249397414641, 0.015250362203767827, 0.01446715870868431, 0.013690714184349355, 0.013111437378948002, 0.01280400987898366, 0.012789088065484542, 0.012885508256999974, 0.012645414791893052, 0.012533763320360268, 0.01300792748125149, 0.014045480441271196, 0.015593406388961941, 0.017496649938682926, 0.01947963017829757, 0.021814960986639112, 0.0244888991790445, 0.027455202671237973, 0.030462142682767764, 0.03347516022004274, 0.03632355277573078, 0.03911728575744543, 0.041489125175428104, 0.043617926344794986, 0.04507509866910146, 0.045973158335007626, 0.046666313335408376, 0.047747911364257295, 0.04910015737076979, 0.051170936172887156, 0.05323921785426519, 0.05484930583024696, 0.05598397968583077, 0.056516639752925084, 0.05678375349578094, 0.05655312215346535, 0.05709318659280136, 0.05753330561326649, 0.05822424761198231, 0.05856641837777238, 0.058663546697002605, 0.05829520111627496, 0.058019458378357286, 0.05786276302771312, 0.057678835712609886, 0.05721489013034267, 0.05620972754199197, 0.05488023496470325, 0.05291870088860013, 0.05085359195424363, 0.04836971777146554, 0.045888993393773454, 0.04332790860019442, 0.040721243397433354, 0.03815348906679705, 0.03609755066086763, 0.03431153121207709, 0.03269994312791247, 0.03113246913067769, 0.029533434333839276, 0.02779284963423818, 0.02581340528028532, 0.023636664296078556, 0.021032966406022018, 0.018298152858289164, 0.015471223173718233, 0.012975006021594128, 0.011476514573927241, 0.011190786613452559, 0.012013514795745658, 0.013192708648177051, 0.0146026096239084, 0.016627808096549106, 0.019288816219412905, 0.022115031993867204, 0.024956066779425322, 0.027947127033299147, 0.030317719296220055, 0.03213024736687776, 0.033908117916643665, 0.035613155393420214, 0.03695858371541455, 0.0370883147011733, 0.035844860180821725, 0.03331269225961453, 0.030127822662769057, 0.026675716455458534, 0.02305094507263966, 0.019294584365168215, 0.016588874620184203, 0.013459760460278334, 0.010513659470637583, 0.008184205378854309, 0.005908681970234855, 0.003908372487361734, 0.002250880846271649, 0.001837561814419065, 0.003902446460586522, 0.00649131804032715, 0.008842266053540701, 0.011337576744963709, 0.013847821453172829, 0.016241515374979285, 0.018506880743639053, 0.020753891025054552, 0.022854281545735794, 0.025177910908837288, 0.027764777035113285, 0.0302577363231247, 0.032552204835272186, 0.033962244268502154, 0.03530995724171245, 0.036795414568091225, 0.03840706162943578, 0.039993850675796264, 0.04133645030179679, 0.04211247094820217, 0.04239213751353172, 0.042192499106345205, 0.04200269786908514, 0.041897190162155235, 0.041830932940717325, 0.04166737666619139, 0.04206882264734189, 0.0426127097658282, 0.042895687146734904, 0.04300135533202284, 0.04249799814293581, 0.041897582995049115, 0.04072077112408416, 0.03927976254850985, 0.037331499513228325, 0.035889992777759706, 0.03456359233645024, 0.033243529781910974, 0.03199033675126687, 0.03059935779738079, 0.029272240636492235, 0.027900707354997015, 0.02654938414970694, 0.02543173352052397, 0.024311103096379235, 0.023065212419431085, 0.021685454855791198, 0.02041159885695607, 0.019056064221564174, 0.017656707279948437, 0.01626614648165674, 0.015012383850973622, 0.013603567963072178, 0.012189757837366814, 0.010674529938407772, 0.009407142987148039, 0.008344525906195775, 0.007439054007672372, 0.0072034584519923735, 0.007775010970036668, 0.009047582903156274, 0.010731538882415681, 0.01253460028234948, 0.014333543563369548, 0.016070624592636203, 0.017817726146123574, 0.019557256660804743, 0.02116824086555951, 0.022529303997840977, 0.023628588936546305, 0.02391411988476377, 0.02359656311707365, 0.022355277074164143, 0.020961866673625245, 0.018393580144489934, 0.015660552711922182, 0.013874328661167971, 0.01254026736778108, 0.011812131260623127, 0.010800298354986543, 0.00961805971638548, 0.008471507575266851, 0.007656757785702683, 0.006719580941926242, 0.0056999472982024405, 0.005125787188458596, 0.00504686530895439, 0.005697178935649704, 0.006245540782853768, 0.0070976650798796875, 0.007900543705723831, 0.008755370167568399, 0.009807746909975117, 0.011209592216881203, 0.01276960312030194, 0.014467251258771754, 0.015865855510978952, 0.01751794577394112, 0.01978728846519214, 0.022540086452385207, 0.024859037758439572, 0.02589623397823137, 0.02611181133516041, 0.026565850619759173, 0.0272557734372972, 0.02776644526036269, 0.02799937699621002, 0.02818388188652303, 0.02806005928616626, 0.028083982827741123, 0.02781538632605852, 0.027763976455106594, 0.028120518002563644, 0.028688559534023904, 0.029389365084960088, 0.030059907204608147, 0.03052096911154336, 0.031053468449087778, 0.03142000488428638, 0.03173833045042581, 0.031892653890475096, 0.03198060527161537, 0.031944507243272385, 0.03180892531117334, 0.03180195743523648, 0.03175983113429147, 0.03185651864929952, 0.032146459060636644, 0.032526908876218445, 0.033087790299913135, 0.03370146462957083, 0.0342847740780508, 0.0344768243549477, 0.03441738754137779, 0.034008301029805295]",0.03113246913067769,0.07823166996512776,0.005737660270643392,0.030599181178444623,0.0,0.0,0.01970812625749152,0.07823166996512776,0.005737660270643392,0.030599181178444623,5.808,1717635306.5209782,2024-06-06_10-55-06
0.5059,0.02496000000000001,0.47933011372813117,0.42718603158857027,0.01932949691454419,0.45033837044567454,0.5059,0.02496000000000001,0.49889201568156283,0.42718603158857027,0.01932949691454419,0.45033837044567454,0.029533434333839276,"[0.011315756658919754, 0.012192407496521018, 0.01288995615295488, 0.01359963525141729, 0.014321891165186378, 0.015181047888625853, 0.01592941522152252, 0.01673874496494045, 0.01751440457689525, 0.01835087734908702, 0.019202544572813795, 0.020070622325609303, 0.02095627718778323, 0.02186061264947246, 0.022737260153569413, 0.023681097053535004, 0.024646250751560458, 0.025633386418693636, 0.02659237614956749, 0.027623542314219474, 0.0286250346734827, 0.029647102596467904, 0.03056454213255984, 0.031680305841655834, 0.03263530150735364, 0.033606764937046466, 0.034593095597664145, 0.03536350794006898, 0.035930760474075646, 0.03631257033147624, 0.03661317474198803, 0.03688385713543919, 0.03738127616234113, 0.037934719347479336, 0.03858163380471939, 0.03921882339006296, 0.03999131852533767, 0.04074980907886149, 0.04127472956039594, 0.04151563832077664, 0.04151964454301027, 0.04123464219442919, 0.04096829512038153, 0.04056460486818273, 0.04028281736824196, 0.04000166841569801, 0.03919762289117317, 0.037812479337396496, 0.03622310391275238, 0.03453579653228067, 0.0330206041779641, 0.031565009966306234, 0.03054064037737075, 0.029904305612678588, 0.029394155816597912, 0.028896840658953926, 0.02825322628704274, 0.027685220830545497, 0.02666364029859006, 0.025486033827772144, 0.02414387260068274, 0.023028867611909868, 0.022681878550084772, 0.02299235797660897, 0.02387546679328945, 0.024738332374206702, 0.025547718436096926, 0.026640938816603423, 0.02759836215880636, 0.028240938725365098, 0.028199955208514017, 0.028168175430310402, 0.02767018559717724, 0.027414861073674215, 0.027239233260695786, 0.0274939869379551, 0.027874761581110984, 0.02868161073982207, 0.029514734605865275, 0.030345172291974937, 0.031248268714928727, 0.032298002681611045, 0.033509628354587276, 0.0348066615601669, 0.03569061118903811, 0.03631377821401384, 0.03654105211474412, 0.03646788532881584, 0.03572808397059345, 0.03427781350345514, 0.03309813106562172, 0.031639416134799855, 0.02970329439236902, 0.027599049067936567, 0.02603054913364457, 0.024090316372098155, 0.02220132238001286, 0.02051452966091278, 0.019044426362309692, 0.017805605247084858, 0.01643252777018217, 0.01523003850809785, 0.01424180324883461, 0.013706552220618947, 0.0130880570946912, 0.012988920737072255, 0.013178248200839212, 0.013386796436950147, 0.01359897371732897, 0.01439195864266014, 0.015495810506657983, 0.016686507754200334, 0.01807173050136072, 0.019341411872889052, 0.020370802976522343, 0.0213787239197115, 0.02262888584538598, 0.02401686851684336, 0.025523335513576738, 0.026670410326906566, 0.02758824337325398, 0.02810647098585074, 0.028219175888028712, 0.02804128716256827, 0.027840212128430745, 0.02799079668741686, 0.027988272685847155, 0.02831306909632167, 0.028434723397990712, 0.0285549391753426, 0.02832607944879636, 0.02800347501499142, 0.027460301198426997, 0.02681840364884072, 0.026203190519756815, 0.02552364346313934, 0.024940794741503684, 0.024553643852497812, 0.024009602077058226, 0.023587486328410737, 0.023053226444370627, 0.02237349941244249, 0.021247392964358097, 0.01948489409103017, 0.01759577829009665, 0.015969918059865678, 0.014849832783247986, 0.014164911869984548, 0.013546042864334782, 0.01328357500957488, 0.012905521640083246, 0.012806686101790404, 0.01256569256360443, 0.01270015008783326, 0.013333718053885597, 0.014364706842779438, 0.015230812921928084, 0.016214173123414017, 0.017422309714956504, 0.01848297873673576, 0.019690103784110968, 0.02062988015396428, 0.021304326954883004, 0.021542023987470748, 0.021445001132587415, 0.02128479356968176, 0.021154257299581803, 0.020548768777841446, 0.020419411659703072, 0.020346908766621045, 0.02018386842926173, 0.020060715556614095, 0.019970155121820186, 0.019905412966441507, 0.019860328269953802, 0.019689549628068632, 0.019110038324468673, 0.018401772510693467, 0.01773443768827515, 0.01691379473734185, 0.0163889904882787, 0.015891976533507178, 0.015695148472402557, 0.015634975895130635, 0.01548249397414641, 0.015250362203767827, 0.01446715870868431, 0.013690714184349355, 0.013111437378948002, 0.01280400987898366, 0.012789088065484542, 0.012885508256999974, 0.012645414791893052, 0.012533763320360268, 0.01300792748125149, 0.014045480441271196, 0.015593406388961941, 0.017496649938682926, 0.01947963017829757, 0.021814960986639112, 0.0244888991790445, 0.027455202671237973, 0.030462142682767764, 0.03347516022004274, 0.03632355277573078, 0.03911728575744543, 0.041489125175428104, 0.043617926344794986, 0.04507509866910146, 0.045973158335007626, 0.046666313335408376, 0.047747911364257295, 0.04910015737076979, 0.051170936172887156, 0.05323921785426519, 0.05484930583024696, 0.05598397968583077, 0.056516639752925084, 0.05678375349578094, 0.05655312215346535, 0.05709318659280136, 0.05753330561326649, 0.05822424761198231, 0.05856641837777238, 0.058663546697002605, 0.05829520111627496, 0.058019458378357286, 0.05786276302771312, 0.057678835712609886, 0.05721489013034267, 0.05620972754199197, 0.05488023496470325, 0.05291870088860013, 0.05085359195424363, 0.04836971777146554, 0.045888993393773454, 0.04332790860019442, 0.040721243397433354, 0.03815348906679705, 0.03609755066086763, 0.03431153121207709, 0.03269994312791247, 0.03113246913067769, 0.029533434333839276, 0.02779284963423818, 0.02581340528028532, 0.023636664296078556, 0.021032966406022018, 0.018298152858289164, 0.015471223173718233, 0.012975006021594128, 0.011476514573927241, 0.011190786613452559, 0.012013514795745658, 0.013192708648177051, 0.0146026096239084, 0.016627808096549106, 0.019288816219412905, 0.022115031993867204, 0.024956066779425322, 0.027947127033299147, 0.030317719296220055, 0.03213024736687776, 0.033908117916643665, 0.035613155393420214, 0.03695858371541455, 0.0370883147011733, 0.035844860180821725, 0.03331269225961453, 0.030127822662769057, 0.026675716455458534, 0.02305094507263966, 0.019294584365168215, 0.016588874620184203, 0.013459760460278334, 0.010513659470637583, 0.008184205378854309, 0.005908681970234855, 0.003908372487361734, 0.002250880846271649, 0.001837561814419065, 0.003902446460586522, 0.00649131804032715, 0.008842266053540701, 0.011337576744963709, 0.013847821453172829, 0.016241515374979285, 0.018506880743639053, 0.020753891025054552, 0.022854281545735794, 0.025177910908837288, 0.027764777035113285, 0.0302577363231247, 0.032552204835272186, 0.033962244268502154, 0.03530995724171245, 0.036795414568091225, 0.03840706162943578, 0.039993850675796264, 0.04133645030179679, 0.04211247094820217, 0.04239213751353172, 0.042192499106345205, 0.04200269786908514, 0.041897190162155235, 0.041830932940717325, 0.04166737666619139, 0.04206882264734189, 0.0426127097658282, 0.042895687146734904, 0.04300135533202284, 0.04249799814293581, 0.041897582995049115, 0.04072077112408416, 0.03927976254850985, 0.037331499513228325, 0.035889992777759706, 0.03456359233645024, 0.033243529781910974, 0.03199033675126687, 0.03059935779738079, 0.029272240636492235, 0.027900707354997015, 0.02654938414970694, 0.02543173352052397, 0.024311103096379235, 0.023065212419431085, 0.021685454855791198, 0.02041159885695607, 0.019056064221564174, 0.017656707279948437, 0.01626614648165674, 0.015012383850973622, 0.013603567963072178, 0.012189757837366814, 0.010674529938407772, 0.009407142987148039, 0.008344525906195775, 0.007439054007672372, 0.0072034584519923735, 0.007775010970036668, 0.009047582903156274, 0.010731538882415681, 0.01253460028234948, 0.014333543563369548, 0.016070624592636203, 0.017817726146123574, 0.019557256660804743, 0.02116824086555951, 0.022529303997840977, 0.023628588936546305, 0.02391411988476377, 0.02359656311707365, 0.022355277074164143, 0.020961866673625245, 0.018393580144489934, 0.015660552711922182, 0.013874328661167971, 0.01254026736778108, 0.011812131260623127, 0.010800298354986543, 0.00961805971638548, 0.008471507575266851, 0.007656757785702683, 0.006719580941926242, 0.0056999472982024405, 0.005125787188458596, 0.00504686530895439, 0.005697178935649704, 0.006245540782853768, 0.0070976650798796875, 0.007900543705723831, 0.008755370167568399, 0.009807746909975117, 0.011209592216881203, 0.01276960312030194, 0.014467251258771754, 0.015865855510978952, 0.01751794577394112, 0.01978728846519214, 0.022540086452385207, 0.024859037758439572, 0.02589623397823137, 0.02611181133516041, 0.026565850619759173, 0.0272557734372972, 0.02776644526036269, 0.02799937699621002, 0.02818388188652303, 0.02806005928616626, 0.028083982827741123, 0.02781538632605852, 0.027763976455106594, 0.028120518002563644, 0.028688559534023904, 0.029389365084960088, 0.030059907204608147, 0.03052096911154336, 0.031053468449087778, 0.03142000488428638, 0.03173833045042581, 0.031892653890475096, 0.03198060527161537, 0.031944507243272385, 0.03180892531117334, 0.03180195743523648, 0.03175983113429147, 0.03185651864929952, 0.032146459060636644, 0.032526908876218445, 0.033087790299913135, 0.03370146462957083, 0.0342847740780508, 0.0344768243549477, 0.03441738754137779, 0.034008301029805295]",0.029533434333839276,0.07871396841142975,0.0056305030854558215,0.028991743282456628,0.0,0.0,0.01956190195343166,0.07871396841142975,0.0056305030854558215,0.028991743282456628,5.832000000000001,1717635306.5451238,2024-06-06_10-55-06
0.5059,0.02568000000000001,0.477663639971094,0.42674713657374896,0.020038780584237994,0.4504493214182696,0.5059,0.02568000000000001,0.4970793176204658,0.42674713657374896,0.020038780584237994,0.4504493214182696,0.02779284963423818,"[0.011315756658919754, 0.012192407496521018, 0.01288995615295488, 0.01359963525141729, 0.014321891165186378, 0.015181047888625853, 0.01592941522152252, 0.01673874496494045, 0.01751440457689525, 0.01835087734908702, 0.019202544572813795, 0.020070622325609303, 0.02095627718778323, 0.02186061264947246, 0.022737260153569413, 0.023681097053535004, 0.024646250751560458, 0.025633386418693636, 0.02659237614956749, 0.027623542314219474, 0.0286250346734827, 0.029647102596467904, 0.03056454213255984, 0.031680305841655834, 0.03263530150735364, 0.033606764937046466, 0.034593095597664145, 0.03536350794006898, 0.035930760474075646, 0.03631257033147624, 0.03661317474198803, 0.03688385713543919, 0.03738127616234113, 0.037934719347479336, 0.03858163380471939, 0.03921882339006296, 0.03999131852533767, 0.04074980907886149, 0.04127472956039594, 0.04151563832077664, 0.04151964454301027, 0.04123464219442919, 0.04096829512038153, 0.04056460486818273, 0.04028281736824196, 0.04000166841569801, 0.03919762289117317, 0.037812479337396496, 0.03622310391275238, 0.03453579653228067, 0.0330206041779641, 0.031565009966306234, 0.03054064037737075, 0.029904305612678588, 0.029394155816597912, 0.028896840658953926, 0.02825322628704274, 0.027685220830545497, 0.02666364029859006, 0.025486033827772144, 0.02414387260068274, 0.023028867611909868, 0.022681878550084772, 0.02299235797660897, 0.02387546679328945, 0.024738332374206702, 0.025547718436096926, 0.026640938816603423, 0.02759836215880636, 0.028240938725365098, 0.028199955208514017, 0.028168175430310402, 0.02767018559717724, 0.027414861073674215, 0.027239233260695786, 0.0274939869379551, 0.027874761581110984, 0.02868161073982207, 0.029514734605865275, 0.030345172291974937, 0.031248268714928727, 0.032298002681611045, 0.033509628354587276, 0.0348066615601669, 0.03569061118903811, 0.03631377821401384, 0.03654105211474412, 0.03646788532881584, 0.03572808397059345, 0.03427781350345514, 0.03309813106562172, 0.031639416134799855, 0.02970329439236902, 0.027599049067936567, 0.02603054913364457, 0.024090316372098155, 0.02220132238001286, 0.02051452966091278, 0.019044426362309692, 0.017805605247084858, 0.01643252777018217, 0.01523003850809785, 0.01424180324883461, 0.013706552220618947, 0.0130880570946912, 0.012988920737072255, 0.013178248200839212, 0.013386796436950147, 0.01359897371732897, 0.01439195864266014, 0.015495810506657983, 0.016686507754200334, 0.01807173050136072, 0.019341411872889052, 0.020370802976522343, 0.0213787239197115, 0.02262888584538598, 0.02401686851684336, 0.025523335513576738, 0.026670410326906566, 0.02758824337325398, 0.02810647098585074, 0.028219175888028712, 0.02804128716256827, 0.027840212128430745, 0.02799079668741686, 0.027988272685847155, 0.02831306909632167, 0.028434723397990712, 0.0285549391753426, 0.02832607944879636, 0.02800347501499142, 0.027460301198426997, 0.02681840364884072, 0.026203190519756815, 0.02552364346313934, 0.024940794741503684, 0.024553643852497812, 0.024009602077058226, 0.023587486328410737, 0.023053226444370627, 0.02237349941244249, 0.021247392964358097, 0.01948489409103017, 0.01759577829009665, 0.015969918059865678, 0.014849832783247986, 0.014164911869984548, 0.013546042864334782, 0.01328357500957488, 0.012905521640083246, 0.012806686101790404, 0.01256569256360443, 0.01270015008783326, 0.013333718053885597, 0.014364706842779438, 0.015230812921928084, 0.016214173123414017, 0.017422309714956504, 0.01848297873673576, 0.019690103784110968, 0.02062988015396428, 0.021304326954883004, 0.021542023987470748, 0.021445001132587415, 0.02128479356968176, 0.021154257299581803, 0.020548768777841446, 0.020419411659703072, 0.020346908766621045, 0.02018386842926173, 0.020060715556614095, 0.019970155121820186, 0.019905412966441507, 0.019860328269953802, 0.019689549628068632, 0.019110038324468673, 0.018401772510693467, 0.01773443768827515, 0.01691379473734185, 0.0163889904882787, 0.015891976533507178, 0.015695148472402557, 0.015634975895130635, 0.01548249397414641, 0.015250362203767827, 0.01446715870868431, 0.013690714184349355, 0.013111437378948002, 0.01280400987898366, 0.012789088065484542, 0.012885508256999974, 0.012645414791893052, 0.012533763320360268, 0.01300792748125149, 0.014045480441271196, 0.015593406388961941, 0.017496649938682926, 0.01947963017829757, 0.021814960986639112, 0.0244888991790445, 0.027455202671237973, 0.030462142682767764, 0.03347516022004274, 0.03632355277573078, 0.03911728575744543, 0.041489125175428104, 0.043617926344794986, 0.04507509866910146, 0.045973158335007626, 0.046666313335408376, 0.047747911364257295, 0.04910015737076979, 0.051170936172887156, 0.05323921785426519, 0.05484930583024696, 0.05598397968583077, 0.056516639752925084, 0.05678375349578094, 0.05655312215346535, 0.05709318659280136, 0.05753330561326649, 0.05822424761198231, 0.05856641837777238, 0.058663546697002605, 0.05829520111627496, 0.058019458378357286, 0.05786276302771312, 0.057678835712609886, 0.05721489013034267, 0.05620972754199197, 0.05488023496470325, 0.05291870088860013, 0.05085359195424363, 0.04836971777146554, 0.045888993393773454, 0.04332790860019442, 0.040721243397433354, 0.03815348906679705, 0.03609755066086763, 0.03431153121207709, 0.03269994312791247, 0.03113246913067769, 0.029533434333839276, 0.02779284963423818, 0.02581340528028532, 0.023636664296078556, 0.021032966406022018, 0.018298152858289164, 0.015471223173718233, 0.012975006021594128, 0.011476514573927241, 0.011190786613452559, 0.012013514795745658, 0.013192708648177051, 0.0146026096239084, 0.016627808096549106, 0.019288816219412905, 0.022115031993867204, 0.024956066779425322, 0.027947127033299147, 0.030317719296220055, 0.03213024736687776, 0.033908117916643665, 0.035613155393420214, 0.03695858371541455, 0.0370883147011733, 0.035844860180821725, 0.03331269225961453, 0.030127822662769057, 0.026675716455458534, 0.02305094507263966, 0.019294584365168215, 0.016588874620184203, 0.013459760460278334, 0.010513659470637583, 0.008184205378854309, 0.005908681970234855, 0.003908372487361734, 0.002250880846271649, 0.001837561814419065, 0.003902446460586522, 0.00649131804032715, 0.008842266053540701, 0.011337576744963709, 0.013847821453172829, 0.016241515374979285, 0.018506880743639053, 0.020753891025054552, 0.022854281545735794, 0.025177910908837288, 0.027764777035113285, 0.0302577363231247, 0.032552204835272186, 0.033962244268502154, 0.03530995724171245, 0.036795414568091225, 0.03840706162943578, 0.039993850675796264, 0.04133645030179679, 0.04211247094820217, 0.04239213751353172, 0.042192499106345205, 0.04200269786908514, 0.041897190162155235, 0.041830932940717325, 0.04166737666619139, 0.04206882264734189, 0.0426127097658282, 0.042895687146734904, 0.04300135533202284, 0.04249799814293581, 0.041897582995049115, 0.04072077112408416, 0.03927976254850985, 0.037331499513228325, 0.035889992777759706, 0.03456359233645024, 0.033243529781910974, 0.03199033675126687, 0.03059935779738079, 0.029272240636492235, 0.027900707354997015, 0.02654938414970694, 0.02543173352052397, 0.024311103096379235, 0.023065212419431085, 0.021685454855791198, 0.02041159885695607, 0.019056064221564174, 0.017656707279948437, 0.01626614648165674, 0.015012383850973622, 0.013603567963072178, 0.012189757837366814, 0.010674529938407772, 0.009407142987148039, 0.008344525906195775, 0.007439054007672372, 0.0072034584519923735, 0.007775010970036668, 0.009047582903156274, 0.010731538882415681, 0.01253460028234948, 0.014333543563369548, 0.016070624592636203, 0.017817726146123574, 0.019557256660804743, 0.02116824086555951, 0.022529303997840977, 0.023628588936546305, 0.02391411988476377, 0.02359656311707365, 0.022355277074164143, 0.020961866673625245, 0.018393580144489934, 0.015660552711922182, 0.013874328661167971, 0.01254026736778108, 0.011812131260623127, 0.010800298354986543, 0.00961805971638548, 0.008471507575266851, 0.007656757785702683, 0.006719580941926242, 0.0056999472982024405, 0.005125787188458596, 0.00504686530895439, 0.005697178935649704, 0.006245540782853768, 0.0070976650798796875, 0.007900543705723831, 0.008755370167568399, 0.009807746909975117, 0.011209592216881203, 0.01276960312030194, 0.014467251258771754, 0.015865855510978952, 0.01751794577394112, 0.01978728846519214, 0.022540086452385207, 0.024859037758439572, 0.02589623397823137, 0.02611181133516041, 0.026565850619759173, 0.0272557734372972, 0.02776644526036269, 0.02799937699621002, 0.02818388188652303, 0.02806005928616626, 0.028083982827741123, 0.02781538632605852, 0.027763976455106594, 0.028120518002563644, 0.028688559534023904, 0.029389365084960088, 0.030059907204608147, 0.03052096911154336, 0.031053468449087778, 0.03142000488428638, 0.03173833045042581, 0.031892653890475096, 0.03198060527161537, 0.031944507243272385, 0.03180892531117334, 0.03180195743523648, 0.03175983113429147, 0.03185651864929952, 0.032146459060636644, 0.032526908876218445, 0.033087790299913135, 0.03370146462957083, 0.0342847740780508, 0.0344768243549477, 0.03441738754137779, 0.034008301029805295]",0.02779284963423818,0.07915286342625105,0.0056412194157620145,0.027214318552824412,0.0,0.0,0.0194156776493718,0.07915286342625105,0.0056412194157620145,0.027214318552824412,5.856,1717635306.569351,2024-06-06_10-55-06
0.5059,0.02639999999999998,0.4758706592341364,0.4263535821393387,0.020483694732376538,0.45074439361139507,0.5059,0.02639999999999998,0.4951401125794483,0.4263535821393387,0.020483694732376538,0.45074439361139507,0.02581340528028532,"[0.011315756658919754, 0.012192407496521018, 0.01288995615295488, 0.01359963525141729, 0.014321891165186378, 0.015181047888625853, 0.01592941522152252, 0.01673874496494045, 0.01751440457689525, 0.01835087734908702, 0.019202544572813795, 0.020070622325609303, 0.02095627718778323, 0.02186061264947246, 0.022737260153569413, 0.023681097053535004, 0.024646250751560458, 0.025633386418693636, 0.02659237614956749, 0.027623542314219474, 0.0286250346734827, 0.029647102596467904, 0.03056454213255984, 0.031680305841655834, 0.03263530150735364, 0.033606764937046466, 0.034593095597664145, 0.03536350794006898, 0.035930760474075646, 0.03631257033147624, 0.03661317474198803, 0.03688385713543919, 0.03738127616234113, 0.037934719347479336, 0.03858163380471939, 0.03921882339006296, 0.03999131852533767, 0.04074980907886149, 0.04127472956039594, 0.04151563832077664, 0.04151964454301027, 0.04123464219442919, 0.04096829512038153, 0.04056460486818273, 0.04028281736824196, 0.04000166841569801, 0.03919762289117317, 0.037812479337396496, 0.03622310391275238, 0.03453579653228067, 0.0330206041779641, 0.031565009966306234, 0.03054064037737075, 0.029904305612678588, 0.029394155816597912, 0.028896840658953926, 0.02825322628704274, 0.027685220830545497, 0.02666364029859006, 0.025486033827772144, 0.02414387260068274, 0.023028867611909868, 0.022681878550084772, 0.02299235797660897, 0.02387546679328945, 0.024738332374206702, 0.025547718436096926, 0.026640938816603423, 0.02759836215880636, 0.028240938725365098, 0.028199955208514017, 0.028168175430310402, 0.02767018559717724, 0.027414861073674215, 0.027239233260695786, 0.0274939869379551, 0.027874761581110984, 0.02868161073982207, 0.029514734605865275, 0.030345172291974937, 0.031248268714928727, 0.032298002681611045, 0.033509628354587276, 0.0348066615601669, 0.03569061118903811, 0.03631377821401384, 0.03654105211474412, 0.03646788532881584, 0.03572808397059345, 0.03427781350345514, 0.03309813106562172, 0.031639416134799855, 0.02970329439236902, 0.027599049067936567, 0.02603054913364457, 0.024090316372098155, 0.02220132238001286, 0.02051452966091278, 0.019044426362309692, 0.017805605247084858, 0.01643252777018217, 0.01523003850809785, 0.01424180324883461, 0.013706552220618947, 0.0130880570946912, 0.012988920737072255, 0.013178248200839212, 0.013386796436950147, 0.01359897371732897, 0.01439195864266014, 0.015495810506657983, 0.016686507754200334, 0.01807173050136072, 0.019341411872889052, 0.020370802976522343, 0.0213787239197115, 0.02262888584538598, 0.02401686851684336, 0.025523335513576738, 0.026670410326906566, 0.02758824337325398, 0.02810647098585074, 0.028219175888028712, 0.02804128716256827, 0.027840212128430745, 0.02799079668741686, 0.027988272685847155, 0.02831306909632167, 0.028434723397990712, 0.0285549391753426, 0.02832607944879636, 0.02800347501499142, 0.027460301198426997, 0.02681840364884072, 0.026203190519756815, 0.02552364346313934, 0.024940794741503684, 0.024553643852497812, 0.024009602077058226, 0.023587486328410737, 0.023053226444370627, 0.02237349941244249, 0.021247392964358097, 0.01948489409103017, 0.01759577829009665, 0.015969918059865678, 0.014849832783247986, 0.014164911869984548, 0.013546042864334782, 0.01328357500957488, 0.012905521640083246, 0.012806686101790404, 0.01256569256360443, 0.01270015008783326, 0.013333718053885597, 0.014364706842779438, 0.015230812921928084, 0.016214173123414017, 0.017422309714956504, 0.01848297873673576, 0.019690103784110968, 0.02062988015396428, 0.021304326954883004, 0.021542023987470748, 0.021445001132587415, 0.02128479356968176, 0.021154257299581803, 0.020548768777841446, 0.020419411659703072, 0.020346908766621045, 0.02018386842926173, 0.020060715556614095, 0.019970155121820186, 0.019905412966441507, 0.019860328269953802, 0.019689549628068632, 0.019110038324468673, 0.018401772510693467, 0.01773443768827515, 0.01691379473734185, 0.0163889904882787, 0.015891976533507178, 0.015695148472402557, 0.015634975895130635, 0.01548249397414641, 0.015250362203767827, 0.01446715870868431, 0.013690714184349355, 0.013111437378948002, 0.01280400987898366, 0.012789088065484542, 0.012885508256999974, 0.012645414791893052, 0.012533763320360268, 0.01300792748125149, 0.014045480441271196, 0.015593406388961941, 0.017496649938682926, 0.01947963017829757, 0.021814960986639112, 0.0244888991790445, 0.027455202671237973, 0.030462142682767764, 0.03347516022004274, 0.03632355277573078, 0.03911728575744543, 0.041489125175428104, 0.043617926344794986, 0.04507509866910146, 0.045973158335007626, 0.046666313335408376, 0.047747911364257295, 0.04910015737076979, 0.051170936172887156, 0.05323921785426519, 0.05484930583024696, 0.05598397968583077, 0.056516639752925084, 0.05678375349578094, 0.05655312215346535, 0.05709318659280136, 0.05753330561326649, 0.05822424761198231, 0.05856641837777238, 0.058663546697002605, 0.05829520111627496, 0.058019458378357286, 0.05786276302771312, 0.057678835712609886, 0.05721489013034267, 0.05620972754199197, 0.05488023496470325, 0.05291870088860013, 0.05085359195424363, 0.04836971777146554, 0.045888993393773454, 0.04332790860019442, 0.040721243397433354, 0.03815348906679705, 0.03609755066086763, 0.03431153121207709, 0.03269994312791247, 0.03113246913067769, 0.029533434333839276, 0.02779284963423818, 0.02581340528028532, 0.023636664296078556, 0.021032966406022018, 0.018298152858289164, 0.015471223173718233, 0.012975006021594128, 0.011476514573927241, 0.011190786613452559, 0.012013514795745658, 0.013192708648177051, 0.0146026096239084, 0.016627808096549106, 0.019288816219412905, 0.022115031993867204, 0.024956066779425322, 0.027947127033299147, 0.030317719296220055, 0.03213024736687776, 0.033908117916643665, 0.035613155393420214, 0.03695858371541455, 0.0370883147011733, 0.035844860180821725, 0.03331269225961453, 0.030127822662769057, 0.026675716455458534, 0.02305094507263966, 0.019294584365168215, 0.016588874620184203, 0.013459760460278334, 0.010513659470637583, 0.008184205378854309, 0.005908681970234855, 0.003908372487361734, 0.002250880846271649, 0.001837561814419065, 0.003902446460586522, 0.00649131804032715, 0.008842266053540701, 0.011337576744963709, 0.013847821453172829, 0.016241515374979285, 0.018506880743639053, 0.020753891025054552, 0.022854281545735794, 0.025177910908837288, 0.027764777035113285, 0.0302577363231247, 0.032552204835272186, 0.033962244268502154, 0.03530995724171245, 0.036795414568091225, 0.03840706162943578, 0.039993850675796264, 0.04133645030179679, 0.04211247094820217, 0.04239213751353172, 0.042192499106345205, 0.04200269786908514, 0.041897190162155235, 0.041830932940717325, 0.04166737666619139, 0.04206882264734189, 0.0426127097658282, 0.042895687146734904, 0.04300135533202284, 0.04249799814293581, 0.041897582995049115, 0.04072077112408416, 0.03927976254850985, 0.037331499513228325, 0.035889992777759706, 0.03456359233645024, 0.033243529781910974, 0.03199033675126687, 0.03059935779738079, 0.029272240636492235, 0.027900707354997015, 0.02654938414970694, 0.02543173352052397, 0.024311103096379235, 0.023065212419431085, 0.021685454855791198, 0.02041159885695607, 0.019056064221564174, 0.017656707279948437, 0.01626614648165674, 0.015012383850973622, 0.013603567963072178, 0.012189757837366814, 0.010674529938407772, 0.009407142987148039, 0.008344525906195775, 0.007439054007672372, 0.0072034584519923735, 0.007775010970036668, 0.009047582903156274, 0.010731538882415681, 0.01253460028234948, 0.014333543563369548, 0.016070624592636203, 0.017817726146123574, 0.019557256660804743, 0.02116824086555951, 0.022529303997840977, 0.023628588936546305, 0.02391411988476377, 0.02359656311707365, 0.022355277074164143, 0.020961866673625245, 0.018393580144489934, 0.015660552711922182, 0.013874328661167971, 0.01254026736778108, 0.011812131260623127, 0.010800298354986543, 0.00961805971638548, 0.008471507575266851, 0.007656757785702683, 0.006719580941926242, 0.0056999472982024405, 0.005125787188458596, 0.00504686530895439, 0.005697178935649704, 0.006245540782853768, 0.0070976650798796875, 0.007900543705723831, 0.008755370167568399, 0.009807746909975117, 0.011209592216881203, 0.01276960312030194, 0.014467251258771754, 0.015865855510978952, 0.01751794577394112, 0.01978728846519214, 0.022540086452385207, 0.024859037758439572, 0.02589623397823137, 0.02611181133516041, 0.026565850619759173, 0.0272557734372972, 0.02776644526036269, 0.02799937699621002, 0.02818388188652303, 0.02806005928616626, 0.028083982827741123, 0.02781538632605852, 0.027763976455106594, 0.028120518002563644, 0.028688559534023904, 0.029389365084960088, 0.030059907204608147, 0.03052096911154336, 0.031053468449087778, 0.03142000488428638, 0.03173833045042581, 0.031892653890475096, 0.03198060527161537, 0.031944507243272385, 0.03180892531117334, 0.03180195743523648, 0.03175983113429147, 0.03185651864929952, 0.032146459060636644, 0.032526908876218445, 0.033087790299913135, 0.03370146462957083, 0.0342847740780508, 0.0344768243549477, 0.03441738754137779, 0.034008301029805295]",0.02581340528028532,0.0795464178606613,0.005916305267623441,0.02512626562274134,0.0,0.0,0.019269453345311882,0.0795464178606613,0.005916305267623441,0.02512626562274134,5.88,1717635306.5947113,2024-06-06_10-55-06
0.5059,0.027120000000000005,0.4739612744948789,0.4260056688394571,0.020665563975530814,0.4512229334240895,0.5059,0.027120000000000005,0.49317633478302647,0.4260056688394571,0.020665563975530814,0.4512229334240895,0.023636664296078556,"[0.011315756658919754, 0.012192407496521018, 0.01288995615295488, 0.01359963525141729, 0.014321891165186378, 0.015181047888625853, 0.01592941522152252, 0.01673874496494045, 0.01751440457689525, 0.01835087734908702, 0.019202544572813795, 0.020070622325609303, 0.02095627718778323, 0.02186061264947246, 0.022737260153569413, 0.023681097053535004, 0.024646250751560458, 0.025633386418693636, 0.02659237614956749, 0.027623542314219474, 0.0286250346734827, 0.029647102596467904, 0.03056454213255984, 0.031680305841655834, 0.03263530150735364, 0.033606764937046466, 0.034593095597664145, 0.03536350794006898, 0.035930760474075646, 0.03631257033147624, 0.03661317474198803, 0.03688385713543919, 0.03738127616234113, 0.037934719347479336, 0.03858163380471939, 0.03921882339006296, 0.03999131852533767, 0.04074980907886149, 0.04127472956039594, 0.04151563832077664, 0.04151964454301027, 0.04123464219442919, 0.04096829512038153, 0.04056460486818273, 0.04028281736824196, 0.04000166841569801, 0.03919762289117317, 0.037812479337396496, 0.03622310391275238, 0.03453579653228067, 0.0330206041779641, 0.031565009966306234, 0.03054064037737075, 0.029904305612678588, 0.029394155816597912, 0.028896840658953926, 0.02825322628704274, 0.027685220830545497, 0.02666364029859006, 0.025486033827772144, 0.02414387260068274, 0.023028867611909868, 0.022681878550084772, 0.02299235797660897, 0.02387546679328945, 0.024738332374206702, 0.025547718436096926, 0.026640938816603423, 0.02759836215880636, 0.028240938725365098, 0.028199955208514017, 0.028168175430310402, 0.02767018559717724, 0.027414861073674215, 0.027239233260695786, 0.0274939869379551, 0.027874761581110984, 0.02868161073982207, 0.029514734605865275, 0.030345172291974937, 0.031248268714928727, 0.032298002681611045, 0.033509628354587276, 0.0348066615601669, 0.03569061118903811, 0.03631377821401384, 0.03654105211474412, 0.03646788532881584, 0.03572808397059345, 0.03427781350345514, 0.03309813106562172, 0.031639416134799855, 0.02970329439236902, 0.027599049067936567, 0.02603054913364457, 0.024090316372098155, 0.02220132238001286, 0.02051452966091278, 0.019044426362309692, 0.017805605247084858, 0.01643252777018217, 0.01523003850809785, 0.01424180324883461, 0.013706552220618947, 0.0130880570946912, 0.012988920737072255, 0.013178248200839212, 0.013386796436950147, 0.01359897371732897, 0.01439195864266014, 0.015495810506657983, 0.016686507754200334, 0.01807173050136072, 0.019341411872889052, 0.020370802976522343, 0.0213787239197115, 0.02262888584538598, 0.02401686851684336, 0.025523335513576738, 0.026670410326906566, 0.02758824337325398, 0.02810647098585074, 0.028219175888028712, 0.02804128716256827, 0.027840212128430745, 0.02799079668741686, 0.027988272685847155, 0.02831306909632167, 0.028434723397990712, 0.0285549391753426, 0.02832607944879636, 0.02800347501499142, 0.027460301198426997, 0.02681840364884072, 0.026203190519756815, 0.02552364346313934, 0.024940794741503684, 0.024553643852497812, 0.024009602077058226, 0.023587486328410737, 0.023053226444370627, 0.02237349941244249, 0.021247392964358097, 0.01948489409103017, 0.01759577829009665, 0.015969918059865678, 0.014849832783247986, 0.014164911869984548, 0.013546042864334782, 0.01328357500957488, 0.012905521640083246, 0.012806686101790404, 0.01256569256360443, 0.01270015008783326, 0.013333718053885597, 0.014364706842779438, 0.015230812921928084, 0.016214173123414017, 0.017422309714956504, 0.01848297873673576, 0.019690103784110968, 0.02062988015396428, 0.021304326954883004, 0.021542023987470748, 0.021445001132587415, 0.02128479356968176, 0.021154257299581803, 0.020548768777841446, 0.020419411659703072, 0.020346908766621045, 0.02018386842926173, 0.020060715556614095, 0.019970155121820186, 0.019905412966441507, 0.019860328269953802, 0.019689549628068632, 0.019110038324468673, 0.018401772510693467, 0.01773443768827515, 0.01691379473734185, 0.0163889904882787, 0.015891976533507178, 0.015695148472402557, 0.015634975895130635, 0.01548249397414641, 0.015250362203767827, 0.01446715870868431, 0.013690714184349355, 0.013111437378948002, 0.01280400987898366, 0.012789088065484542, 0.012885508256999974, 0.012645414791893052, 0.012533763320360268, 0.01300792748125149, 0.014045480441271196, 0.015593406388961941, 0.017496649938682926, 0.01947963017829757, 0.021814960986639112, 0.0244888991790445, 0.027455202671237973, 0.030462142682767764, 0.03347516022004274, 0.03632355277573078, 0.03911728575744543, 0.041489125175428104, 0.043617926344794986, 0.04507509866910146, 0.045973158335007626, 0.046666313335408376, 0.047747911364257295, 0.04910015737076979, 0.051170936172887156, 0.05323921785426519, 0.05484930583024696, 0.05598397968583077, 0.056516639752925084, 0.05678375349578094, 0.05655312215346535, 0.05709318659280136, 0.05753330561326649, 0.05822424761198231, 0.05856641837777238, 0.058663546697002605, 0.05829520111627496, 0.058019458378357286, 0.05786276302771312, 0.057678835712609886, 0.05721489013034267, 0.05620972754199197, 0.05488023496470325, 0.05291870088860013, 0.05085359195424363, 0.04836971777146554, 0.045888993393773454, 0.04332790860019442, 0.040721243397433354, 0.03815348906679705, 0.03609755066086763, 0.03431153121207709, 0.03269994312791247, 0.03113246913067769, 0.029533434333839276, 0.02779284963423818, 0.02581340528028532, 0.023636664296078556, 0.021032966406022018, 0.018298152858289164, 0.015471223173718233, 0.012975006021594128, 0.011476514573927241, 0.011190786613452559, 0.012013514795745658, 0.013192708648177051, 0.0146026096239084, 0.016627808096549106, 0.019288816219412905, 0.022115031993867204, 0.024956066779425322, 0.027947127033299147, 0.030317719296220055, 0.03213024736687776, 0.033908117916643665, 0.035613155393420214, 0.03695858371541455, 0.0370883147011733, 0.035844860180821725, 0.03331269225961453, 0.030127822662769057, 0.026675716455458534, 0.02305094507263966, 0.019294584365168215, 0.016588874620184203, 0.013459760460278334, 0.010513659470637583, 0.008184205378854309, 0.005908681970234855, 0.003908372487361734, 0.002250880846271649, 0.001837561814419065, 0.003902446460586522, 0.00649131804032715, 0.008842266053540701, 0.011337576744963709, 0.013847821453172829, 0.016241515374979285, 0.018506880743639053, 0.020753891025054552, 0.022854281545735794, 0.025177910908837288, 0.027764777035113285, 0.0302577363231247, 0.032552204835272186, 0.033962244268502154, 0.03530995724171245, 0.036795414568091225, 0.03840706162943578, 0.039993850675796264, 0.04133645030179679, 0.04211247094820217, 0.04239213751353172, 0.042192499106345205, 0.04200269786908514, 0.041897190162155235, 0.041830932940717325, 0.04166737666619139, 0.04206882264734189, 0.0426127097658282, 0.042895687146734904, 0.04300135533202284, 0.04249799814293581, 0.041897582995049115, 0.04072077112408416, 0.03927976254850985, 0.037331499513228325, 0.035889992777759706, 0.03456359233645024, 0.033243529781910974, 0.03199033675126687, 0.03059935779738079, 0.029272240636492235, 0.027900707354997015, 0.02654938414970694, 0.02543173352052397, 0.024311103096379235, 0.023065212419431085, 0.021685454855791198, 0.02041159885695607, 0.019056064221564174, 0.017656707279948437, 0.01626614648165674, 0.015012383850973622, 0.013603567963072178, 0.012189757837366814, 0.010674529938407772, 0.009407142987148039, 0.008344525906195775, 0.007439054007672372, 0.0072034584519923735, 0.007775010970036668, 0.009047582903156274, 0.010731538882415681, 0.01253460028234948, 0.014333543563369548, 0.016070624592636203, 0.017817726146123574, 0.019557256660804743, 0.02116824086555951, 0.022529303997840977, 0.023628588936546305, 0.02391411988476377, 0.02359656311707365, 0.022355277074164143, 0.020961866673625245, 0.018393580144489934, 0.015660552711922182, 0.013874328661167971, 0.01254026736778108, 0.011812131260623127, 0.010800298354986543, 0.00961805971638548, 0.008471507575266851, 0.007656757785702683, 0.006719580941926242, 0.0056999472982024405, 0.005125787188458596, 0.00504686530895439, 0.005697178935649704, 0.006245540782853768, 0.0070976650798796875, 0.007900543705723831, 0.008755370167568399, 0.009807746909975117, 0.011209592216881203, 0.01276960312030194, 0.014467251258771754, 0.015865855510978952, 0.01751794577394112, 0.01978728846519214, 0.022540086452385207, 0.024859037758439572, 0.02589623397823137, 0.02611181133516041, 0.026565850619759173, 0.0272557734372972, 0.02776644526036269, 0.02799937699621002, 0.02818388188652303, 0.02806005928616626, 0.028083982827741123, 0.02781538632605852, 0.027763976455106594, 0.028120518002563644, 0.028688559534023904, 0.029389365084960088, 0.030059907204608147, 0.03052096911154336, 0.031053468449087778, 0.03142000488428638, 0.03173833045042581, 0.031892653890475096, 0.03198060527161537, 0.031944507243272385, 0.03180892531117334, 0.03180195743523648, 0.03175983113429147, 0.03185651864929952, 0.032146459060636644, 0.032526908876218445, 0.033087790299913135, 0.03370146462957083, 0.0342847740780508, 0.0344768243549477, 0.03441738754137779, 0.034008301029805295]",0.023636664296078556,0.0798943311605429,0.0064544360244691915,0.022738341070789425,0.0,0.0,0.019215060288147567,0.0798943311605429,0.0064544360244691915,0.022738341070789425,5.904,1717635306.616902,2024-06-06_10-55-06
0.5059,0.027840000000000004,0.47194605331999984,0.4255292046718829,0.0206026227310706,0.4521974825842723,0.5059,0.027840000000000004,0.49156587678546126,0.4255292046718829,0.0206026227310706,0.4521974825842723,0.021032966406022018,"[0.011315756658919754, 0.012192407496521018, 0.01288995615295488, 0.01359963525141729, 0.014321891165186378, 0.015181047888625853, 0.01592941522152252, 0.01673874496494045, 0.01751440457689525, 0.01835087734908702, 0.019202544572813795, 0.020070622325609303, 0.02095627718778323, 0.02186061264947246, 0.022737260153569413, 0.023681097053535004, 0.024646250751560458, 0.025633386418693636, 0.02659237614956749, 0.027623542314219474, 0.0286250346734827, 0.029647102596467904, 0.03056454213255984, 0.031680305841655834, 0.03263530150735364, 0.033606764937046466, 0.034593095597664145, 0.03536350794006898, 0.035930760474075646, 0.03631257033147624, 0.03661317474198803, 0.03688385713543919, 0.03738127616234113, 0.037934719347479336, 0.03858163380471939, 0.03921882339006296, 0.03999131852533767, 0.04074980907886149, 0.04127472956039594, 0.04151563832077664, 0.04151964454301027, 0.04123464219442919, 0.04096829512038153, 0.04056460486818273, 0.04028281736824196, 0.04000166841569801, 0.03919762289117317, 0.037812479337396496, 0.03622310391275238, 0.03453579653228067, 0.0330206041779641, 0.031565009966306234, 0.03054064037737075, 0.029904305612678588, 0.029394155816597912, 0.028896840658953926, 0.02825322628704274, 0.027685220830545497, 0.02666364029859006, 0.025486033827772144, 0.02414387260068274, 0.023028867611909868, 0.022681878550084772, 0.02299235797660897, 0.02387546679328945, 0.024738332374206702, 0.025547718436096926, 0.026640938816603423, 0.02759836215880636, 0.028240938725365098, 0.028199955208514017, 0.028168175430310402, 0.02767018559717724, 0.027414861073674215, 0.027239233260695786, 0.0274939869379551, 0.027874761581110984, 0.02868161073982207, 0.029514734605865275, 0.030345172291974937, 0.031248268714928727, 0.032298002681611045, 0.033509628354587276, 0.0348066615601669, 0.03569061118903811, 0.03631377821401384, 0.03654105211474412, 0.03646788532881584, 0.03572808397059345, 0.03427781350345514, 0.03309813106562172, 0.031639416134799855, 0.02970329439236902, 0.027599049067936567, 0.02603054913364457, 0.024090316372098155, 0.02220132238001286, 0.02051452966091278, 0.019044426362309692, 0.017805605247084858, 0.01643252777018217, 0.01523003850809785, 0.01424180324883461, 0.013706552220618947, 0.0130880570946912, 0.012988920737072255, 0.013178248200839212, 0.013386796436950147, 0.01359897371732897, 0.01439195864266014, 0.015495810506657983, 0.016686507754200334, 0.01807173050136072, 0.019341411872889052, 0.020370802976522343, 0.0213787239197115, 0.02262888584538598, 0.02401686851684336, 0.025523335513576738, 0.026670410326906566, 0.02758824337325398, 0.02810647098585074, 0.028219175888028712, 0.02804128716256827, 0.027840212128430745, 0.02799079668741686, 0.027988272685847155, 0.02831306909632167, 0.028434723397990712, 0.0285549391753426, 0.02832607944879636, 0.02800347501499142, 0.027460301198426997, 0.02681840364884072, 0.026203190519756815, 0.02552364346313934, 0.024940794741503684, 0.024553643852497812, 0.024009602077058226, 0.023587486328410737, 0.023053226444370627, 0.02237349941244249, 0.021247392964358097, 0.01948489409103017, 0.01759577829009665, 0.015969918059865678, 0.014849832783247986, 0.014164911869984548, 0.013546042864334782, 0.01328357500957488, 0.012905521640083246, 0.012806686101790404, 0.01256569256360443, 0.01270015008783326, 0.013333718053885597, 0.014364706842779438, 0.015230812921928084, 0.016214173123414017, 0.017422309714956504, 0.01848297873673576, 0.019690103784110968, 0.02062988015396428, 0.021304326954883004, 0.021542023987470748, 0.021445001132587415, 0.02128479356968176, 0.021154257299581803, 0.020548768777841446, 0.020419411659703072, 0.020346908766621045, 0.02018386842926173, 0.020060715556614095, 0.019970155121820186, 0.019905412966441507, 0.019860328269953802, 0.019689549628068632, 0.019110038324468673, 0.018401772510693467, 0.01773443768827515, 0.01691379473734185, 0.0163889904882787, 0.015891976533507178, 0.015695148472402557, 0.015634975895130635, 0.01548249397414641, 0.015250362203767827, 0.01446715870868431, 0.013690714184349355, 0.013111437378948002, 0.01280400987898366, 0.012789088065484542, 0.012885508256999974, 0.012645414791893052, 0.012533763320360268, 0.01300792748125149, 0.014045480441271196, 0.015593406388961941, 0.017496649938682926, 0.01947963017829757, 0.021814960986639112, 0.0244888991790445, 0.027455202671237973, 0.030462142682767764, 0.03347516022004274, 0.03632355277573078, 0.03911728575744543, 0.041489125175428104, 0.043617926344794986, 0.04507509866910146, 0.045973158335007626, 0.046666313335408376, 0.047747911364257295, 0.04910015737076979, 0.051170936172887156, 0.05323921785426519, 0.05484930583024696, 0.05598397968583077, 0.056516639752925084, 0.05678375349578094, 0.05655312215346535, 0.05709318659280136, 0.05753330561326649, 0.05822424761198231, 0.05856641837777238, 0.058663546697002605, 0.05829520111627496, 0.058019458378357286, 0.05786276302771312, 0.057678835712609886, 0.05721489013034267, 0.05620972754199197, 0.05488023496470325, 0.05291870088860013, 0.05085359195424363, 0.04836971777146554, 0.045888993393773454, 0.04332790860019442, 0.040721243397433354, 0.03815348906679705, 0.03609755066086763, 0.03431153121207709, 0.03269994312791247, 0.03113246913067769, 0.029533434333839276, 0.02779284963423818, 0.02581340528028532, 0.023636664296078556, 0.021032966406022018, 0.018298152858289164, 0.015471223173718233, 0.012975006021594128, 0.011476514573927241, 0.011190786613452559, 0.012013514795745658, 0.013192708648177051, 0.0146026096239084, 0.016627808096549106, 0.019288816219412905, 0.022115031993867204, 0.024956066779425322, 0.027947127033299147, 0.030317719296220055, 0.03213024736687776, 0.033908117916643665, 0.035613155393420214, 0.03695858371541455, 0.0370883147011733, 0.035844860180821725, 0.03331269225961453, 0.030127822662769057, 0.026675716455458534, 0.02305094507263966, 0.019294584365168215, 0.016588874620184203, 0.013459760460278334, 0.010513659470637583, 0.008184205378854309, 0.005908681970234855, 0.003908372487361734, 0.002250880846271649, 0.001837561814419065, 0.003902446460586522, 0.00649131804032715, 0.008842266053540701, 0.011337576744963709, 0.013847821453172829, 0.016241515374979285, 0.018506880743639053, 0.020753891025054552, 0.022854281545735794, 0.025177910908837288, 0.027764777035113285, 0.0302577363231247, 0.032552204835272186, 0.033962244268502154, 0.03530995724171245, 0.036795414568091225, 0.03840706162943578, 0.039993850675796264, 0.04133645030179679, 0.04211247094820217, 0.04239213751353172, 0.042192499106345205, 0.04200269786908514, 0.041897190162155235, 0.041830932940717325, 0.04166737666619139, 0.04206882264734189, 0.0426127097658282, 0.042895687146734904, 0.04300135533202284, 0.04249799814293581, 0.041897582995049115, 0.04072077112408416, 0.03927976254850985, 0.037331499513228325, 0.035889992777759706, 0.03456359233645024, 0.033243529781910974, 0.03199033675126687, 0.03059935779738079, 0.029272240636492235, 0.027900707354997015, 0.02654938414970694, 0.02543173352052397, 0.024311103096379235, 0.023065212419431085, 0.021685454855791198, 0.02041159885695607, 0.019056064221564174, 0.017656707279948437, 0.01626614648165674, 0.015012383850973622, 0.013603567963072178, 0.012189757837366814, 0.010674529938407772, 0.009407142987148039, 0.008344525906195775, 0.007439054007672372, 0.0072034584519923735, 0.007775010970036668, 0.009047582903156274, 0.010731538882415681, 0.01253460028234948, 0.014333543563369548, 0.016070624592636203, 0.017817726146123574, 0.019557256660804743, 0.02116824086555951, 0.022529303997840977, 0.023628588936546305, 0.02391411988476377, 0.02359656311707365, 0.022355277074164143, 0.020961866673625245, 0.018393580144489934, 0.015660552711922182, 0.013874328661167971, 0.01254026736778108, 0.011812131260623127, 0.010800298354986543, 0.00961805971638548, 0.008471507575266851, 0.007656757785702683, 0.006719580941926242, 0.0056999472982024405, 0.005125787188458596, 0.00504686530895439, 0.005697178935649704, 0.006245540782853768, 0.0070976650798796875, 0.007900543705723831, 0.008755370167568399, 0.009807746909975117, 0.011209592216881203, 0.01276960312030194, 0.014467251258771754, 0.015865855510978952, 0.01751794577394112, 0.01978728846519214, 0.022540086452385207, 0.024859037758439572, 0.02589623397823137, 0.02611181133516041, 0.026565850619759173, 0.0272557734372972, 0.02776644526036269, 0.02799937699621002, 0.02818388188652303, 0.02806005928616626, 0.028083982827741123, 0.02781538632605852, 0.027763976455106594, 0.028120518002563644, 0.028688559534023904, 0.029389365084960088, 0.030059907204608147, 0.03052096911154336, 0.031053468449087778, 0.03142000488428638, 0.03173833045042581, 0.031892653890475096, 0.03198060527161537, 0.031944507243272385, 0.03180892531117334, 0.03180195743523648, 0.03175983113429147, 0.03185651864929952, 0.032146459060636644, 0.032526908876218445, 0.033087790299913135, 0.03370146462957083, 0.0342847740780508, 0.0344768243549477, 0.03441738754137779, 0.034008301029805295]",0.021032966406022018,0.08037079532811714,0.007237377268929403,0.019748570735727555,0.0,0.0,0.019619823465461428,0.08037079532811714,0.007237377268929403,0.019748570735727555,5.928,1717635306.6409361,2024-06-06_10-55-06
0.5059,0.028559999999999974,0.46983597225828644,0.42492024731290856,0.02058948101630821,0.45336499095309624,0.5059,0.028559999999999974,0.4898605589010617,0.42492024731290856,0.02058948101630821,0.45336499095309624,0.018298152858289164,"[0.011315756658919754, 0.012192407496521018, 0.01288995615295488, 0.01359963525141729, 0.014321891165186378, 0.015181047888625853, 0.01592941522152252, 0.01673874496494045, 0.01751440457689525, 0.01835087734908702, 0.019202544572813795, 0.020070622325609303, 0.02095627718778323, 0.02186061264947246, 0.022737260153569413, 0.023681097053535004, 0.024646250751560458, 0.025633386418693636, 0.02659237614956749, 0.027623542314219474, 0.0286250346734827, 0.029647102596467904, 0.03056454213255984, 0.031680305841655834, 0.03263530150735364, 0.033606764937046466, 0.034593095597664145, 0.03536350794006898, 0.035930760474075646, 0.03631257033147624, 0.03661317474198803, 0.03688385713543919, 0.03738127616234113, 0.037934719347479336, 0.03858163380471939, 0.03921882339006296, 0.03999131852533767, 0.04074980907886149, 0.04127472956039594, 0.04151563832077664, 0.04151964454301027, 0.04123464219442919, 0.04096829512038153, 0.04056460486818273, 0.04028281736824196, 0.04000166841569801, 0.03919762289117317, 0.037812479337396496, 0.03622310391275238, 0.03453579653228067, 0.0330206041779641, 0.031565009966306234, 0.03054064037737075, 0.029904305612678588, 0.029394155816597912, 0.028896840658953926, 0.02825322628704274, 0.027685220830545497, 0.02666364029859006, 0.025486033827772144, 0.02414387260068274, 0.023028867611909868, 0.022681878550084772, 0.02299235797660897, 0.02387546679328945, 0.024738332374206702, 0.025547718436096926, 0.026640938816603423, 0.02759836215880636, 0.028240938725365098, 0.028199955208514017, 0.028168175430310402, 0.02767018559717724, 0.027414861073674215, 0.027239233260695786, 0.0274939869379551, 0.027874761581110984, 0.02868161073982207, 0.029514734605865275, 0.030345172291974937, 0.031248268714928727, 0.032298002681611045, 0.033509628354587276, 0.0348066615601669, 0.03569061118903811, 0.03631377821401384, 0.03654105211474412, 0.03646788532881584, 0.03572808397059345, 0.03427781350345514, 0.03309813106562172, 0.031639416134799855, 0.02970329439236902, 0.027599049067936567, 0.02603054913364457, 0.024090316372098155, 0.02220132238001286, 0.02051452966091278, 0.019044426362309692, 0.017805605247084858, 0.01643252777018217, 0.01523003850809785, 0.01424180324883461, 0.013706552220618947, 0.0130880570946912, 0.012988920737072255, 0.013178248200839212, 0.013386796436950147, 0.01359897371732897, 0.01439195864266014, 0.015495810506657983, 0.016686507754200334, 0.01807173050136072, 0.019341411872889052, 0.020370802976522343, 0.0213787239197115, 0.02262888584538598, 0.02401686851684336, 0.025523335513576738, 0.026670410326906566, 0.02758824337325398, 0.02810647098585074, 0.028219175888028712, 0.02804128716256827, 0.027840212128430745, 0.02799079668741686, 0.027988272685847155, 0.02831306909632167, 0.028434723397990712, 0.0285549391753426, 0.02832607944879636, 0.02800347501499142, 0.027460301198426997, 0.02681840364884072, 0.026203190519756815, 0.02552364346313934, 0.024940794741503684, 0.024553643852497812, 0.024009602077058226, 0.023587486328410737, 0.023053226444370627, 0.02237349941244249, 0.021247392964358097, 0.01948489409103017, 0.01759577829009665, 0.015969918059865678, 0.014849832783247986, 0.014164911869984548, 0.013546042864334782, 0.01328357500957488, 0.012905521640083246, 0.012806686101790404, 0.01256569256360443, 0.01270015008783326, 0.013333718053885597, 0.014364706842779438, 0.015230812921928084, 0.016214173123414017, 0.017422309714956504, 0.01848297873673576, 0.019690103784110968, 0.02062988015396428, 0.021304326954883004, 0.021542023987470748, 0.021445001132587415, 0.02128479356968176, 0.021154257299581803, 0.020548768777841446, 0.020419411659703072, 0.020346908766621045, 0.02018386842926173, 0.020060715556614095, 0.019970155121820186, 0.019905412966441507, 0.019860328269953802, 0.019689549628068632, 0.019110038324468673, 0.018401772510693467, 0.01773443768827515, 0.01691379473734185, 0.0163889904882787, 0.015891976533507178, 0.015695148472402557, 0.015634975895130635, 0.01548249397414641, 0.015250362203767827, 0.01446715870868431, 0.013690714184349355, 0.013111437378948002, 0.01280400987898366, 0.012789088065484542, 0.012885508256999974, 0.012645414791893052, 0.012533763320360268, 0.01300792748125149, 0.014045480441271196, 0.015593406388961941, 0.017496649938682926, 0.01947963017829757, 0.021814960986639112, 0.0244888991790445, 0.027455202671237973, 0.030462142682767764, 0.03347516022004274, 0.03632355277573078, 0.03911728575744543, 0.041489125175428104, 0.043617926344794986, 0.04507509866910146, 0.045973158335007626, 0.046666313335408376, 0.047747911364257295, 0.04910015737076979, 0.051170936172887156, 0.05323921785426519, 0.05484930583024696, 0.05598397968583077, 0.056516639752925084, 0.05678375349578094, 0.05655312215346535, 0.05709318659280136, 0.05753330561326649, 0.05822424761198231, 0.05856641837777238, 0.058663546697002605, 0.05829520111627496, 0.058019458378357286, 0.05786276302771312, 0.057678835712609886, 0.05721489013034267, 0.05620972754199197, 0.05488023496470325, 0.05291870088860013, 0.05085359195424363, 0.04836971777146554, 0.045888993393773454, 0.04332790860019442, 0.040721243397433354, 0.03815348906679705, 0.03609755066086763, 0.03431153121207709, 0.03269994312791247, 0.03113246913067769, 0.029533434333839276, 0.02779284963423818, 0.02581340528028532, 0.023636664296078556, 0.021032966406022018, 0.018298152858289164, 0.015471223173718233, 0.012975006021594128, 0.011476514573927241, 0.011190786613452559, 0.012013514795745658, 0.013192708648177051, 0.0146026096239084, 0.016627808096549106, 0.019288816219412905, 0.022115031993867204, 0.024956066779425322, 0.027947127033299147, 0.030317719296220055, 0.03213024736687776, 0.033908117916643665, 0.035613155393420214, 0.03695858371541455, 0.0370883147011733, 0.035844860180821725, 0.03331269225961453, 0.030127822662769057, 0.026675716455458534, 0.02305094507263966, 0.019294584365168215, 0.016588874620184203, 0.013459760460278334, 0.010513659470637583, 0.008184205378854309, 0.005908681970234855, 0.003908372487361734, 0.002250880846271649, 0.001837561814419065, 0.003902446460586522, 0.00649131804032715, 0.008842266053540701, 0.011337576744963709, 0.013847821453172829, 0.016241515374979285, 0.018506880743639053, 0.020753891025054552, 0.022854281545735794, 0.025177910908837288, 0.027764777035113285, 0.0302577363231247, 0.032552204835272186, 0.033962244268502154, 0.03530995724171245, 0.036795414568091225, 0.03840706162943578, 0.039993850675796264, 0.04133645030179679, 0.04211247094820217, 0.04239213751353172, 0.042192499106345205, 0.04200269786908514, 0.041897190162155235, 0.041830932940717325, 0.04166737666619139, 0.04206882264734189, 0.0426127097658282, 0.042895687146734904, 0.04300135533202284, 0.04249799814293581, 0.041897582995049115, 0.04072077112408416, 0.03927976254850985, 0.037331499513228325, 0.035889992777759706, 0.03456359233645024, 0.033243529781910974, 0.03199033675126687, 0.03059935779738079, 0.029272240636492235, 0.027900707354997015, 0.02654938414970694, 0.02543173352052397, 0.024311103096379235, 0.023065212419431085, 0.021685454855791198, 0.02041159885695607, 0.019056064221564174, 0.017656707279948437, 0.01626614648165674, 0.015012383850973622, 0.013603567963072178, 0.012189757837366814, 0.010674529938407772, 0.009407142987148039, 0.008344525906195775, 0.007439054007672372, 0.0072034584519923735, 0.007775010970036668, 0.009047582903156274, 0.010731538882415681, 0.01253460028234948, 0.014333543563369548, 0.016070624592636203, 0.017817726146123574, 0.019557256660804743, 0.02116824086555951, 0.022529303997840977, 0.023628588936546305, 0.02391411988476377, 0.02359656311707365, 0.022355277074164143, 0.020961866673625245, 0.018393580144489934, 0.015660552711922182, 0.013874328661167971, 0.01254026736778108, 0.011812131260623127, 0.010800298354986543, 0.00961805971638548, 0.008471507575266851, 0.007656757785702683, 0.006719580941926242, 0.0056999472982024405, 0.005125787188458596, 0.00504686530895439, 0.005697178935649704, 0.006245540782853768, 0.0070976650798796875, 0.007900543705723831, 0.008755370167568399, 0.009807746909975117, 0.011209592216881203, 0.01276960312030194, 0.014467251258771754, 0.015865855510978952, 0.01751794577394112, 0.01978728846519214, 0.022540086452385207, 0.024859037758439572, 0.02589623397823137, 0.02611181133516041, 0.026565850619759173, 0.0272557734372972, 0.02776644526036269, 0.02799937699621002, 0.02818388188652303, 0.02806005928616626, 0.028083982827741123, 0.02781538632605852, 0.027763976455106594, 0.028120518002563644, 0.028688559534023904, 0.029389365084960088, 0.030059907204608147, 0.03052096911154336, 0.031053468449087778, 0.03142000488428638, 0.03173833045042581, 0.031892653890475096, 0.03198060527161537, 0.031944507243272385, 0.03180892531117334, 0.03180195743523648, 0.03175983113429147, 0.03185651864929952, 0.032146459060636644, 0.032526908876218445, 0.033087790299913135, 0.03370146462957083, 0.0342847740780508, 0.0344768243549477, 0.03441738754137779, 0.034008301029805295]",0.018298152858289164,0.08097975268709146,0.007970518983691763,0.016470981305190202,0.0,0.0,0.02002458664277529,0.08097975268709146,0.007970518983691763,0.016470981305190202,5.952,1717635306.6653001,2024-06-06_10-55-06
0.5059,0.02928,0.4676423593948006,0.4241778194028183,0.0203330480582792,0.4550205212781262,0.5059,0.02928,0.48807170921488974,0.4241778194028183,0.0203330480582792,0.4550205212781262,0.015471223173718233,"[0.011315756658919754, 0.012192407496521018, 0.01288995615295488, 0.01359963525141729, 0.014321891165186378, 0.015181047888625853, 0.01592941522152252, 0.01673874496494045, 0.01751440457689525, 0.01835087734908702, 0.019202544572813795, 0.020070622325609303, 0.02095627718778323, 0.02186061264947246, 0.022737260153569413, 0.023681097053535004, 0.024646250751560458, 0.025633386418693636, 0.02659237614956749, 0.027623542314219474, 0.0286250346734827, 0.029647102596467904, 0.03056454213255984, 0.031680305841655834, 0.03263530150735364, 0.033606764937046466, 0.034593095597664145, 0.03536350794006898, 0.035930760474075646, 0.03631257033147624, 0.03661317474198803, 0.03688385713543919, 0.03738127616234113, 0.037934719347479336, 0.03858163380471939, 0.03921882339006296, 0.03999131852533767, 0.04074980907886149, 0.04127472956039594, 0.04151563832077664, 0.04151964454301027, 0.04123464219442919, 0.04096829512038153, 0.04056460486818273, 0.04028281736824196, 0.04000166841569801, 0.03919762289117317, 0.037812479337396496, 0.03622310391275238, 0.03453579653228067, 0.0330206041779641, 0.031565009966306234, 0.03054064037737075, 0.029904305612678588, 0.029394155816597912, 0.028896840658953926, 0.02825322628704274, 0.027685220830545497, 0.02666364029859006, 0.025486033827772144, 0.02414387260068274, 0.023028867611909868, 0.022681878550084772, 0.02299235797660897, 0.02387546679328945, 0.024738332374206702, 0.025547718436096926, 0.026640938816603423, 0.02759836215880636, 0.028240938725365098, 0.028199955208514017, 0.028168175430310402, 0.02767018559717724, 0.027414861073674215, 0.027239233260695786, 0.0274939869379551, 0.027874761581110984, 0.02868161073982207, 0.029514734605865275, 0.030345172291974937, 0.031248268714928727, 0.032298002681611045, 0.033509628354587276, 0.0348066615601669, 0.03569061118903811, 0.03631377821401384, 0.03654105211474412, 0.03646788532881584, 0.03572808397059345, 0.03427781350345514, 0.03309813106562172, 0.031639416134799855, 0.02970329439236902, 0.027599049067936567, 0.02603054913364457, 0.024090316372098155, 0.02220132238001286, 0.02051452966091278, 0.019044426362309692, 0.017805605247084858, 0.01643252777018217, 0.01523003850809785, 0.01424180324883461, 0.013706552220618947, 0.0130880570946912, 0.012988920737072255, 0.013178248200839212, 0.013386796436950147, 0.01359897371732897, 0.01439195864266014, 0.015495810506657983, 0.016686507754200334, 0.01807173050136072, 0.019341411872889052, 0.020370802976522343, 0.0213787239197115, 0.02262888584538598, 0.02401686851684336, 0.025523335513576738, 0.026670410326906566, 0.02758824337325398, 0.02810647098585074, 0.028219175888028712, 0.02804128716256827, 0.027840212128430745, 0.02799079668741686, 0.027988272685847155, 0.02831306909632167, 0.028434723397990712, 0.0285549391753426, 0.02832607944879636, 0.02800347501499142, 0.027460301198426997, 0.02681840364884072, 0.026203190519756815, 0.02552364346313934, 0.024940794741503684, 0.024553643852497812, 0.024009602077058226, 0.023587486328410737, 0.023053226444370627, 0.02237349941244249, 0.021247392964358097, 0.01948489409103017, 0.01759577829009665, 0.015969918059865678, 0.014849832783247986, 0.014164911869984548, 0.013546042864334782, 0.01328357500957488, 0.012905521640083246, 0.012806686101790404, 0.01256569256360443, 0.01270015008783326, 0.013333718053885597, 0.014364706842779438, 0.015230812921928084, 0.016214173123414017, 0.017422309714956504, 0.01848297873673576, 0.019690103784110968, 0.02062988015396428, 0.021304326954883004, 0.021542023987470748, 0.021445001132587415, 0.02128479356968176, 0.021154257299581803, 0.020548768777841446, 0.020419411659703072, 0.020346908766621045, 0.02018386842926173, 0.020060715556614095, 0.019970155121820186, 0.019905412966441507, 0.019860328269953802, 0.019689549628068632, 0.019110038324468673, 0.018401772510693467, 0.01773443768827515, 0.01691379473734185, 0.0163889904882787, 0.015891976533507178, 0.015695148472402557, 0.015634975895130635, 0.01548249397414641, 0.015250362203767827, 0.01446715870868431, 0.013690714184349355, 0.013111437378948002, 0.01280400987898366, 0.012789088065484542, 0.012885508256999974, 0.012645414791893052, 0.012533763320360268, 0.01300792748125149, 0.014045480441271196, 0.015593406388961941, 0.017496649938682926, 0.01947963017829757, 0.021814960986639112, 0.0244888991790445, 0.027455202671237973, 0.030462142682767764, 0.03347516022004274, 0.03632355277573078, 0.03911728575744543, 0.041489125175428104, 0.043617926344794986, 0.04507509866910146, 0.045973158335007626, 0.046666313335408376, 0.047747911364257295, 0.04910015737076979, 0.051170936172887156, 0.05323921785426519, 0.05484930583024696, 0.05598397968583077, 0.056516639752925084, 0.05678375349578094, 0.05655312215346535, 0.05709318659280136, 0.05753330561326649, 0.05822424761198231, 0.05856641837777238, 0.058663546697002605, 0.05829520111627496, 0.058019458378357286, 0.05786276302771312, 0.057678835712609886, 0.05721489013034267, 0.05620972754199197, 0.05488023496470325, 0.05291870088860013, 0.05085359195424363, 0.04836971777146554, 0.045888993393773454, 0.04332790860019442, 0.040721243397433354, 0.03815348906679705, 0.03609755066086763, 0.03431153121207709, 0.03269994312791247, 0.03113246913067769, 0.029533434333839276, 0.02779284963423818, 0.02581340528028532, 0.023636664296078556, 0.021032966406022018, 0.018298152858289164, 0.015471223173718233, 0.012975006021594128, 0.011476514573927241, 0.011190786613452559, 0.012013514795745658, 0.013192708648177051, 0.0146026096239084, 0.016627808096549106, 0.019288816219412905, 0.022115031993867204, 0.024956066779425322, 0.027947127033299147, 0.030317719296220055, 0.03213024736687776, 0.033908117916643665, 0.035613155393420214, 0.03695858371541455, 0.0370883147011733, 0.035844860180821725, 0.03331269225961453, 0.030127822662769057, 0.026675716455458534, 0.02305094507263966, 0.019294584365168215, 0.016588874620184203, 0.013459760460278334, 0.010513659470637583, 0.008184205378854309, 0.005908681970234855, 0.003908372487361734, 0.002250880846271649, 0.001837561814419065, 0.003902446460586522, 0.00649131804032715, 0.008842266053540701, 0.011337576744963709, 0.013847821453172829, 0.016241515374979285, 0.018506880743639053, 0.020753891025054552, 0.022854281545735794, 0.025177910908837288, 0.027764777035113285, 0.0302577363231247, 0.032552204835272186, 0.033962244268502154, 0.03530995724171245, 0.036795414568091225, 0.03840706162943578, 0.039993850675796264, 0.04133645030179679, 0.04211247094820217, 0.04239213751353172, 0.042192499106345205, 0.04200269786908514, 0.041897190162155235, 0.041830932940717325, 0.04166737666619139, 0.04206882264734189, 0.0426127097658282, 0.042895687146734904, 0.04300135533202284, 0.04249799814293581, 0.041897582995049115, 0.04072077112408416, 0.03927976254850985, 0.037331499513228325, 0.035889992777759706, 0.03456359233645024, 0.033243529781910974, 0.03199033675126687, 0.03059935779738079, 0.029272240636492235, 0.027900707354997015, 0.02654938414970694, 0.02543173352052397, 0.024311103096379235, 0.023065212419431085, 0.021685454855791198, 0.02041159885695607, 0.019056064221564174, 0.017656707279948437, 0.01626614648165674, 0.015012383850973622, 0.013603567963072178, 0.012189757837366814, 0.010674529938407772, 0.009407142987148039, 0.008344525906195775, 0.007439054007672372, 0.0072034584519923735, 0.007775010970036668, 0.009047582903156274, 0.010731538882415681, 0.01253460028234948, 0.014333543563369548, 0.016070624592636203, 0.017817726146123574, 0.019557256660804743, 0.02116824086555951, 0.022529303997840977, 0.023628588936546305, 0.02391411988476377, 0.02359656311707365, 0.022355277074164143, 0.020961866673625245, 0.018393580144489934, 0.015660552711922182, 0.013874328661167971, 0.01254026736778108, 0.011812131260623127, 0.010800298354986543, 0.00961805971638548, 0.008471507575266851, 0.007656757785702683, 0.006719580941926242, 0.0056999472982024405, 0.005125787188458596, 0.00504686530895439, 0.005697178935649704, 0.006245540782853768, 0.0070976650798796875, 0.007900543705723831, 0.008755370167568399, 0.009807746909975117, 0.011209592216881203, 0.01276960312030194, 0.014467251258771754, 0.015865855510978952, 0.01751794577394112, 0.01978728846519214, 0.022540086452385207, 0.024859037758439572, 0.02589623397823137, 0.02611181133516041, 0.026565850619759173, 0.0272557734372972, 0.02776644526036269, 0.02799937699621002, 0.02818388188652303, 0.02806005928616626, 0.028083982827741123, 0.02781538632605852, 0.027763976455106594, 0.028120518002563644, 0.028688559534023904, 0.029389365084960088, 0.030059907204608147, 0.03052096911154336, 0.031053468449087778, 0.03142000488428638, 0.03173833045042581, 0.031892653890475096, 0.03198060527161537, 0.031944507243272385, 0.03180892531117334, 0.03180195743523648, 0.03175983113429147, 0.03185651864929952, 0.032146459060636644, 0.032526908876218445, 0.033087790299913135, 0.03370146462957083, 0.0342847740780508, 0.0344768243549477, 0.03441738754137779, 0.034008301029805295]",0.015471223173718233,0.08172218059718173,0.0089469519417208,0.012621838116674389,0.0,0.0,0.02042934982008915,0.08172218059718173,0.0089469519417208,0.012621838116674389,5.976,1717635306.6894236,2024-06-06_10-55-06
0.5059,0.03,0.4653768353717526,0.423255153307173,0.020241166144317452,0.4568260492653418,0.5059,0.03,0.4862109483691556,0.423255153307173,0.020241166144317452,0.4568260492653418,0.012975006021594128,"[0.011315756658919754, 0.012192407496521018, 0.01288995615295488, 0.01359963525141729, 0.014321891165186378, 0.015181047888625853, 0.01592941522152252, 0.01673874496494045, 0.01751440457689525, 0.01835087734908702, 0.019202544572813795, 0.020070622325609303, 0.02095627718778323, 0.02186061264947246, 0.022737260153569413, 0.023681097053535004, 0.024646250751560458, 0.025633386418693636, 0.02659237614956749, 0.027623542314219474, 0.0286250346734827, 0.029647102596467904, 0.03056454213255984, 0.031680305841655834, 0.03263530150735364, 0.033606764937046466, 0.034593095597664145, 0.03536350794006898, 0.035930760474075646, 0.03631257033147624, 0.03661317474198803, 0.03688385713543919, 0.03738127616234113, 0.037934719347479336, 0.03858163380471939, 0.03921882339006296, 0.03999131852533767, 0.04074980907886149, 0.04127472956039594, 0.04151563832077664, 0.04151964454301027, 0.04123464219442919, 0.04096829512038153, 0.04056460486818273, 0.04028281736824196, 0.04000166841569801, 0.03919762289117317, 0.037812479337396496, 0.03622310391275238, 0.03453579653228067, 0.0330206041779641, 0.031565009966306234, 0.03054064037737075, 0.029904305612678588, 0.029394155816597912, 0.028896840658953926, 0.02825322628704274, 0.027685220830545497, 0.02666364029859006, 0.025486033827772144, 0.02414387260068274, 0.023028867611909868, 0.022681878550084772, 0.02299235797660897, 0.02387546679328945, 0.024738332374206702, 0.025547718436096926, 0.026640938816603423, 0.02759836215880636, 0.028240938725365098, 0.028199955208514017, 0.028168175430310402, 0.02767018559717724, 0.027414861073674215, 0.027239233260695786, 0.0274939869379551, 0.027874761581110984, 0.02868161073982207, 0.029514734605865275, 0.030345172291974937, 0.031248268714928727, 0.032298002681611045, 0.033509628354587276, 0.0348066615601669, 0.03569061118903811, 0.03631377821401384, 0.03654105211474412, 0.03646788532881584, 0.03572808397059345, 0.03427781350345514, 0.03309813106562172, 0.031639416134799855, 0.02970329439236902, 0.027599049067936567, 0.02603054913364457, 0.024090316372098155, 0.02220132238001286, 0.02051452966091278, 0.019044426362309692, 0.017805605247084858, 0.01643252777018217, 0.01523003850809785, 0.01424180324883461, 0.013706552220618947, 0.0130880570946912, 0.012988920737072255, 0.013178248200839212, 0.013386796436950147, 0.01359897371732897, 0.01439195864266014, 0.015495810506657983, 0.016686507754200334, 0.01807173050136072, 0.019341411872889052, 0.020370802976522343, 0.0213787239197115, 0.02262888584538598, 0.02401686851684336, 0.025523335513576738, 0.026670410326906566, 0.02758824337325398, 0.02810647098585074, 0.028219175888028712, 0.02804128716256827, 0.027840212128430745, 0.02799079668741686, 0.027988272685847155, 0.02831306909632167, 0.028434723397990712, 0.0285549391753426, 0.02832607944879636, 0.02800347501499142, 0.027460301198426997, 0.02681840364884072, 0.026203190519756815, 0.02552364346313934, 0.024940794741503684, 0.024553643852497812, 0.024009602077058226, 0.023587486328410737, 0.023053226444370627, 0.02237349941244249, 0.021247392964358097, 0.01948489409103017, 0.01759577829009665, 0.015969918059865678, 0.014849832783247986, 0.014164911869984548, 0.013546042864334782, 0.01328357500957488, 0.012905521640083246, 0.012806686101790404, 0.01256569256360443, 0.01270015008783326, 0.013333718053885597, 0.014364706842779438, 0.015230812921928084, 0.016214173123414017, 0.017422309714956504, 0.01848297873673576, 0.019690103784110968, 0.02062988015396428, 0.021304326954883004, 0.021542023987470748, 0.021445001132587415, 0.02128479356968176, 0.021154257299581803, 0.020548768777841446, 0.020419411659703072, 0.020346908766621045, 0.02018386842926173, 0.020060715556614095, 0.019970155121820186, 0.019905412966441507, 0.019860328269953802, 0.019689549628068632, 0.019110038324468673, 0.018401772510693467, 0.01773443768827515, 0.01691379473734185, 0.0163889904882787, 0.015891976533507178, 0.015695148472402557, 0.015634975895130635, 0.01548249397414641, 0.015250362203767827, 0.01446715870868431, 0.013690714184349355, 0.013111437378948002, 0.01280400987898366, 0.012789088065484542, 0.012885508256999974, 0.012645414791893052, 0.012533763320360268, 0.01300792748125149, 0.014045480441271196, 0.015593406388961941, 0.017496649938682926, 0.01947963017829757, 0.021814960986639112, 0.0244888991790445, 0.027455202671237973, 0.030462142682767764, 0.03347516022004274, 0.03632355277573078, 0.03911728575744543, 0.041489125175428104, 0.043617926344794986, 0.04507509866910146, 0.045973158335007626, 0.046666313335408376, 0.047747911364257295, 0.04910015737076979, 0.051170936172887156, 0.05323921785426519, 0.05484930583024696, 0.05598397968583077, 0.056516639752925084, 0.05678375349578094, 0.05655312215346535, 0.05709318659280136, 0.05753330561326649, 0.05822424761198231, 0.05856641837777238, 0.058663546697002605, 0.05829520111627496, 0.058019458378357286, 0.05786276302771312, 0.057678835712609886, 0.05721489013034267, 0.05620972754199197, 0.05488023496470325, 0.05291870088860013, 0.05085359195424363, 0.04836971777146554, 0.045888993393773454, 0.04332790860019442, 0.040721243397433354, 0.03815348906679705, 0.03609755066086763, 0.03431153121207709, 0.03269994312791247, 0.03113246913067769, 0.029533434333839276, 0.02779284963423818, 0.02581340528028532, 0.023636664296078556, 0.021032966406022018, 0.018298152858289164, 0.015471223173718233, 0.012975006021594128, 0.011476514573927241, 0.011190786613452559, 0.012013514795745658, 0.013192708648177051, 0.0146026096239084, 0.016627808096549106, 0.019288816219412905, 0.022115031993867204, 0.024956066779425322, 0.027947127033299147, 0.030317719296220055, 0.03213024736687776, 0.033908117916643665, 0.035613155393420214, 0.03695858371541455, 0.0370883147011733, 0.035844860180821725, 0.03331269225961453, 0.030127822662769057, 0.026675716455458534, 0.02305094507263966, 0.019294584365168215, 0.016588874620184203, 0.013459760460278334, 0.010513659470637583, 0.008184205378854309, 0.005908681970234855, 0.003908372487361734, 0.002250880846271649, 0.001837561814419065, 0.003902446460586522, 0.00649131804032715, 0.008842266053540701, 0.011337576744963709, 0.013847821453172829, 0.016241515374979285, 0.018506880743639053, 0.020753891025054552, 0.022854281545735794, 0.025177910908837288, 0.027764777035113285, 0.0302577363231247, 0.032552204835272186, 0.033962244268502154, 0.03530995724171245, 0.036795414568091225, 0.03840706162943578, 0.039993850675796264, 0.04133645030179679, 0.04211247094820217, 0.04239213751353172, 0.042192499106345205, 0.04200269786908514, 0.041897190162155235, 0.041830932940717325, 0.04166737666619139, 0.04206882264734189, 0.0426127097658282, 0.042895687146734904, 0.04300135533202284, 0.04249799814293581, 0.041897582995049115, 0.04072077112408416, 0.03927976254850985, 0.037331499513228325, 0.035889992777759706, 0.03456359233645024, 0.033243529781910974, 0.03199033675126687, 0.03059935779738079, 0.029272240636492235, 0.027900707354997015, 0.02654938414970694, 0.02543173352052397, 0.024311103096379235, 0.023065212419431085, 0.021685454855791198, 0.02041159885695607, 0.019056064221564174, 0.017656707279948437, 0.01626614648165674, 0.015012383850973622, 0.013603567963072178, 0.012189757837366814, 0.010674529938407772, 0.009407142987148039, 0.008344525906195775, 0.007439054007672372, 0.0072034584519923735, 0.007775010970036668, 0.009047582903156274, 0.010731538882415681, 0.01253460028234948, 0.014333543563369548, 0.016070624592636203, 0.017817726146123574, 0.019557256660804743, 0.02116824086555951, 0.022529303997840977, 0.023628588936546305, 0.02391411988476377, 0.02359656311707365, 0.022355277074164143, 0.020961866673625245, 0.018393580144489934, 0.015660552711922182, 0.013874328661167971, 0.01254026736778108, 0.011812131260623127, 0.010800298354986543, 0.00961805971638548, 0.008471507575266851, 0.007656757785702683, 0.006719580941926242, 0.0056999472982024405, 0.005125787188458596, 0.00504686530895439, 0.005697178935649704, 0.006245540782853768, 0.0070976650798796875, 0.007900543705723831, 0.008755370167568399, 0.009807746909975117, 0.011209592216881203, 0.01276960312030194, 0.014467251258771754, 0.015865855510978952, 0.01751794577394112, 0.01978728846519214, 0.022540086452385207, 0.024859037758439572, 0.02589623397823137, 0.02611181133516041, 0.026565850619759173, 0.0272557734372972, 0.02776644526036269, 0.02799937699621002, 0.02818388188652303, 0.02806005928616626, 0.028083982827741123, 0.02781538632605852, 0.027763976455106594, 0.028120518002563644, 0.028688559534023904, 0.029389365084960088, 0.030059907204608147, 0.03052096911154336, 0.031053468449087778, 0.03142000488428638, 0.03173833045042581, 0.031892653890475096, 0.03198060527161537, 0.031944507243272385, 0.03180892531117334, 0.03180195743523648, 0.03175983113429147, 0.03185651864929952, 0.032146459060636644, 0.032526908876218445, 0.033087790299913135, 0.03370146462957083, 0.0342847740780508, 0.0344768243549477, 0.03441738754137779, 0.034008301029805295]",0.012975006021594128,0.08264484669282701,0.009758833855682547,0.008550786106410802,0.0,0.0,0.02083411299740301,0.08264484669282701,0.009758833855682547,0.008550786106410802,6.0,1717635306.7131264,2024-06-06_10-55-06
0.5059,0.030720000000000025,0.4630512531888999,0.42237188667711845,0.020181856796934412,0.4585061542243837,0.5059,0.030720000000000025,0.48475299544460376,0.42237188667711845,0.020181856796934412,0.4585061542243837,0.011476514573927241,"[0.011315756658919754, 0.012192407496521018, 0.01288995615295488, 0.01359963525141729, 0.014321891165186378, 0.015181047888625853, 0.01592941522152252, 0.01673874496494045, 0.01751440457689525, 0.01835087734908702, 0.019202544572813795, 0.020070622325609303, 0.02095627718778323, 0.02186061264947246, 0.022737260153569413, 0.023681097053535004, 0.024646250751560458, 0.025633386418693636, 0.02659237614956749, 0.027623542314219474, 0.0286250346734827, 0.029647102596467904, 0.03056454213255984, 0.031680305841655834, 0.03263530150735364, 0.033606764937046466, 0.034593095597664145, 0.03536350794006898, 0.035930760474075646, 0.03631257033147624, 0.03661317474198803, 0.03688385713543919, 0.03738127616234113, 0.037934719347479336, 0.03858163380471939, 0.03921882339006296, 0.03999131852533767, 0.04074980907886149, 0.04127472956039594, 0.04151563832077664, 0.04151964454301027, 0.04123464219442919, 0.04096829512038153, 0.04056460486818273, 0.04028281736824196, 0.04000166841569801, 0.03919762289117317, 0.037812479337396496, 0.03622310391275238, 0.03453579653228067, 0.0330206041779641, 0.031565009966306234, 0.03054064037737075, 0.029904305612678588, 0.029394155816597912, 0.028896840658953926, 0.02825322628704274, 0.027685220830545497, 0.02666364029859006, 0.025486033827772144, 0.02414387260068274, 0.023028867611909868, 0.022681878550084772, 0.02299235797660897, 0.02387546679328945, 0.024738332374206702, 0.025547718436096926, 0.026640938816603423, 0.02759836215880636, 0.028240938725365098, 0.028199955208514017, 0.028168175430310402, 0.02767018559717724, 0.027414861073674215, 0.027239233260695786, 0.0274939869379551, 0.027874761581110984, 0.02868161073982207, 0.029514734605865275, 0.030345172291974937, 0.031248268714928727, 0.032298002681611045, 0.033509628354587276, 0.0348066615601669, 0.03569061118903811, 0.03631377821401384, 0.03654105211474412, 0.03646788532881584, 0.03572808397059345, 0.03427781350345514, 0.03309813106562172, 0.031639416134799855, 0.02970329439236902, 0.027599049067936567, 0.02603054913364457, 0.024090316372098155, 0.02220132238001286, 0.02051452966091278, 0.019044426362309692, 0.017805605247084858, 0.01643252777018217, 0.01523003850809785, 0.01424180324883461, 0.013706552220618947, 0.0130880570946912, 0.012988920737072255, 0.013178248200839212, 0.013386796436950147, 0.01359897371732897, 0.01439195864266014, 0.015495810506657983, 0.016686507754200334, 0.01807173050136072, 0.019341411872889052, 0.020370802976522343, 0.0213787239197115, 0.02262888584538598, 0.02401686851684336, 0.025523335513576738, 0.026670410326906566, 0.02758824337325398, 0.02810647098585074, 0.028219175888028712, 0.02804128716256827, 0.027840212128430745, 0.02799079668741686, 0.027988272685847155, 0.02831306909632167, 0.028434723397990712, 0.0285549391753426, 0.02832607944879636, 0.02800347501499142, 0.027460301198426997, 0.02681840364884072, 0.026203190519756815, 0.02552364346313934, 0.024940794741503684, 0.024553643852497812, 0.024009602077058226, 0.023587486328410737, 0.023053226444370627, 0.02237349941244249, 0.021247392964358097, 0.01948489409103017, 0.01759577829009665, 0.015969918059865678, 0.014849832783247986, 0.014164911869984548, 0.013546042864334782, 0.01328357500957488, 0.012905521640083246, 0.012806686101790404, 0.01256569256360443, 0.01270015008783326, 0.013333718053885597, 0.014364706842779438, 0.015230812921928084, 0.016214173123414017, 0.017422309714956504, 0.01848297873673576, 0.019690103784110968, 0.02062988015396428, 0.021304326954883004, 0.021542023987470748, 0.021445001132587415, 0.02128479356968176, 0.021154257299581803, 0.020548768777841446, 0.020419411659703072, 0.020346908766621045, 0.02018386842926173, 0.020060715556614095, 0.019970155121820186, 0.019905412966441507, 0.019860328269953802, 0.019689549628068632, 0.019110038324468673, 0.018401772510693467, 0.01773443768827515, 0.01691379473734185, 0.0163889904882787, 0.015891976533507178, 0.015695148472402557, 0.015634975895130635, 0.01548249397414641, 0.015250362203767827, 0.01446715870868431, 0.013690714184349355, 0.013111437378948002, 0.01280400987898366, 0.012789088065484542, 0.012885508256999974, 0.012645414791893052, 0.012533763320360268, 0.01300792748125149, 0.014045480441271196, 0.015593406388961941, 0.017496649938682926, 0.01947963017829757, 0.021814960986639112, 0.0244888991790445, 0.027455202671237973, 0.030462142682767764, 0.03347516022004274, 0.03632355277573078, 0.03911728575744543, 0.041489125175428104, 0.043617926344794986, 0.04507509866910146, 0.045973158335007626, 0.046666313335408376, 0.047747911364257295, 0.04910015737076979, 0.051170936172887156, 0.05323921785426519, 0.05484930583024696, 0.05598397968583077, 0.056516639752925084, 0.05678375349578094, 0.05655312215346535, 0.05709318659280136, 0.05753330561326649, 0.05822424761198231, 0.05856641837777238, 0.058663546697002605, 0.05829520111627496, 0.058019458378357286, 0.05786276302771312, 0.057678835712609886, 0.05721489013034267, 0.05620972754199197, 0.05488023496470325, 0.05291870088860013, 0.05085359195424363, 0.04836971777146554, 0.045888993393773454, 0.04332790860019442, 0.040721243397433354, 0.03815348906679705, 0.03609755066086763, 0.03431153121207709, 0.03269994312791247, 0.03113246913067769, 0.029533434333839276, 0.02779284963423818, 0.02581340528028532, 0.023636664296078556, 0.021032966406022018, 0.018298152858289164, 0.015471223173718233, 0.012975006021594128, 0.011476514573927241, 0.011190786613452559, 0.012013514795745658, 0.013192708648177051, 0.0146026096239084, 0.016627808096549106, 0.019288816219412905, 0.022115031993867204, 0.024956066779425322, 0.027947127033299147, 0.030317719296220055, 0.03213024736687776, 0.033908117916643665, 0.035613155393420214, 0.03695858371541455, 0.0370883147011733, 0.035844860180821725, 0.03331269225961453, 0.030127822662769057, 0.026675716455458534, 0.02305094507263966, 0.019294584365168215, 0.016588874620184203, 0.013459760460278334, 0.010513659470637583, 0.008184205378854309, 0.005908681970234855, 0.003908372487361734, 0.002250880846271649, 0.001837561814419065, 0.003902446460586522, 0.00649131804032715, 0.008842266053540701, 0.011337576744963709, 0.013847821453172829, 0.016241515374979285, 0.018506880743639053, 0.020753891025054552, 0.022854281545735794, 0.025177910908837288, 0.027764777035113285, 0.0302577363231247, 0.032552204835272186, 0.033962244268502154, 0.03530995724171245, 0.036795414568091225, 0.03840706162943578, 0.039993850675796264, 0.04133645030179679, 0.04211247094820217, 0.04239213751353172, 0.042192499106345205, 0.04200269786908514, 0.041897190162155235, 0.041830932940717325, 0.04166737666619139, 0.04206882264734189, 0.0426127097658282, 0.042895687146734904, 0.04300135533202284, 0.04249799814293581, 0.041897582995049115, 0.04072077112408416, 0.03927976254850985, 0.037331499513228325, 0.035889992777759706, 0.03456359233645024, 0.033243529781910974, 0.03199033675126687, 0.03059935779738079, 0.029272240636492235, 0.027900707354997015, 0.02654938414970694, 0.02543173352052397, 0.024311103096379235, 0.023065212419431085, 0.021685454855791198, 0.02041159885695607, 0.019056064221564174, 0.017656707279948437, 0.01626614648165674, 0.015012383850973622, 0.013603567963072178, 0.012189757837366814, 0.010674529938407772, 0.009407142987148039, 0.008344525906195775, 0.007439054007672372, 0.0072034584519923735, 0.007775010970036668, 0.009047582903156274, 0.010731538882415681, 0.01253460028234948, 0.014333543563369548, 0.016070624592636203, 0.017817726146123574, 0.019557256660804743, 0.02116824086555951, 0.022529303997840977, 0.023628588936546305, 0.02391411988476377, 0.02359656311707365, 0.022355277074164143, 0.020961866673625245, 0.018393580144489934, 0.015660552711922182, 0.013874328661167971, 0.01254026736778108, 0.011812131260623127, 0.010800298354986543, 0.00961805971638548, 0.008471507575266851, 0.007656757785702683, 0.006719580941926242, 0.0056999472982024405, 0.005125787188458596, 0.00504686530895439, 0.005697178935649704, 0.006245540782853768, 0.0070976650798796875, 0.007900543705723831, 0.008755370167568399, 0.009807746909975117, 0.011209592216881203, 0.01276960312030194, 0.014467251258771754, 0.015865855510978952, 0.01751794577394112, 0.01978728846519214, 0.022540086452385207, 0.024859037758439572, 0.02589623397823137, 0.02611181133516041, 0.026565850619759173, 0.0272557734372972, 0.02776644526036269, 0.02799937699621002, 0.02818388188652303, 0.02806005928616626, 0.028083982827741123, 0.02781538632605852, 0.027763976455106594, 0.028120518002563644, 0.028688559534023904, 0.029389365084960088, 0.030059907204608147, 0.03052096911154336, 0.031053468449087778, 0.03142000488428638, 0.03173833045042581, 0.031892653890475096, 0.03198060527161537, 0.031944507243272385, 0.03180892531117334, 0.03180195743523648, 0.03175983113429147, 0.03185651864929952, 0.032146459060636644, 0.032526908876218445, 0.033087790299913135, 0.03370146462957083, 0.0342847740780508, 0.0344768243549477, 0.03441738754137779, 0.034008301029805295]",0.011476514573927241,0.08352811332288157,0.010538143203065613,0.004545098964516214,0.0,0.0,0.02170174225570387,0.08352811332288157,0.010538143203065613,0.004545098964516214,6.024000000000001,1717635306.7370365,2024-06-06_10-55-06
0.5059,0.031439999999999996,0.4606776371018172,0.42148636728187777,0.020268076076691618,0.46002815971218847,0.5059,0.031439999999999996,0.48324700861582204,0.42148636728187777,0.020268076076691618,0.46002815971218847,0.011190786613452559,"[0.011315756658919754, 0.012192407496521018, 0.01288995615295488, 0.01359963525141729, 0.014321891165186378, 0.015181047888625853, 0.01592941522152252, 0.01673874496494045, 0.01751440457689525, 0.01835087734908702, 0.019202544572813795, 0.020070622325609303, 0.02095627718778323, 0.02186061264947246, 0.022737260153569413, 0.023681097053535004, 0.024646250751560458, 0.025633386418693636, 0.02659237614956749, 0.027623542314219474, 0.0286250346734827, 0.029647102596467904, 0.03056454213255984, 0.031680305841655834, 0.03263530150735364, 0.033606764937046466, 0.034593095597664145, 0.03536350794006898, 0.035930760474075646, 0.03631257033147624, 0.03661317474198803, 0.03688385713543919, 0.03738127616234113, 0.037934719347479336, 0.03858163380471939, 0.03921882339006296, 0.03999131852533767, 0.04074980907886149, 0.04127472956039594, 0.04151563832077664, 0.04151964454301027, 0.04123464219442919, 0.04096829512038153, 0.04056460486818273, 0.04028281736824196, 0.04000166841569801, 0.03919762289117317, 0.037812479337396496, 0.03622310391275238, 0.03453579653228067, 0.0330206041779641, 0.031565009966306234, 0.03054064037737075, 0.029904305612678588, 0.029394155816597912, 0.028896840658953926, 0.02825322628704274, 0.027685220830545497, 0.02666364029859006, 0.025486033827772144, 0.02414387260068274, 0.023028867611909868, 0.022681878550084772, 0.02299235797660897, 0.02387546679328945, 0.024738332374206702, 0.025547718436096926, 0.026640938816603423, 0.02759836215880636, 0.028240938725365098, 0.028199955208514017, 0.028168175430310402, 0.02767018559717724, 0.027414861073674215, 0.027239233260695786, 0.0274939869379551, 0.027874761581110984, 0.02868161073982207, 0.029514734605865275, 0.030345172291974937, 0.031248268714928727, 0.032298002681611045, 0.033509628354587276, 0.0348066615601669, 0.03569061118903811, 0.03631377821401384, 0.03654105211474412, 0.03646788532881584, 0.03572808397059345, 0.03427781350345514, 0.03309813106562172, 0.031639416134799855, 0.02970329439236902, 0.027599049067936567, 0.02603054913364457, 0.024090316372098155, 0.02220132238001286, 0.02051452966091278, 0.019044426362309692, 0.017805605247084858, 0.01643252777018217, 0.01523003850809785, 0.01424180324883461, 0.013706552220618947, 0.0130880570946912, 0.012988920737072255, 0.013178248200839212, 0.013386796436950147, 0.01359897371732897, 0.01439195864266014, 0.015495810506657983, 0.016686507754200334, 0.01807173050136072, 0.019341411872889052, 0.020370802976522343, 0.0213787239197115, 0.02262888584538598, 0.02401686851684336, 0.025523335513576738, 0.026670410326906566, 0.02758824337325398, 0.02810647098585074, 0.028219175888028712, 0.02804128716256827, 0.027840212128430745, 0.02799079668741686, 0.027988272685847155, 0.02831306909632167, 0.028434723397990712, 0.0285549391753426, 0.02832607944879636, 0.02800347501499142, 0.027460301198426997, 0.02681840364884072, 0.026203190519756815, 0.02552364346313934, 0.024940794741503684, 0.024553643852497812, 0.024009602077058226, 0.023587486328410737, 0.023053226444370627, 0.02237349941244249, 0.021247392964358097, 0.01948489409103017, 0.01759577829009665, 0.015969918059865678, 0.014849832783247986, 0.014164911869984548, 0.013546042864334782, 0.01328357500957488, 0.012905521640083246, 0.012806686101790404, 0.01256569256360443, 0.01270015008783326, 0.013333718053885597, 0.014364706842779438, 0.015230812921928084, 0.016214173123414017, 0.017422309714956504, 0.01848297873673576, 0.019690103784110968, 0.02062988015396428, 0.021304326954883004, 0.021542023987470748, 0.021445001132587415, 0.02128479356968176, 0.021154257299581803, 0.020548768777841446, 0.020419411659703072, 0.020346908766621045, 0.02018386842926173, 0.020060715556614095, 0.019970155121820186, 0.019905412966441507, 0.019860328269953802, 0.019689549628068632, 0.019110038324468673, 0.018401772510693467, 0.01773443768827515, 0.01691379473734185, 0.0163889904882787, 0.015891976533507178, 0.015695148472402557, 0.015634975895130635, 0.01548249397414641, 0.015250362203767827, 0.01446715870868431, 0.013690714184349355, 0.013111437378948002, 0.01280400987898366, 0.012789088065484542, 0.012885508256999974, 0.012645414791893052, 0.012533763320360268, 0.01300792748125149, 0.014045480441271196, 0.015593406388961941, 0.017496649938682926, 0.01947963017829757, 0.021814960986639112, 0.0244888991790445, 0.027455202671237973, 0.030462142682767764, 0.03347516022004274, 0.03632355277573078, 0.03911728575744543, 0.041489125175428104, 0.043617926344794986, 0.04507509866910146, 0.045973158335007626, 0.046666313335408376, 0.047747911364257295, 0.04910015737076979, 0.051170936172887156, 0.05323921785426519, 0.05484930583024696, 0.05598397968583077, 0.056516639752925084, 0.05678375349578094, 0.05655312215346535, 0.05709318659280136, 0.05753330561326649, 0.05822424761198231, 0.05856641837777238, 0.058663546697002605, 0.05829520111627496, 0.058019458378357286, 0.05786276302771312, 0.057678835712609886, 0.05721489013034267, 0.05620972754199197, 0.05488023496470325, 0.05291870088860013, 0.05085359195424363, 0.04836971777146554, 0.045888993393773454, 0.04332790860019442, 0.040721243397433354, 0.03815348906679705, 0.03609755066086763, 0.03431153121207709, 0.03269994312791247, 0.03113246913067769, 0.029533434333839276, 0.02779284963423818, 0.02581340528028532, 0.023636664296078556, 0.021032966406022018, 0.018298152858289164, 0.015471223173718233, 0.012975006021594128, 0.011476514573927241, 0.011190786613452559, 0.012013514795745658, 0.013192708648177051, 0.0146026096239084, 0.016627808096549106, 0.019288816219412905, 0.022115031993867204, 0.024956066779425322, 0.027947127033299147, 0.030317719296220055, 0.03213024736687776, 0.033908117916643665, 0.035613155393420214, 0.03695858371541455, 0.0370883147011733, 0.035844860180821725, 0.03331269225961453, 0.030127822662769057, 0.026675716455458534, 0.02305094507263966, 0.019294584365168215, 0.016588874620184203, 0.013459760460278334, 0.010513659470637583, 0.008184205378854309, 0.005908681970234855, 0.003908372487361734, 0.002250880846271649, 0.001837561814419065, 0.003902446460586522, 0.00649131804032715, 0.008842266053540701, 0.011337576744963709, 0.013847821453172829, 0.016241515374979285, 0.018506880743639053, 0.020753891025054552, 0.022854281545735794, 0.025177910908837288, 0.027764777035113285, 0.0302577363231247, 0.032552204835272186, 0.033962244268502154, 0.03530995724171245, 0.036795414568091225, 0.03840706162943578, 0.039993850675796264, 0.04133645030179679, 0.04211247094820217, 0.04239213751353172, 0.042192499106345205, 0.04200269786908514, 0.041897190162155235, 0.041830932940717325, 0.04166737666619139, 0.04206882264734189, 0.0426127097658282, 0.042895687146734904, 0.04300135533202284, 0.04249799814293581, 0.041897582995049115, 0.04072077112408416, 0.03927976254850985, 0.037331499513228325, 0.035889992777759706, 0.03456359233645024, 0.033243529781910974, 0.03199033675126687, 0.03059935779738079, 0.029272240636492235, 0.027900707354997015, 0.02654938414970694, 0.02543173352052397, 0.024311103096379235, 0.023065212419431085, 0.021685454855791198, 0.02041159885695607, 0.019056064221564174, 0.017656707279948437, 0.01626614648165674, 0.015012383850973622, 0.013603567963072178, 0.012189757837366814, 0.010674529938407772, 0.009407142987148039, 0.008344525906195775, 0.007439054007672372, 0.0072034584519923735, 0.007775010970036668, 0.009047582903156274, 0.010731538882415681, 0.01253460028234948, 0.014333543563369548, 0.016070624592636203, 0.017817726146123574, 0.019557256660804743, 0.02116824086555951, 0.022529303997840977, 0.023628588936546305, 0.02391411988476377, 0.02359656311707365, 0.022355277074164143, 0.020961866673625245, 0.018393580144489934, 0.015660552711922182, 0.013874328661167971, 0.01254026736778108, 0.011812131260623127, 0.010800298354986543, 0.00961805971638548, 0.008471507575266851, 0.007656757785702683, 0.006719580941926242, 0.0056999472982024405, 0.005125787188458596, 0.00504686530895439, 0.005697178935649704, 0.006245540782853768, 0.0070976650798796875, 0.007900543705723831, 0.008755370167568399, 0.009807746909975117, 0.011209592216881203, 0.01276960312030194, 0.014467251258771754, 0.015865855510978952, 0.01751794577394112, 0.01978728846519214, 0.022540086452385207, 0.024859037758439572, 0.02589623397823137, 0.02611181133516041, 0.026565850619759173, 0.0272557734372972, 0.02776644526036269, 0.02799937699621002, 0.02818388188652303, 0.02806005928616626, 0.028083982827741123, 0.02781538632605852, 0.027763976455106594, 0.028120518002563644, 0.028688559534023904, 0.029389365084960088, 0.030059907204608147, 0.03052096911154336, 0.031053468449087778, 0.03142000488428638, 0.03173833045042581, 0.031892653890475096, 0.03198060527161537, 0.031944507243272385, 0.03180892531117334, 0.03180195743523648, 0.03175983113429147, 0.03185651864929952, 0.032146459060636644, 0.032526908876218445, 0.033087790299913135, 0.03370146462957083, 0.0342847740780508, 0.0344768243549477, 0.03441738754137779, 0.034008301029805295]",0.011190786613452559,0.08441363271812224,0.011171923923308378,0.0006494773896287276,0.0,0.0,0.022569371514004843,0.08441363271812224,0.011171923923308378,0.0006494773896287276,6.048,1717635306.760993,2024-06-06_10-55-06
0.5059,0.032159999999999994,0.4582681209401891,0.420645353681551,0.02053056634649639,0.46128155928307213,0.5059,0.032159999999999994,0.4817051217124948,0.420645353681551,0.02053056634649639,0.46128155928307213,0.012013514795745658,"[0.011315756658919754, 0.012192407496521018, 0.01288995615295488, 0.01359963525141729, 0.014321891165186378, 0.015181047888625853, 0.01592941522152252, 0.01673874496494045, 0.01751440457689525, 0.01835087734908702, 0.019202544572813795, 0.020070622325609303, 0.02095627718778323, 0.02186061264947246, 0.022737260153569413, 0.023681097053535004, 0.024646250751560458, 0.025633386418693636, 0.02659237614956749, 0.027623542314219474, 0.0286250346734827, 0.029647102596467904, 0.03056454213255984, 0.031680305841655834, 0.03263530150735364, 0.033606764937046466, 0.034593095597664145, 0.03536350794006898, 0.035930760474075646, 0.03631257033147624, 0.03661317474198803, 0.03688385713543919, 0.03738127616234113, 0.037934719347479336, 0.03858163380471939, 0.03921882339006296, 0.03999131852533767, 0.04074980907886149, 0.04127472956039594, 0.04151563832077664, 0.04151964454301027, 0.04123464219442919, 0.04096829512038153, 0.04056460486818273, 0.04028281736824196, 0.04000166841569801, 0.03919762289117317, 0.037812479337396496, 0.03622310391275238, 0.03453579653228067, 0.0330206041779641, 0.031565009966306234, 0.03054064037737075, 0.029904305612678588, 0.029394155816597912, 0.028896840658953926, 0.02825322628704274, 0.027685220830545497, 0.02666364029859006, 0.025486033827772144, 0.02414387260068274, 0.023028867611909868, 0.022681878550084772, 0.02299235797660897, 0.02387546679328945, 0.024738332374206702, 0.025547718436096926, 0.026640938816603423, 0.02759836215880636, 0.028240938725365098, 0.028199955208514017, 0.028168175430310402, 0.02767018559717724, 0.027414861073674215, 0.027239233260695786, 0.0274939869379551, 0.027874761581110984, 0.02868161073982207, 0.029514734605865275, 0.030345172291974937, 0.031248268714928727, 0.032298002681611045, 0.033509628354587276, 0.0348066615601669, 0.03569061118903811, 0.03631377821401384, 0.03654105211474412, 0.03646788532881584, 0.03572808397059345, 0.03427781350345514, 0.03309813106562172, 0.031639416134799855, 0.02970329439236902, 0.027599049067936567, 0.02603054913364457, 0.024090316372098155, 0.02220132238001286, 0.02051452966091278, 0.019044426362309692, 0.017805605247084858, 0.01643252777018217, 0.01523003850809785, 0.01424180324883461, 0.013706552220618947, 0.0130880570946912, 0.012988920737072255, 0.013178248200839212, 0.013386796436950147, 0.01359897371732897, 0.01439195864266014, 0.015495810506657983, 0.016686507754200334, 0.01807173050136072, 0.019341411872889052, 0.020370802976522343, 0.0213787239197115, 0.02262888584538598, 0.02401686851684336, 0.025523335513576738, 0.026670410326906566, 0.02758824337325398, 0.02810647098585074, 0.028219175888028712, 0.02804128716256827, 0.027840212128430745, 0.02799079668741686, 0.027988272685847155, 0.02831306909632167, 0.028434723397990712, 0.0285549391753426, 0.02832607944879636, 0.02800347501499142, 0.027460301198426997, 0.02681840364884072, 0.026203190519756815, 0.02552364346313934, 0.024940794741503684, 0.024553643852497812, 0.024009602077058226, 0.023587486328410737, 0.023053226444370627, 0.02237349941244249, 0.021247392964358097, 0.01948489409103017, 0.01759577829009665, 0.015969918059865678, 0.014849832783247986, 0.014164911869984548, 0.013546042864334782, 0.01328357500957488, 0.012905521640083246, 0.012806686101790404, 0.01256569256360443, 0.01270015008783326, 0.013333718053885597, 0.014364706842779438, 0.015230812921928084, 0.016214173123414017, 0.017422309714956504, 0.01848297873673576, 0.019690103784110968, 0.02062988015396428, 0.021304326954883004, 0.021542023987470748, 0.021445001132587415, 0.02128479356968176, 0.021154257299581803, 0.020548768777841446, 0.020419411659703072, 0.020346908766621045, 0.02018386842926173, 0.020060715556614095, 0.019970155121820186, 0.019905412966441507, 0.019860328269953802, 0.019689549628068632, 0.019110038324468673, 0.018401772510693467, 0.01773443768827515, 0.01691379473734185, 0.0163889904882787, 0.015891976533507178, 0.015695148472402557, 0.015634975895130635, 0.01548249397414641, 0.015250362203767827, 0.01446715870868431, 0.013690714184349355, 0.013111437378948002, 0.01280400987898366, 0.012789088065484542, 0.012885508256999974, 0.012645414791893052, 0.012533763320360268, 0.01300792748125149, 0.014045480441271196, 0.015593406388961941, 0.017496649938682926, 0.01947963017829757, 0.021814960986639112, 0.0244888991790445, 0.027455202671237973, 0.030462142682767764, 0.03347516022004274, 0.03632355277573078, 0.03911728575744543, 0.041489125175428104, 0.043617926344794986, 0.04507509866910146, 0.045973158335007626, 0.046666313335408376, 0.047747911364257295, 0.04910015737076979, 0.051170936172887156, 0.05323921785426519, 0.05484930583024696, 0.05598397968583077, 0.056516639752925084, 0.05678375349578094, 0.05655312215346535, 0.05709318659280136, 0.05753330561326649, 0.05822424761198231, 0.05856641837777238, 0.058663546697002605, 0.05829520111627496, 0.058019458378357286, 0.05786276302771312, 0.057678835712609886, 0.05721489013034267, 0.05620972754199197, 0.05488023496470325, 0.05291870088860013, 0.05085359195424363, 0.04836971777146554, 0.045888993393773454, 0.04332790860019442, 0.040721243397433354, 0.03815348906679705, 0.03609755066086763, 0.03431153121207709, 0.03269994312791247, 0.03113246913067769, 0.029533434333839276, 0.02779284963423818, 0.02581340528028532, 0.023636664296078556, 0.021032966406022018, 0.018298152858289164, 0.015471223173718233, 0.012975006021594128, 0.011476514573927241, 0.011190786613452559, 0.012013514795745658, 0.013192708648177051, 0.0146026096239084, 0.016627808096549106, 0.019288816219412905, 0.022115031993867204, 0.024956066779425322, 0.027947127033299147, 0.030317719296220055, 0.03213024736687776, 0.033908117916643665, 0.035613155393420214, 0.03695858371541455, 0.0370883147011733, 0.035844860180821725, 0.03331269225961453, 0.030127822662769057, 0.026675716455458534, 0.02305094507263966, 0.019294584365168215, 0.016588874620184203, 0.013459760460278334, 0.010513659470637583, 0.008184205378854309, 0.005908681970234855, 0.003908372487361734, 0.002250880846271649, 0.001837561814419065, 0.003902446460586522, 0.00649131804032715, 0.008842266053540701, 0.011337576744963709, 0.013847821453172829, 0.016241515374979285, 0.018506880743639053, 0.020753891025054552, 0.022854281545735794, 0.025177910908837288, 0.027764777035113285, 0.0302577363231247, 0.032552204835272186, 0.033962244268502154, 0.03530995724171245, 0.036795414568091225, 0.03840706162943578, 0.039993850675796264, 0.04133645030179679, 0.04211247094820217, 0.04239213751353172, 0.042192499106345205, 0.04200269786908514, 0.041897190162155235, 0.041830932940717325, 0.04166737666619139, 0.04206882264734189, 0.0426127097658282, 0.042895687146734904, 0.04300135533202284, 0.04249799814293581, 0.041897582995049115, 0.04072077112408416, 0.03927976254850985, 0.037331499513228325, 0.035889992777759706, 0.03456359233645024, 0.033243529781910974, 0.03199033675126687, 0.03059935779738079, 0.029272240636492235, 0.027900707354997015, 0.02654938414970694, 0.02543173352052397, 0.024311103096379235, 0.023065212419431085, 0.021685454855791198, 0.02041159885695607, 0.019056064221564174, 0.017656707279948437, 0.01626614648165674, 0.015012383850973622, 0.013603567963072178, 0.012189757837366814, 0.010674529938407772, 0.009407142987148039, 0.008344525906195775, 0.007439054007672372, 0.0072034584519923735, 0.007775010970036668, 0.009047582903156274, 0.010731538882415681, 0.01253460028234948, 0.014333543563369548, 0.016070624592636203, 0.017817726146123574, 0.019557256660804743, 0.02116824086555951, 0.022529303997840977, 0.023628588936546305, 0.02391411988476377, 0.02359656311707365, 0.022355277074164143, 0.020961866673625245, 0.018393580144489934, 0.015660552711922182, 0.013874328661167971, 0.01254026736778108, 0.011812131260623127, 0.010800298354986543, 0.00961805971638548, 0.008471507575266851, 0.007656757785702683, 0.006719580941926242, 0.0056999472982024405, 0.005125787188458596, 0.00504686530895439, 0.005697178935649704, 0.006245540782853768, 0.0070976650798796875, 0.007900543705723831, 0.008755370167568399, 0.009807746909975117, 0.011209592216881203, 0.01276960312030194, 0.014467251258771754, 0.015865855510978952, 0.01751794577394112, 0.01978728846519214, 0.022540086452385207, 0.024859037758439572, 0.02589623397823137, 0.02611181133516041, 0.026565850619759173, 0.0272557734372972, 0.02776644526036269, 0.02799937699621002, 0.02818388188652303, 0.02806005928616626, 0.028083982827741123, 0.02781538632605852, 0.027763976455106594, 0.028120518002563644, 0.028688559534023904, 0.029389365084960088, 0.030059907204608147, 0.03052096911154336, 0.031053468449087778, 0.03142000488428638, 0.03173833045042581, 0.031892653890475096, 0.03198060527161537, 0.031944507243272385, 0.03180892531117334, 0.03180195743523648, 0.03175983113429147, 0.03185651864929952, 0.032146459060636644, 0.032526908876218445, 0.033087790299913135, 0.03370146462957083, 0.0342847740780508, 0.0344768243549477, 0.03441738754137779, 0.034008301029805295]",0.012013514795745658,0.08525464631844903,0.011629433653503603,0.0030134383428830347,0.0,0.0,0.023437000772305705,0.08525464631844903,0.011629433653503603,0.0030134383428830347,6.071999999999999,1717635306.7894473,2024-06-06_10-55-06
0.5059,0.03288000000000002,0.45583488617034784,0.4197227115036787,0.021305348567452025,0.46216536843402256,0.5059,0.03288000000000002,0.4801395162009544,0.4197227115036787,0.021305348567452025,0.46216536843402256,0.013192708648177051,"[0.011315756658919754, 0.012192407496521018, 0.01288995615295488, 0.01359963525141729, 0.014321891165186378, 0.015181047888625853, 0.01592941522152252, 0.01673874496494045, 0.01751440457689525, 0.01835087734908702, 0.019202544572813795, 0.020070622325609303, 0.02095627718778323, 0.02186061264947246, 0.022737260153569413, 0.023681097053535004, 0.024646250751560458, 0.025633386418693636, 0.02659237614956749, 0.027623542314219474, 0.0286250346734827, 0.029647102596467904, 0.03056454213255984, 0.031680305841655834, 0.03263530150735364, 0.033606764937046466, 0.034593095597664145, 0.03536350794006898, 0.035930760474075646, 0.03631257033147624, 0.03661317474198803, 0.03688385713543919, 0.03738127616234113, 0.037934719347479336, 0.03858163380471939, 0.03921882339006296, 0.03999131852533767, 0.04074980907886149, 0.04127472956039594, 0.04151563832077664, 0.04151964454301027, 0.04123464219442919, 0.04096829512038153, 0.04056460486818273, 0.04028281736824196, 0.04000166841569801, 0.03919762289117317, 0.037812479337396496, 0.03622310391275238, 0.03453579653228067, 0.0330206041779641, 0.031565009966306234, 0.03054064037737075, 0.029904305612678588, 0.029394155816597912, 0.028896840658953926, 0.02825322628704274, 0.027685220830545497, 0.02666364029859006, 0.025486033827772144, 0.02414387260068274, 0.023028867611909868, 0.022681878550084772, 0.02299235797660897, 0.02387546679328945, 0.024738332374206702, 0.025547718436096926, 0.026640938816603423, 0.02759836215880636, 0.028240938725365098, 0.028199955208514017, 0.028168175430310402, 0.02767018559717724, 0.027414861073674215, 0.027239233260695786, 0.0274939869379551, 0.027874761581110984, 0.02868161073982207, 0.029514734605865275, 0.030345172291974937, 0.031248268714928727, 0.032298002681611045, 0.033509628354587276, 0.0348066615601669, 0.03569061118903811, 0.03631377821401384, 0.03654105211474412, 0.03646788532881584, 0.03572808397059345, 0.03427781350345514, 0.03309813106562172, 0.031639416134799855, 0.02970329439236902, 0.027599049067936567, 0.02603054913364457, 0.024090316372098155, 0.02220132238001286, 0.02051452966091278, 0.019044426362309692, 0.017805605247084858, 0.01643252777018217, 0.01523003850809785, 0.01424180324883461, 0.013706552220618947, 0.0130880570946912, 0.012988920737072255, 0.013178248200839212, 0.013386796436950147, 0.01359897371732897, 0.01439195864266014, 0.015495810506657983, 0.016686507754200334, 0.01807173050136072, 0.019341411872889052, 0.020370802976522343, 0.0213787239197115, 0.02262888584538598, 0.02401686851684336, 0.025523335513576738, 0.026670410326906566, 0.02758824337325398, 0.02810647098585074, 0.028219175888028712, 0.02804128716256827, 0.027840212128430745, 0.02799079668741686, 0.027988272685847155, 0.02831306909632167, 0.028434723397990712, 0.0285549391753426, 0.02832607944879636, 0.02800347501499142, 0.027460301198426997, 0.02681840364884072, 0.026203190519756815, 0.02552364346313934, 0.024940794741503684, 0.024553643852497812, 0.024009602077058226, 0.023587486328410737, 0.023053226444370627, 0.02237349941244249, 0.021247392964358097, 0.01948489409103017, 0.01759577829009665, 0.015969918059865678, 0.014849832783247986, 0.014164911869984548, 0.013546042864334782, 0.01328357500957488, 0.012905521640083246, 0.012806686101790404, 0.01256569256360443, 0.01270015008783326, 0.013333718053885597, 0.014364706842779438, 0.015230812921928084, 0.016214173123414017, 0.017422309714956504, 0.01848297873673576, 0.019690103784110968, 0.02062988015396428, 0.021304326954883004, 0.021542023987470748, 0.021445001132587415, 0.02128479356968176, 0.021154257299581803, 0.020548768777841446, 0.020419411659703072, 0.020346908766621045, 0.02018386842926173, 0.020060715556614095, 0.019970155121820186, 0.019905412966441507, 0.019860328269953802, 0.019689549628068632, 0.019110038324468673, 0.018401772510693467, 0.01773443768827515, 0.01691379473734185, 0.0163889904882787, 0.015891976533507178, 0.015695148472402557, 0.015634975895130635, 0.01548249397414641, 0.015250362203767827, 0.01446715870868431, 0.013690714184349355, 0.013111437378948002, 0.01280400987898366, 0.012789088065484542, 0.012885508256999974, 0.012645414791893052, 0.012533763320360268, 0.01300792748125149, 0.014045480441271196, 0.015593406388961941, 0.017496649938682926, 0.01947963017829757, 0.021814960986639112, 0.0244888991790445, 0.027455202671237973, 0.030462142682767764, 0.03347516022004274, 0.03632355277573078, 0.03911728575744543, 0.041489125175428104, 0.043617926344794986, 0.04507509866910146, 0.045973158335007626, 0.046666313335408376, 0.047747911364257295, 0.04910015737076979, 0.051170936172887156, 0.05323921785426519, 0.05484930583024696, 0.05598397968583077, 0.056516639752925084, 0.05678375349578094, 0.05655312215346535, 0.05709318659280136, 0.05753330561326649, 0.05822424761198231, 0.05856641837777238, 0.058663546697002605, 0.05829520111627496, 0.058019458378357286, 0.05786276302771312, 0.057678835712609886, 0.05721489013034267, 0.05620972754199197, 0.05488023496470325, 0.05291870088860013, 0.05085359195424363, 0.04836971777146554, 0.045888993393773454, 0.04332790860019442, 0.040721243397433354, 0.03815348906679705, 0.03609755066086763, 0.03431153121207709, 0.03269994312791247, 0.03113246913067769, 0.029533434333839276, 0.02779284963423818, 0.02581340528028532, 0.023636664296078556, 0.021032966406022018, 0.018298152858289164, 0.015471223173718233, 0.012975006021594128, 0.011476514573927241, 0.011190786613452559, 0.012013514795745658, 0.013192708648177051, 0.0146026096239084, 0.016627808096549106, 0.019288816219412905, 0.022115031993867204, 0.024956066779425322, 0.027947127033299147, 0.030317719296220055, 0.03213024736687776, 0.033908117916643665, 0.035613155393420214, 0.03695858371541455, 0.0370883147011733, 0.035844860180821725, 0.03331269225961453, 0.030127822662769057, 0.026675716455458534, 0.02305094507263966, 0.019294584365168215, 0.016588874620184203, 0.013459760460278334, 0.010513659470637583, 0.008184205378854309, 0.005908681970234855, 0.003908372487361734, 0.002250880846271649, 0.001837561814419065, 0.003902446460586522, 0.00649131804032715, 0.008842266053540701, 0.011337576744963709, 0.013847821453172829, 0.016241515374979285, 0.018506880743639053, 0.020753891025054552, 0.022854281545735794, 0.025177910908837288, 0.027764777035113285, 0.0302577363231247, 0.032552204835272186, 0.033962244268502154, 0.03530995724171245, 0.036795414568091225, 0.03840706162943578, 0.039993850675796264, 0.04133645030179679, 0.04211247094820217, 0.04239213751353172, 0.042192499106345205, 0.04200269786908514, 0.041897190162155235, 0.041830932940717325, 0.04166737666619139, 0.04206882264734189, 0.0426127097658282, 0.042895687146734904, 0.04300135533202284, 0.04249799814293581, 0.041897582995049115, 0.04072077112408416, 0.03927976254850985, 0.037331499513228325, 0.035889992777759706, 0.03456359233645024, 0.033243529781910974, 0.03199033675126687, 0.03059935779738079, 0.029272240636492235, 0.027900707354997015, 0.02654938414970694, 0.02543173352052397, 0.024311103096379235, 0.023065212419431085, 0.021685454855791198, 0.02041159885695607, 0.019056064221564174, 0.017656707279948437, 0.01626614648165674, 0.015012383850973622, 0.013603567963072178, 0.012189757837366814, 0.010674529938407772, 0.009407142987148039, 0.008344525906195775, 0.007439054007672372, 0.0072034584519923735, 0.007775010970036668, 0.009047582903156274, 0.010731538882415681, 0.01253460028234948, 0.014333543563369548, 0.016070624592636203, 0.017817726146123574, 0.019557256660804743, 0.02116824086555951, 0.022529303997840977, 0.023628588936546305, 0.02391411988476377, 0.02359656311707365, 0.022355277074164143, 0.020961866673625245, 0.018393580144489934, 0.015660552711922182, 0.013874328661167971, 0.01254026736778108, 0.011812131260623127, 0.010800298354986543, 0.00961805971638548, 0.008471507575266851, 0.007656757785702683, 0.006719580941926242, 0.0056999472982024405, 0.005125787188458596, 0.00504686530895439, 0.005697178935649704, 0.006245540782853768, 0.0070976650798796875, 0.007900543705723831, 0.008755370167568399, 0.009807746909975117, 0.011209592216881203, 0.01276960312030194, 0.014467251258771754, 0.015865855510978952, 0.01751794577394112, 0.01978728846519214, 0.022540086452385207, 0.024859037758439572, 0.02589623397823137, 0.02611181133516041, 0.026565850619759173, 0.0272557734372972, 0.02776644526036269, 0.02799937699621002, 0.02818388188652303, 0.02806005928616626, 0.028083982827741123, 0.02781538632605852, 0.027763976455106594, 0.028120518002563644, 0.028688559534023904, 0.029389365084960088, 0.030059907204608147, 0.03052096911154336, 0.031053468449087778, 0.03142000488428638, 0.03173833045042581, 0.031892653890475096, 0.03198060527161537, 0.031944507243272385, 0.03180892531117334, 0.03180195743523648, 0.03175983113429147, 0.03185651864929952, 0.032146459060636644, 0.032526908876218445, 0.033087790299913135, 0.03370146462957083, 0.0342847740780508, 0.0344768243549477, 0.03441738754137779, 0.034008301029805295]",0.013192708648177051,0.08617728849632134,0.011574651432547996,0.006330482263674719,0.0,0.0,0.024304630030606567,0.08617728849632134,0.011574651432547996,0.006330482263674719,6.096,1717635306.8089712,2024-06-06_10-55-06
0.5059,0.03359999999999999,0.453390100026608,0.41862875812638656,0.022522637002197612,0.46290473280161204,0.5059,0.03359999999999999,0.4788172828191323,0.41862875812638656,0.022522637002197612,0.46290473280161204,0.0146026096239084,"[0.011315756658919754, 0.012192407496521018, 0.01288995615295488, 0.01359963525141729, 0.014321891165186378, 0.015181047888625853, 0.01592941522152252, 0.01673874496494045, 0.01751440457689525, 0.01835087734908702, 0.019202544572813795, 0.020070622325609303, 0.02095627718778323, 0.02186061264947246, 0.022737260153569413, 0.023681097053535004, 0.024646250751560458, 0.025633386418693636, 0.02659237614956749, 0.027623542314219474, 0.0286250346734827, 0.029647102596467904, 0.03056454213255984, 0.031680305841655834, 0.03263530150735364, 0.033606764937046466, 0.034593095597664145, 0.03536350794006898, 0.035930760474075646, 0.03631257033147624, 0.03661317474198803, 0.03688385713543919, 0.03738127616234113, 0.037934719347479336, 0.03858163380471939, 0.03921882339006296, 0.03999131852533767, 0.04074980907886149, 0.04127472956039594, 0.04151563832077664, 0.04151964454301027, 0.04123464219442919, 0.04096829512038153, 0.04056460486818273, 0.04028281736824196, 0.04000166841569801, 0.03919762289117317, 0.037812479337396496, 0.03622310391275238, 0.03453579653228067, 0.0330206041779641, 0.031565009966306234, 0.03054064037737075, 0.029904305612678588, 0.029394155816597912, 0.028896840658953926, 0.02825322628704274, 0.027685220830545497, 0.02666364029859006, 0.025486033827772144, 0.02414387260068274, 0.023028867611909868, 0.022681878550084772, 0.02299235797660897, 0.02387546679328945, 0.024738332374206702, 0.025547718436096926, 0.026640938816603423, 0.02759836215880636, 0.028240938725365098, 0.028199955208514017, 0.028168175430310402, 0.02767018559717724, 0.027414861073674215, 0.027239233260695786, 0.0274939869379551, 0.027874761581110984, 0.02868161073982207, 0.029514734605865275, 0.030345172291974937, 0.031248268714928727, 0.032298002681611045, 0.033509628354587276, 0.0348066615601669, 0.03569061118903811, 0.03631377821401384, 0.03654105211474412, 0.03646788532881584, 0.03572808397059345, 0.03427781350345514, 0.03309813106562172, 0.031639416134799855, 0.02970329439236902, 0.027599049067936567, 0.02603054913364457, 0.024090316372098155, 0.02220132238001286, 0.02051452966091278, 0.019044426362309692, 0.017805605247084858, 0.01643252777018217, 0.01523003850809785, 0.01424180324883461, 0.013706552220618947, 0.0130880570946912, 0.012988920737072255, 0.013178248200839212, 0.013386796436950147, 0.01359897371732897, 0.01439195864266014, 0.015495810506657983, 0.016686507754200334, 0.01807173050136072, 0.019341411872889052, 0.020370802976522343, 0.0213787239197115, 0.02262888584538598, 0.02401686851684336, 0.025523335513576738, 0.026670410326906566, 0.02758824337325398, 0.02810647098585074, 0.028219175888028712, 0.02804128716256827, 0.027840212128430745, 0.02799079668741686, 0.027988272685847155, 0.02831306909632167, 0.028434723397990712, 0.0285549391753426, 0.02832607944879636, 0.02800347501499142, 0.027460301198426997, 0.02681840364884072, 0.026203190519756815, 0.02552364346313934, 0.024940794741503684, 0.024553643852497812, 0.024009602077058226, 0.023587486328410737, 0.023053226444370627, 0.02237349941244249, 0.021247392964358097, 0.01948489409103017, 0.01759577829009665, 0.015969918059865678, 0.014849832783247986, 0.014164911869984548, 0.013546042864334782, 0.01328357500957488, 0.012905521640083246, 0.012806686101790404, 0.01256569256360443, 0.01270015008783326, 0.013333718053885597, 0.014364706842779438, 0.015230812921928084, 0.016214173123414017, 0.017422309714956504, 0.01848297873673576, 0.019690103784110968, 0.02062988015396428, 0.021304326954883004, 0.021542023987470748, 0.021445001132587415, 0.02128479356968176, 0.021154257299581803, 0.020548768777841446, 0.020419411659703072, 0.020346908766621045, 0.02018386842926173, 0.020060715556614095, 0.019970155121820186, 0.019905412966441507, 0.019860328269953802, 0.019689549628068632, 0.019110038324468673, 0.018401772510693467, 0.01773443768827515, 0.01691379473734185, 0.0163889904882787, 0.015891976533507178, 0.015695148472402557, 0.015634975895130635, 0.01548249397414641, 0.015250362203767827, 0.01446715870868431, 0.013690714184349355, 0.013111437378948002, 0.01280400987898366, 0.012789088065484542, 0.012885508256999974, 0.012645414791893052, 0.012533763320360268, 0.01300792748125149, 0.014045480441271196, 0.015593406388961941, 0.017496649938682926, 0.01947963017829757, 0.021814960986639112, 0.0244888991790445, 0.027455202671237973, 0.030462142682767764, 0.03347516022004274, 0.03632355277573078, 0.03911728575744543, 0.041489125175428104, 0.043617926344794986, 0.04507509866910146, 0.045973158335007626, 0.046666313335408376, 0.047747911364257295, 0.04910015737076979, 0.051170936172887156, 0.05323921785426519, 0.05484930583024696, 0.05598397968583077, 0.056516639752925084, 0.05678375349578094, 0.05655312215346535, 0.05709318659280136, 0.05753330561326649, 0.05822424761198231, 0.05856641837777238, 0.058663546697002605, 0.05829520111627496, 0.058019458378357286, 0.05786276302771312, 0.057678835712609886, 0.05721489013034267, 0.05620972754199197, 0.05488023496470325, 0.05291870088860013, 0.05085359195424363, 0.04836971777146554, 0.045888993393773454, 0.04332790860019442, 0.040721243397433354, 0.03815348906679705, 0.03609755066086763, 0.03431153121207709, 0.03269994312791247, 0.03113246913067769, 0.029533434333839276, 0.02779284963423818, 0.02581340528028532, 0.023636664296078556, 0.021032966406022018, 0.018298152858289164, 0.015471223173718233, 0.012975006021594128, 0.011476514573927241, 0.011190786613452559, 0.012013514795745658, 0.013192708648177051, 0.0146026096239084, 0.016627808096549106, 0.019288816219412905, 0.022115031993867204, 0.024956066779425322, 0.027947127033299147, 0.030317719296220055, 0.03213024736687776, 0.033908117916643665, 0.035613155393420214, 0.03695858371541455, 0.0370883147011733, 0.035844860180821725, 0.03331269225961453, 0.030127822662769057, 0.026675716455458534, 0.02305094507263966, 0.019294584365168215, 0.016588874620184203, 0.013459760460278334, 0.010513659470637583, 0.008184205378854309, 0.005908681970234855, 0.003908372487361734, 0.002250880846271649, 0.001837561814419065, 0.003902446460586522, 0.00649131804032715, 0.008842266053540701, 0.011337576744963709, 0.013847821453172829, 0.016241515374979285, 0.018506880743639053, 0.020753891025054552, 0.022854281545735794, 0.025177910908837288, 0.027764777035113285, 0.0302577363231247, 0.032552204835272186, 0.033962244268502154, 0.03530995724171245, 0.036795414568091225, 0.03840706162943578, 0.039993850675796264, 0.04133645030179679, 0.04211247094820217, 0.04239213751353172, 0.042192499106345205, 0.04200269786908514, 0.041897190162155235, 0.041830932940717325, 0.04166737666619139, 0.04206882264734189, 0.0426127097658282, 0.042895687146734904, 0.04300135533202284, 0.04249799814293581, 0.041897582995049115, 0.04072077112408416, 0.03927976254850985, 0.037331499513228325, 0.035889992777759706, 0.03456359233645024, 0.033243529781910974, 0.03199033675126687, 0.03059935779738079, 0.029272240636492235, 0.027900707354997015, 0.02654938414970694, 0.02543173352052397, 0.024311103096379235, 0.023065212419431085, 0.021685454855791198, 0.02041159885695607, 0.019056064221564174, 0.017656707279948437, 0.01626614648165674, 0.015012383850973622, 0.013603567963072178, 0.012189757837366814, 0.010674529938407772, 0.009407142987148039, 0.008344525906195775, 0.007439054007672372, 0.0072034584519923735, 0.007775010970036668, 0.009047582903156274, 0.010731538882415681, 0.01253460028234948, 0.014333543563369548, 0.016070624592636203, 0.017817726146123574, 0.019557256660804743, 0.02116824086555951, 0.022529303997840977, 0.023628588936546305, 0.02391411988476377, 0.02359656311707365, 0.022355277074164143, 0.020961866673625245, 0.018393580144489934, 0.015660552711922182, 0.013874328661167971, 0.01254026736778108, 0.011812131260623127, 0.010800298354986543, 0.00961805971638548, 0.008471507575266851, 0.007656757785702683, 0.006719580941926242, 0.0056999472982024405, 0.005125787188458596, 0.00504686530895439, 0.005697178935649704, 0.006245540782853768, 0.0070976650798796875, 0.007900543705723831, 0.008755370167568399, 0.009807746909975117, 0.011209592216881203, 0.01276960312030194, 0.014467251258771754, 0.015865855510978952, 0.01751794577394112, 0.01978728846519214, 0.022540086452385207, 0.024859037758439572, 0.02589623397823137, 0.02611181133516041, 0.026565850619759173, 0.0272557734372972, 0.02776644526036269, 0.02799937699621002, 0.02818388188652303, 0.02806005928616626, 0.028083982827741123, 0.02781538632605852, 0.027763976455106594, 0.028120518002563644, 0.028688559534023904, 0.029389365084960088, 0.030059907204608147, 0.03052096911154336, 0.031053468449087778, 0.03142000488428638, 0.03173833045042581, 0.031892653890475096, 0.03198060527161537, 0.031944507243272385, 0.03180892531117334, 0.03180195743523648, 0.03175983113429147, 0.03185651864929952, 0.032146459060636644, 0.032526908876218445, 0.033087790299913135, 0.03370146462957083, 0.0342847740780508, 0.0344768243549477, 0.03441738754137779, 0.034008301029805295]",0.0146026096239084,0.08727124187361346,0.01107736299780238,0.009514632775004028,0.0,0.0,0.02542718279252426,0.08727124187361346,0.01107736299780238,0.009514632775004028,6.12,1717635306.8329713,2024-06-06_10-55-06
0.5059,0.03431999999999999,0.4509458540345261,0.41757698094962903,0.02361944709897129,0.4636730756365864,0.5059,0.03431999999999999,0.4775465742896913,0.41757698094962903,0.02361944709897129,0.4636730756365864,0.016627808096549106,"[0.011315756658919754, 0.012192407496521018, 0.01288995615295488, 0.01359963525141729, 0.014321891165186378, 0.015181047888625853, 0.01592941522152252, 0.01673874496494045, 0.01751440457689525, 0.01835087734908702, 0.019202544572813795, 0.020070622325609303, 0.02095627718778323, 0.02186061264947246, 0.022737260153569413, 0.023681097053535004, 0.024646250751560458, 0.025633386418693636, 0.02659237614956749, 0.027623542314219474, 0.0286250346734827, 0.029647102596467904, 0.03056454213255984, 0.031680305841655834, 0.03263530150735364, 0.033606764937046466, 0.034593095597664145, 0.03536350794006898, 0.035930760474075646, 0.03631257033147624, 0.03661317474198803, 0.03688385713543919, 0.03738127616234113, 0.037934719347479336, 0.03858163380471939, 0.03921882339006296, 0.03999131852533767, 0.04074980907886149, 0.04127472956039594, 0.04151563832077664, 0.04151964454301027, 0.04123464219442919, 0.04096829512038153, 0.04056460486818273, 0.04028281736824196, 0.04000166841569801, 0.03919762289117317, 0.037812479337396496, 0.03622310391275238, 0.03453579653228067, 0.0330206041779641, 0.031565009966306234, 0.03054064037737075, 0.029904305612678588, 0.029394155816597912, 0.028896840658953926, 0.02825322628704274, 0.027685220830545497, 0.02666364029859006, 0.025486033827772144, 0.02414387260068274, 0.023028867611909868, 0.022681878550084772, 0.02299235797660897, 0.02387546679328945, 0.024738332374206702, 0.025547718436096926, 0.026640938816603423, 0.02759836215880636, 0.028240938725365098, 0.028199955208514017, 0.028168175430310402, 0.02767018559717724, 0.027414861073674215, 0.027239233260695786, 0.0274939869379551, 0.027874761581110984, 0.02868161073982207, 0.029514734605865275, 0.030345172291974937, 0.031248268714928727, 0.032298002681611045, 0.033509628354587276, 0.0348066615601669, 0.03569061118903811, 0.03631377821401384, 0.03654105211474412, 0.03646788532881584, 0.03572808397059345, 0.03427781350345514, 0.03309813106562172, 0.031639416134799855, 0.02970329439236902, 0.027599049067936567, 0.02603054913364457, 0.024090316372098155, 0.02220132238001286, 0.02051452966091278, 0.019044426362309692, 0.017805605247084858, 0.01643252777018217, 0.01523003850809785, 0.01424180324883461, 0.013706552220618947, 0.0130880570946912, 0.012988920737072255, 0.013178248200839212, 0.013386796436950147, 0.01359897371732897, 0.01439195864266014, 0.015495810506657983, 0.016686507754200334, 0.01807173050136072, 0.019341411872889052, 0.020370802976522343, 0.0213787239197115, 0.02262888584538598, 0.02401686851684336, 0.025523335513576738, 0.026670410326906566, 0.02758824337325398, 0.02810647098585074, 0.028219175888028712, 0.02804128716256827, 0.027840212128430745, 0.02799079668741686, 0.027988272685847155, 0.02831306909632167, 0.028434723397990712, 0.0285549391753426, 0.02832607944879636, 0.02800347501499142, 0.027460301198426997, 0.02681840364884072, 0.026203190519756815, 0.02552364346313934, 0.024940794741503684, 0.024553643852497812, 0.024009602077058226, 0.023587486328410737, 0.023053226444370627, 0.02237349941244249, 0.021247392964358097, 0.01948489409103017, 0.01759577829009665, 0.015969918059865678, 0.014849832783247986, 0.014164911869984548, 0.013546042864334782, 0.01328357500957488, 0.012905521640083246, 0.012806686101790404, 0.01256569256360443, 0.01270015008783326, 0.013333718053885597, 0.014364706842779438, 0.015230812921928084, 0.016214173123414017, 0.017422309714956504, 0.01848297873673576, 0.019690103784110968, 0.02062988015396428, 0.021304326954883004, 0.021542023987470748, 0.021445001132587415, 0.02128479356968176, 0.021154257299581803, 0.020548768777841446, 0.020419411659703072, 0.020346908766621045, 0.02018386842926173, 0.020060715556614095, 0.019970155121820186, 0.019905412966441507, 0.019860328269953802, 0.019689549628068632, 0.019110038324468673, 0.018401772510693467, 0.01773443768827515, 0.01691379473734185, 0.0163889904882787, 0.015891976533507178, 0.015695148472402557, 0.015634975895130635, 0.01548249397414641, 0.015250362203767827, 0.01446715870868431, 0.013690714184349355, 0.013111437378948002, 0.01280400987898366, 0.012789088065484542, 0.012885508256999974, 0.012645414791893052, 0.012533763320360268, 0.01300792748125149, 0.014045480441271196, 0.015593406388961941, 0.017496649938682926, 0.01947963017829757, 0.021814960986639112, 0.0244888991790445, 0.027455202671237973, 0.030462142682767764, 0.03347516022004274, 0.03632355277573078, 0.03911728575744543, 0.041489125175428104, 0.043617926344794986, 0.04507509866910146, 0.045973158335007626, 0.046666313335408376, 0.047747911364257295, 0.04910015737076979, 0.051170936172887156, 0.05323921785426519, 0.05484930583024696, 0.05598397968583077, 0.056516639752925084, 0.05678375349578094, 0.05655312215346535, 0.05709318659280136, 0.05753330561326649, 0.05822424761198231, 0.05856641837777238, 0.058663546697002605, 0.05829520111627496, 0.058019458378357286, 0.05786276302771312, 0.057678835712609886, 0.05721489013034267, 0.05620972754199197, 0.05488023496470325, 0.05291870088860013, 0.05085359195424363, 0.04836971777146554, 0.045888993393773454, 0.04332790860019442, 0.040721243397433354, 0.03815348906679705, 0.03609755066086763, 0.03431153121207709, 0.03269994312791247, 0.03113246913067769, 0.029533434333839276, 0.02779284963423818, 0.02581340528028532, 0.023636664296078556, 0.021032966406022018, 0.018298152858289164, 0.015471223173718233, 0.012975006021594128, 0.011476514573927241, 0.011190786613452559, 0.012013514795745658, 0.013192708648177051, 0.0146026096239084, 0.016627808096549106, 0.019288816219412905, 0.022115031993867204, 0.024956066779425322, 0.027947127033299147, 0.030317719296220055, 0.03213024736687776, 0.033908117916643665, 0.035613155393420214, 0.03695858371541455, 0.0370883147011733, 0.035844860180821725, 0.03331269225961453, 0.030127822662769057, 0.026675716455458534, 0.02305094507263966, 0.019294584365168215, 0.016588874620184203, 0.013459760460278334, 0.010513659470637583, 0.008184205378854309, 0.005908681970234855, 0.003908372487361734, 0.002250880846271649, 0.001837561814419065, 0.003902446460586522, 0.00649131804032715, 0.008842266053540701, 0.011337576744963709, 0.013847821453172829, 0.016241515374979285, 0.018506880743639053, 0.020753891025054552, 0.022854281545735794, 0.025177910908837288, 0.027764777035113285, 0.0302577363231247, 0.032552204835272186, 0.033962244268502154, 0.03530995724171245, 0.036795414568091225, 0.03840706162943578, 0.039993850675796264, 0.04133645030179679, 0.04211247094820217, 0.04239213751353172, 0.042192499106345205, 0.04200269786908514, 0.041897190162155235, 0.041830932940717325, 0.04166737666619139, 0.04206882264734189, 0.0426127097658282, 0.042895687146734904, 0.04300135533202284, 0.04249799814293581, 0.041897582995049115, 0.04072077112408416, 0.03927976254850985, 0.037331499513228325, 0.035889992777759706, 0.03456359233645024, 0.033243529781910974, 0.03199033675126687, 0.03059935779738079, 0.029272240636492235, 0.027900707354997015, 0.02654938414970694, 0.02543173352052397, 0.024311103096379235, 0.023065212419431085, 0.021685454855791198, 0.02041159885695607, 0.019056064221564174, 0.017656707279948437, 0.01626614648165674, 0.015012383850973622, 0.013603567963072178, 0.012189757837366814, 0.010674529938407772, 0.009407142987148039, 0.008344525906195775, 0.007439054007672372, 0.0072034584519923735, 0.007775010970036668, 0.009047582903156274, 0.010731538882415681, 0.01253460028234948, 0.014333543563369548, 0.016070624592636203, 0.017817726146123574, 0.019557256660804743, 0.02116824086555951, 0.022529303997840977, 0.023628588936546305, 0.02391411988476377, 0.02359656311707365, 0.022355277074164143, 0.020961866673625245, 0.018393580144489934, 0.015660552711922182, 0.013874328661167971, 0.01254026736778108, 0.011812131260623127, 0.010800298354986543, 0.00961805971638548, 0.008471507575266851, 0.007656757785702683, 0.006719580941926242, 0.0056999472982024405, 0.005125787188458596, 0.00504686530895439, 0.005697178935649704, 0.006245540782853768, 0.0070976650798796875, 0.007900543705723831, 0.008755370167568399, 0.009807746909975117, 0.011209592216881203, 0.01276960312030194, 0.014467251258771754, 0.015865855510978952, 0.01751794577394112, 0.01978728846519214, 0.022540086452385207, 0.024859037758439572, 0.02589623397823137, 0.02611181133516041, 0.026565850619759173, 0.0272557734372972, 0.02776644526036269, 0.02799937699621002, 0.02818388188652303, 0.02806005928616626, 0.028083982827741123, 0.02781538632605852, 0.027763976455106594, 0.028120518002563644, 0.028688559534023904, 0.029389365084960088, 0.030059907204608147, 0.03052096911154336, 0.031053468449087778, 0.03142000488428638, 0.03173833045042581, 0.031892653890475096, 0.03198060527161537, 0.031944507243272385, 0.03180892531117334, 0.03180195743523648, 0.03175983113429147, 0.03185651864929952, 0.032146459060636644, 0.032526908876218445, 0.033087790299913135, 0.03370146462957083, 0.0342847740780508, 0.0344768243549477, 0.03441738754137779, 0.034008301029805295]",0.016627808096549106,0.08832301905037099,0.010700552901028698,0.012727221602060301,0.0,0.0,0.02660072025516519,0.08832301905037099,0.010700552901028698,0.012727221602060301,6.143999999999999,1717635306.8571837,2024-06-06_10-55-06
0.5059,0.035040000000000016,0.44851410324607,0.4164777380131002,0.0245334287992574,0.464690332496115,0.5059,0.035040000000000016,0.47628836096387617,0.4164777380131002,0.0245334287992574,0.464690332496115,0.019288816219412905,"[0.011315756658919754, 0.012192407496521018, 0.01288995615295488, 0.01359963525141729, 0.014321891165186378, 0.015181047888625853, 0.01592941522152252, 0.01673874496494045, 0.01751440457689525, 0.01835087734908702, 0.019202544572813795, 0.020070622325609303, 0.02095627718778323, 0.02186061264947246, 0.022737260153569413, 0.023681097053535004, 0.024646250751560458, 0.025633386418693636, 0.02659237614956749, 0.027623542314219474, 0.0286250346734827, 0.029647102596467904, 0.03056454213255984, 0.031680305841655834, 0.03263530150735364, 0.033606764937046466, 0.034593095597664145, 0.03536350794006898, 0.035930760474075646, 0.03631257033147624, 0.03661317474198803, 0.03688385713543919, 0.03738127616234113, 0.037934719347479336, 0.03858163380471939, 0.03921882339006296, 0.03999131852533767, 0.04074980907886149, 0.04127472956039594, 0.04151563832077664, 0.04151964454301027, 0.04123464219442919, 0.04096829512038153, 0.04056460486818273, 0.04028281736824196, 0.04000166841569801, 0.03919762289117317, 0.037812479337396496, 0.03622310391275238, 0.03453579653228067, 0.0330206041779641, 0.031565009966306234, 0.03054064037737075, 0.029904305612678588, 0.029394155816597912, 0.028896840658953926, 0.02825322628704274, 0.027685220830545497, 0.02666364029859006, 0.025486033827772144, 0.02414387260068274, 0.023028867611909868, 0.022681878550084772, 0.02299235797660897, 0.02387546679328945, 0.024738332374206702, 0.025547718436096926, 0.026640938816603423, 0.02759836215880636, 0.028240938725365098, 0.028199955208514017, 0.028168175430310402, 0.02767018559717724, 0.027414861073674215, 0.027239233260695786, 0.0274939869379551, 0.027874761581110984, 0.02868161073982207, 0.029514734605865275, 0.030345172291974937, 0.031248268714928727, 0.032298002681611045, 0.033509628354587276, 0.0348066615601669, 0.03569061118903811, 0.03631377821401384, 0.03654105211474412, 0.03646788532881584, 0.03572808397059345, 0.03427781350345514, 0.03309813106562172, 0.031639416134799855, 0.02970329439236902, 0.027599049067936567, 0.02603054913364457, 0.024090316372098155, 0.02220132238001286, 0.02051452966091278, 0.019044426362309692, 0.017805605247084858, 0.01643252777018217, 0.01523003850809785, 0.01424180324883461, 0.013706552220618947, 0.0130880570946912, 0.012988920737072255, 0.013178248200839212, 0.013386796436950147, 0.01359897371732897, 0.01439195864266014, 0.015495810506657983, 0.016686507754200334, 0.01807173050136072, 0.019341411872889052, 0.020370802976522343, 0.0213787239197115, 0.02262888584538598, 0.02401686851684336, 0.025523335513576738, 0.026670410326906566, 0.02758824337325398, 0.02810647098585074, 0.028219175888028712, 0.02804128716256827, 0.027840212128430745, 0.02799079668741686, 0.027988272685847155, 0.02831306909632167, 0.028434723397990712, 0.0285549391753426, 0.02832607944879636, 0.02800347501499142, 0.027460301198426997, 0.02681840364884072, 0.026203190519756815, 0.02552364346313934, 0.024940794741503684, 0.024553643852497812, 0.024009602077058226, 0.023587486328410737, 0.023053226444370627, 0.02237349941244249, 0.021247392964358097, 0.01948489409103017, 0.01759577829009665, 0.015969918059865678, 0.014849832783247986, 0.014164911869984548, 0.013546042864334782, 0.01328357500957488, 0.012905521640083246, 0.012806686101790404, 0.01256569256360443, 0.01270015008783326, 0.013333718053885597, 0.014364706842779438, 0.015230812921928084, 0.016214173123414017, 0.017422309714956504, 0.01848297873673576, 0.019690103784110968, 0.02062988015396428, 0.021304326954883004, 0.021542023987470748, 0.021445001132587415, 0.02128479356968176, 0.021154257299581803, 0.020548768777841446, 0.020419411659703072, 0.020346908766621045, 0.02018386842926173, 0.020060715556614095, 0.019970155121820186, 0.019905412966441507, 0.019860328269953802, 0.019689549628068632, 0.019110038324468673, 0.018401772510693467, 0.01773443768827515, 0.01691379473734185, 0.0163889904882787, 0.015891976533507178, 0.015695148472402557, 0.015634975895130635, 0.01548249397414641, 0.015250362203767827, 0.01446715870868431, 0.013690714184349355, 0.013111437378948002, 0.01280400987898366, 0.012789088065484542, 0.012885508256999974, 0.012645414791893052, 0.012533763320360268, 0.01300792748125149, 0.014045480441271196, 0.015593406388961941, 0.017496649938682926, 0.01947963017829757, 0.021814960986639112, 0.0244888991790445, 0.027455202671237973, 0.030462142682767764, 0.03347516022004274, 0.03632355277573078, 0.03911728575744543, 0.041489125175428104, 0.043617926344794986, 0.04507509866910146, 0.045973158335007626, 0.046666313335408376, 0.047747911364257295, 0.04910015737076979, 0.051170936172887156, 0.05323921785426519, 0.05484930583024696, 0.05598397968583077, 0.056516639752925084, 0.05678375349578094, 0.05655312215346535, 0.05709318659280136, 0.05753330561326649, 0.05822424761198231, 0.05856641837777238, 0.058663546697002605, 0.05829520111627496, 0.058019458378357286, 0.05786276302771312, 0.057678835712609886, 0.05721489013034267, 0.05620972754199197, 0.05488023496470325, 0.05291870088860013, 0.05085359195424363, 0.04836971777146554, 0.045888993393773454, 0.04332790860019442, 0.040721243397433354, 0.03815348906679705, 0.03609755066086763, 0.03431153121207709, 0.03269994312791247, 0.03113246913067769, 0.029533434333839276, 0.02779284963423818, 0.02581340528028532, 0.023636664296078556, 0.021032966406022018, 0.018298152858289164, 0.015471223173718233, 0.012975006021594128, 0.011476514573927241, 0.011190786613452559, 0.012013514795745658, 0.013192708648177051, 0.0146026096239084, 0.016627808096549106, 0.019288816219412905, 0.022115031993867204, 0.024956066779425322, 0.027947127033299147, 0.030317719296220055, 0.03213024736687776, 0.033908117916643665, 0.035613155393420214, 0.03695858371541455, 0.0370883147011733, 0.035844860180821725, 0.03331269225961453, 0.030127822662769057, 0.026675716455458534, 0.02305094507263966, 0.019294584365168215, 0.016588874620184203, 0.013459760460278334, 0.010513659470637583, 0.008184205378854309, 0.005908681970234855, 0.003908372487361734, 0.002250880846271649, 0.001837561814419065, 0.003902446460586522, 0.00649131804032715, 0.008842266053540701, 0.011337576744963709, 0.013847821453172829, 0.016241515374979285, 0.018506880743639053, 0.020753891025054552, 0.022854281545735794, 0.025177910908837288, 0.027764777035113285, 0.0302577363231247, 0.032552204835272186, 0.033962244268502154, 0.03530995724171245, 0.036795414568091225, 0.03840706162943578, 0.039993850675796264, 0.04133645030179679, 0.04211247094820217, 0.04239213751353172, 0.042192499106345205, 0.04200269786908514, 0.041897190162155235, 0.041830932940717325, 0.04166737666619139, 0.04206882264734189, 0.0426127097658282, 0.042895687146734904, 0.04300135533202284, 0.04249799814293581, 0.041897582995049115, 0.04072077112408416, 0.03927976254850985, 0.037331499513228325, 0.035889992777759706, 0.03456359233645024, 0.033243529781910974, 0.03199033675126687, 0.03059935779738079, 0.029272240636492235, 0.027900707354997015, 0.02654938414970694, 0.02543173352052397, 0.024311103096379235, 0.023065212419431085, 0.021685454855791198, 0.02041159885695607, 0.019056064221564174, 0.017656707279948437, 0.01626614648165674, 0.015012383850973622, 0.013603567963072178, 0.012189757837366814, 0.010674529938407772, 0.009407142987148039, 0.008344525906195775, 0.007439054007672372, 0.0072034584519923735, 0.007775010970036668, 0.009047582903156274, 0.010731538882415681, 0.01253460028234948, 0.014333543563369548, 0.016070624592636203, 0.017817726146123574, 0.019557256660804743, 0.02116824086555951, 0.022529303997840977, 0.023628588936546305, 0.02391411988476377, 0.02359656311707365, 0.022355277074164143, 0.020961866673625245, 0.018393580144489934, 0.015660552711922182, 0.013874328661167971, 0.01254026736778108, 0.011812131260623127, 0.010800298354986543, 0.00961805971638548, 0.008471507575266851, 0.007656757785702683, 0.006719580941926242, 0.0056999472982024405, 0.005125787188458596, 0.00504686530895439, 0.005697178935649704, 0.006245540782853768, 0.0070976650798796875, 0.007900543705723831, 0.008755370167568399, 0.009807746909975117, 0.011209592216881203, 0.01276960312030194, 0.014467251258771754, 0.015865855510978952, 0.01751794577394112, 0.01978728846519214, 0.022540086452385207, 0.024859037758439572, 0.02589623397823137, 0.02611181133516041, 0.026565850619759173, 0.0272557734372972, 0.02776644526036269, 0.02799937699621002, 0.02818388188652303, 0.02806005928616626, 0.028083982827741123, 0.02781538632605852, 0.027763976455106594, 0.028120518002563644, 0.028688559534023904, 0.029389365084960088, 0.030059907204608147, 0.03052096911154336, 0.031053468449087778, 0.03142000488428638, 0.03173833045042581, 0.031892653890475096, 0.03198060527161537, 0.031944507243272385, 0.03180892531117334, 0.03180195743523648, 0.03175983113429147, 0.03185651864929952, 0.032146459060636644, 0.032526908876218445, 0.033087790299913135, 0.03370146462957083, 0.0342847740780508, 0.0344768243549477, 0.03441738754137779, 0.034008301029805295]",0.019288816219412905,0.08942226198689984,0.010506571200742616,0.016176229250045027,0.0,0.0,0.027774257717806172,0.08942226198689984,0.010506571200742616,0.016176229250045027,6.168,1717635306.8837483,2024-06-06_10-55-06
0.5059,0.035759999999999986,0.44610660650182477,0.41546620132884715,0.025362386444185626,0.46562491258697764,0.5059,0.035759999999999986,0.47505440168227187,0.41546620132884715,0.025362386444185626,0.46562491258697764,0.022115031993867204,"[0.011315756658919754, 0.012192407496521018, 0.01288995615295488, 0.01359963525141729, 0.014321891165186378, 0.015181047888625853, 0.01592941522152252, 0.01673874496494045, 0.01751440457689525, 0.01835087734908702, 0.019202544572813795, 0.020070622325609303, 0.02095627718778323, 0.02186061264947246, 0.022737260153569413, 0.023681097053535004, 0.024646250751560458, 0.025633386418693636, 0.02659237614956749, 0.027623542314219474, 0.0286250346734827, 0.029647102596467904, 0.03056454213255984, 0.031680305841655834, 0.03263530150735364, 0.033606764937046466, 0.034593095597664145, 0.03536350794006898, 0.035930760474075646, 0.03631257033147624, 0.03661317474198803, 0.03688385713543919, 0.03738127616234113, 0.037934719347479336, 0.03858163380471939, 0.03921882339006296, 0.03999131852533767, 0.04074980907886149, 0.04127472956039594, 0.04151563832077664, 0.04151964454301027, 0.04123464219442919, 0.04096829512038153, 0.04056460486818273, 0.04028281736824196, 0.04000166841569801, 0.03919762289117317, 0.037812479337396496, 0.03622310391275238, 0.03453579653228067, 0.0330206041779641, 0.031565009966306234, 0.03054064037737075, 0.029904305612678588, 0.029394155816597912, 0.028896840658953926, 0.02825322628704274, 0.027685220830545497, 0.02666364029859006, 0.025486033827772144, 0.02414387260068274, 0.023028867611909868, 0.022681878550084772, 0.02299235797660897, 0.02387546679328945, 0.024738332374206702, 0.025547718436096926, 0.026640938816603423, 0.02759836215880636, 0.028240938725365098, 0.028199955208514017, 0.028168175430310402, 0.02767018559717724, 0.027414861073674215, 0.027239233260695786, 0.0274939869379551, 0.027874761581110984, 0.02868161073982207, 0.029514734605865275, 0.030345172291974937, 0.031248268714928727, 0.032298002681611045, 0.033509628354587276, 0.0348066615601669, 0.03569061118903811, 0.03631377821401384, 0.03654105211474412, 0.03646788532881584, 0.03572808397059345, 0.03427781350345514, 0.03309813106562172, 0.031639416134799855, 0.02970329439236902, 0.027599049067936567, 0.02603054913364457, 0.024090316372098155, 0.02220132238001286, 0.02051452966091278, 0.019044426362309692, 0.017805605247084858, 0.01643252777018217, 0.01523003850809785, 0.01424180324883461, 0.013706552220618947, 0.0130880570946912, 0.012988920737072255, 0.013178248200839212, 0.013386796436950147, 0.01359897371732897, 0.01439195864266014, 0.015495810506657983, 0.016686507754200334, 0.01807173050136072, 0.019341411872889052, 0.020370802976522343, 0.0213787239197115, 0.02262888584538598, 0.02401686851684336, 0.025523335513576738, 0.026670410326906566, 0.02758824337325398, 0.02810647098585074, 0.028219175888028712, 0.02804128716256827, 0.027840212128430745, 0.02799079668741686, 0.027988272685847155, 0.02831306909632167, 0.028434723397990712, 0.0285549391753426, 0.02832607944879636, 0.02800347501499142, 0.027460301198426997, 0.02681840364884072, 0.026203190519756815, 0.02552364346313934, 0.024940794741503684, 0.024553643852497812, 0.024009602077058226, 0.023587486328410737, 0.023053226444370627, 0.02237349941244249, 0.021247392964358097, 0.01948489409103017, 0.01759577829009665, 0.015969918059865678, 0.014849832783247986, 0.014164911869984548, 0.013546042864334782, 0.01328357500957488, 0.012905521640083246, 0.012806686101790404, 0.01256569256360443, 0.01270015008783326, 0.013333718053885597, 0.014364706842779438, 0.015230812921928084, 0.016214173123414017, 0.017422309714956504, 0.01848297873673576, 0.019690103784110968, 0.02062988015396428, 0.021304326954883004, 0.021542023987470748, 0.021445001132587415, 0.02128479356968176, 0.021154257299581803, 0.020548768777841446, 0.020419411659703072, 0.020346908766621045, 0.02018386842926173, 0.020060715556614095, 0.019970155121820186, 0.019905412966441507, 0.019860328269953802, 0.019689549628068632, 0.019110038324468673, 0.018401772510693467, 0.01773443768827515, 0.01691379473734185, 0.0163889904882787, 0.015891976533507178, 0.015695148472402557, 0.015634975895130635, 0.01548249397414641, 0.015250362203767827, 0.01446715870868431, 0.013690714184349355, 0.013111437378948002, 0.01280400987898366, 0.012789088065484542, 0.012885508256999974, 0.012645414791893052, 0.012533763320360268, 0.01300792748125149, 0.014045480441271196, 0.015593406388961941, 0.017496649938682926, 0.01947963017829757, 0.021814960986639112, 0.0244888991790445, 0.027455202671237973, 0.030462142682767764, 0.03347516022004274, 0.03632355277573078, 0.03911728575744543, 0.041489125175428104, 0.043617926344794986, 0.04507509866910146, 0.045973158335007626, 0.046666313335408376, 0.047747911364257295, 0.04910015737076979, 0.051170936172887156, 0.05323921785426519, 0.05484930583024696, 0.05598397968583077, 0.056516639752925084, 0.05678375349578094, 0.05655312215346535, 0.05709318659280136, 0.05753330561326649, 0.05822424761198231, 0.05856641837777238, 0.058663546697002605, 0.05829520111627496, 0.058019458378357286, 0.05786276302771312, 0.057678835712609886, 0.05721489013034267, 0.05620972754199197, 0.05488023496470325, 0.05291870088860013, 0.05085359195424363, 0.04836971777146554, 0.045888993393773454, 0.04332790860019442, 0.040721243397433354, 0.03815348906679705, 0.03609755066086763, 0.03431153121207709, 0.03269994312791247, 0.03113246913067769, 0.029533434333839276, 0.02779284963423818, 0.02581340528028532, 0.023636664296078556, 0.021032966406022018, 0.018298152858289164, 0.015471223173718233, 0.012975006021594128, 0.011476514573927241, 0.011190786613452559, 0.012013514795745658, 0.013192708648177051, 0.0146026096239084, 0.016627808096549106, 0.019288816219412905, 0.022115031993867204, 0.024956066779425322, 0.027947127033299147, 0.030317719296220055, 0.03213024736687776, 0.033908117916643665, 0.035613155393420214, 0.03695858371541455, 0.0370883147011733, 0.035844860180821725, 0.03331269225961453, 0.030127822662769057, 0.026675716455458534, 0.02305094507263966, 0.019294584365168215, 0.016588874620184203, 0.013459760460278334, 0.010513659470637583, 0.008184205378854309, 0.005908681970234855, 0.003908372487361734, 0.002250880846271649, 0.001837561814419065, 0.003902446460586522, 0.00649131804032715, 0.008842266053540701, 0.011337576744963709, 0.013847821453172829, 0.016241515374979285, 0.018506880743639053, 0.020753891025054552, 0.022854281545735794, 0.025177910908837288, 0.027764777035113285, 0.0302577363231247, 0.032552204835272186, 0.033962244268502154, 0.03530995724171245, 0.036795414568091225, 0.03840706162943578, 0.039993850675796264, 0.04133645030179679, 0.04211247094820217, 0.04239213751353172, 0.042192499106345205, 0.04200269786908514, 0.041897190162155235, 0.041830932940717325, 0.04166737666619139, 0.04206882264734189, 0.0426127097658282, 0.042895687146734904, 0.04300135533202284, 0.04249799814293581, 0.041897582995049115, 0.04072077112408416, 0.03927976254850985, 0.037331499513228325, 0.035889992777759706, 0.03456359233645024, 0.033243529781910974, 0.03199033675126687, 0.03059935779738079, 0.029272240636492235, 0.027900707354997015, 0.02654938414970694, 0.02543173352052397, 0.024311103096379235, 0.023065212419431085, 0.021685454855791198, 0.02041159885695607, 0.019056064221564174, 0.017656707279948437, 0.01626614648165674, 0.015012383850973622, 0.013603567963072178, 0.012189757837366814, 0.010674529938407772, 0.009407142987148039, 0.008344525906195775, 0.007439054007672372, 0.0072034584519923735, 0.007775010970036668, 0.009047582903156274, 0.010731538882415681, 0.01253460028234948, 0.014333543563369548, 0.016070624592636203, 0.017817726146123574, 0.019557256660804743, 0.02116824086555951, 0.022529303997840977, 0.023628588936546305, 0.02391411988476377, 0.02359656311707365, 0.022355277074164143, 0.020961866673625245, 0.018393580144489934, 0.015660552711922182, 0.013874328661167971, 0.01254026736778108, 0.011812131260623127, 0.010800298354986543, 0.00961805971638548, 0.008471507575266851, 0.007656757785702683, 0.006719580941926242, 0.0056999472982024405, 0.005125787188458596, 0.00504686530895439, 0.005697178935649704, 0.006245540782853768, 0.0070976650798796875, 0.007900543705723831, 0.008755370167568399, 0.009807746909975117, 0.011209592216881203, 0.01276960312030194, 0.014467251258771754, 0.015865855510978952, 0.01751794577394112, 0.01978728846519214, 0.022540086452385207, 0.024859037758439572, 0.02589623397823137, 0.02611181133516041, 0.026565850619759173, 0.0272557734372972, 0.02776644526036269, 0.02799937699621002, 0.02818388188652303, 0.02806005928616626, 0.028083982827741123, 0.02781538632605852, 0.027763976455106594, 0.028120518002563644, 0.028688559534023904, 0.029389365084960088, 0.030059907204608147, 0.03052096911154336, 0.031053468449087778, 0.03142000488428638, 0.03173833045042581, 0.031892653890475096, 0.03198060527161537, 0.031944507243272385, 0.03180892531117334, 0.03180195743523648, 0.03175983113429147, 0.03185651864929952, 0.032146459060636644, 0.032526908876218445, 0.033087790299913135, 0.03370146462957083, 0.0342847740780508, 0.0344768243549477, 0.03441738754137779, 0.034008301029805295]",0.022115031993867204,0.09043379867115287,0.01039761355581436,0.01951830608515287,0.0,0.0,0.0289477951804471,0.09043379867115287,0.01039761355581436,0.01951830608515287,6.192,1717635306.9049058,2024-06-06_10-55-06
0.5059,0.03648000000000001,0.443734868028817,0.4144118127622866,0.026294938317942565,0.4665179711456407,0.5059,0.03648000000000001,0.4739608623149498,0.4144118127622866,0.026294938317942565,0.4665179711456407,0.024956066779425322,"[0.011315756658919754, 0.012192407496521018, 0.01288995615295488, 0.01359963525141729, 0.014321891165186378, 0.015181047888625853, 0.01592941522152252, 0.01673874496494045, 0.01751440457689525, 0.01835087734908702, 0.019202544572813795, 0.020070622325609303, 0.02095627718778323, 0.02186061264947246, 0.022737260153569413, 0.023681097053535004, 0.024646250751560458, 0.025633386418693636, 0.02659237614956749, 0.027623542314219474, 0.0286250346734827, 0.029647102596467904, 0.03056454213255984, 0.031680305841655834, 0.03263530150735364, 0.033606764937046466, 0.034593095597664145, 0.03536350794006898, 0.035930760474075646, 0.03631257033147624, 0.03661317474198803, 0.03688385713543919, 0.03738127616234113, 0.037934719347479336, 0.03858163380471939, 0.03921882339006296, 0.03999131852533767, 0.04074980907886149, 0.04127472956039594, 0.04151563832077664, 0.04151964454301027, 0.04123464219442919, 0.04096829512038153, 0.04056460486818273, 0.04028281736824196, 0.04000166841569801, 0.03919762289117317, 0.037812479337396496, 0.03622310391275238, 0.03453579653228067, 0.0330206041779641, 0.031565009966306234, 0.03054064037737075, 0.029904305612678588, 0.029394155816597912, 0.028896840658953926, 0.02825322628704274, 0.027685220830545497, 0.02666364029859006, 0.025486033827772144, 0.02414387260068274, 0.023028867611909868, 0.022681878550084772, 0.02299235797660897, 0.02387546679328945, 0.024738332374206702, 0.025547718436096926, 0.026640938816603423, 0.02759836215880636, 0.028240938725365098, 0.028199955208514017, 0.028168175430310402, 0.02767018559717724, 0.027414861073674215, 0.027239233260695786, 0.0274939869379551, 0.027874761581110984, 0.02868161073982207, 0.029514734605865275, 0.030345172291974937, 0.031248268714928727, 0.032298002681611045, 0.033509628354587276, 0.0348066615601669, 0.03569061118903811, 0.03631377821401384, 0.03654105211474412, 0.03646788532881584, 0.03572808397059345, 0.03427781350345514, 0.03309813106562172, 0.031639416134799855, 0.02970329439236902, 0.027599049067936567, 0.02603054913364457, 0.024090316372098155, 0.02220132238001286, 0.02051452966091278, 0.019044426362309692, 0.017805605247084858, 0.01643252777018217, 0.01523003850809785, 0.01424180324883461, 0.013706552220618947, 0.0130880570946912, 0.012988920737072255, 0.013178248200839212, 0.013386796436950147, 0.01359897371732897, 0.01439195864266014, 0.015495810506657983, 0.016686507754200334, 0.01807173050136072, 0.019341411872889052, 0.020370802976522343, 0.0213787239197115, 0.02262888584538598, 0.02401686851684336, 0.025523335513576738, 0.026670410326906566, 0.02758824337325398, 0.02810647098585074, 0.028219175888028712, 0.02804128716256827, 0.027840212128430745, 0.02799079668741686, 0.027988272685847155, 0.02831306909632167, 0.028434723397990712, 0.0285549391753426, 0.02832607944879636, 0.02800347501499142, 0.027460301198426997, 0.02681840364884072, 0.026203190519756815, 0.02552364346313934, 0.024940794741503684, 0.024553643852497812, 0.024009602077058226, 0.023587486328410737, 0.023053226444370627, 0.02237349941244249, 0.021247392964358097, 0.01948489409103017, 0.01759577829009665, 0.015969918059865678, 0.014849832783247986, 0.014164911869984548, 0.013546042864334782, 0.01328357500957488, 0.012905521640083246, 0.012806686101790404, 0.01256569256360443, 0.01270015008783326, 0.013333718053885597, 0.014364706842779438, 0.015230812921928084, 0.016214173123414017, 0.017422309714956504, 0.01848297873673576, 0.019690103784110968, 0.02062988015396428, 0.021304326954883004, 0.021542023987470748, 0.021445001132587415, 0.02128479356968176, 0.021154257299581803, 0.020548768777841446, 0.020419411659703072, 0.020346908766621045, 0.02018386842926173, 0.020060715556614095, 0.019970155121820186, 0.019905412966441507, 0.019860328269953802, 0.019689549628068632, 0.019110038324468673, 0.018401772510693467, 0.01773443768827515, 0.01691379473734185, 0.0163889904882787, 0.015891976533507178, 0.015695148472402557, 0.015634975895130635, 0.01548249397414641, 0.015250362203767827, 0.01446715870868431, 0.013690714184349355, 0.013111437378948002, 0.01280400987898366, 0.012789088065484542, 0.012885508256999974, 0.012645414791893052, 0.012533763320360268, 0.01300792748125149, 0.014045480441271196, 0.015593406388961941, 0.017496649938682926, 0.01947963017829757, 0.021814960986639112, 0.0244888991790445, 0.027455202671237973, 0.030462142682767764, 0.03347516022004274, 0.03632355277573078, 0.03911728575744543, 0.041489125175428104, 0.043617926344794986, 0.04507509866910146, 0.045973158335007626, 0.046666313335408376, 0.047747911364257295, 0.04910015737076979, 0.051170936172887156, 0.05323921785426519, 0.05484930583024696, 0.05598397968583077, 0.056516639752925084, 0.05678375349578094, 0.05655312215346535, 0.05709318659280136, 0.05753330561326649, 0.05822424761198231, 0.05856641837777238, 0.058663546697002605, 0.05829520111627496, 0.058019458378357286, 0.05786276302771312, 0.057678835712609886, 0.05721489013034267, 0.05620972754199197, 0.05488023496470325, 0.05291870088860013, 0.05085359195424363, 0.04836971777146554, 0.045888993393773454, 0.04332790860019442, 0.040721243397433354, 0.03815348906679705, 0.03609755066086763, 0.03431153121207709, 0.03269994312791247, 0.03113246913067769, 0.029533434333839276, 0.02779284963423818, 0.02581340528028532, 0.023636664296078556, 0.021032966406022018, 0.018298152858289164, 0.015471223173718233, 0.012975006021594128, 0.011476514573927241, 0.011190786613452559, 0.012013514795745658, 0.013192708648177051, 0.0146026096239084, 0.016627808096549106, 0.019288816219412905, 0.022115031993867204, 0.024956066779425322, 0.027947127033299147, 0.030317719296220055, 0.03213024736687776, 0.033908117916643665, 0.035613155393420214, 0.03695858371541455, 0.0370883147011733, 0.035844860180821725, 0.03331269225961453, 0.030127822662769057, 0.026675716455458534, 0.02305094507263966, 0.019294584365168215, 0.016588874620184203, 0.013459760460278334, 0.010513659470637583, 0.008184205378854309, 0.005908681970234855, 0.003908372487361734, 0.002250880846271649, 0.001837561814419065, 0.003902446460586522, 0.00649131804032715, 0.008842266053540701, 0.011337576744963709, 0.013847821453172829, 0.016241515374979285, 0.018506880743639053, 0.020753891025054552, 0.022854281545735794, 0.025177910908837288, 0.027764777035113285, 0.0302577363231247, 0.032552204835272186, 0.033962244268502154, 0.03530995724171245, 0.036795414568091225, 0.03840706162943578, 0.039993850675796264, 0.04133645030179679, 0.04211247094820217, 0.04239213751353172, 0.042192499106345205, 0.04200269786908514, 0.041897190162155235, 0.041830932940717325, 0.04166737666619139, 0.04206882264734189, 0.0426127097658282, 0.042895687146734904, 0.04300135533202284, 0.04249799814293581, 0.041897582995049115, 0.04072077112408416, 0.03927976254850985, 0.037331499513228325, 0.035889992777759706, 0.03456359233645024, 0.033243529781910974, 0.03199033675126687, 0.03059935779738079, 0.029272240636492235, 0.027900707354997015, 0.02654938414970694, 0.02543173352052397, 0.024311103096379235, 0.023065212419431085, 0.021685454855791198, 0.02041159885695607, 0.019056064221564174, 0.017656707279948437, 0.01626614648165674, 0.015012383850973622, 0.013603567963072178, 0.012189757837366814, 0.010674529938407772, 0.009407142987148039, 0.008344525906195775, 0.007439054007672372, 0.0072034584519923735, 0.007775010970036668, 0.009047582903156274, 0.010731538882415681, 0.01253460028234948, 0.014333543563369548, 0.016070624592636203, 0.017817726146123574, 0.019557256660804743, 0.02116824086555951, 0.022529303997840977, 0.023628588936546305, 0.02391411988476377, 0.02359656311707365, 0.022355277074164143, 0.020961866673625245, 0.018393580144489934, 0.015660552711922182, 0.013874328661167971, 0.01254026736778108, 0.011812131260623127, 0.010800298354986543, 0.00961805971638548, 0.008471507575266851, 0.007656757785702683, 0.006719580941926242, 0.0056999472982024405, 0.005125787188458596, 0.00504686530895439, 0.005697178935649704, 0.006245540782853768, 0.0070976650798796875, 0.007900543705723831, 0.008755370167568399, 0.009807746909975117, 0.011209592216881203, 0.01276960312030194, 0.014467251258771754, 0.015865855510978952, 0.01751794577394112, 0.01978728846519214, 0.022540086452385207, 0.024859037758439572, 0.02589623397823137, 0.02611181133516041, 0.026565850619759173, 0.0272557734372972, 0.02776644526036269, 0.02799937699621002, 0.02818388188652303, 0.02806005928616626, 0.028083982827741123, 0.02781538632605852, 0.027763976455106594, 0.028120518002563644, 0.028688559534023904, 0.029389365084960088, 0.030059907204608147, 0.03052096911154336, 0.031053468449087778, 0.03142000488428638, 0.03173833045042581, 0.031892653890475096, 0.03198060527161537, 0.031944507243272385, 0.03180892531117334, 0.03180195743523648, 0.03175983113429147, 0.03185651864929952, 0.032146459060636644, 0.032526908876218445, 0.033087790299913135, 0.03370146462957083, 0.0342847740780508, 0.0344768243549477, 0.03441738754137779, 0.034008301029805295]",0.024956066779425322,0.0914881872377134,0.010185061682057447,0.02278310311682369,0.0,0.0,0.030225994286132818,0.0914881872377134,0.010185061682057447,0.02278310311682369,6.216,1717635306.9292734,2024-06-06_10-55-06
0.5059,0.03720000000000001,0.4414100806743694,0.41353098449020864,0.02692554955638309,0.46740003214598663,0.5059,0.03720000000000001,0.47296660488771025,0.41353098449020864,0.02692554955638309,0.46740003214598663,0.027947127033299147,"[0.011315756658919754, 0.012192407496521018, 0.01288995615295488, 0.01359963525141729, 0.014321891165186378, 0.015181047888625853, 0.01592941522152252, 0.01673874496494045, 0.01751440457689525, 0.01835087734908702, 0.019202544572813795, 0.020070622325609303, 0.02095627718778323, 0.02186061264947246, 0.022737260153569413, 0.023681097053535004, 0.024646250751560458, 0.025633386418693636, 0.02659237614956749, 0.027623542314219474, 0.0286250346734827, 0.029647102596467904, 0.03056454213255984, 0.031680305841655834, 0.03263530150735364, 0.033606764937046466, 0.034593095597664145, 0.03536350794006898, 0.035930760474075646, 0.03631257033147624, 0.03661317474198803, 0.03688385713543919, 0.03738127616234113, 0.037934719347479336, 0.03858163380471939, 0.03921882339006296, 0.03999131852533767, 0.04074980907886149, 0.04127472956039594, 0.04151563832077664, 0.04151964454301027, 0.04123464219442919, 0.04096829512038153, 0.04056460486818273, 0.04028281736824196, 0.04000166841569801, 0.03919762289117317, 0.037812479337396496, 0.03622310391275238, 0.03453579653228067, 0.0330206041779641, 0.031565009966306234, 0.03054064037737075, 0.029904305612678588, 0.029394155816597912, 0.028896840658953926, 0.02825322628704274, 0.027685220830545497, 0.02666364029859006, 0.025486033827772144, 0.02414387260068274, 0.023028867611909868, 0.022681878550084772, 0.02299235797660897, 0.02387546679328945, 0.024738332374206702, 0.025547718436096926, 0.026640938816603423, 0.02759836215880636, 0.028240938725365098, 0.028199955208514017, 0.028168175430310402, 0.02767018559717724, 0.027414861073674215, 0.027239233260695786, 0.0274939869379551, 0.027874761581110984, 0.02868161073982207, 0.029514734605865275, 0.030345172291974937, 0.031248268714928727, 0.032298002681611045, 0.033509628354587276, 0.0348066615601669, 0.03569061118903811, 0.03631377821401384, 0.03654105211474412, 0.03646788532881584, 0.03572808397059345, 0.03427781350345514, 0.03309813106562172, 0.031639416134799855, 0.02970329439236902, 0.027599049067936567, 0.02603054913364457, 0.024090316372098155, 0.02220132238001286, 0.02051452966091278, 0.019044426362309692, 0.017805605247084858, 0.01643252777018217, 0.01523003850809785, 0.01424180324883461, 0.013706552220618947, 0.0130880570946912, 0.012988920737072255, 0.013178248200839212, 0.013386796436950147, 0.01359897371732897, 0.01439195864266014, 0.015495810506657983, 0.016686507754200334, 0.01807173050136072, 0.019341411872889052, 0.020370802976522343, 0.0213787239197115, 0.02262888584538598, 0.02401686851684336, 0.025523335513576738, 0.026670410326906566, 0.02758824337325398, 0.02810647098585074, 0.028219175888028712, 0.02804128716256827, 0.027840212128430745, 0.02799079668741686, 0.027988272685847155, 0.02831306909632167, 0.028434723397990712, 0.0285549391753426, 0.02832607944879636, 0.02800347501499142, 0.027460301198426997, 0.02681840364884072, 0.026203190519756815, 0.02552364346313934, 0.024940794741503684, 0.024553643852497812, 0.024009602077058226, 0.023587486328410737, 0.023053226444370627, 0.02237349941244249, 0.021247392964358097, 0.01948489409103017, 0.01759577829009665, 0.015969918059865678, 0.014849832783247986, 0.014164911869984548, 0.013546042864334782, 0.01328357500957488, 0.012905521640083246, 0.012806686101790404, 0.01256569256360443, 0.01270015008783326, 0.013333718053885597, 0.014364706842779438, 0.015230812921928084, 0.016214173123414017, 0.017422309714956504, 0.01848297873673576, 0.019690103784110968, 0.02062988015396428, 0.021304326954883004, 0.021542023987470748, 0.021445001132587415, 0.02128479356968176, 0.021154257299581803, 0.020548768777841446, 0.020419411659703072, 0.020346908766621045, 0.02018386842926173, 0.020060715556614095, 0.019970155121820186, 0.019905412966441507, 0.019860328269953802, 0.019689549628068632, 0.019110038324468673, 0.018401772510693467, 0.01773443768827515, 0.01691379473734185, 0.0163889904882787, 0.015891976533507178, 0.015695148472402557, 0.015634975895130635, 0.01548249397414641, 0.015250362203767827, 0.01446715870868431, 0.013690714184349355, 0.013111437378948002, 0.01280400987898366, 0.012789088065484542, 0.012885508256999974, 0.012645414791893052, 0.012533763320360268, 0.01300792748125149, 0.014045480441271196, 0.015593406388961941, 0.017496649938682926, 0.01947963017829757, 0.021814960986639112, 0.0244888991790445, 0.027455202671237973, 0.030462142682767764, 0.03347516022004274, 0.03632355277573078, 0.03911728575744543, 0.041489125175428104, 0.043617926344794986, 0.04507509866910146, 0.045973158335007626, 0.046666313335408376, 0.047747911364257295, 0.04910015737076979, 0.051170936172887156, 0.05323921785426519, 0.05484930583024696, 0.05598397968583077, 0.056516639752925084, 0.05678375349578094, 0.05655312215346535, 0.05709318659280136, 0.05753330561326649, 0.05822424761198231, 0.05856641837777238, 0.058663546697002605, 0.05829520111627496, 0.058019458378357286, 0.05786276302771312, 0.057678835712609886, 0.05721489013034267, 0.05620972754199197, 0.05488023496470325, 0.05291870088860013, 0.05085359195424363, 0.04836971777146554, 0.045888993393773454, 0.04332790860019442, 0.040721243397433354, 0.03815348906679705, 0.03609755066086763, 0.03431153121207709, 0.03269994312791247, 0.03113246913067769, 0.029533434333839276, 0.02779284963423818, 0.02581340528028532, 0.023636664296078556, 0.021032966406022018, 0.018298152858289164, 0.015471223173718233, 0.012975006021594128, 0.011476514573927241, 0.011190786613452559, 0.012013514795745658, 0.013192708648177051, 0.0146026096239084, 0.016627808096549106, 0.019288816219412905, 0.022115031993867204, 0.024956066779425322, 0.027947127033299147, 0.030317719296220055, 0.03213024736687776, 0.033908117916643665, 0.035613155393420214, 0.03695858371541455, 0.0370883147011733, 0.035844860180821725, 0.03331269225961453, 0.030127822662769057, 0.026675716455458534, 0.02305094507263966, 0.019294584365168215, 0.016588874620184203, 0.013459760460278334, 0.010513659470637583, 0.008184205378854309, 0.005908681970234855, 0.003908372487361734, 0.002250880846271649, 0.001837561814419065, 0.003902446460586522, 0.00649131804032715, 0.008842266053540701, 0.011337576744963709, 0.013847821453172829, 0.016241515374979285, 0.018506880743639053, 0.020753891025054552, 0.022854281545735794, 0.025177910908837288, 0.027764777035113285, 0.0302577363231247, 0.032552204835272186, 0.033962244268502154, 0.03530995724171245, 0.036795414568091225, 0.03840706162943578, 0.039993850675796264, 0.04133645030179679, 0.04211247094820217, 0.04239213751353172, 0.042192499106345205, 0.04200269786908514, 0.041897190162155235, 0.041830932940717325, 0.04166737666619139, 0.04206882264734189, 0.0426127097658282, 0.042895687146734904, 0.04300135533202284, 0.04249799814293581, 0.041897582995049115, 0.04072077112408416, 0.03927976254850985, 0.037331499513228325, 0.035889992777759706, 0.03456359233645024, 0.033243529781910974, 0.03199033675126687, 0.03059935779738079, 0.029272240636492235, 0.027900707354997015, 0.02654938414970694, 0.02543173352052397, 0.024311103096379235, 0.023065212419431085, 0.021685454855791198, 0.02041159885695607, 0.019056064221564174, 0.017656707279948437, 0.01626614648165674, 0.015012383850973622, 0.013603567963072178, 0.012189757837366814, 0.010674529938407772, 0.009407142987148039, 0.008344525906195775, 0.007439054007672372, 0.0072034584519923735, 0.007775010970036668, 0.009047582903156274, 0.010731538882415681, 0.01253460028234948, 0.014333543563369548, 0.016070624592636203, 0.017817726146123574, 0.019557256660804743, 0.02116824086555951, 0.022529303997840977, 0.023628588936546305, 0.02391411988476377, 0.02359656311707365, 0.022355277074164143, 0.020961866673625245, 0.018393580144489934, 0.015660552711922182, 0.013874328661167971, 0.01254026736778108, 0.011812131260623127, 0.010800298354986543, 0.00961805971638548, 0.008471507575266851, 0.007656757785702683, 0.006719580941926242, 0.0056999472982024405, 0.005125787188458596, 0.00504686530895439, 0.005697178935649704, 0.006245540782853768, 0.0070976650798796875, 0.007900543705723831, 0.008755370167568399, 0.009807746909975117, 0.011209592216881203, 0.01276960312030194, 0.014467251258771754, 0.015865855510978952, 0.01751794577394112, 0.01978728846519214, 0.022540086452385207, 0.024859037758439572, 0.02589623397823137, 0.02611181133516041, 0.026565850619759173, 0.0272557734372972, 0.02776644526036269, 0.02799937699621002, 0.02818388188652303, 0.02806005928616626, 0.028083982827741123, 0.02781538632605852, 0.027763976455106594, 0.028120518002563644, 0.028688559534023904, 0.029389365084960088, 0.030059907204608147, 0.03052096911154336, 0.031053468449087778, 0.03142000488428638, 0.03173833045042581, 0.031892653890475096, 0.03198060527161537, 0.031944507243272385, 0.03180892531117334, 0.03180195743523648, 0.03175983113429147, 0.03185651864929952, 0.032146459060636644, 0.032526908876218445, 0.033087790299913135, 0.03370146462957083, 0.0342847740780508, 0.0344768243549477, 0.03441738754137779, 0.034008301029805295]",0.027947127033299147,0.09236901550979137,0.010274450443616922,0.025989951471617256,0.0,0.0,0.031556524213340875,0.09236901550979137,0.010274450443616922,0.025989951471617256,6.24,1717635306.9531522,2024-06-06_10-55-06
0.5059,0.03791999999999998,0.4391430710666217,0.41296328924100767,0.02763613731330923,0.46766334931851966,0.5059,0.03791999999999998,0.47203012520717064,0.41296328924100767,0.02763613731330923,0.46766334931851966,0.030317719296220055,"[0.011315756658919754, 0.012192407496521018, 0.01288995615295488, 0.01359963525141729, 0.014321891165186378, 0.015181047888625853, 0.01592941522152252, 0.01673874496494045, 0.01751440457689525, 0.01835087734908702, 0.019202544572813795, 0.020070622325609303, 0.02095627718778323, 0.02186061264947246, 0.022737260153569413, 0.023681097053535004, 0.024646250751560458, 0.025633386418693636, 0.02659237614956749, 0.027623542314219474, 0.0286250346734827, 0.029647102596467904, 0.03056454213255984, 0.031680305841655834, 0.03263530150735364, 0.033606764937046466, 0.034593095597664145, 0.03536350794006898, 0.035930760474075646, 0.03631257033147624, 0.03661317474198803, 0.03688385713543919, 0.03738127616234113, 0.037934719347479336, 0.03858163380471939, 0.03921882339006296, 0.03999131852533767, 0.04074980907886149, 0.04127472956039594, 0.04151563832077664, 0.04151964454301027, 0.04123464219442919, 0.04096829512038153, 0.04056460486818273, 0.04028281736824196, 0.04000166841569801, 0.03919762289117317, 0.037812479337396496, 0.03622310391275238, 0.03453579653228067, 0.0330206041779641, 0.031565009966306234, 0.03054064037737075, 0.029904305612678588, 0.029394155816597912, 0.028896840658953926, 0.02825322628704274, 0.027685220830545497, 0.02666364029859006, 0.025486033827772144, 0.02414387260068274, 0.023028867611909868, 0.022681878550084772, 0.02299235797660897, 0.02387546679328945, 0.024738332374206702, 0.025547718436096926, 0.026640938816603423, 0.02759836215880636, 0.028240938725365098, 0.028199955208514017, 0.028168175430310402, 0.02767018559717724, 0.027414861073674215, 0.027239233260695786, 0.0274939869379551, 0.027874761581110984, 0.02868161073982207, 0.029514734605865275, 0.030345172291974937, 0.031248268714928727, 0.032298002681611045, 0.033509628354587276, 0.0348066615601669, 0.03569061118903811, 0.03631377821401384, 0.03654105211474412, 0.03646788532881584, 0.03572808397059345, 0.03427781350345514, 0.03309813106562172, 0.031639416134799855, 0.02970329439236902, 0.027599049067936567, 0.02603054913364457, 0.024090316372098155, 0.02220132238001286, 0.02051452966091278, 0.019044426362309692, 0.017805605247084858, 0.01643252777018217, 0.01523003850809785, 0.01424180324883461, 0.013706552220618947, 0.0130880570946912, 0.012988920737072255, 0.013178248200839212, 0.013386796436950147, 0.01359897371732897, 0.01439195864266014, 0.015495810506657983, 0.016686507754200334, 0.01807173050136072, 0.019341411872889052, 0.020370802976522343, 0.0213787239197115, 0.02262888584538598, 0.02401686851684336, 0.025523335513576738, 0.026670410326906566, 0.02758824337325398, 0.02810647098585074, 0.028219175888028712, 0.02804128716256827, 0.027840212128430745, 0.02799079668741686, 0.027988272685847155, 0.02831306909632167, 0.028434723397990712, 0.0285549391753426, 0.02832607944879636, 0.02800347501499142, 0.027460301198426997, 0.02681840364884072, 0.026203190519756815, 0.02552364346313934, 0.024940794741503684, 0.024553643852497812, 0.024009602077058226, 0.023587486328410737, 0.023053226444370627, 0.02237349941244249, 0.021247392964358097, 0.01948489409103017, 0.01759577829009665, 0.015969918059865678, 0.014849832783247986, 0.014164911869984548, 0.013546042864334782, 0.01328357500957488, 0.012905521640083246, 0.012806686101790404, 0.01256569256360443, 0.01270015008783326, 0.013333718053885597, 0.014364706842779438, 0.015230812921928084, 0.016214173123414017, 0.017422309714956504, 0.01848297873673576, 0.019690103784110968, 0.02062988015396428, 0.021304326954883004, 0.021542023987470748, 0.021445001132587415, 0.02128479356968176, 0.021154257299581803, 0.020548768777841446, 0.020419411659703072, 0.020346908766621045, 0.02018386842926173, 0.020060715556614095, 0.019970155121820186, 0.019905412966441507, 0.019860328269953802, 0.019689549628068632, 0.019110038324468673, 0.018401772510693467, 0.01773443768827515, 0.01691379473734185, 0.0163889904882787, 0.015891976533507178, 0.015695148472402557, 0.015634975895130635, 0.01548249397414641, 0.015250362203767827, 0.01446715870868431, 0.013690714184349355, 0.013111437378948002, 0.01280400987898366, 0.012789088065484542, 0.012885508256999974, 0.012645414791893052, 0.012533763320360268, 0.01300792748125149, 0.014045480441271196, 0.015593406388961941, 0.017496649938682926, 0.01947963017829757, 0.021814960986639112, 0.0244888991790445, 0.027455202671237973, 0.030462142682767764, 0.03347516022004274, 0.03632355277573078, 0.03911728575744543, 0.041489125175428104, 0.043617926344794986, 0.04507509866910146, 0.045973158335007626, 0.046666313335408376, 0.047747911364257295, 0.04910015737076979, 0.051170936172887156, 0.05323921785426519, 0.05484930583024696, 0.05598397968583077, 0.056516639752925084, 0.05678375349578094, 0.05655312215346535, 0.05709318659280136, 0.05753330561326649, 0.05822424761198231, 0.05856641837777238, 0.058663546697002605, 0.05829520111627496, 0.058019458378357286, 0.05786276302771312, 0.057678835712609886, 0.05721489013034267, 0.05620972754199197, 0.05488023496470325, 0.05291870088860013, 0.05085359195424363, 0.04836971777146554, 0.045888993393773454, 0.04332790860019442, 0.040721243397433354, 0.03815348906679705, 0.03609755066086763, 0.03431153121207709, 0.03269994312791247, 0.03113246913067769, 0.029533434333839276, 0.02779284963423818, 0.02581340528028532, 0.023636664296078556, 0.021032966406022018, 0.018298152858289164, 0.015471223173718233, 0.012975006021594128, 0.011476514573927241, 0.011190786613452559, 0.012013514795745658, 0.013192708648177051, 0.0146026096239084, 0.016627808096549106, 0.019288816219412905, 0.022115031993867204, 0.024956066779425322, 0.027947127033299147, 0.030317719296220055, 0.03213024736687776, 0.033908117916643665, 0.035613155393420214, 0.03695858371541455, 0.0370883147011733, 0.035844860180821725, 0.03331269225961453, 0.030127822662769057, 0.026675716455458534, 0.02305094507263966, 0.019294584365168215, 0.016588874620184203, 0.013459760460278334, 0.010513659470637583, 0.008184205378854309, 0.005908681970234855, 0.003908372487361734, 0.002250880846271649, 0.001837561814419065, 0.003902446460586522, 0.00649131804032715, 0.008842266053540701, 0.011337576744963709, 0.013847821453172829, 0.016241515374979285, 0.018506880743639053, 0.020753891025054552, 0.022854281545735794, 0.025177910908837288, 0.027764777035113285, 0.0302577363231247, 0.032552204835272186, 0.033962244268502154, 0.03530995724171245, 0.036795414568091225, 0.03840706162943578, 0.039993850675796264, 0.04133645030179679, 0.04211247094820217, 0.04239213751353172, 0.042192499106345205, 0.04200269786908514, 0.041897190162155235, 0.041830932940717325, 0.04166737666619139, 0.04206882264734189, 0.0426127097658282, 0.042895687146734904, 0.04300135533202284, 0.04249799814293581, 0.041897582995049115, 0.04072077112408416, 0.03927976254850985, 0.037331499513228325, 0.035889992777759706, 0.03456359233645024, 0.033243529781910974, 0.03199033675126687, 0.03059935779738079, 0.029272240636492235, 0.027900707354997015, 0.02654938414970694, 0.02543173352052397, 0.024311103096379235, 0.023065212419431085, 0.021685454855791198, 0.02041159885695607, 0.019056064221564174, 0.017656707279948437, 0.01626614648165674, 0.015012383850973622, 0.013603567963072178, 0.012189757837366814, 0.010674529938407772, 0.009407142987148039, 0.008344525906195775, 0.007439054007672372, 0.0072034584519923735, 0.007775010970036668, 0.009047582903156274, 0.010731538882415681, 0.01253460028234948, 0.014333543563369548, 0.016070624592636203, 0.017817726146123574, 0.019557256660804743, 0.02116824086555951, 0.022529303997840977, 0.023628588936546305, 0.02391411988476377, 0.02359656311707365, 0.022355277074164143, 0.020961866673625245, 0.018393580144489934, 0.015660552711922182, 0.013874328661167971, 0.01254026736778108, 0.011812131260623127, 0.010800298354986543, 0.00961805971638548, 0.008471507575266851, 0.007656757785702683, 0.006719580941926242, 0.0056999472982024405, 0.005125787188458596, 0.00504686530895439, 0.005697178935649704, 0.006245540782853768, 0.0070976650798796875, 0.007900543705723831, 0.008755370167568399, 0.009807746909975117, 0.011209592216881203, 0.01276960312030194, 0.014467251258771754, 0.015865855510978952, 0.01751794577394112, 0.01978728846519214, 0.022540086452385207, 0.024859037758439572, 0.02589623397823137, 0.02611181133516041, 0.026565850619759173, 0.0272557734372972, 0.02776644526036269, 0.02799937699621002, 0.02818388188652303, 0.02806005928616626, 0.028083982827741123, 0.02781538632605852, 0.027763976455106594, 0.028120518002563644, 0.028688559534023904, 0.029389365084960088, 0.030059907204608147, 0.03052096911154336, 0.031053468449087778, 0.03142000488428638, 0.03173833045042581, 0.031892653890475096, 0.03198060527161537, 0.031944507243272385, 0.03180892531117334, 0.03180195743523648, 0.03175983113429147, 0.03185651864929952, 0.032146459060636644, 0.032526908876218445, 0.033087790299913135, 0.03370146462957083, 0.0342847740780508, 0.0344768243549477, 0.03441738754137779, 0.034008301029805295]",0.030317719296220055,0.09293671075899235,0.01028386268669075,0.028520278251897957,0.0,0.0,0.03288705414054893,0.09293671075899235,0.01028386268669075,0.028520278251897957,6.263999999999999,1717635306.980868,2024-06-06_10-55-06
0.5059,0.03864000000000001,0.4369442469810491,0.41253179105915844,0.028580847034341394,0.46745926357075845,0.5059,0.03864000000000001,0.47116183104880616,0.41253179105915844,0.028580847034341394,0.46745926357075845,0.03213024736687776,"[0.011315756658919754, 0.012192407496521018, 0.01288995615295488, 0.01359963525141729, 0.014321891165186378, 0.015181047888625853, 0.01592941522152252, 0.01673874496494045, 0.01751440457689525, 0.01835087734908702, 0.019202544572813795, 0.020070622325609303, 0.02095627718778323, 0.02186061264947246, 0.022737260153569413, 0.023681097053535004, 0.024646250751560458, 0.025633386418693636, 0.02659237614956749, 0.027623542314219474, 0.0286250346734827, 0.029647102596467904, 0.03056454213255984, 0.031680305841655834, 0.03263530150735364, 0.033606764937046466, 0.034593095597664145, 0.03536350794006898, 0.035930760474075646, 0.03631257033147624, 0.03661317474198803, 0.03688385713543919, 0.03738127616234113, 0.037934719347479336, 0.03858163380471939, 0.03921882339006296, 0.03999131852533767, 0.04074980907886149, 0.04127472956039594, 0.04151563832077664, 0.04151964454301027, 0.04123464219442919, 0.04096829512038153, 0.04056460486818273, 0.04028281736824196, 0.04000166841569801, 0.03919762289117317, 0.037812479337396496, 0.03622310391275238, 0.03453579653228067, 0.0330206041779641, 0.031565009966306234, 0.03054064037737075, 0.029904305612678588, 0.029394155816597912, 0.028896840658953926, 0.02825322628704274, 0.027685220830545497, 0.02666364029859006, 0.025486033827772144, 0.02414387260068274, 0.023028867611909868, 0.022681878550084772, 0.02299235797660897, 0.02387546679328945, 0.024738332374206702, 0.025547718436096926, 0.026640938816603423, 0.02759836215880636, 0.028240938725365098, 0.028199955208514017, 0.028168175430310402, 0.02767018559717724, 0.027414861073674215, 0.027239233260695786, 0.0274939869379551, 0.027874761581110984, 0.02868161073982207, 0.029514734605865275, 0.030345172291974937, 0.031248268714928727, 0.032298002681611045, 0.033509628354587276, 0.0348066615601669, 0.03569061118903811, 0.03631377821401384, 0.03654105211474412, 0.03646788532881584, 0.03572808397059345, 0.03427781350345514, 0.03309813106562172, 0.031639416134799855, 0.02970329439236902, 0.027599049067936567, 0.02603054913364457, 0.024090316372098155, 0.02220132238001286, 0.02051452966091278, 0.019044426362309692, 0.017805605247084858, 0.01643252777018217, 0.01523003850809785, 0.01424180324883461, 0.013706552220618947, 0.0130880570946912, 0.012988920737072255, 0.013178248200839212, 0.013386796436950147, 0.01359897371732897, 0.01439195864266014, 0.015495810506657983, 0.016686507754200334, 0.01807173050136072, 0.019341411872889052, 0.020370802976522343, 0.0213787239197115, 0.02262888584538598, 0.02401686851684336, 0.025523335513576738, 0.026670410326906566, 0.02758824337325398, 0.02810647098585074, 0.028219175888028712, 0.02804128716256827, 0.027840212128430745, 0.02799079668741686, 0.027988272685847155, 0.02831306909632167, 0.028434723397990712, 0.0285549391753426, 0.02832607944879636, 0.02800347501499142, 0.027460301198426997, 0.02681840364884072, 0.026203190519756815, 0.02552364346313934, 0.024940794741503684, 0.024553643852497812, 0.024009602077058226, 0.023587486328410737, 0.023053226444370627, 0.02237349941244249, 0.021247392964358097, 0.01948489409103017, 0.01759577829009665, 0.015969918059865678, 0.014849832783247986, 0.014164911869984548, 0.013546042864334782, 0.01328357500957488, 0.012905521640083246, 0.012806686101790404, 0.01256569256360443, 0.01270015008783326, 0.013333718053885597, 0.014364706842779438, 0.015230812921928084, 0.016214173123414017, 0.017422309714956504, 0.01848297873673576, 0.019690103784110968, 0.02062988015396428, 0.021304326954883004, 0.021542023987470748, 0.021445001132587415, 0.02128479356968176, 0.021154257299581803, 0.020548768777841446, 0.020419411659703072, 0.020346908766621045, 0.02018386842926173, 0.020060715556614095, 0.019970155121820186, 0.019905412966441507, 0.019860328269953802, 0.019689549628068632, 0.019110038324468673, 0.018401772510693467, 0.01773443768827515, 0.01691379473734185, 0.0163889904882787, 0.015891976533507178, 0.015695148472402557, 0.015634975895130635, 0.01548249397414641, 0.015250362203767827, 0.01446715870868431, 0.013690714184349355, 0.013111437378948002, 0.01280400987898366, 0.012789088065484542, 0.012885508256999974, 0.012645414791893052, 0.012533763320360268, 0.01300792748125149, 0.014045480441271196, 0.015593406388961941, 0.017496649938682926, 0.01947963017829757, 0.021814960986639112, 0.0244888991790445, 0.027455202671237973, 0.030462142682767764, 0.03347516022004274, 0.03632355277573078, 0.03911728575744543, 0.041489125175428104, 0.043617926344794986, 0.04507509866910146, 0.045973158335007626, 0.046666313335408376, 0.047747911364257295, 0.04910015737076979, 0.051170936172887156, 0.05323921785426519, 0.05484930583024696, 0.05598397968583077, 0.056516639752925084, 0.05678375349578094, 0.05655312215346535, 0.05709318659280136, 0.05753330561326649, 0.05822424761198231, 0.05856641837777238, 0.058663546697002605, 0.05829520111627496, 0.058019458378357286, 0.05786276302771312, 0.057678835712609886, 0.05721489013034267, 0.05620972754199197, 0.05488023496470325, 0.05291870088860013, 0.05085359195424363, 0.04836971777146554, 0.045888993393773454, 0.04332790860019442, 0.040721243397433354, 0.03815348906679705, 0.03609755066086763, 0.03431153121207709, 0.03269994312791247, 0.03113246913067769, 0.029533434333839276, 0.02779284963423818, 0.02581340528028532, 0.023636664296078556, 0.021032966406022018, 0.018298152858289164, 0.015471223173718233, 0.012975006021594128, 0.011476514573927241, 0.011190786613452559, 0.012013514795745658, 0.013192708648177051, 0.0146026096239084, 0.016627808096549106, 0.019288816219412905, 0.022115031993867204, 0.024956066779425322, 0.027947127033299147, 0.030317719296220055, 0.03213024736687776, 0.033908117916643665, 0.035613155393420214, 0.03695858371541455, 0.0370883147011733, 0.035844860180821725, 0.03331269225961453, 0.030127822662769057, 0.026675716455458534, 0.02305094507263966, 0.019294584365168215, 0.016588874620184203, 0.013459760460278334, 0.010513659470637583, 0.008184205378854309, 0.005908681970234855, 0.003908372487361734, 0.002250880846271649, 0.001837561814419065, 0.003902446460586522, 0.00649131804032715, 0.008842266053540701, 0.011337576744963709, 0.013847821453172829, 0.016241515374979285, 0.018506880743639053, 0.020753891025054552, 0.022854281545735794, 0.025177910908837288, 0.027764777035113285, 0.0302577363231247, 0.032552204835272186, 0.033962244268502154, 0.03530995724171245, 0.036795414568091225, 0.03840706162943578, 0.039993850675796264, 0.04133645030179679, 0.04211247094820217, 0.04239213751353172, 0.042192499106345205, 0.04200269786908514, 0.041897190162155235, 0.041830932940717325, 0.04166737666619139, 0.04206882264734189, 0.0426127097658282, 0.042895687146734904, 0.04300135533202284, 0.04249799814293581, 0.041897582995049115, 0.04072077112408416, 0.03927976254850985, 0.037331499513228325, 0.035889992777759706, 0.03456359233645024, 0.033243529781910974, 0.03199033675126687, 0.03059935779738079, 0.029272240636492235, 0.027900707354997015, 0.02654938414970694, 0.02543173352052397, 0.024311103096379235, 0.023065212419431085, 0.021685454855791198, 0.02041159885695607, 0.019056064221564174, 0.017656707279948437, 0.01626614648165674, 0.015012383850973622, 0.013603567963072178, 0.012189757837366814, 0.010674529938407772, 0.009407142987148039, 0.008344525906195775, 0.007439054007672372, 0.0072034584519923735, 0.007775010970036668, 0.009047582903156274, 0.010731538882415681, 0.01253460028234948, 0.014333543563369548, 0.016070624592636203, 0.017817726146123574, 0.019557256660804743, 0.02116824086555951, 0.022529303997840977, 0.023628588936546305, 0.02391411988476377, 0.02359656311707365, 0.022355277074164143, 0.020961866673625245, 0.018393580144489934, 0.015660552711922182, 0.013874328661167971, 0.01254026736778108, 0.011812131260623127, 0.010800298354986543, 0.00961805971638548, 0.008471507575266851, 0.007656757785702683, 0.006719580941926242, 0.0056999472982024405, 0.005125787188458596, 0.00504686530895439, 0.005697178935649704, 0.006245540782853768, 0.0070976650798796875, 0.007900543705723831, 0.008755370167568399, 0.009807746909975117, 0.011209592216881203, 0.01276960312030194, 0.014467251258771754, 0.015865855510978952, 0.01751794577394112, 0.01978728846519214, 0.022540086452385207, 0.024859037758439572, 0.02589623397823137, 0.02611181133516041, 0.026565850619759173, 0.0272557734372972, 0.02776644526036269, 0.02799937699621002, 0.02818388188652303, 0.02806005928616626, 0.028083982827741123, 0.02781538632605852, 0.027763976455106594, 0.028120518002563644, 0.028688559534023904, 0.029389365084960088, 0.030059907204608147, 0.03052096911154336, 0.031053468449087778, 0.03142000488428638, 0.03173833045042581, 0.031892653890475096, 0.03198060527161537, 0.031944507243272385, 0.03180892531117334, 0.03180195743523648, 0.03175983113429147, 0.03185651864929952, 0.032146459060636644, 0.032526908876218445, 0.033087790299913135, 0.03370146462957083, 0.0342847740780508, 0.0344768243549477, 0.03441738754137779, 0.034008301029805295]",0.03213024736687776,0.09336820894084158,0.010059152965658614,0.030515016589709343,0.0,0.0,0.034217584067757045,0.09336820894084158,0.010059152965658614,0.030515016589709343,6.288,1717635307.0032058,2024-06-06_10-55-07
0.5059,0.039360000000000006,0.4348235471795394,0.41222976888193263,0.029338494376112557,0.46721690893282775,0.5059,0.039360000000000006,0.47040160994994773,0.41222976888193263,0.029338494376112557,0.46721690893282775,0.033908117916643665,"[0.011315756658919754, 0.012192407496521018, 0.01288995615295488, 0.01359963525141729, 0.014321891165186378, 0.015181047888625853, 0.01592941522152252, 0.01673874496494045, 0.01751440457689525, 0.01835087734908702, 0.019202544572813795, 0.020070622325609303, 0.02095627718778323, 0.02186061264947246, 0.022737260153569413, 0.023681097053535004, 0.024646250751560458, 0.025633386418693636, 0.02659237614956749, 0.027623542314219474, 0.0286250346734827, 0.029647102596467904, 0.03056454213255984, 0.031680305841655834, 0.03263530150735364, 0.033606764937046466, 0.034593095597664145, 0.03536350794006898, 0.035930760474075646, 0.03631257033147624, 0.03661317474198803, 0.03688385713543919, 0.03738127616234113, 0.037934719347479336, 0.03858163380471939, 0.03921882339006296, 0.03999131852533767, 0.04074980907886149, 0.04127472956039594, 0.04151563832077664, 0.04151964454301027, 0.04123464219442919, 0.04096829512038153, 0.04056460486818273, 0.04028281736824196, 0.04000166841569801, 0.03919762289117317, 0.037812479337396496, 0.03622310391275238, 0.03453579653228067, 0.0330206041779641, 0.031565009966306234, 0.03054064037737075, 0.029904305612678588, 0.029394155816597912, 0.028896840658953926, 0.02825322628704274, 0.027685220830545497, 0.02666364029859006, 0.025486033827772144, 0.02414387260068274, 0.023028867611909868, 0.022681878550084772, 0.02299235797660897, 0.02387546679328945, 0.024738332374206702, 0.025547718436096926, 0.026640938816603423, 0.02759836215880636, 0.028240938725365098, 0.028199955208514017, 0.028168175430310402, 0.02767018559717724, 0.027414861073674215, 0.027239233260695786, 0.0274939869379551, 0.027874761581110984, 0.02868161073982207, 0.029514734605865275, 0.030345172291974937, 0.031248268714928727, 0.032298002681611045, 0.033509628354587276, 0.0348066615601669, 0.03569061118903811, 0.03631377821401384, 0.03654105211474412, 0.03646788532881584, 0.03572808397059345, 0.03427781350345514, 0.03309813106562172, 0.031639416134799855, 0.02970329439236902, 0.027599049067936567, 0.02603054913364457, 0.024090316372098155, 0.02220132238001286, 0.02051452966091278, 0.019044426362309692, 0.017805605247084858, 0.01643252777018217, 0.01523003850809785, 0.01424180324883461, 0.013706552220618947, 0.0130880570946912, 0.012988920737072255, 0.013178248200839212, 0.013386796436950147, 0.01359897371732897, 0.01439195864266014, 0.015495810506657983, 0.016686507754200334, 0.01807173050136072, 0.019341411872889052, 0.020370802976522343, 0.0213787239197115, 0.02262888584538598, 0.02401686851684336, 0.025523335513576738, 0.026670410326906566, 0.02758824337325398, 0.02810647098585074, 0.028219175888028712, 0.02804128716256827, 0.027840212128430745, 0.02799079668741686, 0.027988272685847155, 0.02831306909632167, 0.028434723397990712, 0.0285549391753426, 0.02832607944879636, 0.02800347501499142, 0.027460301198426997, 0.02681840364884072, 0.026203190519756815, 0.02552364346313934, 0.024940794741503684, 0.024553643852497812, 0.024009602077058226, 0.023587486328410737, 0.023053226444370627, 0.02237349941244249, 0.021247392964358097, 0.01948489409103017, 0.01759577829009665, 0.015969918059865678, 0.014849832783247986, 0.014164911869984548, 0.013546042864334782, 0.01328357500957488, 0.012905521640083246, 0.012806686101790404, 0.01256569256360443, 0.01270015008783326, 0.013333718053885597, 0.014364706842779438, 0.015230812921928084, 0.016214173123414017, 0.017422309714956504, 0.01848297873673576, 0.019690103784110968, 0.02062988015396428, 0.021304326954883004, 0.021542023987470748, 0.021445001132587415, 0.02128479356968176, 0.021154257299581803, 0.020548768777841446, 0.020419411659703072, 0.020346908766621045, 0.02018386842926173, 0.020060715556614095, 0.019970155121820186, 0.019905412966441507, 0.019860328269953802, 0.019689549628068632, 0.019110038324468673, 0.018401772510693467, 0.01773443768827515, 0.01691379473734185, 0.0163889904882787, 0.015891976533507178, 0.015695148472402557, 0.015634975895130635, 0.01548249397414641, 0.015250362203767827, 0.01446715870868431, 0.013690714184349355, 0.013111437378948002, 0.01280400987898366, 0.012789088065484542, 0.012885508256999974, 0.012645414791893052, 0.012533763320360268, 0.01300792748125149, 0.014045480441271196, 0.015593406388961941, 0.017496649938682926, 0.01947963017829757, 0.021814960986639112, 0.0244888991790445, 0.027455202671237973, 0.030462142682767764, 0.03347516022004274, 0.03632355277573078, 0.03911728575744543, 0.041489125175428104, 0.043617926344794986, 0.04507509866910146, 0.045973158335007626, 0.046666313335408376, 0.047747911364257295, 0.04910015737076979, 0.051170936172887156, 0.05323921785426519, 0.05484930583024696, 0.05598397968583077, 0.056516639752925084, 0.05678375349578094, 0.05655312215346535, 0.05709318659280136, 0.05753330561326649, 0.05822424761198231, 0.05856641837777238, 0.058663546697002605, 0.05829520111627496, 0.058019458378357286, 0.05786276302771312, 0.057678835712609886, 0.05721489013034267, 0.05620972754199197, 0.05488023496470325, 0.05291870088860013, 0.05085359195424363, 0.04836971777146554, 0.045888993393773454, 0.04332790860019442, 0.040721243397433354, 0.03815348906679705, 0.03609755066086763, 0.03431153121207709, 0.03269994312791247, 0.03113246913067769, 0.029533434333839276, 0.02779284963423818, 0.02581340528028532, 0.023636664296078556, 0.021032966406022018, 0.018298152858289164, 0.015471223173718233, 0.012975006021594128, 0.011476514573927241, 0.011190786613452559, 0.012013514795745658, 0.013192708648177051, 0.0146026096239084, 0.016627808096549106, 0.019288816219412905, 0.022115031993867204, 0.024956066779425322, 0.027947127033299147, 0.030317719296220055, 0.03213024736687776, 0.033908117916643665, 0.035613155393420214, 0.03695858371541455, 0.0370883147011733, 0.035844860180821725, 0.03331269225961453, 0.030127822662769057, 0.026675716455458534, 0.02305094507263966, 0.019294584365168215, 0.016588874620184203, 0.013459760460278334, 0.010513659470637583, 0.008184205378854309, 0.005908681970234855, 0.003908372487361734, 0.002250880846271649, 0.001837561814419065, 0.003902446460586522, 0.00649131804032715, 0.008842266053540701, 0.011337576744963709, 0.013847821453172829, 0.016241515374979285, 0.018506880743639053, 0.020753891025054552, 0.022854281545735794, 0.025177910908837288, 0.027764777035113285, 0.0302577363231247, 0.032552204835272186, 0.033962244268502154, 0.03530995724171245, 0.036795414568091225, 0.03840706162943578, 0.039993850675796264, 0.04133645030179679, 0.04211247094820217, 0.04239213751353172, 0.042192499106345205, 0.04200269786908514, 0.041897190162155235, 0.041830932940717325, 0.04166737666619139, 0.04206882264734189, 0.0426127097658282, 0.042895687146734904, 0.04300135533202284, 0.04249799814293581, 0.041897582995049115, 0.04072077112408416, 0.03927976254850985, 0.037331499513228325, 0.035889992777759706, 0.03456359233645024, 0.033243529781910974, 0.03199033675126687, 0.03059935779738079, 0.029272240636492235, 0.027900707354997015, 0.02654938414970694, 0.02543173352052397, 0.024311103096379235, 0.023065212419431085, 0.021685454855791198, 0.02041159885695607, 0.019056064221564174, 0.017656707279948437, 0.01626614648165674, 0.015012383850973622, 0.013603567963072178, 0.012189757837366814, 0.010674529938407772, 0.009407142987148039, 0.008344525906195775, 0.007439054007672372, 0.0072034584519923735, 0.007775010970036668, 0.009047582903156274, 0.010731538882415681, 0.01253460028234948, 0.014333543563369548, 0.016070624592636203, 0.017817726146123574, 0.019557256660804743, 0.02116824086555951, 0.022529303997840977, 0.023628588936546305, 0.02391411988476377, 0.02359656311707365, 0.022355277074164143, 0.020961866673625245, 0.018393580144489934, 0.015660552711922182, 0.013874328661167971, 0.01254026736778108, 0.011812131260623127, 0.010800298354986543, 0.00961805971638548, 0.008471507575266851, 0.007656757785702683, 0.006719580941926242, 0.0056999472982024405, 0.005125787188458596, 0.00504686530895439, 0.005697178935649704, 0.006245540782853768, 0.0070976650798796875, 0.007900543705723831, 0.008755370167568399, 0.009807746909975117, 0.011209592216881203, 0.01276960312030194, 0.014467251258771754, 0.015865855510978952, 0.01751794577394112, 0.01978728846519214, 0.022540086452385207, 0.024859037758439572, 0.02589623397823137, 0.02611181133516041, 0.026565850619759173, 0.0272557734372972, 0.02776644526036269, 0.02799937699621002, 0.02818388188652303, 0.02806005928616626, 0.028083982827741123, 0.02781538632605852, 0.027763976455106594, 0.028120518002563644, 0.028688559534023904, 0.029389365084960088, 0.030059907204608147, 0.03052096911154336, 0.031053468449087778, 0.03142000488428638, 0.03173833045042581, 0.031892653890475096, 0.03198060527161537, 0.031944507243272385, 0.03180892531117334, 0.03180195743523648, 0.03175983113429147, 0.03185651864929952, 0.032146459060636644, 0.032526908876218445, 0.033087790299913135, 0.03370146462957083, 0.0342847740780508, 0.0344768243549477, 0.03441738754137779, 0.034008301029805295]",0.033908117916643665,0.09367023111806738,0.010021505623887449,0.03239336175328833,0.0,0.0,0.035578062770408314,0.09367023111806738,0.010021505623887449,0.03239336175328833,6.311999999999999,1717635307.027099,2024-06-06_10-55-07
0.5059,0.040080000000000005,0.4327903939744087,0.4119265211841049,0.030094295250205114,0.4669749305037493,0.5059,0.040080000000000005,0.46975888422291157,0.4119265211841049,0.030094295250205114,0.4669749305037493,0.035613155393420214,"[0.011315756658919754, 0.012192407496521018, 0.01288995615295488, 0.01359963525141729, 0.014321891165186378, 0.015181047888625853, 0.01592941522152252, 0.01673874496494045, 0.01751440457689525, 0.01835087734908702, 0.019202544572813795, 0.020070622325609303, 0.02095627718778323, 0.02186061264947246, 0.022737260153569413, 0.023681097053535004, 0.024646250751560458, 0.025633386418693636, 0.02659237614956749, 0.027623542314219474, 0.0286250346734827, 0.029647102596467904, 0.03056454213255984, 0.031680305841655834, 0.03263530150735364, 0.033606764937046466, 0.034593095597664145, 0.03536350794006898, 0.035930760474075646, 0.03631257033147624, 0.03661317474198803, 0.03688385713543919, 0.03738127616234113, 0.037934719347479336, 0.03858163380471939, 0.03921882339006296, 0.03999131852533767, 0.04074980907886149, 0.04127472956039594, 0.04151563832077664, 0.04151964454301027, 0.04123464219442919, 0.04096829512038153, 0.04056460486818273, 0.04028281736824196, 0.04000166841569801, 0.03919762289117317, 0.037812479337396496, 0.03622310391275238, 0.03453579653228067, 0.0330206041779641, 0.031565009966306234, 0.03054064037737075, 0.029904305612678588, 0.029394155816597912, 0.028896840658953926, 0.02825322628704274, 0.027685220830545497, 0.02666364029859006, 0.025486033827772144, 0.02414387260068274, 0.023028867611909868, 0.022681878550084772, 0.02299235797660897, 0.02387546679328945, 0.024738332374206702, 0.025547718436096926, 0.026640938816603423, 0.02759836215880636, 0.028240938725365098, 0.028199955208514017, 0.028168175430310402, 0.02767018559717724, 0.027414861073674215, 0.027239233260695786, 0.0274939869379551, 0.027874761581110984, 0.02868161073982207, 0.029514734605865275, 0.030345172291974937, 0.031248268714928727, 0.032298002681611045, 0.033509628354587276, 0.0348066615601669, 0.03569061118903811, 0.03631377821401384, 0.03654105211474412, 0.03646788532881584, 0.03572808397059345, 0.03427781350345514, 0.03309813106562172, 0.031639416134799855, 0.02970329439236902, 0.027599049067936567, 0.02603054913364457, 0.024090316372098155, 0.02220132238001286, 0.02051452966091278, 0.019044426362309692, 0.017805605247084858, 0.01643252777018217, 0.01523003850809785, 0.01424180324883461, 0.013706552220618947, 0.0130880570946912, 0.012988920737072255, 0.013178248200839212, 0.013386796436950147, 0.01359897371732897, 0.01439195864266014, 0.015495810506657983, 0.016686507754200334, 0.01807173050136072, 0.019341411872889052, 0.020370802976522343, 0.0213787239197115, 0.02262888584538598, 0.02401686851684336, 0.025523335513576738, 0.026670410326906566, 0.02758824337325398, 0.02810647098585074, 0.028219175888028712, 0.02804128716256827, 0.027840212128430745, 0.02799079668741686, 0.027988272685847155, 0.02831306909632167, 0.028434723397990712, 0.0285549391753426, 0.02832607944879636, 0.02800347501499142, 0.027460301198426997, 0.02681840364884072, 0.026203190519756815, 0.02552364346313934, 0.024940794741503684, 0.024553643852497812, 0.024009602077058226, 0.023587486328410737, 0.023053226444370627, 0.02237349941244249, 0.021247392964358097, 0.01948489409103017, 0.01759577829009665, 0.015969918059865678, 0.014849832783247986, 0.014164911869984548, 0.013546042864334782, 0.01328357500957488, 0.012905521640083246, 0.012806686101790404, 0.01256569256360443, 0.01270015008783326, 0.013333718053885597, 0.014364706842779438, 0.015230812921928084, 0.016214173123414017, 0.017422309714956504, 0.01848297873673576, 0.019690103784110968, 0.02062988015396428, 0.021304326954883004, 0.021542023987470748, 0.021445001132587415, 0.02128479356968176, 0.021154257299581803, 0.020548768777841446, 0.020419411659703072, 0.020346908766621045, 0.02018386842926173, 0.020060715556614095, 0.019970155121820186, 0.019905412966441507, 0.019860328269953802, 0.019689549628068632, 0.019110038324468673, 0.018401772510693467, 0.01773443768827515, 0.01691379473734185, 0.0163889904882787, 0.015891976533507178, 0.015695148472402557, 0.015634975895130635, 0.01548249397414641, 0.015250362203767827, 0.01446715870868431, 0.013690714184349355, 0.013111437378948002, 0.01280400987898366, 0.012789088065484542, 0.012885508256999974, 0.012645414791893052, 0.012533763320360268, 0.01300792748125149, 0.014045480441271196, 0.015593406388961941, 0.017496649938682926, 0.01947963017829757, 0.021814960986639112, 0.0244888991790445, 0.027455202671237973, 0.030462142682767764, 0.03347516022004274, 0.03632355277573078, 0.03911728575744543, 0.041489125175428104, 0.043617926344794986, 0.04507509866910146, 0.045973158335007626, 0.046666313335408376, 0.047747911364257295, 0.04910015737076979, 0.051170936172887156, 0.05323921785426519, 0.05484930583024696, 0.05598397968583077, 0.056516639752925084, 0.05678375349578094, 0.05655312215346535, 0.05709318659280136, 0.05753330561326649, 0.05822424761198231, 0.05856641837777238, 0.058663546697002605, 0.05829520111627496, 0.058019458378357286, 0.05786276302771312, 0.057678835712609886, 0.05721489013034267, 0.05620972754199197, 0.05488023496470325, 0.05291870088860013, 0.05085359195424363, 0.04836971777146554, 0.045888993393773454, 0.04332790860019442, 0.040721243397433354, 0.03815348906679705, 0.03609755066086763, 0.03431153121207709, 0.03269994312791247, 0.03113246913067769, 0.029533434333839276, 0.02779284963423818, 0.02581340528028532, 0.023636664296078556, 0.021032966406022018, 0.018298152858289164, 0.015471223173718233, 0.012975006021594128, 0.011476514573927241, 0.011190786613452559, 0.012013514795745658, 0.013192708648177051, 0.0146026096239084, 0.016627808096549106, 0.019288816219412905, 0.022115031993867204, 0.024956066779425322, 0.027947127033299147, 0.030317719296220055, 0.03213024736687776, 0.033908117916643665, 0.035613155393420214, 0.03695858371541455, 0.0370883147011733, 0.035844860180821725, 0.03331269225961453, 0.030127822662769057, 0.026675716455458534, 0.02305094507263966, 0.019294584365168215, 0.016588874620184203, 0.013459760460278334, 0.010513659470637583, 0.008184205378854309, 0.005908681970234855, 0.003908372487361734, 0.002250880846271649, 0.001837561814419065, 0.003902446460586522, 0.00649131804032715, 0.008842266053540701, 0.011337576744963709, 0.013847821453172829, 0.016241515374979285, 0.018506880743639053, 0.020753891025054552, 0.022854281545735794, 0.025177910908837288, 0.027764777035113285, 0.0302577363231247, 0.032552204835272186, 0.033962244268502154, 0.03530995724171245, 0.036795414568091225, 0.03840706162943578, 0.039993850675796264, 0.04133645030179679, 0.04211247094820217, 0.04239213751353172, 0.042192499106345205, 0.04200269786908514, 0.041897190162155235, 0.041830932940717325, 0.04166737666619139, 0.04206882264734189, 0.0426127097658282, 0.042895687146734904, 0.04300135533202284, 0.04249799814293581, 0.041897582995049115, 0.04072077112408416, 0.03927976254850985, 0.037331499513228325, 0.035889992777759706, 0.03456359233645024, 0.033243529781910974, 0.03199033675126687, 0.03059935779738079, 0.029272240636492235, 0.027900707354997015, 0.02654938414970694, 0.02543173352052397, 0.024311103096379235, 0.023065212419431085, 0.021685454855791198, 0.02041159885695607, 0.019056064221564174, 0.017656707279948437, 0.01626614648165674, 0.015012383850973622, 0.013603567963072178, 0.012189757837366814, 0.010674529938407772, 0.009407142987148039, 0.008344525906195775, 0.007439054007672372, 0.0072034584519923735, 0.007775010970036668, 0.009047582903156274, 0.010731538882415681, 0.01253460028234948, 0.014333543563369548, 0.016070624592636203, 0.017817726146123574, 0.019557256660804743, 0.02116824086555951, 0.022529303997840977, 0.023628588936546305, 0.02391411988476377, 0.02359656311707365, 0.022355277074164143, 0.020961866673625245, 0.018393580144489934, 0.015660552711922182, 0.013874328661167971, 0.01254026736778108, 0.011812131260623127, 0.010800298354986543, 0.00961805971638548, 0.008471507575266851, 0.007656757785702683, 0.006719580941926242, 0.0056999472982024405, 0.005125787188458596, 0.00504686530895439, 0.005697178935649704, 0.006245540782853768, 0.0070976650798796875, 0.007900543705723831, 0.008755370167568399, 0.009807746909975117, 0.011209592216881203, 0.01276960312030194, 0.014467251258771754, 0.015865855510978952, 0.01751794577394112, 0.01978728846519214, 0.022540086452385207, 0.024859037758439572, 0.02589623397823137, 0.02611181133516041, 0.026565850619759173, 0.0272557734372972, 0.02776644526036269, 0.02799937699621002, 0.02818388188652303, 0.02806005928616626, 0.028083982827741123, 0.02781538632605852, 0.027763976455106594, 0.028120518002563644, 0.028688559534023904, 0.029389365084960088, 0.030059907204608147, 0.03052096911154336, 0.031053468449087778, 0.03142000488428638, 0.03173833045042581, 0.031892653890475096, 0.03198060527161537, 0.031944507243272385, 0.03180892531117334, 0.03180195743523648, 0.03175983113429147, 0.03185651864929952, 0.032146459060636644, 0.032526908876218445, 0.033087790299913135, 0.03370146462957083, 0.0342847740780508, 0.0344768243549477, 0.03441738754137779, 0.034008301029805295]",0.035613155393420214,0.09397347881589513,0.00998570474979489,0.03418453652934056,0.0,0.0,0.03696849024850285,0.09397347881589513,0.00998570474979489,0.03418453652934056,6.336,1717635307.050958,2024-06-06_10-55-07
0.5059,0.0408,0.4308536487542662,0.41179830252839156,0.030837842394874575,0.4664442700764621,0.5059,0.0408,0.4692125664808635,0.41179830252839156,0.030837842394874575,0.4664442700764621,0.03695858371541455,"[0.011315756658919754, 0.012192407496521018, 0.01288995615295488, 0.01359963525141729, 0.014321891165186378, 0.015181047888625853, 0.01592941522152252, 0.01673874496494045, 0.01751440457689525, 0.01835087734908702, 0.019202544572813795, 0.020070622325609303, 0.02095627718778323, 0.02186061264947246, 0.022737260153569413, 0.023681097053535004, 0.024646250751560458, 0.025633386418693636, 0.02659237614956749, 0.027623542314219474, 0.0286250346734827, 0.029647102596467904, 0.03056454213255984, 0.031680305841655834, 0.03263530150735364, 0.033606764937046466, 0.034593095597664145, 0.03536350794006898, 0.035930760474075646, 0.03631257033147624, 0.03661317474198803, 0.03688385713543919, 0.03738127616234113, 0.037934719347479336, 0.03858163380471939, 0.03921882339006296, 0.03999131852533767, 0.04074980907886149, 0.04127472956039594, 0.04151563832077664, 0.04151964454301027, 0.04123464219442919, 0.04096829512038153, 0.04056460486818273, 0.04028281736824196, 0.04000166841569801, 0.03919762289117317, 0.037812479337396496, 0.03622310391275238, 0.03453579653228067, 0.0330206041779641, 0.031565009966306234, 0.03054064037737075, 0.029904305612678588, 0.029394155816597912, 0.028896840658953926, 0.02825322628704274, 0.027685220830545497, 0.02666364029859006, 0.025486033827772144, 0.02414387260068274, 0.023028867611909868, 0.022681878550084772, 0.02299235797660897, 0.02387546679328945, 0.024738332374206702, 0.025547718436096926, 0.026640938816603423, 0.02759836215880636, 0.028240938725365098, 0.028199955208514017, 0.028168175430310402, 0.02767018559717724, 0.027414861073674215, 0.027239233260695786, 0.0274939869379551, 0.027874761581110984, 0.02868161073982207, 0.029514734605865275, 0.030345172291974937, 0.031248268714928727, 0.032298002681611045, 0.033509628354587276, 0.0348066615601669, 0.03569061118903811, 0.03631377821401384, 0.03654105211474412, 0.03646788532881584, 0.03572808397059345, 0.03427781350345514, 0.03309813106562172, 0.031639416134799855, 0.02970329439236902, 0.027599049067936567, 0.02603054913364457, 0.024090316372098155, 0.02220132238001286, 0.02051452966091278, 0.019044426362309692, 0.017805605247084858, 0.01643252777018217, 0.01523003850809785, 0.01424180324883461, 0.013706552220618947, 0.0130880570946912, 0.012988920737072255, 0.013178248200839212, 0.013386796436950147, 0.01359897371732897, 0.01439195864266014, 0.015495810506657983, 0.016686507754200334, 0.01807173050136072, 0.019341411872889052, 0.020370802976522343, 0.0213787239197115, 0.02262888584538598, 0.02401686851684336, 0.025523335513576738, 0.026670410326906566, 0.02758824337325398, 0.02810647098585074, 0.028219175888028712, 0.02804128716256827, 0.027840212128430745, 0.02799079668741686, 0.027988272685847155, 0.02831306909632167, 0.028434723397990712, 0.0285549391753426, 0.02832607944879636, 0.02800347501499142, 0.027460301198426997, 0.02681840364884072, 0.026203190519756815, 0.02552364346313934, 0.024940794741503684, 0.024553643852497812, 0.024009602077058226, 0.023587486328410737, 0.023053226444370627, 0.02237349941244249, 0.021247392964358097, 0.01948489409103017, 0.01759577829009665, 0.015969918059865678, 0.014849832783247986, 0.014164911869984548, 0.013546042864334782, 0.01328357500957488, 0.012905521640083246, 0.012806686101790404, 0.01256569256360443, 0.01270015008783326, 0.013333718053885597, 0.014364706842779438, 0.015230812921928084, 0.016214173123414017, 0.017422309714956504, 0.01848297873673576, 0.019690103784110968, 0.02062988015396428, 0.021304326954883004, 0.021542023987470748, 0.021445001132587415, 0.02128479356968176, 0.021154257299581803, 0.020548768777841446, 0.020419411659703072, 0.020346908766621045, 0.02018386842926173, 0.020060715556614095, 0.019970155121820186, 0.019905412966441507, 0.019860328269953802, 0.019689549628068632, 0.019110038324468673, 0.018401772510693467, 0.01773443768827515, 0.01691379473734185, 0.0163889904882787, 0.015891976533507178, 0.015695148472402557, 0.015634975895130635, 0.01548249397414641, 0.015250362203767827, 0.01446715870868431, 0.013690714184349355, 0.013111437378948002, 0.01280400987898366, 0.012789088065484542, 0.012885508256999974, 0.012645414791893052, 0.012533763320360268, 0.01300792748125149, 0.014045480441271196, 0.015593406388961941, 0.017496649938682926, 0.01947963017829757, 0.021814960986639112, 0.0244888991790445, 0.027455202671237973, 0.030462142682767764, 0.03347516022004274, 0.03632355277573078, 0.03911728575744543, 0.041489125175428104, 0.043617926344794986, 0.04507509866910146, 0.045973158335007626, 0.046666313335408376, 0.047747911364257295, 0.04910015737076979, 0.051170936172887156, 0.05323921785426519, 0.05484930583024696, 0.05598397968583077, 0.056516639752925084, 0.05678375349578094, 0.05655312215346535, 0.05709318659280136, 0.05753330561326649, 0.05822424761198231, 0.05856641837777238, 0.058663546697002605, 0.05829520111627496, 0.058019458378357286, 0.05786276302771312, 0.057678835712609886, 0.05721489013034267, 0.05620972754199197, 0.05488023496470325, 0.05291870088860013, 0.05085359195424363, 0.04836971777146554, 0.045888993393773454, 0.04332790860019442, 0.040721243397433354, 0.03815348906679705, 0.03609755066086763, 0.03431153121207709, 0.03269994312791247, 0.03113246913067769, 0.029533434333839276, 0.02779284963423818, 0.02581340528028532, 0.023636664296078556, 0.021032966406022018, 0.018298152858289164, 0.015471223173718233, 0.012975006021594128, 0.011476514573927241, 0.011190786613452559, 0.012013514795745658, 0.013192708648177051, 0.0146026096239084, 0.016627808096549106, 0.019288816219412905, 0.022115031993867204, 0.024956066779425322, 0.027947127033299147, 0.030317719296220055, 0.03213024736687776, 0.033908117916643665, 0.035613155393420214, 0.03695858371541455, 0.0370883147011733, 0.035844860180821725, 0.03331269225961453, 0.030127822662769057, 0.026675716455458534, 0.02305094507263966, 0.019294584365168215, 0.016588874620184203, 0.013459760460278334, 0.010513659470637583, 0.008184205378854309, 0.005908681970234855, 0.003908372487361734, 0.002250880846271649, 0.001837561814419065, 0.003902446460586522, 0.00649131804032715, 0.008842266053540701, 0.011337576744963709, 0.013847821453172829, 0.016241515374979285, 0.018506880743639053, 0.020753891025054552, 0.022854281545735794, 0.025177910908837288, 0.027764777035113285, 0.0302577363231247, 0.032552204835272186, 0.033962244268502154, 0.03530995724171245, 0.036795414568091225, 0.03840706162943578, 0.039993850675796264, 0.04133645030179679, 0.04211247094820217, 0.04239213751353172, 0.042192499106345205, 0.04200269786908514, 0.041897190162155235, 0.041830932940717325, 0.04166737666619139, 0.04206882264734189, 0.0426127097658282, 0.042895687146734904, 0.04300135533202284, 0.04249799814293581, 0.041897582995049115, 0.04072077112408416, 0.03927976254850985, 0.037331499513228325, 0.035889992777759706, 0.03456359233645024, 0.033243529781910974, 0.03199033675126687, 0.03059935779738079, 0.029272240636492235, 0.027900707354997015, 0.02654938414970694, 0.02543173352052397, 0.024311103096379235, 0.023065212419431085, 0.021685454855791198, 0.02041159885695607, 0.019056064221564174, 0.017656707279948437, 0.01626614648165674, 0.015012383850973622, 0.013603567963072178, 0.012189757837366814, 0.010674529938407772, 0.009407142987148039, 0.008344525906195775, 0.007439054007672372, 0.0072034584519923735, 0.007775010970036668, 0.009047582903156274, 0.010731538882415681, 0.01253460028234948, 0.014333543563369548, 0.016070624592636203, 0.017817726146123574, 0.019557256660804743, 0.02116824086555951, 0.022529303997840977, 0.023628588936546305, 0.02391411988476377, 0.02359656311707365, 0.022355277074164143, 0.020961866673625245, 0.018393580144489934, 0.015660552711922182, 0.013874328661167971, 0.01254026736778108, 0.011812131260623127, 0.010800298354986543, 0.00961805971638548, 0.008471507575266851, 0.007656757785702683, 0.006719580941926242, 0.0056999472982024405, 0.005125787188458596, 0.00504686530895439, 0.005697178935649704, 0.006245540782853768, 0.0070976650798796875, 0.007900543705723831, 0.008755370167568399, 0.009807746909975117, 0.011209592216881203, 0.01276960312030194, 0.014467251258771754, 0.015865855510978952, 0.01751794577394112, 0.01978728846519214, 0.022540086452385207, 0.024859037758439572, 0.02589623397823137, 0.02611181133516041, 0.026565850619759173, 0.0272557734372972, 0.02776644526036269, 0.02799937699621002, 0.02818388188652303, 0.02806005928616626, 0.028083982827741123, 0.02781538632605852, 0.027763976455106594, 0.028120518002563644, 0.028688559534023904, 0.029389365084960088, 0.030059907204608147, 0.03052096911154336, 0.031053468449087778, 0.03142000488428638, 0.03173833045042581, 0.031892653890475096, 0.03198060527161537, 0.031944507243272385, 0.03180892531117334, 0.03180195743523648, 0.03175983113429147, 0.03185651864929952, 0.032146459060636644, 0.032526908876218445, 0.033087790299913135, 0.03370146462957083, 0.0342847740780508, 0.0344768243549477, 0.03441738754137779, 0.034008301029805295]",0.03695858371541455,0.09410169747160846,0.009962157605125428,0.035590621322195926,0.0,0.0,0.03835891772659733,0.09410169747160846,0.009962157605125428,0.035590621322195926,6.36,1717635307.0767713,2024-06-06_10-55-07
0.5059,0.04152,0.4290215706919046,0.41223836078133547,0.031723010809958894,0.4647925378326388,0.5059,0.04152,0.4687709158965965,0.41223836078133547,0.031723010809958894,0.4647925378326388,0.0370883147011733,"[0.011315756658919754, 0.012192407496521018, 0.01288995615295488, 0.01359963525141729, 0.014321891165186378, 0.015181047888625853, 0.01592941522152252, 0.01673874496494045, 0.01751440457689525, 0.01835087734908702, 0.019202544572813795, 0.020070622325609303, 0.02095627718778323, 0.02186061264947246, 0.022737260153569413, 0.023681097053535004, 0.024646250751560458, 0.025633386418693636, 0.02659237614956749, 0.027623542314219474, 0.0286250346734827, 0.029647102596467904, 0.03056454213255984, 0.031680305841655834, 0.03263530150735364, 0.033606764937046466, 0.034593095597664145, 0.03536350794006898, 0.035930760474075646, 0.03631257033147624, 0.03661317474198803, 0.03688385713543919, 0.03738127616234113, 0.037934719347479336, 0.03858163380471939, 0.03921882339006296, 0.03999131852533767, 0.04074980907886149, 0.04127472956039594, 0.04151563832077664, 0.04151964454301027, 0.04123464219442919, 0.04096829512038153, 0.04056460486818273, 0.04028281736824196, 0.04000166841569801, 0.03919762289117317, 0.037812479337396496, 0.03622310391275238, 0.03453579653228067, 0.0330206041779641, 0.031565009966306234, 0.03054064037737075, 0.029904305612678588, 0.029394155816597912, 0.028896840658953926, 0.02825322628704274, 0.027685220830545497, 0.02666364029859006, 0.025486033827772144, 0.02414387260068274, 0.023028867611909868, 0.022681878550084772, 0.02299235797660897, 0.02387546679328945, 0.024738332374206702, 0.025547718436096926, 0.026640938816603423, 0.02759836215880636, 0.028240938725365098, 0.028199955208514017, 0.028168175430310402, 0.02767018559717724, 0.027414861073674215, 0.027239233260695786, 0.0274939869379551, 0.027874761581110984, 0.02868161073982207, 0.029514734605865275, 0.030345172291974937, 0.031248268714928727, 0.032298002681611045, 0.033509628354587276, 0.0348066615601669, 0.03569061118903811, 0.03631377821401384, 0.03654105211474412, 0.03646788532881584, 0.03572808397059345, 0.03427781350345514, 0.03309813106562172, 0.031639416134799855, 0.02970329439236902, 0.027599049067936567, 0.02603054913364457, 0.024090316372098155, 0.02220132238001286, 0.02051452966091278, 0.019044426362309692, 0.017805605247084858, 0.01643252777018217, 0.01523003850809785, 0.01424180324883461, 0.013706552220618947, 0.0130880570946912, 0.012988920737072255, 0.013178248200839212, 0.013386796436950147, 0.01359897371732897, 0.01439195864266014, 0.015495810506657983, 0.016686507754200334, 0.01807173050136072, 0.019341411872889052, 0.020370802976522343, 0.0213787239197115, 0.02262888584538598, 0.02401686851684336, 0.025523335513576738, 0.026670410326906566, 0.02758824337325398, 0.02810647098585074, 0.028219175888028712, 0.02804128716256827, 0.027840212128430745, 0.02799079668741686, 0.027988272685847155, 0.02831306909632167, 0.028434723397990712, 0.0285549391753426, 0.02832607944879636, 0.02800347501499142, 0.027460301198426997, 0.02681840364884072, 0.026203190519756815, 0.02552364346313934, 0.024940794741503684, 0.024553643852497812, 0.024009602077058226, 0.023587486328410737, 0.023053226444370627, 0.02237349941244249, 0.021247392964358097, 0.01948489409103017, 0.01759577829009665, 0.015969918059865678, 0.014849832783247986, 0.014164911869984548, 0.013546042864334782, 0.01328357500957488, 0.012905521640083246, 0.012806686101790404, 0.01256569256360443, 0.01270015008783326, 0.013333718053885597, 0.014364706842779438, 0.015230812921928084, 0.016214173123414017, 0.017422309714956504, 0.01848297873673576, 0.019690103784110968, 0.02062988015396428, 0.021304326954883004, 0.021542023987470748, 0.021445001132587415, 0.02128479356968176, 0.021154257299581803, 0.020548768777841446, 0.020419411659703072, 0.020346908766621045, 0.02018386842926173, 0.020060715556614095, 0.019970155121820186, 0.019905412966441507, 0.019860328269953802, 0.019689549628068632, 0.019110038324468673, 0.018401772510693467, 0.01773443768827515, 0.01691379473734185, 0.0163889904882787, 0.015891976533507178, 0.015695148472402557, 0.015634975895130635, 0.01548249397414641, 0.015250362203767827, 0.01446715870868431, 0.013690714184349355, 0.013111437378948002, 0.01280400987898366, 0.012789088065484542, 0.012885508256999974, 0.012645414791893052, 0.012533763320360268, 0.01300792748125149, 0.014045480441271196, 0.015593406388961941, 0.017496649938682926, 0.01947963017829757, 0.021814960986639112, 0.0244888991790445, 0.027455202671237973, 0.030462142682767764, 0.03347516022004274, 0.03632355277573078, 0.03911728575744543, 0.041489125175428104, 0.043617926344794986, 0.04507509866910146, 0.045973158335007626, 0.046666313335408376, 0.047747911364257295, 0.04910015737076979, 0.051170936172887156, 0.05323921785426519, 0.05484930583024696, 0.05598397968583077, 0.056516639752925084, 0.05678375349578094, 0.05655312215346535, 0.05709318659280136, 0.05753330561326649, 0.05822424761198231, 0.05856641837777238, 0.058663546697002605, 0.05829520111627496, 0.058019458378357286, 0.05786276302771312, 0.057678835712609886, 0.05721489013034267, 0.05620972754199197, 0.05488023496470325, 0.05291870088860013, 0.05085359195424363, 0.04836971777146554, 0.045888993393773454, 0.04332790860019442, 0.040721243397433354, 0.03815348906679705, 0.03609755066086763, 0.03431153121207709, 0.03269994312791247, 0.03113246913067769, 0.029533434333839276, 0.02779284963423818, 0.02581340528028532, 0.023636664296078556, 0.021032966406022018, 0.018298152858289164, 0.015471223173718233, 0.012975006021594128, 0.011476514573927241, 0.011190786613452559, 0.012013514795745658, 0.013192708648177051, 0.0146026096239084, 0.016627808096549106, 0.019288816219412905, 0.022115031993867204, 0.024956066779425322, 0.027947127033299147, 0.030317719296220055, 0.03213024736687776, 0.033908117916643665, 0.035613155393420214, 0.03695858371541455, 0.0370883147011733, 0.035844860180821725, 0.03331269225961453, 0.030127822662769057, 0.026675716455458534, 0.02305094507263966, 0.019294584365168215, 0.016588874620184203, 0.013459760460278334, 0.010513659470637583, 0.008184205378854309, 0.005908681970234855, 0.003908372487361734, 0.002250880846271649, 0.001837561814419065, 0.003902446460586522, 0.00649131804032715, 0.008842266053540701, 0.011337576744963709, 0.013847821453172829, 0.016241515374979285, 0.018506880743639053, 0.020753891025054552, 0.022854281545735794, 0.025177910908837288, 0.027764777035113285, 0.0302577363231247, 0.032552204835272186, 0.033962244268502154, 0.03530995724171245, 0.036795414568091225, 0.03840706162943578, 0.039993850675796264, 0.04133645030179679, 0.04211247094820217, 0.04239213751353172, 0.042192499106345205, 0.04200269786908514, 0.041897190162155235, 0.041830932940717325, 0.04166737666619139, 0.04206882264734189, 0.0426127097658282, 0.042895687146734904, 0.04300135533202284, 0.04249799814293581, 0.041897582995049115, 0.04072077112408416, 0.03927976254850985, 0.037331499513228325, 0.035889992777759706, 0.03456359233645024, 0.033243529781910974, 0.03199033675126687, 0.03059935779738079, 0.029272240636492235, 0.027900707354997015, 0.02654938414970694, 0.02543173352052397, 0.024311103096379235, 0.023065212419431085, 0.021685454855791198, 0.02041159885695607, 0.019056064221564174, 0.017656707279948437, 0.01626614648165674, 0.015012383850973622, 0.013603567963072178, 0.012189757837366814, 0.010674529938407772, 0.009407142987148039, 0.008344525906195775, 0.007439054007672372, 0.0072034584519923735, 0.007775010970036668, 0.009047582903156274, 0.010731538882415681, 0.01253460028234948, 0.014333543563369548, 0.016070624592636203, 0.017817726146123574, 0.019557256660804743, 0.02116824086555951, 0.022529303997840977, 0.023628588936546305, 0.02391411988476377, 0.02359656311707365, 0.022355277074164143, 0.020961866673625245, 0.018393580144489934, 0.015660552711922182, 0.013874328661167971, 0.01254026736778108, 0.011812131260623127, 0.010800298354986543, 0.00961805971638548, 0.008471507575266851, 0.007656757785702683, 0.006719580941926242, 0.0056999472982024405, 0.005125787188458596, 0.00504686530895439, 0.005697178935649704, 0.006245540782853768, 0.0070976650798796875, 0.007900543705723831, 0.008755370167568399, 0.009807746909975117, 0.011209592216881203, 0.01276960312030194, 0.014467251258771754, 0.015865855510978952, 0.01751794577394112, 0.01978728846519214, 0.022540086452385207, 0.024859037758439572, 0.02589623397823137, 0.02611181133516041, 0.026565850619759173, 0.0272557734372972, 0.02776644526036269, 0.02799937699621002, 0.02818388188652303, 0.02806005928616626, 0.028083982827741123, 0.02781538632605852, 0.027763976455106594, 0.028120518002563644, 0.028688559534023904, 0.029389365084960088, 0.030059907204608147, 0.03052096911154336, 0.031053468449087778, 0.03142000488428638, 0.03173833045042581, 0.031892653890475096, 0.03198060527161537, 0.031944507243272385, 0.03180892531117334, 0.03180195743523648, 0.03175983113429147, 0.03185651864929952, 0.032146459060636644, 0.032526908876218445, 0.033087790299913135, 0.03370146462957083, 0.0342847740780508, 0.0344768243549477, 0.03441738754137779, 0.034008301029805295]",0.0370883147011733,0.09366163921866455,0.009796989190041107,0.03577096714073419,0.0,0.0,0.039749345204691866,0.09366163921866455,0.009796989190041107,0.03577096714073419,6.3839999999999995,1717635307.0992541,2024-06-06_10-55-07
0.5059,0.04224,0.4273017788365637,0.41301222404027166,0.03315239534080113,0.46197553610255326,0.5059,0.04224,0.46845228269142536,0.41301222404027166,0.03315239534080113,0.46197553610255326,0.035844860180821725,"[0.011315756658919754, 0.012192407496521018, 0.01288995615295488, 0.01359963525141729, 0.014321891165186378, 0.015181047888625853, 0.01592941522152252, 0.01673874496494045, 0.01751440457689525, 0.01835087734908702, 0.019202544572813795, 0.020070622325609303, 0.02095627718778323, 0.02186061264947246, 0.022737260153569413, 0.023681097053535004, 0.024646250751560458, 0.025633386418693636, 0.02659237614956749, 0.027623542314219474, 0.0286250346734827, 0.029647102596467904, 0.03056454213255984, 0.031680305841655834, 0.03263530150735364, 0.033606764937046466, 0.034593095597664145, 0.03536350794006898, 0.035930760474075646, 0.03631257033147624, 0.03661317474198803, 0.03688385713543919, 0.03738127616234113, 0.037934719347479336, 0.03858163380471939, 0.03921882339006296, 0.03999131852533767, 0.04074980907886149, 0.04127472956039594, 0.04151563832077664, 0.04151964454301027, 0.04123464219442919, 0.04096829512038153, 0.04056460486818273, 0.04028281736824196, 0.04000166841569801, 0.03919762289117317, 0.037812479337396496, 0.03622310391275238, 0.03453579653228067, 0.0330206041779641, 0.031565009966306234, 0.03054064037737075, 0.029904305612678588, 0.029394155816597912, 0.028896840658953926, 0.02825322628704274, 0.027685220830545497, 0.02666364029859006, 0.025486033827772144, 0.02414387260068274, 0.023028867611909868, 0.022681878550084772, 0.02299235797660897, 0.02387546679328945, 0.024738332374206702, 0.025547718436096926, 0.026640938816603423, 0.02759836215880636, 0.028240938725365098, 0.028199955208514017, 0.028168175430310402, 0.02767018559717724, 0.027414861073674215, 0.027239233260695786, 0.0274939869379551, 0.027874761581110984, 0.02868161073982207, 0.029514734605865275, 0.030345172291974937, 0.031248268714928727, 0.032298002681611045, 0.033509628354587276, 0.0348066615601669, 0.03569061118903811, 0.03631377821401384, 0.03654105211474412, 0.03646788532881584, 0.03572808397059345, 0.03427781350345514, 0.03309813106562172, 0.031639416134799855, 0.02970329439236902, 0.027599049067936567, 0.02603054913364457, 0.024090316372098155, 0.02220132238001286, 0.02051452966091278, 0.019044426362309692, 0.017805605247084858, 0.01643252777018217, 0.01523003850809785, 0.01424180324883461, 0.013706552220618947, 0.0130880570946912, 0.012988920737072255, 0.013178248200839212, 0.013386796436950147, 0.01359897371732897, 0.01439195864266014, 0.015495810506657983, 0.016686507754200334, 0.01807173050136072, 0.019341411872889052, 0.020370802976522343, 0.0213787239197115, 0.02262888584538598, 0.02401686851684336, 0.025523335513576738, 0.026670410326906566, 0.02758824337325398, 0.02810647098585074, 0.028219175888028712, 0.02804128716256827, 0.027840212128430745, 0.02799079668741686, 0.027988272685847155, 0.02831306909632167, 0.028434723397990712, 0.0285549391753426, 0.02832607944879636, 0.02800347501499142, 0.027460301198426997, 0.02681840364884072, 0.026203190519756815, 0.02552364346313934, 0.024940794741503684, 0.024553643852497812, 0.024009602077058226, 0.023587486328410737, 0.023053226444370627, 0.02237349941244249, 0.021247392964358097, 0.01948489409103017, 0.01759577829009665, 0.015969918059865678, 0.014849832783247986, 0.014164911869984548, 0.013546042864334782, 0.01328357500957488, 0.012905521640083246, 0.012806686101790404, 0.01256569256360443, 0.01270015008783326, 0.013333718053885597, 0.014364706842779438, 0.015230812921928084, 0.016214173123414017, 0.017422309714956504, 0.01848297873673576, 0.019690103784110968, 0.02062988015396428, 0.021304326954883004, 0.021542023987470748, 0.021445001132587415, 0.02128479356968176, 0.021154257299581803, 0.020548768777841446, 0.020419411659703072, 0.020346908766621045, 0.02018386842926173, 0.020060715556614095, 0.019970155121820186, 0.019905412966441507, 0.019860328269953802, 0.019689549628068632, 0.019110038324468673, 0.018401772510693467, 0.01773443768827515, 0.01691379473734185, 0.0163889904882787, 0.015891976533507178, 0.015695148472402557, 0.015634975895130635, 0.01548249397414641, 0.015250362203767827, 0.01446715870868431, 0.013690714184349355, 0.013111437378948002, 0.01280400987898366, 0.012789088065484542, 0.012885508256999974, 0.012645414791893052, 0.012533763320360268, 0.01300792748125149, 0.014045480441271196, 0.015593406388961941, 0.017496649938682926, 0.01947963017829757, 0.021814960986639112, 0.0244888991790445, 0.027455202671237973, 0.030462142682767764, 0.03347516022004274, 0.03632355277573078, 0.03911728575744543, 0.041489125175428104, 0.043617926344794986, 0.04507509866910146, 0.045973158335007626, 0.046666313335408376, 0.047747911364257295, 0.04910015737076979, 0.051170936172887156, 0.05323921785426519, 0.05484930583024696, 0.05598397968583077, 0.056516639752925084, 0.05678375349578094, 0.05655312215346535, 0.05709318659280136, 0.05753330561326649, 0.05822424761198231, 0.05856641837777238, 0.058663546697002605, 0.05829520111627496, 0.058019458378357286, 0.05786276302771312, 0.057678835712609886, 0.05721489013034267, 0.05620972754199197, 0.05488023496470325, 0.05291870088860013, 0.05085359195424363, 0.04836971777146554, 0.045888993393773454, 0.04332790860019442, 0.040721243397433354, 0.03815348906679705, 0.03609755066086763, 0.03431153121207709, 0.03269994312791247, 0.03113246913067769, 0.029533434333839276, 0.02779284963423818, 0.02581340528028532, 0.023636664296078556, 0.021032966406022018, 0.018298152858289164, 0.015471223173718233, 0.012975006021594128, 0.011476514573927241, 0.011190786613452559, 0.012013514795745658, 0.013192708648177051, 0.0146026096239084, 0.016627808096549106, 0.019288816219412905, 0.022115031993867204, 0.024956066779425322, 0.027947127033299147, 0.030317719296220055, 0.03213024736687776, 0.033908117916643665, 0.035613155393420214, 0.03695858371541455, 0.0370883147011733, 0.035844860180821725, 0.03331269225961453, 0.030127822662769057, 0.026675716455458534, 0.02305094507263966, 0.019294584365168215, 0.016588874620184203, 0.013459760460278334, 0.010513659470637583, 0.008184205378854309, 0.005908681970234855, 0.003908372487361734, 0.002250880846271649, 0.001837561814419065, 0.003902446460586522, 0.00649131804032715, 0.008842266053540701, 0.011337576744963709, 0.013847821453172829, 0.016241515374979285, 0.018506880743639053, 0.020753891025054552, 0.022854281545735794, 0.025177910908837288, 0.027764777035113285, 0.0302577363231247, 0.032552204835272186, 0.033962244268502154, 0.03530995724171245, 0.036795414568091225, 0.03840706162943578, 0.039993850675796264, 0.04133645030179679, 0.04211247094820217, 0.04239213751353172, 0.042192499106345205, 0.04200269786908514, 0.041897190162155235, 0.041830932940717325, 0.04166737666619139, 0.04206882264734189, 0.0426127097658282, 0.042895687146734904, 0.04300135533202284, 0.04249799814293581, 0.041897582995049115, 0.04072077112408416, 0.03927976254850985, 0.037331499513228325, 0.035889992777759706, 0.03456359233645024, 0.033243529781910974, 0.03199033675126687, 0.03059935779738079, 0.029272240636492235, 0.027900707354997015, 0.02654938414970694, 0.02543173352052397, 0.024311103096379235, 0.023065212419431085, 0.021685454855791198, 0.02041159885695607, 0.019056064221564174, 0.017656707279948437, 0.01626614648165674, 0.015012383850973622, 0.013603567963072178, 0.012189757837366814, 0.010674529938407772, 0.009407142987148039, 0.008344525906195775, 0.007439054007672372, 0.0072034584519923735, 0.007775010970036668, 0.009047582903156274, 0.010731538882415681, 0.01253460028234948, 0.014333543563369548, 0.016070624592636203, 0.017817726146123574, 0.019557256660804743, 0.02116824086555951, 0.022529303997840977, 0.023628588936546305, 0.02391411988476377, 0.02359656311707365, 0.022355277074164143, 0.020961866673625245, 0.018393580144489934, 0.015660552711922182, 0.013874328661167971, 0.01254026736778108, 0.011812131260623127, 0.010800298354986543, 0.00961805971638548, 0.008471507575266851, 0.007656757785702683, 0.006719580941926242, 0.0056999472982024405, 0.005125787188458596, 0.00504686530895439, 0.005697178935649704, 0.006245540782853768, 0.0070976650798796875, 0.007900543705723831, 0.008755370167568399, 0.009807746909975117, 0.011209592216881203, 0.01276960312030194, 0.014467251258771754, 0.015865855510978952, 0.01751794577394112, 0.01978728846519214, 0.022540086452385207, 0.024859037758439572, 0.02589623397823137, 0.02611181133516041, 0.026565850619759173, 0.0272557734372972, 0.02776644526036269, 0.02799937699621002, 0.02818388188652303, 0.02806005928616626, 0.028083982827741123, 0.02781538632605852, 0.027763976455106594, 0.028120518002563644, 0.028688559534023904, 0.029389365084960088, 0.030059907204608147, 0.03052096911154336, 0.031053468449087778, 0.03142000488428638, 0.03173833045042581, 0.031892653890475096, 0.03198060527161537, 0.031944507243272385, 0.03180892531117334, 0.03180195743523648, 0.03175983113429147, 0.03185651864929952, 0.032146459060636644, 0.032526908876218445, 0.033087790299913135, 0.03370146462957083, 0.0342847740780508, 0.0344768243549477, 0.03441738754137779, 0.034008301029805295]",0.035844860180821725,0.09288777595972836,0.009087604659198868,0.03467375726598959,0.0,0.0,0.041150503854861686,0.09288777595972836,0.009087604659198868,0.03467375726598959,6.408,1717635307.123113,2024-06-06_10-55-07
0.5059,0.042960000000000026,0.42570121777402187,0.41393633691548753,0.03508440127329614,0.45806957284930677,0.5059,0.042960000000000026,0.46827434262320394,0.41393633691548753,0.03508440127329614,0.45806957284930677,0.03331269225961453,"[0.011315756658919754, 0.012192407496521018, 0.01288995615295488, 0.01359963525141729, 0.014321891165186378, 0.015181047888625853, 0.01592941522152252, 0.01673874496494045, 0.01751440457689525, 0.01835087734908702, 0.019202544572813795, 0.020070622325609303, 0.02095627718778323, 0.02186061264947246, 0.022737260153569413, 0.023681097053535004, 0.024646250751560458, 0.025633386418693636, 0.02659237614956749, 0.027623542314219474, 0.0286250346734827, 0.029647102596467904, 0.03056454213255984, 0.031680305841655834, 0.03263530150735364, 0.033606764937046466, 0.034593095597664145, 0.03536350794006898, 0.035930760474075646, 0.03631257033147624, 0.03661317474198803, 0.03688385713543919, 0.03738127616234113, 0.037934719347479336, 0.03858163380471939, 0.03921882339006296, 0.03999131852533767, 0.04074980907886149, 0.04127472956039594, 0.04151563832077664, 0.04151964454301027, 0.04123464219442919, 0.04096829512038153, 0.04056460486818273, 0.04028281736824196, 0.04000166841569801, 0.03919762289117317, 0.037812479337396496, 0.03622310391275238, 0.03453579653228067, 0.0330206041779641, 0.031565009966306234, 0.03054064037737075, 0.029904305612678588, 0.029394155816597912, 0.028896840658953926, 0.02825322628704274, 0.027685220830545497, 0.02666364029859006, 0.025486033827772144, 0.02414387260068274, 0.023028867611909868, 0.022681878550084772, 0.02299235797660897, 0.02387546679328945, 0.024738332374206702, 0.025547718436096926, 0.026640938816603423, 0.02759836215880636, 0.028240938725365098, 0.028199955208514017, 0.028168175430310402, 0.02767018559717724, 0.027414861073674215, 0.027239233260695786, 0.0274939869379551, 0.027874761581110984, 0.02868161073982207, 0.029514734605865275, 0.030345172291974937, 0.031248268714928727, 0.032298002681611045, 0.033509628354587276, 0.0348066615601669, 0.03569061118903811, 0.03631377821401384, 0.03654105211474412, 0.03646788532881584, 0.03572808397059345, 0.03427781350345514, 0.03309813106562172, 0.031639416134799855, 0.02970329439236902, 0.027599049067936567, 0.02603054913364457, 0.024090316372098155, 0.02220132238001286, 0.02051452966091278, 0.019044426362309692, 0.017805605247084858, 0.01643252777018217, 0.01523003850809785, 0.01424180324883461, 0.013706552220618947, 0.0130880570946912, 0.012988920737072255, 0.013178248200839212, 0.013386796436950147, 0.01359897371732897, 0.01439195864266014, 0.015495810506657983, 0.016686507754200334, 0.01807173050136072, 0.019341411872889052, 0.020370802976522343, 0.0213787239197115, 0.02262888584538598, 0.02401686851684336, 0.025523335513576738, 0.026670410326906566, 0.02758824337325398, 0.02810647098585074, 0.028219175888028712, 0.02804128716256827, 0.027840212128430745, 0.02799079668741686, 0.027988272685847155, 0.02831306909632167, 0.028434723397990712, 0.0285549391753426, 0.02832607944879636, 0.02800347501499142, 0.027460301198426997, 0.02681840364884072, 0.026203190519756815, 0.02552364346313934, 0.024940794741503684, 0.024553643852497812, 0.024009602077058226, 0.023587486328410737, 0.023053226444370627, 0.02237349941244249, 0.021247392964358097, 0.01948489409103017, 0.01759577829009665, 0.015969918059865678, 0.014849832783247986, 0.014164911869984548, 0.013546042864334782, 0.01328357500957488, 0.012905521640083246, 0.012806686101790404, 0.01256569256360443, 0.01270015008783326, 0.013333718053885597, 0.014364706842779438, 0.015230812921928084, 0.016214173123414017, 0.017422309714956504, 0.01848297873673576, 0.019690103784110968, 0.02062988015396428, 0.021304326954883004, 0.021542023987470748, 0.021445001132587415, 0.02128479356968176, 0.021154257299581803, 0.020548768777841446, 0.020419411659703072, 0.020346908766621045, 0.02018386842926173, 0.020060715556614095, 0.019970155121820186, 0.019905412966441507, 0.019860328269953802, 0.019689549628068632, 0.019110038324468673, 0.018401772510693467, 0.01773443768827515, 0.01691379473734185, 0.0163889904882787, 0.015891976533507178, 0.015695148472402557, 0.015634975895130635, 0.01548249397414641, 0.015250362203767827, 0.01446715870868431, 0.013690714184349355, 0.013111437378948002, 0.01280400987898366, 0.012789088065484542, 0.012885508256999974, 0.012645414791893052, 0.012533763320360268, 0.01300792748125149, 0.014045480441271196, 0.015593406388961941, 0.017496649938682926, 0.01947963017829757, 0.021814960986639112, 0.0244888991790445, 0.027455202671237973, 0.030462142682767764, 0.03347516022004274, 0.03632355277573078, 0.03911728575744543, 0.041489125175428104, 0.043617926344794986, 0.04507509866910146, 0.045973158335007626, 0.046666313335408376, 0.047747911364257295, 0.04910015737076979, 0.051170936172887156, 0.05323921785426519, 0.05484930583024696, 0.05598397968583077, 0.056516639752925084, 0.05678375349578094, 0.05655312215346535, 0.05709318659280136, 0.05753330561326649, 0.05822424761198231, 0.05856641837777238, 0.058663546697002605, 0.05829520111627496, 0.058019458378357286, 0.05786276302771312, 0.057678835712609886, 0.05721489013034267, 0.05620972754199197, 0.05488023496470325, 0.05291870088860013, 0.05085359195424363, 0.04836971777146554, 0.045888993393773454, 0.04332790860019442, 0.040721243397433354, 0.03815348906679705, 0.03609755066086763, 0.03431153121207709, 0.03269994312791247, 0.03113246913067769, 0.029533434333839276, 0.02779284963423818, 0.02581340528028532, 0.023636664296078556, 0.021032966406022018, 0.018298152858289164, 0.015471223173718233, 0.012975006021594128, 0.011476514573927241, 0.011190786613452559, 0.012013514795745658, 0.013192708648177051, 0.0146026096239084, 0.016627808096549106, 0.019288816219412905, 0.022115031993867204, 0.024956066779425322, 0.027947127033299147, 0.030317719296220055, 0.03213024736687776, 0.033908117916643665, 0.035613155393420214, 0.03695858371541455, 0.0370883147011733, 0.035844860180821725, 0.03331269225961453, 0.030127822662769057, 0.026675716455458534, 0.02305094507263966, 0.019294584365168215, 0.016588874620184203, 0.013459760460278334, 0.010513659470637583, 0.008184205378854309, 0.005908681970234855, 0.003908372487361734, 0.002250880846271649, 0.001837561814419065, 0.003902446460586522, 0.00649131804032715, 0.008842266053540701, 0.011337576744963709, 0.013847821453172829, 0.016241515374979285, 0.018506880743639053, 0.020753891025054552, 0.022854281545735794, 0.025177910908837288, 0.027764777035113285, 0.0302577363231247, 0.032552204835272186, 0.033962244268502154, 0.03530995724171245, 0.036795414568091225, 0.03840706162943578, 0.039993850675796264, 0.04133645030179679, 0.04211247094820217, 0.04239213751353172, 0.042192499106345205, 0.04200269786908514, 0.041897190162155235, 0.041830932940717325, 0.04166737666619139, 0.04206882264734189, 0.0426127097658282, 0.042895687146734904, 0.04300135533202284, 0.04249799814293581, 0.041897582995049115, 0.04072077112408416, 0.03927976254850985, 0.037331499513228325, 0.035889992777759706, 0.03456359233645024, 0.033243529781910974, 0.03199033675126687, 0.03059935779738079, 0.029272240636492235, 0.027900707354997015, 0.02654938414970694, 0.02543173352052397, 0.024311103096379235, 0.023065212419431085, 0.021685454855791198, 0.02041159885695607, 0.019056064221564174, 0.017656707279948437, 0.01626614648165674, 0.015012383850973622, 0.013603567963072178, 0.012189757837366814, 0.010674529938407772, 0.009407142987148039, 0.008344525906195775, 0.007439054007672372, 0.0072034584519923735, 0.007775010970036668, 0.009047582903156274, 0.010731538882415681, 0.01253460028234948, 0.014333543563369548, 0.016070624592636203, 0.017817726146123574, 0.019557256660804743, 0.02116824086555951, 0.022529303997840977, 0.023628588936546305, 0.02391411988476377, 0.02359656311707365, 0.022355277074164143, 0.020961866673625245, 0.018393580144489934, 0.015660552711922182, 0.013874328661167971, 0.01254026736778108, 0.011812131260623127, 0.010800298354986543, 0.00961805971638548, 0.008471507575266851, 0.007656757785702683, 0.006719580941926242, 0.0056999472982024405, 0.005125787188458596, 0.00504686530895439, 0.005697178935649704, 0.006245540782853768, 0.0070976650798796875, 0.007900543705723831, 0.008755370167568399, 0.009807746909975117, 0.011209592216881203, 0.01276960312030194, 0.014467251258771754, 0.015865855510978952, 0.01751794577394112, 0.01978728846519214, 0.022540086452385207, 0.024859037758439572, 0.02589623397823137, 0.02611181133516041, 0.026565850619759173, 0.0272557734372972, 0.02776644526036269, 0.02799937699621002, 0.02818388188652303, 0.02806005928616626, 0.028083982827741123, 0.02781538632605852, 0.027763976455106594, 0.028120518002563644, 0.028688559534023904, 0.029389365084960088, 0.030059907204608147, 0.03052096911154336, 0.031053468449087778, 0.03142000488428638, 0.03173833045042581, 0.031892653890475096, 0.03198060527161537, 0.031944507243272385, 0.03180892531117334, 0.03180195743523648, 0.03175983113429147, 0.03185651864929952, 0.032146459060636644, 0.032526908876218445, 0.033087790299913135, 0.03370146462957083, 0.0342847740780508, 0.0344768243549477, 0.03441738754137779, 0.034008301029805295]",0.03331269225961453,0.09196366308451248,0.007875598726703889,0.032368355075284905,0.0,0.0,0.042573124849182076,0.09196366308451248,0.007875598726703889,0.032368355075284905,6.432,1717635307.1470542,2024-06-06_10-55-07
0.5059,0.043680000000000024,0.42422612701817,0.41491132205443304,0.03746256325926671,0.4537054278710437,0.5059,0.043680000000000024,0.4682218728616725,0.41491132205443304,0.03746256325926671,0.4537054278710437,0.030127822662769057,"[0.011315756658919754, 0.012192407496521018, 0.01288995615295488, 0.01359963525141729, 0.014321891165186378, 0.015181047888625853, 0.01592941522152252, 0.01673874496494045, 0.01751440457689525, 0.01835087734908702, 0.019202544572813795, 0.020070622325609303, 0.02095627718778323, 0.02186061264947246, 0.022737260153569413, 0.023681097053535004, 0.024646250751560458, 0.025633386418693636, 0.02659237614956749, 0.027623542314219474, 0.0286250346734827, 0.029647102596467904, 0.03056454213255984, 0.031680305841655834, 0.03263530150735364, 0.033606764937046466, 0.034593095597664145, 0.03536350794006898, 0.035930760474075646, 0.03631257033147624, 0.03661317474198803, 0.03688385713543919, 0.03738127616234113, 0.037934719347479336, 0.03858163380471939, 0.03921882339006296, 0.03999131852533767, 0.04074980907886149, 0.04127472956039594, 0.04151563832077664, 0.04151964454301027, 0.04123464219442919, 0.04096829512038153, 0.04056460486818273, 0.04028281736824196, 0.04000166841569801, 0.03919762289117317, 0.037812479337396496, 0.03622310391275238, 0.03453579653228067, 0.0330206041779641, 0.031565009966306234, 0.03054064037737075, 0.029904305612678588, 0.029394155816597912, 0.028896840658953926, 0.02825322628704274, 0.027685220830545497, 0.02666364029859006, 0.025486033827772144, 0.02414387260068274, 0.023028867611909868, 0.022681878550084772, 0.02299235797660897, 0.02387546679328945, 0.024738332374206702, 0.025547718436096926, 0.026640938816603423, 0.02759836215880636, 0.028240938725365098, 0.028199955208514017, 0.028168175430310402, 0.02767018559717724, 0.027414861073674215, 0.027239233260695786, 0.0274939869379551, 0.027874761581110984, 0.02868161073982207, 0.029514734605865275, 0.030345172291974937, 0.031248268714928727, 0.032298002681611045, 0.033509628354587276, 0.0348066615601669, 0.03569061118903811, 0.03631377821401384, 0.03654105211474412, 0.03646788532881584, 0.03572808397059345, 0.03427781350345514, 0.03309813106562172, 0.031639416134799855, 0.02970329439236902, 0.027599049067936567, 0.02603054913364457, 0.024090316372098155, 0.02220132238001286, 0.02051452966091278, 0.019044426362309692, 0.017805605247084858, 0.01643252777018217, 0.01523003850809785, 0.01424180324883461, 0.013706552220618947, 0.0130880570946912, 0.012988920737072255, 0.013178248200839212, 0.013386796436950147, 0.01359897371732897, 0.01439195864266014, 0.015495810506657983, 0.016686507754200334, 0.01807173050136072, 0.019341411872889052, 0.020370802976522343, 0.0213787239197115, 0.02262888584538598, 0.02401686851684336, 0.025523335513576738, 0.026670410326906566, 0.02758824337325398, 0.02810647098585074, 0.028219175888028712, 0.02804128716256827, 0.027840212128430745, 0.02799079668741686, 0.027988272685847155, 0.02831306909632167, 0.028434723397990712, 0.0285549391753426, 0.02832607944879636, 0.02800347501499142, 0.027460301198426997, 0.02681840364884072, 0.026203190519756815, 0.02552364346313934, 0.024940794741503684, 0.024553643852497812, 0.024009602077058226, 0.023587486328410737, 0.023053226444370627, 0.02237349941244249, 0.021247392964358097, 0.01948489409103017, 0.01759577829009665, 0.015969918059865678, 0.014849832783247986, 0.014164911869984548, 0.013546042864334782, 0.01328357500957488, 0.012905521640083246, 0.012806686101790404, 0.01256569256360443, 0.01270015008783326, 0.013333718053885597, 0.014364706842779438, 0.015230812921928084, 0.016214173123414017, 0.017422309714956504, 0.01848297873673576, 0.019690103784110968, 0.02062988015396428, 0.021304326954883004, 0.021542023987470748, 0.021445001132587415, 0.02128479356968176, 0.021154257299581803, 0.020548768777841446, 0.020419411659703072, 0.020346908766621045, 0.02018386842926173, 0.020060715556614095, 0.019970155121820186, 0.019905412966441507, 0.019860328269953802, 0.019689549628068632, 0.019110038324468673, 0.018401772510693467, 0.01773443768827515, 0.01691379473734185, 0.0163889904882787, 0.015891976533507178, 0.015695148472402557, 0.015634975895130635, 0.01548249397414641, 0.015250362203767827, 0.01446715870868431, 0.013690714184349355, 0.013111437378948002, 0.01280400987898366, 0.012789088065484542, 0.012885508256999974, 0.012645414791893052, 0.012533763320360268, 0.01300792748125149, 0.014045480441271196, 0.015593406388961941, 0.017496649938682926, 0.01947963017829757, 0.021814960986639112, 0.0244888991790445, 0.027455202671237973, 0.030462142682767764, 0.03347516022004274, 0.03632355277573078, 0.03911728575744543, 0.041489125175428104, 0.043617926344794986, 0.04507509866910146, 0.045973158335007626, 0.046666313335408376, 0.047747911364257295, 0.04910015737076979, 0.051170936172887156, 0.05323921785426519, 0.05484930583024696, 0.05598397968583077, 0.056516639752925084, 0.05678375349578094, 0.05655312215346535, 0.05709318659280136, 0.05753330561326649, 0.05822424761198231, 0.05856641837777238, 0.058663546697002605, 0.05829520111627496, 0.058019458378357286, 0.05786276302771312, 0.057678835712609886, 0.05721489013034267, 0.05620972754199197, 0.05488023496470325, 0.05291870088860013, 0.05085359195424363, 0.04836971777146554, 0.045888993393773454, 0.04332790860019442, 0.040721243397433354, 0.03815348906679705, 0.03609755066086763, 0.03431153121207709, 0.03269994312791247, 0.03113246913067769, 0.029533434333839276, 0.02779284963423818, 0.02581340528028532, 0.023636664296078556, 0.021032966406022018, 0.018298152858289164, 0.015471223173718233, 0.012975006021594128, 0.011476514573927241, 0.011190786613452559, 0.012013514795745658, 0.013192708648177051, 0.0146026096239084, 0.016627808096549106, 0.019288816219412905, 0.022115031993867204, 0.024956066779425322, 0.027947127033299147, 0.030317719296220055, 0.03213024736687776, 0.033908117916643665, 0.035613155393420214, 0.03695858371541455, 0.0370883147011733, 0.035844860180821725, 0.03331269225961453, 0.030127822662769057, 0.026675716455458534, 0.02305094507263966, 0.019294584365168215, 0.016588874620184203, 0.013459760460278334, 0.010513659470637583, 0.008184205378854309, 0.005908681970234855, 0.003908372487361734, 0.002250880846271649, 0.001837561814419065, 0.003902446460586522, 0.00649131804032715, 0.008842266053540701, 0.011337576744963709, 0.013847821453172829, 0.016241515374979285, 0.018506880743639053, 0.020753891025054552, 0.022854281545735794, 0.025177910908837288, 0.027764777035113285, 0.0302577363231247, 0.032552204835272186, 0.033962244268502154, 0.03530995724171245, 0.036795414568091225, 0.03840706162943578, 0.039993850675796264, 0.04133645030179679, 0.04211247094820217, 0.04239213751353172, 0.042192499106345205, 0.04200269786908514, 0.041897190162155235, 0.041830932940717325, 0.04166737666619139, 0.04206882264734189, 0.0426127097658282, 0.042895687146734904, 0.04300135533202284, 0.04249799814293581, 0.041897582995049115, 0.04072077112408416, 0.03927976254850985, 0.037331499513228325, 0.035889992777759706, 0.03456359233645024, 0.033243529781910974, 0.03199033675126687, 0.03059935779738079, 0.029272240636492235, 0.027900707354997015, 0.02654938414970694, 0.02543173352052397, 0.024311103096379235, 0.023065212419431085, 0.021685454855791198, 0.02041159885695607, 0.019056064221564174, 0.017656707279948437, 0.01626614648165674, 0.015012383850973622, 0.013603567963072178, 0.012189757837366814, 0.010674529938407772, 0.009407142987148039, 0.008344525906195775, 0.007439054007672372, 0.0072034584519923735, 0.007775010970036668, 0.009047582903156274, 0.010731538882415681, 0.01253460028234948, 0.014333543563369548, 0.016070624592636203, 0.017817726146123574, 0.019557256660804743, 0.02116824086555951, 0.022529303997840977, 0.023628588936546305, 0.02391411988476377, 0.02359656311707365, 0.022355277074164143, 0.020961866673625245, 0.018393580144489934, 0.015660552711922182, 0.013874328661167971, 0.01254026736778108, 0.011812131260623127, 0.010800298354986543, 0.00961805971638548, 0.008471507575266851, 0.007656757785702683, 0.006719580941926242, 0.0056999472982024405, 0.005125787188458596, 0.00504686530895439, 0.005697178935649704, 0.006245540782853768, 0.0070976650798796875, 0.007900543705723831, 0.008755370167568399, 0.009807746909975117, 0.011209592216881203, 0.01276960312030194, 0.014467251258771754, 0.015865855510978952, 0.01751794577394112, 0.01978728846519214, 0.022540086452385207, 0.024859037758439572, 0.02589623397823137, 0.02611181133516041, 0.026565850619759173, 0.0272557734372972, 0.02776644526036269, 0.02799937699621002, 0.02818388188652303, 0.02806005928616626, 0.028083982827741123, 0.02781538632605852, 0.027763976455106594, 0.028120518002563644, 0.028688559534023904, 0.029389365084960088, 0.030059907204608147, 0.03052096911154336, 0.031053468449087778, 0.03142000488428638, 0.03173833045042581, 0.031892653890475096, 0.03198060527161537, 0.031944507243272385, 0.03180892531117334, 0.03180195743523648, 0.03175983113429147, 0.03185651864929952, 0.032146459060636644, 0.032526908876218445, 0.033087790299913135, 0.03370146462957083, 0.0342847740780508, 0.0344768243549477, 0.03441738754137779, 0.034008301029805295]",0.030127822662769057,0.09098867794556698,0.006217436740733315,0.029479300852873702,0.0,0.0,0.04399574584350252,0.09098867794556698,0.006217436740733315,0.029479300852873702,6.4559999999999995,1717635307.1736207,2024-06-06_10-55-07
0.5059,0.044399999999999995,0.4228820142770967,0.41600310282565184,0.0397038108235835,0.4491411013829222,0.5059,0.044399999999999995,0.4683003811149196,0.41600310282565184,0.0397038108235835,0.4491411013829222,0.026675716455458534,"[0.011315756658919754, 0.012192407496521018, 0.01288995615295488, 0.01359963525141729, 0.014321891165186378, 0.015181047888625853, 0.01592941522152252, 0.01673874496494045, 0.01751440457689525, 0.01835087734908702, 0.019202544572813795, 0.020070622325609303, 0.02095627718778323, 0.02186061264947246, 0.022737260153569413, 0.023681097053535004, 0.024646250751560458, 0.025633386418693636, 0.02659237614956749, 0.027623542314219474, 0.0286250346734827, 0.029647102596467904, 0.03056454213255984, 0.031680305841655834, 0.03263530150735364, 0.033606764937046466, 0.034593095597664145, 0.03536350794006898, 0.035930760474075646, 0.03631257033147624, 0.03661317474198803, 0.03688385713543919, 0.03738127616234113, 0.037934719347479336, 0.03858163380471939, 0.03921882339006296, 0.03999131852533767, 0.04074980907886149, 0.04127472956039594, 0.04151563832077664, 0.04151964454301027, 0.04123464219442919, 0.04096829512038153, 0.04056460486818273, 0.04028281736824196, 0.04000166841569801, 0.03919762289117317, 0.037812479337396496, 0.03622310391275238, 0.03453579653228067, 0.0330206041779641, 0.031565009966306234, 0.03054064037737075, 0.029904305612678588, 0.029394155816597912, 0.028896840658953926, 0.02825322628704274, 0.027685220830545497, 0.02666364029859006, 0.025486033827772144, 0.02414387260068274, 0.023028867611909868, 0.022681878550084772, 0.02299235797660897, 0.02387546679328945, 0.024738332374206702, 0.025547718436096926, 0.026640938816603423, 0.02759836215880636, 0.028240938725365098, 0.028199955208514017, 0.028168175430310402, 0.02767018559717724, 0.027414861073674215, 0.027239233260695786, 0.0274939869379551, 0.027874761581110984, 0.02868161073982207, 0.029514734605865275, 0.030345172291974937, 0.031248268714928727, 0.032298002681611045, 0.033509628354587276, 0.0348066615601669, 0.03569061118903811, 0.03631377821401384, 0.03654105211474412, 0.03646788532881584, 0.03572808397059345, 0.03427781350345514, 0.03309813106562172, 0.031639416134799855, 0.02970329439236902, 0.027599049067936567, 0.02603054913364457, 0.024090316372098155, 0.02220132238001286, 0.02051452966091278, 0.019044426362309692, 0.017805605247084858, 0.01643252777018217, 0.01523003850809785, 0.01424180324883461, 0.013706552220618947, 0.0130880570946912, 0.012988920737072255, 0.013178248200839212, 0.013386796436950147, 0.01359897371732897, 0.01439195864266014, 0.015495810506657983, 0.016686507754200334, 0.01807173050136072, 0.019341411872889052, 0.020370802976522343, 0.0213787239197115, 0.02262888584538598, 0.02401686851684336, 0.025523335513576738, 0.026670410326906566, 0.02758824337325398, 0.02810647098585074, 0.028219175888028712, 0.02804128716256827, 0.027840212128430745, 0.02799079668741686, 0.027988272685847155, 0.02831306909632167, 0.028434723397990712, 0.0285549391753426, 0.02832607944879636, 0.02800347501499142, 0.027460301198426997, 0.02681840364884072, 0.026203190519756815, 0.02552364346313934, 0.024940794741503684, 0.024553643852497812, 0.024009602077058226, 0.023587486328410737, 0.023053226444370627, 0.02237349941244249, 0.021247392964358097, 0.01948489409103017, 0.01759577829009665, 0.015969918059865678, 0.014849832783247986, 0.014164911869984548, 0.013546042864334782, 0.01328357500957488, 0.012905521640083246, 0.012806686101790404, 0.01256569256360443, 0.01270015008783326, 0.013333718053885597, 0.014364706842779438, 0.015230812921928084, 0.016214173123414017, 0.017422309714956504, 0.01848297873673576, 0.019690103784110968, 0.02062988015396428, 0.021304326954883004, 0.021542023987470748, 0.021445001132587415, 0.02128479356968176, 0.021154257299581803, 0.020548768777841446, 0.020419411659703072, 0.020346908766621045, 0.02018386842926173, 0.020060715556614095, 0.019970155121820186, 0.019905412966441507, 0.019860328269953802, 0.019689549628068632, 0.019110038324468673, 0.018401772510693467, 0.01773443768827515, 0.01691379473734185, 0.0163889904882787, 0.015891976533507178, 0.015695148472402557, 0.015634975895130635, 0.01548249397414641, 0.015250362203767827, 0.01446715870868431, 0.013690714184349355, 0.013111437378948002, 0.01280400987898366, 0.012789088065484542, 0.012885508256999974, 0.012645414791893052, 0.012533763320360268, 0.01300792748125149, 0.014045480441271196, 0.015593406388961941, 0.017496649938682926, 0.01947963017829757, 0.021814960986639112, 0.0244888991790445, 0.027455202671237973, 0.030462142682767764, 0.03347516022004274, 0.03632355277573078, 0.03911728575744543, 0.041489125175428104, 0.043617926344794986, 0.04507509866910146, 0.045973158335007626, 0.046666313335408376, 0.047747911364257295, 0.04910015737076979, 0.051170936172887156, 0.05323921785426519, 0.05484930583024696, 0.05598397968583077, 0.056516639752925084, 0.05678375349578094, 0.05655312215346535, 0.05709318659280136, 0.05753330561326649, 0.05822424761198231, 0.05856641837777238, 0.058663546697002605, 0.05829520111627496, 0.058019458378357286, 0.05786276302771312, 0.057678835712609886, 0.05721489013034267, 0.05620972754199197, 0.05488023496470325, 0.05291870088860013, 0.05085359195424363, 0.04836971777146554, 0.045888993393773454, 0.04332790860019442, 0.040721243397433354, 0.03815348906679705, 0.03609755066086763, 0.03431153121207709, 0.03269994312791247, 0.03113246913067769, 0.029533434333839276, 0.02779284963423818, 0.02581340528028532, 0.023636664296078556, 0.021032966406022018, 0.018298152858289164, 0.015471223173718233, 0.012975006021594128, 0.011476514573927241, 0.011190786613452559, 0.012013514795745658, 0.013192708648177051, 0.0146026096239084, 0.016627808096549106, 0.019288816219412905, 0.022115031993867204, 0.024956066779425322, 0.027947127033299147, 0.030317719296220055, 0.03213024736687776, 0.033908117916643665, 0.035613155393420214, 0.03695858371541455, 0.0370883147011733, 0.035844860180821725, 0.03331269225961453, 0.030127822662769057, 0.026675716455458534, 0.02305094507263966, 0.019294584365168215, 0.016588874620184203, 0.013459760460278334, 0.010513659470637583, 0.008184205378854309, 0.005908681970234855, 0.003908372487361734, 0.002250880846271649, 0.001837561814419065, 0.003902446460586522, 0.00649131804032715, 0.008842266053540701, 0.011337576744963709, 0.013847821453172829, 0.016241515374979285, 0.018506880743639053, 0.020753891025054552, 0.022854281545735794, 0.025177910908837288, 0.027764777035113285, 0.0302577363231247, 0.032552204835272186, 0.033962244268502154, 0.03530995724171245, 0.036795414568091225, 0.03840706162943578, 0.039993850675796264, 0.04133645030179679, 0.04211247094820217, 0.04239213751353172, 0.042192499106345205, 0.04200269786908514, 0.041897190162155235, 0.041830932940717325, 0.04166737666619139, 0.04206882264734189, 0.0426127097658282, 0.042895687146734904, 0.04300135533202284, 0.04249799814293581, 0.041897582995049115, 0.04072077112408416, 0.03927976254850985, 0.037331499513228325, 0.035889992777759706, 0.03456359233645024, 0.033243529781910974, 0.03199033675126687, 0.03059935779738079, 0.029272240636492235, 0.027900707354997015, 0.02654938414970694, 0.02543173352052397, 0.024311103096379235, 0.023065212419431085, 0.021685454855791198, 0.02041159885695607, 0.019056064221564174, 0.017656707279948437, 0.01626614648165674, 0.015012383850973622, 0.013603567963072178, 0.012189757837366814, 0.010674529938407772, 0.009407142987148039, 0.008344525906195775, 0.007439054007672372, 0.0072034584519923735, 0.007775010970036668, 0.009047582903156274, 0.010731538882415681, 0.01253460028234948, 0.014333543563369548, 0.016070624592636203, 0.017817726146123574, 0.019557256660804743, 0.02116824086555951, 0.022529303997840977, 0.023628588936546305, 0.02391411988476377, 0.02359656311707365, 0.022355277074164143, 0.020961866673625245, 0.018393580144489934, 0.015660552711922182, 0.013874328661167971, 0.01254026736778108, 0.011812131260623127, 0.010800298354986543, 0.00961805971638548, 0.008471507575266851, 0.007656757785702683, 0.006719580941926242, 0.0056999472982024405, 0.005125787188458596, 0.00504686530895439, 0.005697178935649704, 0.006245540782853768, 0.0070976650798796875, 0.007900543705723831, 0.008755370167568399, 0.009807746909975117, 0.011209592216881203, 0.01276960312030194, 0.014467251258771754, 0.015865855510978952, 0.01751794577394112, 0.01978728846519214, 0.022540086452385207, 0.024859037758439572, 0.02589623397823137, 0.02611181133516041, 0.026565850619759173, 0.0272557734372972, 0.02776644526036269, 0.02799937699621002, 0.02818388188652303, 0.02806005928616626, 0.028083982827741123, 0.02781538632605852, 0.027763976455106594, 0.028120518002563644, 0.028688559534023904, 0.029389365084960088, 0.030059907204608147, 0.03052096911154336, 0.031053468449087778, 0.03142000488428638, 0.03173833045042581, 0.031892653890475096, 0.03198060527161537, 0.031944507243272385, 0.03180892531117334, 0.03180195743523648, 0.03175983113429147, 0.03185651864929952, 0.032146459060636644, 0.032526908876218445, 0.033087790299913135, 0.03370146462957083, 0.0342847740780508, 0.0344768243549477, 0.03441738754137779, 0.034008301029805295]",0.026675716455458534,0.08989689717434818,0.004696189176416496,0.026259087105825474,0.0,0.0,0.04541836683782291,0.08989689717434818,0.004696189176416496,0.026259087105825474,6.48,1717635307.1964948,2024-06-06_10-55-07
0.5059,0.04511999999999999,0.4216736327153891,0.4171716551744649,0.04177572913391005,0.44448069129636514,0.5059,0.04511999999999999,0.46852228877674057,0.4171716551744649,0.04177572913391005,0.44448069129636514,0.02305094507263966,"[0.011315756658919754, 0.012192407496521018, 0.01288995615295488, 0.01359963525141729, 0.014321891165186378, 0.015181047888625853, 0.01592941522152252, 0.01673874496494045, 0.01751440457689525, 0.01835087734908702, 0.019202544572813795, 0.020070622325609303, 0.02095627718778323, 0.02186061264947246, 0.022737260153569413, 0.023681097053535004, 0.024646250751560458, 0.025633386418693636, 0.02659237614956749, 0.027623542314219474, 0.0286250346734827, 0.029647102596467904, 0.03056454213255984, 0.031680305841655834, 0.03263530150735364, 0.033606764937046466, 0.034593095597664145, 0.03536350794006898, 0.035930760474075646, 0.03631257033147624, 0.03661317474198803, 0.03688385713543919, 0.03738127616234113, 0.037934719347479336, 0.03858163380471939, 0.03921882339006296, 0.03999131852533767, 0.04074980907886149, 0.04127472956039594, 0.04151563832077664, 0.04151964454301027, 0.04123464219442919, 0.04096829512038153, 0.04056460486818273, 0.04028281736824196, 0.04000166841569801, 0.03919762289117317, 0.037812479337396496, 0.03622310391275238, 0.03453579653228067, 0.0330206041779641, 0.031565009966306234, 0.03054064037737075, 0.029904305612678588, 0.029394155816597912, 0.028896840658953926, 0.02825322628704274, 0.027685220830545497, 0.02666364029859006, 0.025486033827772144, 0.02414387260068274, 0.023028867611909868, 0.022681878550084772, 0.02299235797660897, 0.02387546679328945, 0.024738332374206702, 0.025547718436096926, 0.026640938816603423, 0.02759836215880636, 0.028240938725365098, 0.028199955208514017, 0.028168175430310402, 0.02767018559717724, 0.027414861073674215, 0.027239233260695786, 0.0274939869379551, 0.027874761581110984, 0.02868161073982207, 0.029514734605865275, 0.030345172291974937, 0.031248268714928727, 0.032298002681611045, 0.033509628354587276, 0.0348066615601669, 0.03569061118903811, 0.03631377821401384, 0.03654105211474412, 0.03646788532881584, 0.03572808397059345, 0.03427781350345514, 0.03309813106562172, 0.031639416134799855, 0.02970329439236902, 0.027599049067936567, 0.02603054913364457, 0.024090316372098155, 0.02220132238001286, 0.02051452966091278, 0.019044426362309692, 0.017805605247084858, 0.01643252777018217, 0.01523003850809785, 0.01424180324883461, 0.013706552220618947, 0.0130880570946912, 0.012988920737072255, 0.013178248200839212, 0.013386796436950147, 0.01359897371732897, 0.01439195864266014, 0.015495810506657983, 0.016686507754200334, 0.01807173050136072, 0.019341411872889052, 0.020370802976522343, 0.0213787239197115, 0.02262888584538598, 0.02401686851684336, 0.025523335513576738, 0.026670410326906566, 0.02758824337325398, 0.02810647098585074, 0.028219175888028712, 0.02804128716256827, 0.027840212128430745, 0.02799079668741686, 0.027988272685847155, 0.02831306909632167, 0.028434723397990712, 0.0285549391753426, 0.02832607944879636, 0.02800347501499142, 0.027460301198426997, 0.02681840364884072, 0.026203190519756815, 0.02552364346313934, 0.024940794741503684, 0.024553643852497812, 0.024009602077058226, 0.023587486328410737, 0.023053226444370627, 0.02237349941244249, 0.021247392964358097, 0.01948489409103017, 0.01759577829009665, 0.015969918059865678, 0.014849832783247986, 0.014164911869984548, 0.013546042864334782, 0.01328357500957488, 0.012905521640083246, 0.012806686101790404, 0.01256569256360443, 0.01270015008783326, 0.013333718053885597, 0.014364706842779438, 0.015230812921928084, 0.016214173123414017, 0.017422309714956504, 0.01848297873673576, 0.019690103784110968, 0.02062988015396428, 0.021304326954883004, 0.021542023987470748, 0.021445001132587415, 0.02128479356968176, 0.021154257299581803, 0.020548768777841446, 0.020419411659703072, 0.020346908766621045, 0.02018386842926173, 0.020060715556614095, 0.019970155121820186, 0.019905412966441507, 0.019860328269953802, 0.019689549628068632, 0.019110038324468673, 0.018401772510693467, 0.01773443768827515, 0.01691379473734185, 0.0163889904882787, 0.015891976533507178, 0.015695148472402557, 0.015634975895130635, 0.01548249397414641, 0.015250362203767827, 0.01446715870868431, 0.013690714184349355, 0.013111437378948002, 0.01280400987898366, 0.012789088065484542, 0.012885508256999974, 0.012645414791893052, 0.012533763320360268, 0.01300792748125149, 0.014045480441271196, 0.015593406388961941, 0.017496649938682926, 0.01947963017829757, 0.021814960986639112, 0.0244888991790445, 0.027455202671237973, 0.030462142682767764, 0.03347516022004274, 0.03632355277573078, 0.03911728575744543, 0.041489125175428104, 0.043617926344794986, 0.04507509866910146, 0.045973158335007626, 0.046666313335408376, 0.047747911364257295, 0.04910015737076979, 0.051170936172887156, 0.05323921785426519, 0.05484930583024696, 0.05598397968583077, 0.056516639752925084, 0.05678375349578094, 0.05655312215346535, 0.05709318659280136, 0.05753330561326649, 0.05822424761198231, 0.05856641837777238, 0.058663546697002605, 0.05829520111627496, 0.058019458378357286, 0.05786276302771312, 0.057678835712609886, 0.05721489013034267, 0.05620972754199197, 0.05488023496470325, 0.05291870088860013, 0.05085359195424363, 0.04836971777146554, 0.045888993393773454, 0.04332790860019442, 0.040721243397433354, 0.03815348906679705, 0.03609755066086763, 0.03431153121207709, 0.03269994312791247, 0.03113246913067769, 0.029533434333839276, 0.02779284963423818, 0.02581340528028532, 0.023636664296078556, 0.021032966406022018, 0.018298152858289164, 0.015471223173718233, 0.012975006021594128, 0.011476514573927241, 0.011190786613452559, 0.012013514795745658, 0.013192708648177051, 0.0146026096239084, 0.016627808096549106, 0.019288816219412905, 0.022115031993867204, 0.024956066779425322, 0.027947127033299147, 0.030317719296220055, 0.03213024736687776, 0.033908117916643665, 0.035613155393420214, 0.03695858371541455, 0.0370883147011733, 0.035844860180821725, 0.03331269225961453, 0.030127822662769057, 0.026675716455458534, 0.02305094507263966, 0.019294584365168215, 0.016588874620184203, 0.013459760460278334, 0.010513659470637583, 0.008184205378854309, 0.005908681970234855, 0.003908372487361734, 0.002250880846271649, 0.001837561814419065, 0.003902446460586522, 0.00649131804032715, 0.008842266053540701, 0.011337576744963709, 0.013847821453172829, 0.016241515374979285, 0.018506880743639053, 0.020753891025054552, 0.022854281545735794, 0.025177910908837288, 0.027764777035113285, 0.0302577363231247, 0.032552204835272186, 0.033962244268502154, 0.03530995724171245, 0.036795414568091225, 0.03840706162943578, 0.039993850675796264, 0.04133645030179679, 0.04211247094820217, 0.04239213751353172, 0.042192499106345205, 0.04200269786908514, 0.041897190162155235, 0.041830932940717325, 0.04166737666619139, 0.04206882264734189, 0.0426127097658282, 0.042895687146734904, 0.04300135533202284, 0.04249799814293581, 0.041897582995049115, 0.04072077112408416, 0.03927976254850985, 0.037331499513228325, 0.035889992777759706, 0.03456359233645024, 0.033243529781910974, 0.03199033675126687, 0.03059935779738079, 0.029272240636492235, 0.027900707354997015, 0.02654938414970694, 0.02543173352052397, 0.024311103096379235, 0.023065212419431085, 0.021685454855791198, 0.02041159885695607, 0.019056064221564174, 0.017656707279948437, 0.01626614648165674, 0.015012383850973622, 0.013603567963072178, 0.012189757837366814, 0.010674529938407772, 0.009407142987148039, 0.008344525906195775, 0.007439054007672372, 0.0072034584519923735, 0.007775010970036668, 0.009047582903156274, 0.010731538882415681, 0.01253460028234948, 0.014333543563369548, 0.016070624592636203, 0.017817726146123574, 0.019557256660804743, 0.02116824086555951, 0.022529303997840977, 0.023628588936546305, 0.02391411988476377, 0.02359656311707365, 0.022355277074164143, 0.020961866673625245, 0.018393580144489934, 0.015660552711922182, 0.013874328661167971, 0.01254026736778108, 0.011812131260623127, 0.010800298354986543, 0.00961805971638548, 0.008471507575266851, 0.007656757785702683, 0.006719580941926242, 0.0056999472982024405, 0.005125787188458596, 0.00504686530895439, 0.005697178935649704, 0.006245540782853768, 0.0070976650798796875, 0.007900543705723831, 0.008755370167568399, 0.009807746909975117, 0.011209592216881203, 0.01276960312030194, 0.014467251258771754, 0.015865855510978952, 0.01751794577394112, 0.01978728846519214, 0.022540086452385207, 0.024859037758439572, 0.02589623397823137, 0.02611181133516041, 0.026565850619759173, 0.0272557734372972, 0.02776644526036269, 0.02799937699621002, 0.02818388188652303, 0.02806005928616626, 0.028083982827741123, 0.02781538632605852, 0.027763976455106594, 0.028120518002563644, 0.028688559534023904, 0.029389365084960088, 0.030059907204608147, 0.03052096911154336, 0.031053468449087778, 0.03142000488428638, 0.03173833045042581, 0.031892653890475096, 0.03198060527161537, 0.031944507243272385, 0.03180892531117334, 0.03180195743523648, 0.03175983113429147, 0.03185651864929952, 0.032146459060636644, 0.032526908876218445, 0.033087790299913135, 0.03370146462957083, 0.0342847740780508, 0.0344768243549477, 0.03441738754137779, 0.034008301029805295]",0.02305094507263966,0.0887283448255351,0.003344270866089946,0.022807058580976036,0.0,0.0,0.04684865606135147,0.0887283448255351,0.003344270866089946,0.022807058580976036,6.504,1717635307.219182,2024-06-06_10-55-07
0.5059,0.04584000000000002,0.42060496231244365,0.4186573985695834,0.04328255770308527,0.43972930477754674,0.5059,0.04584000000000002,0.4689222487433648,0.4186573985695834,0.04328255770308527,0.43972930477754674,0.019294584365168215,"[0.011315756658919754, 0.012192407496521018, 0.01288995615295488, 0.01359963525141729, 0.014321891165186378, 0.015181047888625853, 0.01592941522152252, 0.01673874496494045, 0.01751440457689525, 0.01835087734908702, 0.019202544572813795, 0.020070622325609303, 0.02095627718778323, 0.02186061264947246, 0.022737260153569413, 0.023681097053535004, 0.024646250751560458, 0.025633386418693636, 0.02659237614956749, 0.027623542314219474, 0.0286250346734827, 0.029647102596467904, 0.03056454213255984, 0.031680305841655834, 0.03263530150735364, 0.033606764937046466, 0.034593095597664145, 0.03536350794006898, 0.035930760474075646, 0.03631257033147624, 0.03661317474198803, 0.03688385713543919, 0.03738127616234113, 0.037934719347479336, 0.03858163380471939, 0.03921882339006296, 0.03999131852533767, 0.04074980907886149, 0.04127472956039594, 0.04151563832077664, 0.04151964454301027, 0.04123464219442919, 0.04096829512038153, 0.04056460486818273, 0.04028281736824196, 0.04000166841569801, 0.03919762289117317, 0.037812479337396496, 0.03622310391275238, 0.03453579653228067, 0.0330206041779641, 0.031565009966306234, 0.03054064037737075, 0.029904305612678588, 0.029394155816597912, 0.028896840658953926, 0.02825322628704274, 0.027685220830545497, 0.02666364029859006, 0.025486033827772144, 0.02414387260068274, 0.023028867611909868, 0.022681878550084772, 0.02299235797660897, 0.02387546679328945, 0.024738332374206702, 0.025547718436096926, 0.026640938816603423, 0.02759836215880636, 0.028240938725365098, 0.028199955208514017, 0.028168175430310402, 0.02767018559717724, 0.027414861073674215, 0.027239233260695786, 0.0274939869379551, 0.027874761581110984, 0.02868161073982207, 0.029514734605865275, 0.030345172291974937, 0.031248268714928727, 0.032298002681611045, 0.033509628354587276, 0.0348066615601669, 0.03569061118903811, 0.03631377821401384, 0.03654105211474412, 0.03646788532881584, 0.03572808397059345, 0.03427781350345514, 0.03309813106562172, 0.031639416134799855, 0.02970329439236902, 0.027599049067936567, 0.02603054913364457, 0.024090316372098155, 0.02220132238001286, 0.02051452966091278, 0.019044426362309692, 0.017805605247084858, 0.01643252777018217, 0.01523003850809785, 0.01424180324883461, 0.013706552220618947, 0.0130880570946912, 0.012988920737072255, 0.013178248200839212, 0.013386796436950147, 0.01359897371732897, 0.01439195864266014, 0.015495810506657983, 0.016686507754200334, 0.01807173050136072, 0.019341411872889052, 0.020370802976522343, 0.0213787239197115, 0.02262888584538598, 0.02401686851684336, 0.025523335513576738, 0.026670410326906566, 0.02758824337325398, 0.02810647098585074, 0.028219175888028712, 0.02804128716256827, 0.027840212128430745, 0.02799079668741686, 0.027988272685847155, 0.02831306909632167, 0.028434723397990712, 0.0285549391753426, 0.02832607944879636, 0.02800347501499142, 0.027460301198426997, 0.02681840364884072, 0.026203190519756815, 0.02552364346313934, 0.024940794741503684, 0.024553643852497812, 0.024009602077058226, 0.023587486328410737, 0.023053226444370627, 0.02237349941244249, 0.021247392964358097, 0.01948489409103017, 0.01759577829009665, 0.015969918059865678, 0.014849832783247986, 0.014164911869984548, 0.013546042864334782, 0.01328357500957488, 0.012905521640083246, 0.012806686101790404, 0.01256569256360443, 0.01270015008783326, 0.013333718053885597, 0.014364706842779438, 0.015230812921928084, 0.016214173123414017, 0.017422309714956504, 0.01848297873673576, 0.019690103784110968, 0.02062988015396428, 0.021304326954883004, 0.021542023987470748, 0.021445001132587415, 0.02128479356968176, 0.021154257299581803, 0.020548768777841446, 0.020419411659703072, 0.020346908766621045, 0.02018386842926173, 0.020060715556614095, 0.019970155121820186, 0.019905412966441507, 0.019860328269953802, 0.019689549628068632, 0.019110038324468673, 0.018401772510693467, 0.01773443768827515, 0.01691379473734185, 0.0163889904882787, 0.015891976533507178, 0.015695148472402557, 0.015634975895130635, 0.01548249397414641, 0.015250362203767827, 0.01446715870868431, 0.013690714184349355, 0.013111437378948002, 0.01280400987898366, 0.012789088065484542, 0.012885508256999974, 0.012645414791893052, 0.012533763320360268, 0.01300792748125149, 0.014045480441271196, 0.015593406388961941, 0.017496649938682926, 0.01947963017829757, 0.021814960986639112, 0.0244888991790445, 0.027455202671237973, 0.030462142682767764, 0.03347516022004274, 0.03632355277573078, 0.03911728575744543, 0.041489125175428104, 0.043617926344794986, 0.04507509866910146, 0.045973158335007626, 0.046666313335408376, 0.047747911364257295, 0.04910015737076979, 0.051170936172887156, 0.05323921785426519, 0.05484930583024696, 0.05598397968583077, 0.056516639752925084, 0.05678375349578094, 0.05655312215346535, 0.05709318659280136, 0.05753330561326649, 0.05822424761198231, 0.05856641837777238, 0.058663546697002605, 0.05829520111627496, 0.058019458378357286, 0.05786276302771312, 0.057678835712609886, 0.05721489013034267, 0.05620972754199197, 0.05488023496470325, 0.05291870088860013, 0.05085359195424363, 0.04836971777146554, 0.045888993393773454, 0.04332790860019442, 0.040721243397433354, 0.03815348906679705, 0.03609755066086763, 0.03431153121207709, 0.03269994312791247, 0.03113246913067769, 0.029533434333839276, 0.02779284963423818, 0.02581340528028532, 0.023636664296078556, 0.021032966406022018, 0.018298152858289164, 0.015471223173718233, 0.012975006021594128, 0.011476514573927241, 0.011190786613452559, 0.012013514795745658, 0.013192708648177051, 0.0146026096239084, 0.016627808096549106, 0.019288816219412905, 0.022115031993867204, 0.024956066779425322, 0.027947127033299147, 0.030317719296220055, 0.03213024736687776, 0.033908117916643665, 0.035613155393420214, 0.03695858371541455, 0.0370883147011733, 0.035844860180821725, 0.03331269225961453, 0.030127822662769057, 0.026675716455458534, 0.02305094507263966, 0.019294584365168215, 0.016588874620184203, 0.013459760460278334, 0.010513659470637583, 0.008184205378854309, 0.005908681970234855, 0.003908372487361734, 0.002250880846271649, 0.001837561814419065, 0.003902446460586522, 0.00649131804032715, 0.008842266053540701, 0.011337576744963709, 0.013847821453172829, 0.016241515374979285, 0.018506880743639053, 0.020753891025054552, 0.022854281545735794, 0.025177910908837288, 0.027764777035113285, 0.0302577363231247, 0.032552204835272186, 0.033962244268502154, 0.03530995724171245, 0.036795414568091225, 0.03840706162943578, 0.039993850675796264, 0.04133645030179679, 0.04211247094820217, 0.04239213751353172, 0.042192499106345205, 0.04200269786908514, 0.041897190162155235, 0.041830932940717325, 0.04166737666619139, 0.04206882264734189, 0.0426127097658282, 0.042895687146734904, 0.04300135533202284, 0.04249799814293581, 0.041897582995049115, 0.04072077112408416, 0.03927976254850985, 0.037331499513228325, 0.035889992777759706, 0.03456359233645024, 0.033243529781910974, 0.03199033675126687, 0.03059935779738079, 0.029272240636492235, 0.027900707354997015, 0.02654938414970694, 0.02543173352052397, 0.024311103096379235, 0.023065212419431085, 0.021685454855791198, 0.02041159885695607, 0.019056064221564174, 0.017656707279948437, 0.01626614648165674, 0.015012383850973622, 0.013603567963072178, 0.012189757837366814, 0.010674529938407772, 0.009407142987148039, 0.008344525906195775, 0.007439054007672372, 0.0072034584519923735, 0.007775010970036668, 0.009047582903156274, 0.010731538882415681, 0.01253460028234948, 0.014333543563369548, 0.016070624592636203, 0.017817726146123574, 0.019557256660804743, 0.02116824086555951, 0.022529303997840977, 0.023628588936546305, 0.02391411988476377, 0.02359656311707365, 0.022355277074164143, 0.020961866673625245, 0.018393580144489934, 0.015660552711922182, 0.013874328661167971, 0.01254026736778108, 0.011812131260623127, 0.010800298354986543, 0.00961805971638548, 0.008471507575266851, 0.007656757785702683, 0.006719580941926242, 0.0056999472982024405, 0.005125787188458596, 0.00504686530895439, 0.005697178935649704, 0.006245540782853768, 0.0070976650798796875, 0.007900543705723831, 0.008755370167568399, 0.009807746909975117, 0.011209592216881203, 0.01276960312030194, 0.014467251258771754, 0.015865855510978952, 0.01751794577394112, 0.01978728846519214, 0.022540086452385207, 0.024859037758439572, 0.02589623397823137, 0.02611181133516041, 0.026565850619759173, 0.0272557734372972, 0.02776644526036269, 0.02799937699621002, 0.02818388188652303, 0.02806005928616626, 0.028083982827741123, 0.02781538632605852, 0.027763976455106594, 0.028120518002563644, 0.028688559534023904, 0.029389365084960088, 0.030059907204608147, 0.03052096911154336, 0.031053468449087778, 0.03142000488428638, 0.03173833045042581, 0.031892653890475096, 0.03198060527161537, 0.031944507243272385, 0.03180892531117334, 0.03180195743523648, 0.03175983113429147, 0.03185651864929952, 0.032146459060636644, 0.032526908876218445, 0.033087790299913135, 0.03370146462957083, 0.0342847740780508, 0.0344768243549477, 0.03441738754137779, 0.034008301029805295]",0.019294584365168215,0.08724260143041662,0.0025574422969147498,0.019124342465103084,0.0,0.0,0.04831728643092115,0.08724260143041662,0.0025574422969147498,0.019124342465103084,6.5280000000000005,1717635307.2432253,2024-06-06_10-55-07
0.5059,0.04655999999999999,0.4196791953942155,0.41978429167520603,0.0443473749091555,0.43611984779524743,0.5059,0.04655999999999999,0.4694651121947063,0.41978429167520603,0.0443473749091555,0.43611984779524743,0.016588874620184203,"[0.011315756658919754, 0.012192407496521018, 0.01288995615295488, 0.01359963525141729, 0.014321891165186378, 0.015181047888625853, 0.01592941522152252, 0.01673874496494045, 0.01751440457689525, 0.01835087734908702, 0.019202544572813795, 0.020070622325609303, 0.02095627718778323, 0.02186061264947246, 0.022737260153569413, 0.023681097053535004, 0.024646250751560458, 0.025633386418693636, 0.02659237614956749, 0.027623542314219474, 0.0286250346734827, 0.029647102596467904, 0.03056454213255984, 0.031680305841655834, 0.03263530150735364, 0.033606764937046466, 0.034593095597664145, 0.03536350794006898, 0.035930760474075646, 0.03631257033147624, 0.03661317474198803, 0.03688385713543919, 0.03738127616234113, 0.037934719347479336, 0.03858163380471939, 0.03921882339006296, 0.03999131852533767, 0.04074980907886149, 0.04127472956039594, 0.04151563832077664, 0.04151964454301027, 0.04123464219442919, 0.04096829512038153, 0.04056460486818273, 0.04028281736824196, 0.04000166841569801, 0.03919762289117317, 0.037812479337396496, 0.03622310391275238, 0.03453579653228067, 0.0330206041779641, 0.031565009966306234, 0.03054064037737075, 0.029904305612678588, 0.029394155816597912, 0.028896840658953926, 0.02825322628704274, 0.027685220830545497, 0.02666364029859006, 0.025486033827772144, 0.02414387260068274, 0.023028867611909868, 0.022681878550084772, 0.02299235797660897, 0.02387546679328945, 0.024738332374206702, 0.025547718436096926, 0.026640938816603423, 0.02759836215880636, 0.028240938725365098, 0.028199955208514017, 0.028168175430310402, 0.02767018559717724, 0.027414861073674215, 0.027239233260695786, 0.0274939869379551, 0.027874761581110984, 0.02868161073982207, 0.029514734605865275, 0.030345172291974937, 0.031248268714928727, 0.032298002681611045, 0.033509628354587276, 0.0348066615601669, 0.03569061118903811, 0.03631377821401384, 0.03654105211474412, 0.03646788532881584, 0.03572808397059345, 0.03427781350345514, 0.03309813106562172, 0.031639416134799855, 0.02970329439236902, 0.027599049067936567, 0.02603054913364457, 0.024090316372098155, 0.02220132238001286, 0.02051452966091278, 0.019044426362309692, 0.017805605247084858, 0.01643252777018217, 0.01523003850809785, 0.01424180324883461, 0.013706552220618947, 0.0130880570946912, 0.012988920737072255, 0.013178248200839212, 0.013386796436950147, 0.01359897371732897, 0.01439195864266014, 0.015495810506657983, 0.016686507754200334, 0.01807173050136072, 0.019341411872889052, 0.020370802976522343, 0.0213787239197115, 0.02262888584538598, 0.02401686851684336, 0.025523335513576738, 0.026670410326906566, 0.02758824337325398, 0.02810647098585074, 0.028219175888028712, 0.02804128716256827, 0.027840212128430745, 0.02799079668741686, 0.027988272685847155, 0.02831306909632167, 0.028434723397990712, 0.0285549391753426, 0.02832607944879636, 0.02800347501499142, 0.027460301198426997, 0.02681840364884072, 0.026203190519756815, 0.02552364346313934, 0.024940794741503684, 0.024553643852497812, 0.024009602077058226, 0.023587486328410737, 0.023053226444370627, 0.02237349941244249, 0.021247392964358097, 0.01948489409103017, 0.01759577829009665, 0.015969918059865678, 0.014849832783247986, 0.014164911869984548, 0.013546042864334782, 0.01328357500957488, 0.012905521640083246, 0.012806686101790404, 0.01256569256360443, 0.01270015008783326, 0.013333718053885597, 0.014364706842779438, 0.015230812921928084, 0.016214173123414017, 0.017422309714956504, 0.01848297873673576, 0.019690103784110968, 0.02062988015396428, 0.021304326954883004, 0.021542023987470748, 0.021445001132587415, 0.02128479356968176, 0.021154257299581803, 0.020548768777841446, 0.020419411659703072, 0.020346908766621045, 0.02018386842926173, 0.020060715556614095, 0.019970155121820186, 0.019905412966441507, 0.019860328269953802, 0.019689549628068632, 0.019110038324468673, 0.018401772510693467, 0.01773443768827515, 0.01691379473734185, 0.0163889904882787, 0.015891976533507178, 0.015695148472402557, 0.015634975895130635, 0.01548249397414641, 0.015250362203767827, 0.01446715870868431, 0.013690714184349355, 0.013111437378948002, 0.01280400987898366, 0.012789088065484542, 0.012885508256999974, 0.012645414791893052, 0.012533763320360268, 0.01300792748125149, 0.014045480441271196, 0.015593406388961941, 0.017496649938682926, 0.01947963017829757, 0.021814960986639112, 0.0244888991790445, 0.027455202671237973, 0.030462142682767764, 0.03347516022004274, 0.03632355277573078, 0.03911728575744543, 0.041489125175428104, 0.043617926344794986, 0.04507509866910146, 0.045973158335007626, 0.046666313335408376, 0.047747911364257295, 0.04910015737076979, 0.051170936172887156, 0.05323921785426519, 0.05484930583024696, 0.05598397968583077, 0.056516639752925084, 0.05678375349578094, 0.05655312215346535, 0.05709318659280136, 0.05753330561326649, 0.05822424761198231, 0.05856641837777238, 0.058663546697002605, 0.05829520111627496, 0.058019458378357286, 0.05786276302771312, 0.057678835712609886, 0.05721489013034267, 0.05620972754199197, 0.05488023496470325, 0.05291870088860013, 0.05085359195424363, 0.04836971777146554, 0.045888993393773454, 0.04332790860019442, 0.040721243397433354, 0.03815348906679705, 0.03609755066086763, 0.03431153121207709, 0.03269994312791247, 0.03113246913067769, 0.029533434333839276, 0.02779284963423818, 0.02581340528028532, 0.023636664296078556, 0.021032966406022018, 0.018298152858289164, 0.015471223173718233, 0.012975006021594128, 0.011476514573927241, 0.011190786613452559, 0.012013514795745658, 0.013192708648177051, 0.0146026096239084, 0.016627808096549106, 0.019288816219412905, 0.022115031993867204, 0.024956066779425322, 0.027947127033299147, 0.030317719296220055, 0.03213024736687776, 0.033908117916643665, 0.035613155393420214, 0.03695858371541455, 0.0370883147011733, 0.035844860180821725, 0.03331269225961453, 0.030127822662769057, 0.026675716455458534, 0.02305094507263966, 0.019294584365168215, 0.016588874620184203, 0.013459760460278334, 0.010513659470637583, 0.008184205378854309, 0.005908681970234855, 0.003908372487361734, 0.002250880846271649, 0.001837561814419065, 0.003902446460586522, 0.00649131804032715, 0.008842266053540701, 0.011337576744963709, 0.013847821453172829, 0.016241515374979285, 0.018506880743639053, 0.020753891025054552, 0.022854281545735794, 0.025177910908837288, 0.027764777035113285, 0.0302577363231247, 0.032552204835272186, 0.033962244268502154, 0.03530995724171245, 0.036795414568091225, 0.03840706162943578, 0.039993850675796264, 0.04133645030179679, 0.04211247094820217, 0.04239213751353172, 0.042192499106345205, 0.04200269786908514, 0.041897190162155235, 0.041830932940717325, 0.04166737666619139, 0.04206882264734189, 0.0426127097658282, 0.042895687146734904, 0.04300135533202284, 0.04249799814293581, 0.041897582995049115, 0.04072077112408416, 0.03927976254850985, 0.037331499513228325, 0.035889992777759706, 0.03456359233645024, 0.033243529781910974, 0.03199033675126687, 0.03059935779738079, 0.029272240636492235, 0.027900707354997015, 0.02654938414970694, 0.02543173352052397, 0.024311103096379235, 0.023065212419431085, 0.021685454855791198, 0.02041159885695607, 0.019056064221564174, 0.017656707279948437, 0.01626614648165674, 0.015012383850973622, 0.013603567963072178, 0.012189757837366814, 0.010674529938407772, 0.009407142987148039, 0.008344525906195775, 0.007439054007672372, 0.0072034584519923735, 0.007775010970036668, 0.009047582903156274, 0.010731538882415681, 0.01253460028234948, 0.014333543563369548, 0.016070624592636203, 0.017817726146123574, 0.019557256660804743, 0.02116824086555951, 0.022529303997840977, 0.023628588936546305, 0.02391411988476377, 0.02359656311707365, 0.022355277074164143, 0.020961866673625245, 0.018393580144489934, 0.015660552711922182, 0.013874328661167971, 0.01254026736778108, 0.011812131260623127, 0.010800298354986543, 0.00961805971638548, 0.008471507575266851, 0.007656757785702683, 0.006719580941926242, 0.0056999472982024405, 0.005125787188458596, 0.00504686530895439, 0.005697178935649704, 0.006245540782853768, 0.0070976650798796875, 0.007900543705723831, 0.008755370167568399, 0.009807746909975117, 0.011209592216881203, 0.01276960312030194, 0.014467251258771754, 0.015865855510978952, 0.01751794577394112, 0.01978728846519214, 0.022540086452385207, 0.024859037758439572, 0.02589623397823137, 0.02611181133516041, 0.026565850619759173, 0.0272557734372972, 0.02776644526036269, 0.02799937699621002, 0.02818388188652303, 0.02806005928616626, 0.028083982827741123, 0.02781538632605852, 0.027763976455106594, 0.028120518002563644, 0.028688559534023904, 0.029389365084960088, 0.030059907204608147, 0.03052096911154336, 0.031053468449087778, 0.03142000488428638, 0.03173833045042581, 0.031892653890475096, 0.03198060527161537, 0.031944507243272385, 0.03180892531117334, 0.03180195743523648, 0.03175983113429147, 0.03185651864929952, 0.032146459060636644, 0.032526908876218445, 0.033087790299913135, 0.03370146462957083, 0.0342847740780508, 0.0344768243549477, 0.03441738754137779, 0.034008301029805295]",0.016588874620184203,0.08611570832479398,0.0022126250908444875,0.01644065240103193,0.0,0.0,0.049785916800490826,0.08611570832479398,0.0022126250908444875,0.01644065240103193,6.552,1717635307.268854,2024-06-06_10-55-07
0.5059,0.04727999999999999,0.4188987263931223,0.4209508119039398,0.045487055156684976,0.4322385352537058,0.5059,0.04727999999999999,0.47015327356318276,0.4209508119039398,0.045487055156684976,0.4322385352537058,0.013459760460278334,"[0.011315756658919754, 0.012192407496521018, 0.01288995615295488, 0.01359963525141729, 0.014321891165186378, 0.015181047888625853, 0.01592941522152252, 0.01673874496494045, 0.01751440457689525, 0.01835087734908702, 0.019202544572813795, 0.020070622325609303, 0.02095627718778323, 0.02186061264947246, 0.022737260153569413, 0.023681097053535004, 0.024646250751560458, 0.025633386418693636, 0.02659237614956749, 0.027623542314219474, 0.0286250346734827, 0.029647102596467904, 0.03056454213255984, 0.031680305841655834, 0.03263530150735364, 0.033606764937046466, 0.034593095597664145, 0.03536350794006898, 0.035930760474075646, 0.03631257033147624, 0.03661317474198803, 0.03688385713543919, 0.03738127616234113, 0.037934719347479336, 0.03858163380471939, 0.03921882339006296, 0.03999131852533767, 0.04074980907886149, 0.04127472956039594, 0.04151563832077664, 0.04151964454301027, 0.04123464219442919, 0.04096829512038153, 0.04056460486818273, 0.04028281736824196, 0.04000166841569801, 0.03919762289117317, 0.037812479337396496, 0.03622310391275238, 0.03453579653228067, 0.0330206041779641, 0.031565009966306234, 0.03054064037737075, 0.029904305612678588, 0.029394155816597912, 0.028896840658953926, 0.02825322628704274, 0.027685220830545497, 0.02666364029859006, 0.025486033827772144, 0.02414387260068274, 0.023028867611909868, 0.022681878550084772, 0.02299235797660897, 0.02387546679328945, 0.024738332374206702, 0.025547718436096926, 0.026640938816603423, 0.02759836215880636, 0.028240938725365098, 0.028199955208514017, 0.028168175430310402, 0.02767018559717724, 0.027414861073674215, 0.027239233260695786, 0.0274939869379551, 0.027874761581110984, 0.02868161073982207, 0.029514734605865275, 0.030345172291974937, 0.031248268714928727, 0.032298002681611045, 0.033509628354587276, 0.0348066615601669, 0.03569061118903811, 0.03631377821401384, 0.03654105211474412, 0.03646788532881584, 0.03572808397059345, 0.03427781350345514, 0.03309813106562172, 0.031639416134799855, 0.02970329439236902, 0.027599049067936567, 0.02603054913364457, 0.024090316372098155, 0.02220132238001286, 0.02051452966091278, 0.019044426362309692, 0.017805605247084858, 0.01643252777018217, 0.01523003850809785, 0.01424180324883461, 0.013706552220618947, 0.0130880570946912, 0.012988920737072255, 0.013178248200839212, 0.013386796436950147, 0.01359897371732897, 0.01439195864266014, 0.015495810506657983, 0.016686507754200334, 0.01807173050136072, 0.019341411872889052, 0.020370802976522343, 0.0213787239197115, 0.02262888584538598, 0.02401686851684336, 0.025523335513576738, 0.026670410326906566, 0.02758824337325398, 0.02810647098585074, 0.028219175888028712, 0.02804128716256827, 0.027840212128430745, 0.02799079668741686, 0.027988272685847155, 0.02831306909632167, 0.028434723397990712, 0.0285549391753426, 0.02832607944879636, 0.02800347501499142, 0.027460301198426997, 0.02681840364884072, 0.026203190519756815, 0.02552364346313934, 0.024940794741503684, 0.024553643852497812, 0.024009602077058226, 0.023587486328410737, 0.023053226444370627, 0.02237349941244249, 0.021247392964358097, 0.01948489409103017, 0.01759577829009665, 0.015969918059865678, 0.014849832783247986, 0.014164911869984548, 0.013546042864334782, 0.01328357500957488, 0.012905521640083246, 0.012806686101790404, 0.01256569256360443, 0.01270015008783326, 0.013333718053885597, 0.014364706842779438, 0.015230812921928084, 0.016214173123414017, 0.017422309714956504, 0.01848297873673576, 0.019690103784110968, 0.02062988015396428, 0.021304326954883004, 0.021542023987470748, 0.021445001132587415, 0.02128479356968176, 0.021154257299581803, 0.020548768777841446, 0.020419411659703072, 0.020346908766621045, 0.02018386842926173, 0.020060715556614095, 0.019970155121820186, 0.019905412966441507, 0.019860328269953802, 0.019689549628068632, 0.019110038324468673, 0.018401772510693467, 0.01773443768827515, 0.01691379473734185, 0.0163889904882787, 0.015891976533507178, 0.015695148472402557, 0.015634975895130635, 0.01548249397414641, 0.015250362203767827, 0.01446715870868431, 0.013690714184349355, 0.013111437378948002, 0.01280400987898366, 0.012789088065484542, 0.012885508256999974, 0.012645414791893052, 0.012533763320360268, 0.01300792748125149, 0.014045480441271196, 0.015593406388961941, 0.017496649938682926, 0.01947963017829757, 0.021814960986639112, 0.0244888991790445, 0.027455202671237973, 0.030462142682767764, 0.03347516022004274, 0.03632355277573078, 0.03911728575744543, 0.041489125175428104, 0.043617926344794986, 0.04507509866910146, 0.045973158335007626, 0.046666313335408376, 0.047747911364257295, 0.04910015737076979, 0.051170936172887156, 0.05323921785426519, 0.05484930583024696, 0.05598397968583077, 0.056516639752925084, 0.05678375349578094, 0.05655312215346535, 0.05709318659280136, 0.05753330561326649, 0.05822424761198231, 0.05856641837777238, 0.058663546697002605, 0.05829520111627496, 0.058019458378357286, 0.05786276302771312, 0.057678835712609886, 0.05721489013034267, 0.05620972754199197, 0.05488023496470325, 0.05291870088860013, 0.05085359195424363, 0.04836971777146554, 0.045888993393773454, 0.04332790860019442, 0.040721243397433354, 0.03815348906679705, 0.03609755066086763, 0.03431153121207709, 0.03269994312791247, 0.03113246913067769, 0.029533434333839276, 0.02779284963423818, 0.02581340528028532, 0.023636664296078556, 0.021032966406022018, 0.018298152858289164, 0.015471223173718233, 0.012975006021594128, 0.011476514573927241, 0.011190786613452559, 0.012013514795745658, 0.013192708648177051, 0.0146026096239084, 0.016627808096549106, 0.019288816219412905, 0.022115031993867204, 0.024956066779425322, 0.027947127033299147, 0.030317719296220055, 0.03213024736687776, 0.033908117916643665, 0.035613155393420214, 0.03695858371541455, 0.0370883147011733, 0.035844860180821725, 0.03331269225961453, 0.030127822662769057, 0.026675716455458534, 0.02305094507263966, 0.019294584365168215, 0.016588874620184203, 0.013459760460278334, 0.010513659470637583, 0.008184205378854309, 0.005908681970234855, 0.003908372487361734, 0.002250880846271649, 0.001837561814419065, 0.003902446460586522, 0.00649131804032715, 0.008842266053540701, 0.011337576744963709, 0.013847821453172829, 0.016241515374979285, 0.018506880743639053, 0.020753891025054552, 0.022854281545735794, 0.025177910908837288, 0.027764777035113285, 0.0302577363231247, 0.032552204835272186, 0.033962244268502154, 0.03530995724171245, 0.036795414568091225, 0.03840706162943578, 0.039993850675796264, 0.04133645030179679, 0.04211247094820217, 0.04239213751353172, 0.042192499106345205, 0.04200269786908514, 0.041897190162155235, 0.041830932940717325, 0.04166737666619139, 0.04206882264734189, 0.0426127097658282, 0.042895687146734904, 0.04300135533202284, 0.04249799814293581, 0.041897582995049115, 0.04072077112408416, 0.03927976254850985, 0.037331499513228325, 0.035889992777759706, 0.03456359233645024, 0.033243529781910974, 0.03199033675126687, 0.03059935779738079, 0.029272240636492235, 0.027900707354997015, 0.02654938414970694, 0.02543173352052397, 0.024311103096379235, 0.023065212419431085, 0.021685454855791198, 0.02041159885695607, 0.019056064221564174, 0.017656707279948437, 0.01626614648165674, 0.015012383850973622, 0.013603567963072178, 0.012189757837366814, 0.010674529938407772, 0.009407142987148039, 0.008344525906195775, 0.007439054007672372, 0.0072034584519923735, 0.007775010970036668, 0.009047582903156274, 0.010731538882415681, 0.01253460028234948, 0.014333543563369548, 0.016070624592636203, 0.017817726146123574, 0.019557256660804743, 0.02116824086555951, 0.022529303997840977, 0.023628588936546305, 0.02391411988476377, 0.02359656311707365, 0.022355277074164143, 0.020961866673625245, 0.018393580144489934, 0.015660552711922182, 0.013874328661167971, 0.01254026736778108, 0.011812131260623127, 0.010800298354986543, 0.00961805971638548, 0.008471507575266851, 0.007656757785702683, 0.006719580941926242, 0.0056999472982024405, 0.005125787188458596, 0.00504686530895439, 0.005697178935649704, 0.006245540782853768, 0.0070976650798796875, 0.007900543705723831, 0.008755370167568399, 0.009807746909975117, 0.011209592216881203, 0.01276960312030194, 0.014467251258771754, 0.015865855510978952, 0.01751794577394112, 0.01978728846519214, 0.022540086452385207, 0.024859037758439572, 0.02589623397823137, 0.02611181133516041, 0.026565850619759173, 0.0272557734372972, 0.02776644526036269, 0.02799937699621002, 0.02818388188652303, 0.02806005928616626, 0.028083982827741123, 0.02781538632605852, 0.027763976455106594, 0.028120518002563644, 0.028688559534023904, 0.029389365084960088, 0.030059907204608147, 0.03052096911154336, 0.031053468449087778, 0.03142000488428638, 0.03173833045042581, 0.031892653890475096, 0.03198060527161537, 0.031944507243272385, 0.03180892531117334, 0.03180195743523648, 0.03175983113429147, 0.03185651864929952, 0.032146459060636644, 0.032526908876218445, 0.033087790299913135, 0.03370146462957083, 0.0342847740780508, 0.0344768243549477, 0.03441738754137779, 0.034008301029805295]",0.013459760460278334,0.08494918809606022,0.0017929448433150127,0.013339808860583502,0.0,0.0,0.05125454717006045,0.08494918809606022,0.0017929448433150127,0.013339808860583502,6.576,1717635307.2911592,2024-06-06_10-55-07
0.5059,0.048000000000000015,0.4182651458679015,0.4219808461167806,0.04652850972215206,0.42867532126636265,0.5059,0.048000000000000015,0.4709883234075316,0.4219808461167806,0.04652850972215206,0.42867532126636265,0.010513659470637583,"[0.011315756658919754, 0.012192407496521018, 0.01288995615295488, 0.01359963525141729, 0.014321891165186378, 0.015181047888625853, 0.01592941522152252, 0.01673874496494045, 0.01751440457689525, 0.01835087734908702, 0.019202544572813795, 0.020070622325609303, 0.02095627718778323, 0.02186061264947246, 0.022737260153569413, 0.023681097053535004, 0.024646250751560458, 0.025633386418693636, 0.02659237614956749, 0.027623542314219474, 0.0286250346734827, 0.029647102596467904, 0.03056454213255984, 0.031680305841655834, 0.03263530150735364, 0.033606764937046466, 0.034593095597664145, 0.03536350794006898, 0.035930760474075646, 0.03631257033147624, 0.03661317474198803, 0.03688385713543919, 0.03738127616234113, 0.037934719347479336, 0.03858163380471939, 0.03921882339006296, 0.03999131852533767, 0.04074980907886149, 0.04127472956039594, 0.04151563832077664, 0.04151964454301027, 0.04123464219442919, 0.04096829512038153, 0.04056460486818273, 0.04028281736824196, 0.04000166841569801, 0.03919762289117317, 0.037812479337396496, 0.03622310391275238, 0.03453579653228067, 0.0330206041779641, 0.031565009966306234, 0.03054064037737075, 0.029904305612678588, 0.029394155816597912, 0.028896840658953926, 0.02825322628704274, 0.027685220830545497, 0.02666364029859006, 0.025486033827772144, 0.02414387260068274, 0.023028867611909868, 0.022681878550084772, 0.02299235797660897, 0.02387546679328945, 0.024738332374206702, 0.025547718436096926, 0.026640938816603423, 0.02759836215880636, 0.028240938725365098, 0.028199955208514017, 0.028168175430310402, 0.02767018559717724, 0.027414861073674215, 0.027239233260695786, 0.0274939869379551, 0.027874761581110984, 0.02868161073982207, 0.029514734605865275, 0.030345172291974937, 0.031248268714928727, 0.032298002681611045, 0.033509628354587276, 0.0348066615601669, 0.03569061118903811, 0.03631377821401384, 0.03654105211474412, 0.03646788532881584, 0.03572808397059345, 0.03427781350345514, 0.03309813106562172, 0.031639416134799855, 0.02970329439236902, 0.027599049067936567, 0.02603054913364457, 0.024090316372098155, 0.02220132238001286, 0.02051452966091278, 0.019044426362309692, 0.017805605247084858, 0.01643252777018217, 0.01523003850809785, 0.01424180324883461, 0.013706552220618947, 0.0130880570946912, 0.012988920737072255, 0.013178248200839212, 0.013386796436950147, 0.01359897371732897, 0.01439195864266014, 0.015495810506657983, 0.016686507754200334, 0.01807173050136072, 0.019341411872889052, 0.020370802976522343, 0.0213787239197115, 0.02262888584538598, 0.02401686851684336, 0.025523335513576738, 0.026670410326906566, 0.02758824337325398, 0.02810647098585074, 0.028219175888028712, 0.02804128716256827, 0.027840212128430745, 0.02799079668741686, 0.027988272685847155, 0.02831306909632167, 0.028434723397990712, 0.0285549391753426, 0.02832607944879636, 0.02800347501499142, 0.027460301198426997, 0.02681840364884072, 0.026203190519756815, 0.02552364346313934, 0.024940794741503684, 0.024553643852497812, 0.024009602077058226, 0.023587486328410737, 0.023053226444370627, 0.02237349941244249, 0.021247392964358097, 0.01948489409103017, 0.01759577829009665, 0.015969918059865678, 0.014849832783247986, 0.014164911869984548, 0.013546042864334782, 0.01328357500957488, 0.012905521640083246, 0.012806686101790404, 0.01256569256360443, 0.01270015008783326, 0.013333718053885597, 0.014364706842779438, 0.015230812921928084, 0.016214173123414017, 0.017422309714956504, 0.01848297873673576, 0.019690103784110968, 0.02062988015396428, 0.021304326954883004, 0.021542023987470748, 0.021445001132587415, 0.02128479356968176, 0.021154257299581803, 0.020548768777841446, 0.020419411659703072, 0.020346908766621045, 0.02018386842926173, 0.020060715556614095, 0.019970155121820186, 0.019905412966441507, 0.019860328269953802, 0.019689549628068632, 0.019110038324468673, 0.018401772510693467, 0.01773443768827515, 0.01691379473734185, 0.0163889904882787, 0.015891976533507178, 0.015695148472402557, 0.015634975895130635, 0.01548249397414641, 0.015250362203767827, 0.01446715870868431, 0.013690714184349355, 0.013111437378948002, 0.01280400987898366, 0.012789088065484542, 0.012885508256999974, 0.012645414791893052, 0.012533763320360268, 0.01300792748125149, 0.014045480441271196, 0.015593406388961941, 0.017496649938682926, 0.01947963017829757, 0.021814960986639112, 0.0244888991790445, 0.027455202671237973, 0.030462142682767764, 0.03347516022004274, 0.03632355277573078, 0.03911728575744543, 0.041489125175428104, 0.043617926344794986, 0.04507509866910146, 0.045973158335007626, 0.046666313335408376, 0.047747911364257295, 0.04910015737076979, 0.051170936172887156, 0.05323921785426519, 0.05484930583024696, 0.05598397968583077, 0.056516639752925084, 0.05678375349578094, 0.05655312215346535, 0.05709318659280136, 0.05753330561326649, 0.05822424761198231, 0.05856641837777238, 0.058663546697002605, 0.05829520111627496, 0.058019458378357286, 0.05786276302771312, 0.057678835712609886, 0.05721489013034267, 0.05620972754199197, 0.05488023496470325, 0.05291870088860013, 0.05085359195424363, 0.04836971777146554, 0.045888993393773454, 0.04332790860019442, 0.040721243397433354, 0.03815348906679705, 0.03609755066086763, 0.03431153121207709, 0.03269994312791247, 0.03113246913067769, 0.029533434333839276, 0.02779284963423818, 0.02581340528028532, 0.023636664296078556, 0.021032966406022018, 0.018298152858289164, 0.015471223173718233, 0.012975006021594128, 0.011476514573927241, 0.011190786613452559, 0.012013514795745658, 0.013192708648177051, 0.0146026096239084, 0.016627808096549106, 0.019288816219412905, 0.022115031993867204, 0.024956066779425322, 0.027947127033299147, 0.030317719296220055, 0.03213024736687776, 0.033908117916643665, 0.035613155393420214, 0.03695858371541455, 0.0370883147011733, 0.035844860180821725, 0.03331269225961453, 0.030127822662769057, 0.026675716455458534, 0.02305094507263966, 0.019294584365168215, 0.016588874620184203, 0.013459760460278334, 0.010513659470637583, 0.008184205378854309, 0.005908681970234855, 0.003908372487361734, 0.002250880846271649, 0.001837561814419065, 0.003902446460586522, 0.00649131804032715, 0.008842266053540701, 0.011337576744963709, 0.013847821453172829, 0.016241515374979285, 0.018506880743639053, 0.020753891025054552, 0.022854281545735794, 0.025177910908837288, 0.027764777035113285, 0.0302577363231247, 0.032552204835272186, 0.033962244268502154, 0.03530995724171245, 0.036795414568091225, 0.03840706162943578, 0.039993850675796264, 0.04133645030179679, 0.04211247094820217, 0.04239213751353172, 0.042192499106345205, 0.04200269786908514, 0.041897190162155235, 0.041830932940717325, 0.04166737666619139, 0.04206882264734189, 0.0426127097658282, 0.042895687146734904, 0.04300135533202284, 0.04249799814293581, 0.041897582995049115, 0.04072077112408416, 0.03927976254850985, 0.037331499513228325, 0.035889992777759706, 0.03456359233645024, 0.033243529781910974, 0.03199033675126687, 0.03059935779738079, 0.029272240636492235, 0.027900707354997015, 0.02654938414970694, 0.02543173352052397, 0.024311103096379235, 0.023065212419431085, 0.021685454855791198, 0.02041159885695607, 0.019056064221564174, 0.017656707279948437, 0.01626614648165674, 0.015012383850973622, 0.013603567963072178, 0.012189757837366814, 0.010674529938407772, 0.009407142987148039, 0.008344525906195775, 0.007439054007672372, 0.0072034584519923735, 0.007775010970036668, 0.009047582903156274, 0.010731538882415681, 0.01253460028234948, 0.014333543563369548, 0.016070624592636203, 0.017817726146123574, 0.019557256660804743, 0.02116824086555951, 0.022529303997840977, 0.023628588936546305, 0.02391411988476377, 0.02359656311707365, 0.022355277074164143, 0.020961866673625245, 0.018393580144489934, 0.015660552711922182, 0.013874328661167971, 0.01254026736778108, 0.011812131260623127, 0.010800298354986543, 0.00961805971638548, 0.008471507575266851, 0.007656757785702683, 0.006719580941926242, 0.0056999472982024405, 0.005125787188458596, 0.00504686530895439, 0.005697178935649704, 0.006245540782853768, 0.0070976650798796875, 0.007900543705723831, 0.008755370167568399, 0.009807746909975117, 0.011209592216881203, 0.01276960312030194, 0.014467251258771754, 0.015865855510978952, 0.01751794577394112, 0.01978728846519214, 0.022540086452385207, 0.024859037758439572, 0.02589623397823137, 0.02611181133516041, 0.026565850619759173, 0.0272557734372972, 0.02776644526036269, 0.02799937699621002, 0.02818388188652303, 0.02806005928616626, 0.028083982827741123, 0.02781538632605852, 0.027763976455106594, 0.028120518002563644, 0.028688559534023904, 0.029389365084960088, 0.030059907204608147, 0.03052096911154336, 0.031053468449087778, 0.03142000488428638, 0.03173833045042581, 0.031892653890475096, 0.03198060527161537, 0.031944507243272385, 0.03180892531117334, 0.03180195743523648, 0.03175983113429147, 0.03185651864929952, 0.032146459060636644, 0.032526908876218445, 0.033087790299913135, 0.03370146462957083, 0.0342847740780508, 0.0344768243549477, 0.03441738754137779, 0.034008301029805295]",0.010513659470637583,0.08391915388321941,0.0014714902778479519,0.010410175398461174,0.0,0.0,0.05272317753963013,0.08391915388321941,0.0014714902778479519,0.010410175398461174,6.6000000000000005,1717635307.315121,2024-06-06_10-55-07
0.5059,0.04872000000000004,0.4177792387922114,0.42283689711271677,0.04725686078896353,0.4258315950518658,0.5059,0.04872000000000004,0.472013460598117,0.42283689711271677,0.04725686078896353,0.4258315950518658,0.008184205378854309,"[0.011315756658919754, 0.012192407496521018, 0.01288995615295488, 0.01359963525141729, 0.014321891165186378, 0.015181047888625853, 0.01592941522152252, 0.01673874496494045, 0.01751440457689525, 0.01835087734908702, 0.019202544572813795, 0.020070622325609303, 0.02095627718778323, 0.02186061264947246, 0.022737260153569413, 0.023681097053535004, 0.024646250751560458, 0.025633386418693636, 0.02659237614956749, 0.027623542314219474, 0.0286250346734827, 0.029647102596467904, 0.03056454213255984, 0.031680305841655834, 0.03263530150735364, 0.033606764937046466, 0.034593095597664145, 0.03536350794006898, 0.035930760474075646, 0.03631257033147624, 0.03661317474198803, 0.03688385713543919, 0.03738127616234113, 0.037934719347479336, 0.03858163380471939, 0.03921882339006296, 0.03999131852533767, 0.04074980907886149, 0.04127472956039594, 0.04151563832077664, 0.04151964454301027, 0.04123464219442919, 0.04096829512038153, 0.04056460486818273, 0.04028281736824196, 0.04000166841569801, 0.03919762289117317, 0.037812479337396496, 0.03622310391275238, 0.03453579653228067, 0.0330206041779641, 0.031565009966306234, 0.03054064037737075, 0.029904305612678588, 0.029394155816597912, 0.028896840658953926, 0.02825322628704274, 0.027685220830545497, 0.02666364029859006, 0.025486033827772144, 0.02414387260068274, 0.023028867611909868, 0.022681878550084772, 0.02299235797660897, 0.02387546679328945, 0.024738332374206702, 0.025547718436096926, 0.026640938816603423, 0.02759836215880636, 0.028240938725365098, 0.028199955208514017, 0.028168175430310402, 0.02767018559717724, 0.027414861073674215, 0.027239233260695786, 0.0274939869379551, 0.027874761581110984, 0.02868161073982207, 0.029514734605865275, 0.030345172291974937, 0.031248268714928727, 0.032298002681611045, 0.033509628354587276, 0.0348066615601669, 0.03569061118903811, 0.03631377821401384, 0.03654105211474412, 0.03646788532881584, 0.03572808397059345, 0.03427781350345514, 0.03309813106562172, 0.031639416134799855, 0.02970329439236902, 0.027599049067936567, 0.02603054913364457, 0.024090316372098155, 0.02220132238001286, 0.02051452966091278, 0.019044426362309692, 0.017805605247084858, 0.01643252777018217, 0.01523003850809785, 0.01424180324883461, 0.013706552220618947, 0.0130880570946912, 0.012988920737072255, 0.013178248200839212, 0.013386796436950147, 0.01359897371732897, 0.01439195864266014, 0.015495810506657983, 0.016686507754200334, 0.01807173050136072, 0.019341411872889052, 0.020370802976522343, 0.0213787239197115, 0.02262888584538598, 0.02401686851684336, 0.025523335513576738, 0.026670410326906566, 0.02758824337325398, 0.02810647098585074, 0.028219175888028712, 0.02804128716256827, 0.027840212128430745, 0.02799079668741686, 0.027988272685847155, 0.02831306909632167, 0.028434723397990712, 0.0285549391753426, 0.02832607944879636, 0.02800347501499142, 0.027460301198426997, 0.02681840364884072, 0.026203190519756815, 0.02552364346313934, 0.024940794741503684, 0.024553643852497812, 0.024009602077058226, 0.023587486328410737, 0.023053226444370627, 0.02237349941244249, 0.021247392964358097, 0.01948489409103017, 0.01759577829009665, 0.015969918059865678, 0.014849832783247986, 0.014164911869984548, 0.013546042864334782, 0.01328357500957488, 0.012905521640083246, 0.012806686101790404, 0.01256569256360443, 0.01270015008783326, 0.013333718053885597, 0.014364706842779438, 0.015230812921928084, 0.016214173123414017, 0.017422309714956504, 0.01848297873673576, 0.019690103784110968, 0.02062988015396428, 0.021304326954883004, 0.021542023987470748, 0.021445001132587415, 0.02128479356968176, 0.021154257299581803, 0.020548768777841446, 0.020419411659703072, 0.020346908766621045, 0.02018386842926173, 0.020060715556614095, 0.019970155121820186, 0.019905412966441507, 0.019860328269953802, 0.019689549628068632, 0.019110038324468673, 0.018401772510693467, 0.01773443768827515, 0.01691379473734185, 0.0163889904882787, 0.015891976533507178, 0.015695148472402557, 0.015634975895130635, 0.01548249397414641, 0.015250362203767827, 0.01446715870868431, 0.013690714184349355, 0.013111437378948002, 0.01280400987898366, 0.012789088065484542, 0.012885508256999974, 0.012645414791893052, 0.012533763320360268, 0.01300792748125149, 0.014045480441271196, 0.015593406388961941, 0.017496649938682926, 0.01947963017829757, 0.021814960986639112, 0.0244888991790445, 0.027455202671237973, 0.030462142682767764, 0.03347516022004274, 0.03632355277573078, 0.03911728575744543, 0.041489125175428104, 0.043617926344794986, 0.04507509866910146, 0.045973158335007626, 0.046666313335408376, 0.047747911364257295, 0.04910015737076979, 0.051170936172887156, 0.05323921785426519, 0.05484930583024696, 0.05598397968583077, 0.056516639752925084, 0.05678375349578094, 0.05655312215346535, 0.05709318659280136, 0.05753330561326649, 0.05822424761198231, 0.05856641837777238, 0.058663546697002605, 0.05829520111627496, 0.058019458378357286, 0.05786276302771312, 0.057678835712609886, 0.05721489013034267, 0.05620972754199197, 0.05488023496470325, 0.05291870088860013, 0.05085359195424363, 0.04836971777146554, 0.045888993393773454, 0.04332790860019442, 0.040721243397433354, 0.03815348906679705, 0.03609755066086763, 0.03431153121207709, 0.03269994312791247, 0.03113246913067769, 0.029533434333839276, 0.02779284963423818, 0.02581340528028532, 0.023636664296078556, 0.021032966406022018, 0.018298152858289164, 0.015471223173718233, 0.012975006021594128, 0.011476514573927241, 0.011190786613452559, 0.012013514795745658, 0.013192708648177051, 0.0146026096239084, 0.016627808096549106, 0.019288816219412905, 0.022115031993867204, 0.024956066779425322, 0.027947127033299147, 0.030317719296220055, 0.03213024736687776, 0.033908117916643665, 0.035613155393420214, 0.03695858371541455, 0.0370883147011733, 0.035844860180821725, 0.03331269225961453, 0.030127822662769057, 0.026675716455458534, 0.02305094507263966, 0.019294584365168215, 0.016588874620184203, 0.013459760460278334, 0.010513659470637583, 0.008184205378854309, 0.005908681970234855, 0.003908372487361734, 0.002250880846271649, 0.001837561814419065, 0.003902446460586522, 0.00649131804032715, 0.008842266053540701, 0.011337576744963709, 0.013847821453172829, 0.016241515374979285, 0.018506880743639053, 0.020753891025054552, 0.022854281545735794, 0.025177910908837288, 0.027764777035113285, 0.0302577363231247, 0.032552204835272186, 0.033962244268502154, 0.03530995724171245, 0.036795414568091225, 0.03840706162943578, 0.039993850675796264, 0.04133645030179679, 0.04211247094820217, 0.04239213751353172, 0.042192499106345205, 0.04200269786908514, 0.041897190162155235, 0.041830932940717325, 0.04166737666619139, 0.04206882264734189, 0.0426127097658282, 0.042895687146734904, 0.04300135533202284, 0.04249799814293581, 0.041897582995049115, 0.04072077112408416, 0.03927976254850985, 0.037331499513228325, 0.035889992777759706, 0.03456359233645024, 0.033243529781910974, 0.03199033675126687, 0.03059935779738079, 0.029272240636492235, 0.027900707354997015, 0.02654938414970694, 0.02543173352052397, 0.024311103096379235, 0.023065212419431085, 0.021685454855791198, 0.02041159885695607, 0.019056064221564174, 0.017656707279948437, 0.01626614648165674, 0.015012383850973622, 0.013603567963072178, 0.012189757837366814, 0.010674529938407772, 0.009407142987148039, 0.008344525906195775, 0.007439054007672372, 0.0072034584519923735, 0.007775010970036668, 0.009047582903156274, 0.010731538882415681, 0.01253460028234948, 0.014333543563369548, 0.016070624592636203, 0.017817726146123574, 0.019557256660804743, 0.02116824086555951, 0.022529303997840977, 0.023628588936546305, 0.02391411988476377, 0.02359656311707365, 0.022355277074164143, 0.020961866673625245, 0.018393580144489934, 0.015660552711922182, 0.013874328661167971, 0.01254026736778108, 0.011812131260623127, 0.010800298354986543, 0.00961805971638548, 0.008471507575266851, 0.007656757785702683, 0.006719580941926242, 0.0056999472982024405, 0.005125787188458596, 0.00504686530895439, 0.005697178935649704, 0.006245540782853768, 0.0070976650798796875, 0.007900543705723831, 0.008755370167568399, 0.009807746909975117, 0.011209592216881203, 0.01276960312030194, 0.014467251258771754, 0.015865855510978952, 0.01751794577394112, 0.01978728846519214, 0.022540086452385207, 0.024859037758439572, 0.02589623397823137, 0.02611181133516041, 0.026565850619759173, 0.0272557734372972, 0.02776644526036269, 0.02799937699621002, 0.02818388188652303, 0.02806005928616626, 0.028083982827741123, 0.02781538632605852, 0.027763976455106594, 0.028120518002563644, 0.028688559534023904, 0.029389365084960088, 0.030059907204608147, 0.03052096911154336, 0.031053468449087778, 0.03142000488428638, 0.03173833045042581, 0.031892653890475096, 0.03198060527161537, 0.031944507243272385, 0.03180892531117334, 0.03180195743523648, 0.03175983113429147, 0.03185651864929952, 0.032146459060636644, 0.032526908876218445, 0.033087790299913135, 0.03370146462957083, 0.0342847740780508, 0.0344768243549477, 0.03441738754137779, 0.034008301029805295]",0.008184205378854309,0.08306310288728325,0.00146313921103651,0.008052356259654392,0.0,0.0,0.05423422180590559,0.08306310288728325,0.00146313921103651,0.008052356259654392,6.624,1717635307.3391533,2024-06-06_10-55-07
0.5059,0.04944000000000001,0.4174409870977963,0.4235560908997338,0.04802652053048308,0.4231781116750242,0.5059,0.04944000000000001,0.4731862531699775,0.4235560908997338,0.04802652053048308,0.4231781116750242,0.005908681970234855,"[0.011315756658919754, 0.012192407496521018, 0.01288995615295488, 0.01359963525141729, 0.014321891165186378, 0.015181047888625853, 0.01592941522152252, 0.01673874496494045, 0.01751440457689525, 0.01835087734908702, 0.019202544572813795, 0.020070622325609303, 0.02095627718778323, 0.02186061264947246, 0.022737260153569413, 0.023681097053535004, 0.024646250751560458, 0.025633386418693636, 0.02659237614956749, 0.027623542314219474, 0.0286250346734827, 0.029647102596467904, 0.03056454213255984, 0.031680305841655834, 0.03263530150735364, 0.033606764937046466, 0.034593095597664145, 0.03536350794006898, 0.035930760474075646, 0.03631257033147624, 0.03661317474198803, 0.03688385713543919, 0.03738127616234113, 0.037934719347479336, 0.03858163380471939, 0.03921882339006296, 0.03999131852533767, 0.04074980907886149, 0.04127472956039594, 0.04151563832077664, 0.04151964454301027, 0.04123464219442919, 0.04096829512038153, 0.04056460486818273, 0.04028281736824196, 0.04000166841569801, 0.03919762289117317, 0.037812479337396496, 0.03622310391275238, 0.03453579653228067, 0.0330206041779641, 0.031565009966306234, 0.03054064037737075, 0.029904305612678588, 0.029394155816597912, 0.028896840658953926, 0.02825322628704274, 0.027685220830545497, 0.02666364029859006, 0.025486033827772144, 0.02414387260068274, 0.023028867611909868, 0.022681878550084772, 0.02299235797660897, 0.02387546679328945, 0.024738332374206702, 0.025547718436096926, 0.026640938816603423, 0.02759836215880636, 0.028240938725365098, 0.028199955208514017, 0.028168175430310402, 0.02767018559717724, 0.027414861073674215, 0.027239233260695786, 0.0274939869379551, 0.027874761581110984, 0.02868161073982207, 0.029514734605865275, 0.030345172291974937, 0.031248268714928727, 0.032298002681611045, 0.033509628354587276, 0.0348066615601669, 0.03569061118903811, 0.03631377821401384, 0.03654105211474412, 0.03646788532881584, 0.03572808397059345, 0.03427781350345514, 0.03309813106562172, 0.031639416134799855, 0.02970329439236902, 0.027599049067936567, 0.02603054913364457, 0.024090316372098155, 0.02220132238001286, 0.02051452966091278, 0.019044426362309692, 0.017805605247084858, 0.01643252777018217, 0.01523003850809785, 0.01424180324883461, 0.013706552220618947, 0.0130880570946912, 0.012988920737072255, 0.013178248200839212, 0.013386796436950147, 0.01359897371732897, 0.01439195864266014, 0.015495810506657983, 0.016686507754200334, 0.01807173050136072, 0.019341411872889052, 0.020370802976522343, 0.0213787239197115, 0.02262888584538598, 0.02401686851684336, 0.025523335513576738, 0.026670410326906566, 0.02758824337325398, 0.02810647098585074, 0.028219175888028712, 0.02804128716256827, 0.027840212128430745, 0.02799079668741686, 0.027988272685847155, 0.02831306909632167, 0.028434723397990712, 0.0285549391753426, 0.02832607944879636, 0.02800347501499142, 0.027460301198426997, 0.02681840364884072, 0.026203190519756815, 0.02552364346313934, 0.024940794741503684, 0.024553643852497812, 0.024009602077058226, 0.023587486328410737, 0.023053226444370627, 0.02237349941244249, 0.021247392964358097, 0.01948489409103017, 0.01759577829009665, 0.015969918059865678, 0.014849832783247986, 0.014164911869984548, 0.013546042864334782, 0.01328357500957488, 0.012905521640083246, 0.012806686101790404, 0.01256569256360443, 0.01270015008783326, 0.013333718053885597, 0.014364706842779438, 0.015230812921928084, 0.016214173123414017, 0.017422309714956504, 0.01848297873673576, 0.019690103784110968, 0.02062988015396428, 0.021304326954883004, 0.021542023987470748, 0.021445001132587415, 0.02128479356968176, 0.021154257299581803, 0.020548768777841446, 0.020419411659703072, 0.020346908766621045, 0.02018386842926173, 0.020060715556614095, 0.019970155121820186, 0.019905412966441507, 0.019860328269953802, 0.019689549628068632, 0.019110038324468673, 0.018401772510693467, 0.01773443768827515, 0.01691379473734185, 0.0163889904882787, 0.015891976533507178, 0.015695148472402557, 0.015634975895130635, 0.01548249397414641, 0.015250362203767827, 0.01446715870868431, 0.013690714184349355, 0.013111437378948002, 0.01280400987898366, 0.012789088065484542, 0.012885508256999974, 0.012645414791893052, 0.012533763320360268, 0.01300792748125149, 0.014045480441271196, 0.015593406388961941, 0.017496649938682926, 0.01947963017829757, 0.021814960986639112, 0.0244888991790445, 0.027455202671237973, 0.030462142682767764, 0.03347516022004274, 0.03632355277573078, 0.03911728575744543, 0.041489125175428104, 0.043617926344794986, 0.04507509866910146, 0.045973158335007626, 0.046666313335408376, 0.047747911364257295, 0.04910015737076979, 0.051170936172887156, 0.05323921785426519, 0.05484930583024696, 0.05598397968583077, 0.056516639752925084, 0.05678375349578094, 0.05655312215346535, 0.05709318659280136, 0.05753330561326649, 0.05822424761198231, 0.05856641837777238, 0.058663546697002605, 0.05829520111627496, 0.058019458378357286, 0.05786276302771312, 0.057678835712609886, 0.05721489013034267, 0.05620972754199197, 0.05488023496470325, 0.05291870088860013, 0.05085359195424363, 0.04836971777146554, 0.045888993393773454, 0.04332790860019442, 0.040721243397433354, 0.03815348906679705, 0.03609755066086763, 0.03431153121207709, 0.03269994312791247, 0.03113246913067769, 0.029533434333839276, 0.02779284963423818, 0.02581340528028532, 0.023636664296078556, 0.021032966406022018, 0.018298152858289164, 0.015471223173718233, 0.012975006021594128, 0.011476514573927241, 0.011190786613452559, 0.012013514795745658, 0.013192708648177051, 0.0146026096239084, 0.016627808096549106, 0.019288816219412905, 0.022115031993867204, 0.024956066779425322, 0.027947127033299147, 0.030317719296220055, 0.03213024736687776, 0.033908117916643665, 0.035613155393420214, 0.03695858371541455, 0.0370883147011733, 0.035844860180821725, 0.03331269225961453, 0.030127822662769057, 0.026675716455458534, 0.02305094507263966, 0.019294584365168215, 0.016588874620184203, 0.013459760460278334, 0.010513659470637583, 0.008184205378854309, 0.005908681970234855, 0.003908372487361734, 0.002250880846271649, 0.001837561814419065, 0.003902446460586522, 0.00649131804032715, 0.008842266053540701, 0.011337576744963709, 0.013847821453172829, 0.016241515374979285, 0.018506880743639053, 0.020753891025054552, 0.022854281545735794, 0.025177910908837288, 0.027764777035113285, 0.0302577363231247, 0.032552204835272186, 0.033962244268502154, 0.03530995724171245, 0.036795414568091225, 0.03840706162943578, 0.039993850675796264, 0.04133645030179679, 0.04211247094820217, 0.04239213751353172, 0.042192499106345205, 0.04200269786908514, 0.041897190162155235, 0.041830932940717325, 0.04166737666619139, 0.04206882264734189, 0.0426127097658282, 0.042895687146734904, 0.04300135533202284, 0.04249799814293581, 0.041897582995049115, 0.04072077112408416, 0.03927976254850985, 0.037331499513228325, 0.035889992777759706, 0.03456359233645024, 0.033243529781910974, 0.03199033675126687, 0.03059935779738079, 0.029272240636492235, 0.027900707354997015, 0.02654938414970694, 0.02543173352052397, 0.024311103096379235, 0.023065212419431085, 0.021685454855791198, 0.02041159885695607, 0.019056064221564174, 0.017656707279948437, 0.01626614648165674, 0.015012383850973622, 0.013603567963072178, 0.012189757837366814, 0.010674529938407772, 0.009407142987148039, 0.008344525906195775, 0.007439054007672372, 0.0072034584519923735, 0.007775010970036668, 0.009047582903156274, 0.010731538882415681, 0.01253460028234948, 0.014333543563369548, 0.016070624592636203, 0.017817726146123574, 0.019557256660804743, 0.02116824086555951, 0.022529303997840977, 0.023628588936546305, 0.02391411988476377, 0.02359656311707365, 0.022355277074164143, 0.020961866673625245, 0.018393580144489934, 0.015660552711922182, 0.013874328661167971, 0.01254026736778108, 0.011812131260623127, 0.010800298354986543, 0.00961805971638548, 0.008471507575266851, 0.007656757785702683, 0.006719580941926242, 0.0056999472982024405, 0.005125787188458596, 0.00504686530895439, 0.005697178935649704, 0.006245540782853768, 0.0070976650798796875, 0.007900543705723831, 0.008755370167568399, 0.009807746909975117, 0.011209592216881203, 0.01276960312030194, 0.014467251258771754, 0.015865855510978952, 0.01751794577394112, 0.01978728846519214, 0.022540086452385207, 0.024859037758439572, 0.02589623397823137, 0.02611181133516041, 0.026565850619759173, 0.0272557734372972, 0.02776644526036269, 0.02799937699621002, 0.02818388188652303, 0.02806005928616626, 0.028083982827741123, 0.02781538632605852, 0.027763976455106594, 0.028120518002563644, 0.028688559534023904, 0.029389365084960088, 0.030059907204608147, 0.03052096911154336, 0.031053468449087778, 0.03142000488428638, 0.03173833045042581, 0.031892653890475096, 0.03198060527161537, 0.031944507243272385, 0.03180892531117334, 0.03180195743523648, 0.03175983113429147, 0.03185651864929952, 0.032146459060636644, 0.032526908876218445, 0.033087790299913135, 0.03370146462957083, 0.0342847740780508, 0.0344768243549477, 0.03441738754137779, 0.034008301029805295]",0.005908681970234855,0.08234390910026623,0.0014134794695169345,0.0057371245772279145,0.0,0.0,0.055745266072181165,0.08234390910026623,0.0014134794695169345,0.0057371245772279145,6.648,1717635307.3638756,2024-06-06_10-55-07
0.5059,0.05016000000000001,0.41724957643523697,0.4241638173225363,0.048693306039218974,0.4208723080462419,0.5059,0.05016000000000001,0.4745058867736936,0.4241638173225363,0.048693306039218974,0.4208723080462419,0.003908372487361734,"[0.011315756658919754, 0.012192407496521018, 0.01288995615295488, 0.01359963525141729, 0.014321891165186378, 0.015181047888625853, 0.01592941522152252, 0.01673874496494045, 0.01751440457689525, 0.01835087734908702, 0.019202544572813795, 0.020070622325609303, 0.02095627718778323, 0.02186061264947246, 0.022737260153569413, 0.023681097053535004, 0.024646250751560458, 0.025633386418693636, 0.02659237614956749, 0.027623542314219474, 0.0286250346734827, 0.029647102596467904, 0.03056454213255984, 0.031680305841655834, 0.03263530150735364, 0.033606764937046466, 0.034593095597664145, 0.03536350794006898, 0.035930760474075646, 0.03631257033147624, 0.03661317474198803, 0.03688385713543919, 0.03738127616234113, 0.037934719347479336, 0.03858163380471939, 0.03921882339006296, 0.03999131852533767, 0.04074980907886149, 0.04127472956039594, 0.04151563832077664, 0.04151964454301027, 0.04123464219442919, 0.04096829512038153, 0.04056460486818273, 0.04028281736824196, 0.04000166841569801, 0.03919762289117317, 0.037812479337396496, 0.03622310391275238, 0.03453579653228067, 0.0330206041779641, 0.031565009966306234, 0.03054064037737075, 0.029904305612678588, 0.029394155816597912, 0.028896840658953926, 0.02825322628704274, 0.027685220830545497, 0.02666364029859006, 0.025486033827772144, 0.02414387260068274, 0.023028867611909868, 0.022681878550084772, 0.02299235797660897, 0.02387546679328945, 0.024738332374206702, 0.025547718436096926, 0.026640938816603423, 0.02759836215880636, 0.028240938725365098, 0.028199955208514017, 0.028168175430310402, 0.02767018559717724, 0.027414861073674215, 0.027239233260695786, 0.0274939869379551, 0.027874761581110984, 0.02868161073982207, 0.029514734605865275, 0.030345172291974937, 0.031248268714928727, 0.032298002681611045, 0.033509628354587276, 0.0348066615601669, 0.03569061118903811, 0.03631377821401384, 0.03654105211474412, 0.03646788532881584, 0.03572808397059345, 0.03427781350345514, 0.03309813106562172, 0.031639416134799855, 0.02970329439236902, 0.027599049067936567, 0.02603054913364457, 0.024090316372098155, 0.02220132238001286, 0.02051452966091278, 0.019044426362309692, 0.017805605247084858, 0.01643252777018217, 0.01523003850809785, 0.01424180324883461, 0.013706552220618947, 0.0130880570946912, 0.012988920737072255, 0.013178248200839212, 0.013386796436950147, 0.01359897371732897, 0.01439195864266014, 0.015495810506657983, 0.016686507754200334, 0.01807173050136072, 0.019341411872889052, 0.020370802976522343, 0.0213787239197115, 0.02262888584538598, 0.02401686851684336, 0.025523335513576738, 0.026670410326906566, 0.02758824337325398, 0.02810647098585074, 0.028219175888028712, 0.02804128716256827, 0.027840212128430745, 0.02799079668741686, 0.027988272685847155, 0.02831306909632167, 0.028434723397990712, 0.0285549391753426, 0.02832607944879636, 0.02800347501499142, 0.027460301198426997, 0.02681840364884072, 0.026203190519756815, 0.02552364346313934, 0.024940794741503684, 0.024553643852497812, 0.024009602077058226, 0.023587486328410737, 0.023053226444370627, 0.02237349941244249, 0.021247392964358097, 0.01948489409103017, 0.01759577829009665, 0.015969918059865678, 0.014849832783247986, 0.014164911869984548, 0.013546042864334782, 0.01328357500957488, 0.012905521640083246, 0.012806686101790404, 0.01256569256360443, 0.01270015008783326, 0.013333718053885597, 0.014364706842779438, 0.015230812921928084, 0.016214173123414017, 0.017422309714956504, 0.01848297873673576, 0.019690103784110968, 0.02062988015396428, 0.021304326954883004, 0.021542023987470748, 0.021445001132587415, 0.02128479356968176, 0.021154257299581803, 0.020548768777841446, 0.020419411659703072, 0.020346908766621045, 0.02018386842926173, 0.020060715556614095, 0.019970155121820186, 0.019905412966441507, 0.019860328269953802, 0.019689549628068632, 0.019110038324468673, 0.018401772510693467, 0.01773443768827515, 0.01691379473734185, 0.0163889904882787, 0.015891976533507178, 0.015695148472402557, 0.015634975895130635, 0.01548249397414641, 0.015250362203767827, 0.01446715870868431, 0.013690714184349355, 0.013111437378948002, 0.01280400987898366, 0.012789088065484542, 0.012885508256999974, 0.012645414791893052, 0.012533763320360268, 0.01300792748125149, 0.014045480441271196, 0.015593406388961941, 0.017496649938682926, 0.01947963017829757, 0.021814960986639112, 0.0244888991790445, 0.027455202671237973, 0.030462142682767764, 0.03347516022004274, 0.03632355277573078, 0.03911728575744543, 0.041489125175428104, 0.043617926344794986, 0.04507509866910146, 0.045973158335007626, 0.046666313335408376, 0.047747911364257295, 0.04910015737076979, 0.051170936172887156, 0.05323921785426519, 0.05484930583024696, 0.05598397968583077, 0.056516639752925084, 0.05678375349578094, 0.05655312215346535, 0.05709318659280136, 0.05753330561326649, 0.05822424761198231, 0.05856641837777238, 0.058663546697002605, 0.05829520111627496, 0.058019458378357286, 0.05786276302771312, 0.057678835712609886, 0.05721489013034267, 0.05620972754199197, 0.05488023496470325, 0.05291870088860013, 0.05085359195424363, 0.04836971777146554, 0.045888993393773454, 0.04332790860019442, 0.040721243397433354, 0.03815348906679705, 0.03609755066086763, 0.03431153121207709, 0.03269994312791247, 0.03113246913067769, 0.029533434333839276, 0.02779284963423818, 0.02581340528028532, 0.023636664296078556, 0.021032966406022018, 0.018298152858289164, 0.015471223173718233, 0.012975006021594128, 0.011476514573927241, 0.011190786613452559, 0.012013514795745658, 0.013192708648177051, 0.0146026096239084, 0.016627808096549106, 0.019288816219412905, 0.022115031993867204, 0.024956066779425322, 0.027947127033299147, 0.030317719296220055, 0.03213024736687776, 0.033908117916643665, 0.035613155393420214, 0.03695858371541455, 0.0370883147011733, 0.035844860180821725, 0.03331269225961453, 0.030127822662769057, 0.026675716455458534, 0.02305094507263966, 0.019294584365168215, 0.016588874620184203, 0.013459760460278334, 0.010513659470637583, 0.008184205378854309, 0.005908681970234855, 0.003908372487361734, 0.002250880846271649, 0.001837561814419065, 0.003902446460586522, 0.00649131804032715, 0.008842266053540701, 0.011337576744963709, 0.013847821453172829, 0.016241515374979285, 0.018506880743639053, 0.020753891025054552, 0.022854281545735794, 0.025177910908837288, 0.027764777035113285, 0.0302577363231247, 0.032552204835272186, 0.033962244268502154, 0.03530995724171245, 0.036795414568091225, 0.03840706162943578, 0.039993850675796264, 0.04133645030179679, 0.04211247094820217, 0.04239213751353172, 0.042192499106345205, 0.04200269786908514, 0.041897190162155235, 0.041830932940717325, 0.04166737666619139, 0.04206882264734189, 0.0426127097658282, 0.042895687146734904, 0.04300135533202284, 0.04249799814293581, 0.041897582995049115, 0.04072077112408416, 0.03927976254850985, 0.037331499513228325, 0.035889992777759706, 0.03456359233645024, 0.033243529781910974, 0.03199033675126687, 0.03059935779738079, 0.029272240636492235, 0.027900707354997015, 0.02654938414970694, 0.02543173352052397, 0.024311103096379235, 0.023065212419431085, 0.021685454855791198, 0.02041159885695607, 0.019056064221564174, 0.017656707279948437, 0.01626614648165674, 0.015012383850973622, 0.013603567963072178, 0.012189757837366814, 0.010674529938407772, 0.009407142987148039, 0.008344525906195775, 0.007439054007672372, 0.0072034584519923735, 0.007775010970036668, 0.009047582903156274, 0.010731538882415681, 0.01253460028234948, 0.014333543563369548, 0.016070624592636203, 0.017817726146123574, 0.019557256660804743, 0.02116824086555951, 0.022529303997840977, 0.023628588936546305, 0.02391411988476377, 0.02359656311707365, 0.022355277074164143, 0.020961866673625245, 0.018393580144489934, 0.015660552711922182, 0.013874328661167971, 0.01254026736778108, 0.011812131260623127, 0.010800298354986543, 0.00961805971638548, 0.008471507575266851, 0.007656757785702683, 0.006719580941926242, 0.0056999472982024405, 0.005125787188458596, 0.00504686530895439, 0.005697178935649704, 0.006245540782853768, 0.0070976650798796875, 0.007900543705723831, 0.008755370167568399, 0.009807746909975117, 0.011209592216881203, 0.01276960312030194, 0.014467251258771754, 0.015865855510978952, 0.01751794577394112, 0.01978728846519214, 0.022540086452385207, 0.024859037758439572, 0.02589623397823137, 0.02611181133516041, 0.026565850619759173, 0.0272557734372972, 0.02776644526036269, 0.02799937699621002, 0.02818388188652303, 0.02806005928616626, 0.028083982827741123, 0.02781538632605852, 0.027763976455106594, 0.028120518002563644, 0.028688559534023904, 0.029389365084960088, 0.030059907204608147, 0.03052096911154336, 0.031053468449087778, 0.03142000488428638, 0.03173833045042581, 0.031892653890475096, 0.03198060527161537, 0.031944507243272385, 0.03180892531117334, 0.03180195743523648, 0.03175983113429147, 0.03185651864929952, 0.032146459060636644, 0.032526908876218445, 0.033087790299913135, 0.03370146462957083, 0.0342847740780508, 0.0344768243549477, 0.03441738754137779, 0.034008301029805295]",0.003908372487361734,0.08173618267746374,0.0014666939607810361,0.003622731611004959,0.0,0.0,0.05725631033845663,0.08173618267746374,0.0014666939607810361,0.003622731611004959,6.672000000000001,1717635307.3873153,2024-06-06_10-55-07
0.5059,0.05087999999999998,0.4172034070927883,0.42469687792023836,0.04929150740163231,0.4187981346083983,0.5059,0.05087999999999998,0.47597076169752045,0.42469687792023836,0.04929150740163231,0.4187981346083983,0.002250880846271649,"[0.011315756658919754, 0.012192407496521018, 0.01288995615295488, 0.01359963525141729, 0.014321891165186378, 0.015181047888625853, 0.01592941522152252, 0.01673874496494045, 0.01751440457689525, 0.01835087734908702, 0.019202544572813795, 0.020070622325609303, 0.02095627718778323, 0.02186061264947246, 0.022737260153569413, 0.023681097053535004, 0.024646250751560458, 0.025633386418693636, 0.02659237614956749, 0.027623542314219474, 0.0286250346734827, 0.029647102596467904, 0.03056454213255984, 0.031680305841655834, 0.03263530150735364, 0.033606764937046466, 0.034593095597664145, 0.03536350794006898, 0.035930760474075646, 0.03631257033147624, 0.03661317474198803, 0.03688385713543919, 0.03738127616234113, 0.037934719347479336, 0.03858163380471939, 0.03921882339006296, 0.03999131852533767, 0.04074980907886149, 0.04127472956039594, 0.04151563832077664, 0.04151964454301027, 0.04123464219442919, 0.04096829512038153, 0.04056460486818273, 0.04028281736824196, 0.04000166841569801, 0.03919762289117317, 0.037812479337396496, 0.03622310391275238, 0.03453579653228067, 0.0330206041779641, 0.031565009966306234, 0.03054064037737075, 0.029904305612678588, 0.029394155816597912, 0.028896840658953926, 0.02825322628704274, 0.027685220830545497, 0.02666364029859006, 0.025486033827772144, 0.02414387260068274, 0.023028867611909868, 0.022681878550084772, 0.02299235797660897, 0.02387546679328945, 0.024738332374206702, 0.025547718436096926, 0.026640938816603423, 0.02759836215880636, 0.028240938725365098, 0.028199955208514017, 0.028168175430310402, 0.02767018559717724, 0.027414861073674215, 0.027239233260695786, 0.0274939869379551, 0.027874761581110984, 0.02868161073982207, 0.029514734605865275, 0.030345172291974937, 0.031248268714928727, 0.032298002681611045, 0.033509628354587276, 0.0348066615601669, 0.03569061118903811, 0.03631377821401384, 0.03654105211474412, 0.03646788532881584, 0.03572808397059345, 0.03427781350345514, 0.03309813106562172, 0.031639416134799855, 0.02970329439236902, 0.027599049067936567, 0.02603054913364457, 0.024090316372098155, 0.02220132238001286, 0.02051452966091278, 0.019044426362309692, 0.017805605247084858, 0.01643252777018217, 0.01523003850809785, 0.01424180324883461, 0.013706552220618947, 0.0130880570946912, 0.012988920737072255, 0.013178248200839212, 0.013386796436950147, 0.01359897371732897, 0.01439195864266014, 0.015495810506657983, 0.016686507754200334, 0.01807173050136072, 0.019341411872889052, 0.020370802976522343, 0.0213787239197115, 0.02262888584538598, 0.02401686851684336, 0.025523335513576738, 0.026670410326906566, 0.02758824337325398, 0.02810647098585074, 0.028219175888028712, 0.02804128716256827, 0.027840212128430745, 0.02799079668741686, 0.027988272685847155, 0.02831306909632167, 0.028434723397990712, 0.0285549391753426, 0.02832607944879636, 0.02800347501499142, 0.027460301198426997, 0.02681840364884072, 0.026203190519756815, 0.02552364346313934, 0.024940794741503684, 0.024553643852497812, 0.024009602077058226, 0.023587486328410737, 0.023053226444370627, 0.02237349941244249, 0.021247392964358097, 0.01948489409103017, 0.01759577829009665, 0.015969918059865678, 0.014849832783247986, 0.014164911869984548, 0.013546042864334782, 0.01328357500957488, 0.012905521640083246, 0.012806686101790404, 0.01256569256360443, 0.01270015008783326, 0.013333718053885597, 0.014364706842779438, 0.015230812921928084, 0.016214173123414017, 0.017422309714956504, 0.01848297873673576, 0.019690103784110968, 0.02062988015396428, 0.021304326954883004, 0.021542023987470748, 0.021445001132587415, 0.02128479356968176, 0.021154257299581803, 0.020548768777841446, 0.020419411659703072, 0.020346908766621045, 0.02018386842926173, 0.020060715556614095, 0.019970155121820186, 0.019905412966441507, 0.019860328269953802, 0.019689549628068632, 0.019110038324468673, 0.018401772510693467, 0.01773443768827515, 0.01691379473734185, 0.0163889904882787, 0.015891976533507178, 0.015695148472402557, 0.015634975895130635, 0.01548249397414641, 0.015250362203767827, 0.01446715870868431, 0.013690714184349355, 0.013111437378948002, 0.01280400987898366, 0.012789088065484542, 0.012885508256999974, 0.012645414791893052, 0.012533763320360268, 0.01300792748125149, 0.014045480441271196, 0.015593406388961941, 0.017496649938682926, 0.01947963017829757, 0.021814960986639112, 0.0244888991790445, 0.027455202671237973, 0.030462142682767764, 0.03347516022004274, 0.03632355277573078, 0.03911728575744543, 0.041489125175428104, 0.043617926344794986, 0.04507509866910146, 0.045973158335007626, 0.046666313335408376, 0.047747911364257295, 0.04910015737076979, 0.051170936172887156, 0.05323921785426519, 0.05484930583024696, 0.05598397968583077, 0.056516639752925084, 0.05678375349578094, 0.05655312215346535, 0.05709318659280136, 0.05753330561326649, 0.05822424761198231, 0.05856641837777238, 0.058663546697002605, 0.05829520111627496, 0.058019458378357286, 0.05786276302771312, 0.057678835712609886, 0.05721489013034267, 0.05620972754199197, 0.05488023496470325, 0.05291870088860013, 0.05085359195424363, 0.04836971777146554, 0.045888993393773454, 0.04332790860019442, 0.040721243397433354, 0.03815348906679705, 0.03609755066086763, 0.03431153121207709, 0.03269994312791247, 0.03113246913067769, 0.029533434333839276, 0.02779284963423818, 0.02581340528028532, 0.023636664296078556, 0.021032966406022018, 0.018298152858289164, 0.015471223173718233, 0.012975006021594128, 0.011476514573927241, 0.011190786613452559, 0.012013514795745658, 0.013192708648177051, 0.0146026096239084, 0.016627808096549106, 0.019288816219412905, 0.022115031993867204, 0.024956066779425322, 0.027947127033299147, 0.030317719296220055, 0.03213024736687776, 0.033908117916643665, 0.035613155393420214, 0.03695858371541455, 0.0370883147011733, 0.035844860180821725, 0.03331269225961453, 0.030127822662769057, 0.026675716455458534, 0.02305094507263966, 0.019294584365168215, 0.016588874620184203, 0.013459760460278334, 0.010513659470637583, 0.008184205378854309, 0.005908681970234855, 0.003908372487361734, 0.002250880846271649, 0.001837561814419065, 0.003902446460586522, 0.00649131804032715, 0.008842266053540701, 0.011337576744963709, 0.013847821453172829, 0.016241515374979285, 0.018506880743639053, 0.020753891025054552, 0.022854281545735794, 0.025177910908837288, 0.027764777035113285, 0.0302577363231247, 0.032552204835272186, 0.033962244268502154, 0.03530995724171245, 0.036795414568091225, 0.03840706162943578, 0.039993850675796264, 0.04133645030179679, 0.04211247094820217, 0.04239213751353172, 0.042192499106345205, 0.04200269786908514, 0.041897190162155235, 0.041830932940717325, 0.04166737666619139, 0.04206882264734189, 0.0426127097658282, 0.042895687146734904, 0.04300135533202284, 0.04249799814293581, 0.041897582995049115, 0.04072077112408416, 0.03927976254850985, 0.037331499513228325, 0.035889992777759706, 0.03456359233645024, 0.033243529781910974, 0.03199033675126687, 0.03059935779738079, 0.029272240636492235, 0.027900707354997015, 0.02654938414970694, 0.02543173352052397, 0.024311103096379235, 0.023065212419431085, 0.021685454855791198, 0.02041159885695607, 0.019056064221564174, 0.017656707279948437, 0.01626614648165674, 0.015012383850973622, 0.013603567963072178, 0.012189757837366814, 0.010674529938407772, 0.009407142987148039, 0.008344525906195775, 0.007439054007672372, 0.0072034584519923735, 0.007775010970036668, 0.009047582903156274, 0.010731538882415681, 0.01253460028234948, 0.014333543563369548, 0.016070624592636203, 0.017817726146123574, 0.019557256660804743, 0.02116824086555951, 0.022529303997840977, 0.023628588936546305, 0.02391411988476377, 0.02359656311707365, 0.022355277074164143, 0.020961866673625245, 0.018393580144489934, 0.015660552711922182, 0.013874328661167971, 0.01254026736778108, 0.011812131260623127, 0.010800298354986543, 0.00961805971638548, 0.008471507575266851, 0.007656757785702683, 0.006719580941926242, 0.0056999472982024405, 0.005125787188458596, 0.00504686530895439, 0.005697178935649704, 0.006245540782853768, 0.0070976650798796875, 0.007900543705723831, 0.008755370167568399, 0.009807746909975117, 0.011209592216881203, 0.01276960312030194, 0.014467251258771754, 0.015865855510978952, 0.01751794577394112, 0.01978728846519214, 0.022540086452385207, 0.024859037758439572, 0.02589623397823137, 0.02611181133516041, 0.026565850619759173, 0.0272557734372972, 0.02776644526036269, 0.02799937699621002, 0.02818388188652303, 0.02806005928616626, 0.028083982827741123, 0.02781538632605852, 0.027763976455106594, 0.028120518002563644, 0.028688559534023904, 0.029389365084960088, 0.030059907204608147, 0.03052096911154336, 0.031053468449087778, 0.03142000488428638, 0.03173833045042581, 0.031892653890475096, 0.03198060527161537, 0.031944507243272385, 0.03180892531117334, 0.03180195743523648, 0.03175983113429147, 0.03185651864929952, 0.032146459060636644, 0.032526908876218445, 0.033087790299913135, 0.03370146462957083, 0.0342847740780508, 0.0344768243549477, 0.03441738754137779, 0.034008301029805295]",0.002250880846271649,0.08120312207976166,0.0015884925983676718,0.0015947275156100171,0.0,0.0,0.05876735460473215,0.08120312207976166,0.0015884925983676718,0.0015947275156100171,6.696,1717635307.411018,2024-06-06_10-55-07
0.5059,0.05160000000000001,0.41730010899171127,0.4252805171154028,0.04996184573181016,0.4164675923159489,0.5059,0.05160000000000001,0.47754825350680874,0.4252805171154028,0.04996184573181016,0.4164675923159489,0.001837561814419065,"[0.011315756658919754, 0.012192407496521018, 0.01288995615295488, 0.01359963525141729, 0.014321891165186378, 0.015181047888625853, 0.01592941522152252, 0.01673874496494045, 0.01751440457689525, 0.01835087734908702, 0.019202544572813795, 0.020070622325609303, 0.02095627718778323, 0.02186061264947246, 0.022737260153569413, 0.023681097053535004, 0.024646250751560458, 0.025633386418693636, 0.02659237614956749, 0.027623542314219474, 0.0286250346734827, 0.029647102596467904, 0.03056454213255984, 0.031680305841655834, 0.03263530150735364, 0.033606764937046466, 0.034593095597664145, 0.03536350794006898, 0.035930760474075646, 0.03631257033147624, 0.03661317474198803, 0.03688385713543919, 0.03738127616234113, 0.037934719347479336, 0.03858163380471939, 0.03921882339006296, 0.03999131852533767, 0.04074980907886149, 0.04127472956039594, 0.04151563832077664, 0.04151964454301027, 0.04123464219442919, 0.04096829512038153, 0.04056460486818273, 0.04028281736824196, 0.04000166841569801, 0.03919762289117317, 0.037812479337396496, 0.03622310391275238, 0.03453579653228067, 0.0330206041779641, 0.031565009966306234, 0.03054064037737075, 0.029904305612678588, 0.029394155816597912, 0.028896840658953926, 0.02825322628704274, 0.027685220830545497, 0.02666364029859006, 0.025486033827772144, 0.02414387260068274, 0.023028867611909868, 0.022681878550084772, 0.02299235797660897, 0.02387546679328945, 0.024738332374206702, 0.025547718436096926, 0.026640938816603423, 0.02759836215880636, 0.028240938725365098, 0.028199955208514017, 0.028168175430310402, 0.02767018559717724, 0.027414861073674215, 0.027239233260695786, 0.0274939869379551, 0.027874761581110984, 0.02868161073982207, 0.029514734605865275, 0.030345172291974937, 0.031248268714928727, 0.032298002681611045, 0.033509628354587276, 0.0348066615601669, 0.03569061118903811, 0.03631377821401384, 0.03654105211474412, 0.03646788532881584, 0.03572808397059345, 0.03427781350345514, 0.03309813106562172, 0.031639416134799855, 0.02970329439236902, 0.027599049067936567, 0.02603054913364457, 0.024090316372098155, 0.02220132238001286, 0.02051452966091278, 0.019044426362309692, 0.017805605247084858, 0.01643252777018217, 0.01523003850809785, 0.01424180324883461, 0.013706552220618947, 0.0130880570946912, 0.012988920737072255, 0.013178248200839212, 0.013386796436950147, 0.01359897371732897, 0.01439195864266014, 0.015495810506657983, 0.016686507754200334, 0.01807173050136072, 0.019341411872889052, 0.020370802976522343, 0.0213787239197115, 0.02262888584538598, 0.02401686851684336, 0.025523335513576738, 0.026670410326906566, 0.02758824337325398, 0.02810647098585074, 0.028219175888028712, 0.02804128716256827, 0.027840212128430745, 0.02799079668741686, 0.027988272685847155, 0.02831306909632167, 0.028434723397990712, 0.0285549391753426, 0.02832607944879636, 0.02800347501499142, 0.027460301198426997, 0.02681840364884072, 0.026203190519756815, 0.02552364346313934, 0.024940794741503684, 0.024553643852497812, 0.024009602077058226, 0.023587486328410737, 0.023053226444370627, 0.02237349941244249, 0.021247392964358097, 0.01948489409103017, 0.01759577829009665, 0.015969918059865678, 0.014849832783247986, 0.014164911869984548, 0.013546042864334782, 0.01328357500957488, 0.012905521640083246, 0.012806686101790404, 0.01256569256360443, 0.01270015008783326, 0.013333718053885597, 0.014364706842779438, 0.015230812921928084, 0.016214173123414017, 0.017422309714956504, 0.01848297873673576, 0.019690103784110968, 0.02062988015396428, 0.021304326954883004, 0.021542023987470748, 0.021445001132587415, 0.02128479356968176, 0.021154257299581803, 0.020548768777841446, 0.020419411659703072, 0.020346908766621045, 0.02018386842926173, 0.020060715556614095, 0.019970155121820186, 0.019905412966441507, 0.019860328269953802, 0.019689549628068632, 0.019110038324468673, 0.018401772510693467, 0.01773443768827515, 0.01691379473734185, 0.0163889904882787, 0.015891976533507178, 0.015695148472402557, 0.015634975895130635, 0.01548249397414641, 0.015250362203767827, 0.01446715870868431, 0.013690714184349355, 0.013111437378948002, 0.01280400987898366, 0.012789088065484542, 0.012885508256999974, 0.012645414791893052, 0.012533763320360268, 0.01300792748125149, 0.014045480441271196, 0.015593406388961941, 0.017496649938682926, 0.01947963017829757, 0.021814960986639112, 0.0244888991790445, 0.027455202671237973, 0.030462142682767764, 0.03347516022004274, 0.03632355277573078, 0.03911728575744543, 0.041489125175428104, 0.043617926344794986, 0.04507509866910146, 0.045973158335007626, 0.046666313335408376, 0.047747911364257295, 0.04910015737076979, 0.051170936172887156, 0.05323921785426519, 0.05484930583024696, 0.05598397968583077, 0.056516639752925084, 0.05678375349578094, 0.05655312215346535, 0.05709318659280136, 0.05753330561326649, 0.05822424761198231, 0.05856641837777238, 0.058663546697002605, 0.05829520111627496, 0.058019458378357286, 0.05786276302771312, 0.057678835712609886, 0.05721489013034267, 0.05620972754199197, 0.05488023496470325, 0.05291870088860013, 0.05085359195424363, 0.04836971777146554, 0.045888993393773454, 0.04332790860019442, 0.040721243397433354, 0.03815348906679705, 0.03609755066086763, 0.03431153121207709, 0.03269994312791247, 0.03113246913067769, 0.029533434333839276, 0.02779284963423818, 0.02581340528028532, 0.023636664296078556, 0.021032966406022018, 0.018298152858289164, 0.015471223173718233, 0.012975006021594128, 0.011476514573927241, 0.011190786613452559, 0.012013514795745658, 0.013192708648177051, 0.0146026096239084, 0.016627808096549106, 0.019288816219412905, 0.022115031993867204, 0.024956066779425322, 0.027947127033299147, 0.030317719296220055, 0.03213024736687776, 0.033908117916643665, 0.035613155393420214, 0.03695858371541455, 0.0370883147011733, 0.035844860180821725, 0.03331269225961453, 0.030127822662769057, 0.026675716455458534, 0.02305094507263966, 0.019294584365168215, 0.016588874620184203, 0.013459760460278334, 0.010513659470637583, 0.008184205378854309, 0.005908681970234855, 0.003908372487361734, 0.002250880846271649, 0.001837561814419065, 0.003902446460586522, 0.00649131804032715, 0.008842266053540701, 0.011337576744963709, 0.013847821453172829, 0.016241515374979285, 0.018506880743639053, 0.020753891025054552, 0.022854281545735794, 0.025177910908837288, 0.027764777035113285, 0.0302577363231247, 0.032552204835272186, 0.033962244268502154, 0.03530995724171245, 0.036795414568091225, 0.03840706162943578, 0.039993850675796264, 0.04133645030179679, 0.04211247094820217, 0.04239213751353172, 0.042192499106345205, 0.04200269786908514, 0.041897190162155235, 0.041830932940717325, 0.04166737666619139, 0.04206882264734189, 0.0426127097658282, 0.042895687146734904, 0.04300135533202284, 0.04249799814293581, 0.041897582995049115, 0.04072077112408416, 0.03927976254850985, 0.037331499513228325, 0.035889992777759706, 0.03456359233645024, 0.033243529781910974, 0.03199033675126687, 0.03059935779738079, 0.029272240636492235, 0.027900707354997015, 0.02654938414970694, 0.02543173352052397, 0.024311103096379235, 0.023065212419431085, 0.021685454855791198, 0.02041159885695607, 0.019056064221564174, 0.017656707279948437, 0.01626614648165674, 0.015012383850973622, 0.013603567963072178, 0.012189757837366814, 0.010674529938407772, 0.009407142987148039, 0.008344525906195775, 0.007439054007672372, 0.0072034584519923735, 0.007775010970036668, 0.009047582903156274, 0.010731538882415681, 0.01253460028234948, 0.014333543563369548, 0.016070624592636203, 0.017817726146123574, 0.019557256660804743, 0.02116824086555951, 0.022529303997840977, 0.023628588936546305, 0.02391411988476377, 0.02359656311707365, 0.022355277074164143, 0.020961866673625245, 0.018393580144489934, 0.015660552711922182, 0.013874328661167971, 0.01254026736778108, 0.011812131260623127, 0.010800298354986543, 0.00961805971638548, 0.008471507575266851, 0.007656757785702683, 0.006719580941926242, 0.0056999472982024405, 0.005125787188458596, 0.00504686530895439, 0.005697178935649704, 0.006245540782853768, 0.0070976650798796875, 0.007900543705723831, 0.008755370167568399, 0.009807746909975117, 0.011209592216881203, 0.01276960312030194, 0.014467251258771754, 0.015865855510978952, 0.01751794577394112, 0.01978728846519214, 0.022540086452385207, 0.024859037758439572, 0.02589623397823137, 0.02611181133516041, 0.026565850619759173, 0.0272557734372972, 0.02776644526036269, 0.02799937699621002, 0.02818388188652303, 0.02806005928616626, 0.028083982827741123, 0.02781538632605852, 0.027763976455106594, 0.028120518002563644, 0.028688559534023904, 0.029389365084960088, 0.030059907204608147, 0.03052096911154336, 0.031053468449087778, 0.03142000488428638, 0.03173833045042581, 0.031892653890475096, 0.03198060527161537, 0.031944507243272385, 0.03180892531117334, 0.03180195743523648, 0.03175983113429147, 0.03185651864929952, 0.032146459060636644, 0.032526908876218445, 0.033087790299913135, 0.03370146462957083, 0.0342847740780508, 0.0344768243549477, 0.03441738754137779, 0.034008301029805295]",0.001837561814419065,0.0806194828845972,0.001638154268189848,0.0008325166757623959,0.0,0.0,0.06024814451509747,0.0806194828845972,0.001638154268189848,0.0008325166757623959,6.720000000000001,1717635307.435022,2024-06-06_10-55-07
0.5059,0.052320000000000005,0.4175365606549278,0.425880825218188,0.050669434456872164,0.4140003590535505,0.5059,0.052320000000000005,0.4792594442092086,0.425880825218188,0.050669434456872164,0.4140003590535505,0.003902446460586522,"[0.011315756658919754, 0.012192407496521018, 0.01288995615295488, 0.01359963525141729, 0.014321891165186378, 0.015181047888625853, 0.01592941522152252, 0.01673874496494045, 0.01751440457689525, 0.01835087734908702, 0.019202544572813795, 0.020070622325609303, 0.02095627718778323, 0.02186061264947246, 0.022737260153569413, 0.023681097053535004, 0.024646250751560458, 0.025633386418693636, 0.02659237614956749, 0.027623542314219474, 0.0286250346734827, 0.029647102596467904, 0.03056454213255984, 0.031680305841655834, 0.03263530150735364, 0.033606764937046466, 0.034593095597664145, 0.03536350794006898, 0.035930760474075646, 0.03631257033147624, 0.03661317474198803, 0.03688385713543919, 0.03738127616234113, 0.037934719347479336, 0.03858163380471939, 0.03921882339006296, 0.03999131852533767, 0.04074980907886149, 0.04127472956039594, 0.04151563832077664, 0.04151964454301027, 0.04123464219442919, 0.04096829512038153, 0.04056460486818273, 0.04028281736824196, 0.04000166841569801, 0.03919762289117317, 0.037812479337396496, 0.03622310391275238, 0.03453579653228067, 0.0330206041779641, 0.031565009966306234, 0.03054064037737075, 0.029904305612678588, 0.029394155816597912, 0.028896840658953926, 0.02825322628704274, 0.027685220830545497, 0.02666364029859006, 0.025486033827772144, 0.02414387260068274, 0.023028867611909868, 0.022681878550084772, 0.02299235797660897, 0.02387546679328945, 0.024738332374206702, 0.025547718436096926, 0.026640938816603423, 0.02759836215880636, 0.028240938725365098, 0.028199955208514017, 0.028168175430310402, 0.02767018559717724, 0.027414861073674215, 0.027239233260695786, 0.0274939869379551, 0.027874761581110984, 0.02868161073982207, 0.029514734605865275, 0.030345172291974937, 0.031248268714928727, 0.032298002681611045, 0.033509628354587276, 0.0348066615601669, 0.03569061118903811, 0.03631377821401384, 0.03654105211474412, 0.03646788532881584, 0.03572808397059345, 0.03427781350345514, 0.03309813106562172, 0.031639416134799855, 0.02970329439236902, 0.027599049067936567, 0.02603054913364457, 0.024090316372098155, 0.02220132238001286, 0.02051452966091278, 0.019044426362309692, 0.017805605247084858, 0.01643252777018217, 0.01523003850809785, 0.01424180324883461, 0.013706552220618947, 0.0130880570946912, 0.012988920737072255, 0.013178248200839212, 0.013386796436950147, 0.01359897371732897, 0.01439195864266014, 0.015495810506657983, 0.016686507754200334, 0.01807173050136072, 0.019341411872889052, 0.020370802976522343, 0.0213787239197115, 0.02262888584538598, 0.02401686851684336, 0.025523335513576738, 0.026670410326906566, 0.02758824337325398, 0.02810647098585074, 0.028219175888028712, 0.02804128716256827, 0.027840212128430745, 0.02799079668741686, 0.027988272685847155, 0.02831306909632167, 0.028434723397990712, 0.0285549391753426, 0.02832607944879636, 0.02800347501499142, 0.027460301198426997, 0.02681840364884072, 0.026203190519756815, 0.02552364346313934, 0.024940794741503684, 0.024553643852497812, 0.024009602077058226, 0.023587486328410737, 0.023053226444370627, 0.02237349941244249, 0.021247392964358097, 0.01948489409103017, 0.01759577829009665, 0.015969918059865678, 0.014849832783247986, 0.014164911869984548, 0.013546042864334782, 0.01328357500957488, 0.012905521640083246, 0.012806686101790404, 0.01256569256360443, 0.01270015008783326, 0.013333718053885597, 0.014364706842779438, 0.015230812921928084, 0.016214173123414017, 0.017422309714956504, 0.01848297873673576, 0.019690103784110968, 0.02062988015396428, 0.021304326954883004, 0.021542023987470748, 0.021445001132587415, 0.02128479356968176, 0.021154257299581803, 0.020548768777841446, 0.020419411659703072, 0.020346908766621045, 0.02018386842926173, 0.020060715556614095, 0.019970155121820186, 0.019905412966441507, 0.019860328269953802, 0.019689549628068632, 0.019110038324468673, 0.018401772510693467, 0.01773443768827515, 0.01691379473734185, 0.0163889904882787, 0.015891976533507178, 0.015695148472402557, 0.015634975895130635, 0.01548249397414641, 0.015250362203767827, 0.01446715870868431, 0.013690714184349355, 0.013111437378948002, 0.01280400987898366, 0.012789088065484542, 0.012885508256999974, 0.012645414791893052, 0.012533763320360268, 0.01300792748125149, 0.014045480441271196, 0.015593406388961941, 0.017496649938682926, 0.01947963017829757, 0.021814960986639112, 0.0244888991790445, 0.027455202671237973, 0.030462142682767764, 0.03347516022004274, 0.03632355277573078, 0.03911728575744543, 0.041489125175428104, 0.043617926344794986, 0.04507509866910146, 0.045973158335007626, 0.046666313335408376, 0.047747911364257295, 0.04910015737076979, 0.051170936172887156, 0.05323921785426519, 0.05484930583024696, 0.05598397968583077, 0.056516639752925084, 0.05678375349578094, 0.05655312215346535, 0.05709318659280136, 0.05753330561326649, 0.05822424761198231, 0.05856641837777238, 0.058663546697002605, 0.05829520111627496, 0.058019458378357286, 0.05786276302771312, 0.057678835712609886, 0.05721489013034267, 0.05620972754199197, 0.05488023496470325, 0.05291870088860013, 0.05085359195424363, 0.04836971777146554, 0.045888993393773454, 0.04332790860019442, 0.040721243397433354, 0.03815348906679705, 0.03609755066086763, 0.03431153121207709, 0.03269994312791247, 0.03113246913067769, 0.029533434333839276, 0.02779284963423818, 0.02581340528028532, 0.023636664296078556, 0.021032966406022018, 0.018298152858289164, 0.015471223173718233, 0.012975006021594128, 0.011476514573927241, 0.011190786613452559, 0.012013514795745658, 0.013192708648177051, 0.0146026096239084, 0.016627808096549106, 0.019288816219412905, 0.022115031993867204, 0.024956066779425322, 0.027947127033299147, 0.030317719296220055, 0.03213024736687776, 0.033908117916643665, 0.035613155393420214, 0.03695858371541455, 0.0370883147011733, 0.035844860180821725, 0.03331269225961453, 0.030127822662769057, 0.026675716455458534, 0.02305094507263966, 0.019294584365168215, 0.016588874620184203, 0.013459760460278334, 0.010513659470637583, 0.008184205378854309, 0.005908681970234855, 0.003908372487361734, 0.002250880846271649, 0.001837561814419065, 0.003902446460586522, 0.00649131804032715, 0.008842266053540701, 0.011337576744963709, 0.013847821453172829, 0.016241515374979285, 0.018506880743639053, 0.020753891025054552, 0.022854281545735794, 0.025177910908837288, 0.027764777035113285, 0.0302577363231247, 0.032552204835272186, 0.033962244268502154, 0.03530995724171245, 0.036795414568091225, 0.03840706162943578, 0.039993850675796264, 0.04133645030179679, 0.04211247094820217, 0.04239213751353172, 0.042192499106345205, 0.04200269786908514, 0.041897190162155235, 0.041830932940717325, 0.04166737666619139, 0.04206882264734189, 0.0426127097658282, 0.042895687146734904, 0.04300135533202284, 0.04249799814293581, 0.041897582995049115, 0.04072077112408416, 0.03927976254850985, 0.037331499513228325, 0.035889992777759706, 0.03456359233645024, 0.033243529781910974, 0.03199033675126687, 0.03059935779738079, 0.029272240636492235, 0.027900707354997015, 0.02654938414970694, 0.02543173352052397, 0.024311103096379235, 0.023065212419431085, 0.021685454855791198, 0.02041159885695607, 0.019056064221564174, 0.017656707279948437, 0.01626614648165674, 0.015012383850973622, 0.013603567963072178, 0.012189757837366814, 0.010674529938407772, 0.009407142987148039, 0.008344525906195775, 0.007439054007672372, 0.0072034584519923735, 0.007775010970036668, 0.009047582903156274, 0.010731538882415681, 0.01253460028234948, 0.014333543563369548, 0.016070624592636203, 0.017817726146123574, 0.019557256660804743, 0.02116824086555951, 0.022529303997840977, 0.023628588936546305, 0.02391411988476377, 0.02359656311707365, 0.022355277074164143, 0.020961866673625245, 0.018393580144489934, 0.015660552711922182, 0.013874328661167971, 0.01254026736778108, 0.011812131260623127, 0.010800298354986543, 0.00961805971638548, 0.008471507575266851, 0.007656757785702683, 0.006719580941926242, 0.0056999472982024405, 0.005125787188458596, 0.00504686530895439, 0.005697178935649704, 0.006245540782853768, 0.0070976650798796875, 0.007900543705723831, 0.008755370167568399, 0.009807746909975117, 0.011209592216881203, 0.01276960312030194, 0.014467251258771754, 0.015865855510978952, 0.01751794577394112, 0.01978728846519214, 0.022540086452385207, 0.024859037758439572, 0.02589623397823137, 0.02611181133516041, 0.026565850619759173, 0.0272557734372972, 0.02776644526036269, 0.02799937699621002, 0.02818388188652303, 0.02806005928616626, 0.028083982827741123, 0.02781538632605852, 0.027763976455106594, 0.028120518002563644, 0.028688559534023904, 0.029389365084960088, 0.030059907204608147, 0.03052096911154336, 0.031053468449087778, 0.03142000488428638, 0.03173833045042581, 0.031892653890475096, 0.03198060527161537, 0.031944507243272385, 0.03180892531117334, 0.03180195743523648, 0.03175983113429147, 0.03185651864929952, 0.032146459060636644, 0.032526908876218445, 0.033087790299913135, 0.03370146462957083, 0.0342847740780508, 0.0344768243549477, 0.03441738754137779, 0.034008301029805295]",0.003902446460586522,0.08001917478181203,0.001650565543127841,0.003536201601377298,0.0,0.0,0.061722883554280794,0.08001917478181203,0.001650565543127841,0.003536201601377298,6.744,1717635307.4593995,2024-06-06_10-55-07
0.5059,0.053039999999999976,0.4179089120249135,0.42643756279036643,0.051343476705046937,0.4116432102597192,0.5059,0.053039999999999976,0.4811065346183776,0.42643756279036643,0.051343476705046937,0.4116432102597192,0.00649131804032715,"[0.011315756658919754, 0.012192407496521018, 0.01288995615295488, 0.01359963525141729, 0.014321891165186378, 0.015181047888625853, 0.01592941522152252, 0.01673874496494045, 0.01751440457689525, 0.01835087734908702, 0.019202544572813795, 0.020070622325609303, 0.02095627718778323, 0.02186061264947246, 0.022737260153569413, 0.023681097053535004, 0.024646250751560458, 0.025633386418693636, 0.02659237614956749, 0.027623542314219474, 0.0286250346734827, 0.029647102596467904, 0.03056454213255984, 0.031680305841655834, 0.03263530150735364, 0.033606764937046466, 0.034593095597664145, 0.03536350794006898, 0.035930760474075646, 0.03631257033147624, 0.03661317474198803, 0.03688385713543919, 0.03738127616234113, 0.037934719347479336, 0.03858163380471939, 0.03921882339006296, 0.03999131852533767, 0.04074980907886149, 0.04127472956039594, 0.04151563832077664, 0.04151964454301027, 0.04123464219442919, 0.04096829512038153, 0.04056460486818273, 0.04028281736824196, 0.04000166841569801, 0.03919762289117317, 0.037812479337396496, 0.03622310391275238, 0.03453579653228067, 0.0330206041779641, 0.031565009966306234, 0.03054064037737075, 0.029904305612678588, 0.029394155816597912, 0.028896840658953926, 0.02825322628704274, 0.027685220830545497, 0.02666364029859006, 0.025486033827772144, 0.02414387260068274, 0.023028867611909868, 0.022681878550084772, 0.02299235797660897, 0.02387546679328945, 0.024738332374206702, 0.025547718436096926, 0.026640938816603423, 0.02759836215880636, 0.028240938725365098, 0.028199955208514017, 0.028168175430310402, 0.02767018559717724, 0.027414861073674215, 0.027239233260695786, 0.0274939869379551, 0.027874761581110984, 0.02868161073982207, 0.029514734605865275, 0.030345172291974937, 0.031248268714928727, 0.032298002681611045, 0.033509628354587276, 0.0348066615601669, 0.03569061118903811, 0.03631377821401384, 0.03654105211474412, 0.03646788532881584, 0.03572808397059345, 0.03427781350345514, 0.03309813106562172, 0.031639416134799855, 0.02970329439236902, 0.027599049067936567, 0.02603054913364457, 0.024090316372098155, 0.02220132238001286, 0.02051452966091278, 0.019044426362309692, 0.017805605247084858, 0.01643252777018217, 0.01523003850809785, 0.01424180324883461, 0.013706552220618947, 0.0130880570946912, 0.012988920737072255, 0.013178248200839212, 0.013386796436950147, 0.01359897371732897, 0.01439195864266014, 0.015495810506657983, 0.016686507754200334, 0.01807173050136072, 0.019341411872889052, 0.020370802976522343, 0.0213787239197115, 0.02262888584538598, 0.02401686851684336, 0.025523335513576738, 0.026670410326906566, 0.02758824337325398, 0.02810647098585074, 0.028219175888028712, 0.02804128716256827, 0.027840212128430745, 0.02799079668741686, 0.027988272685847155, 0.02831306909632167, 0.028434723397990712, 0.0285549391753426, 0.02832607944879636, 0.02800347501499142, 0.027460301198426997, 0.02681840364884072, 0.026203190519756815, 0.02552364346313934, 0.024940794741503684, 0.024553643852497812, 0.024009602077058226, 0.023587486328410737, 0.023053226444370627, 0.02237349941244249, 0.021247392964358097, 0.01948489409103017, 0.01759577829009665, 0.015969918059865678, 0.014849832783247986, 0.014164911869984548, 0.013546042864334782, 0.01328357500957488, 0.012905521640083246, 0.012806686101790404, 0.01256569256360443, 0.01270015008783326, 0.013333718053885597, 0.014364706842779438, 0.015230812921928084, 0.016214173123414017, 0.017422309714956504, 0.01848297873673576, 0.019690103784110968, 0.02062988015396428, 0.021304326954883004, 0.021542023987470748, 0.021445001132587415, 0.02128479356968176, 0.021154257299581803, 0.020548768777841446, 0.020419411659703072, 0.020346908766621045, 0.02018386842926173, 0.020060715556614095, 0.019970155121820186, 0.019905412966441507, 0.019860328269953802, 0.019689549628068632, 0.019110038324468673, 0.018401772510693467, 0.01773443768827515, 0.01691379473734185, 0.0163889904882787, 0.015891976533507178, 0.015695148472402557, 0.015634975895130635, 0.01548249397414641, 0.015250362203767827, 0.01446715870868431, 0.013690714184349355, 0.013111437378948002, 0.01280400987898366, 0.012789088065484542, 0.012885508256999974, 0.012645414791893052, 0.012533763320360268, 0.01300792748125149, 0.014045480441271196, 0.015593406388961941, 0.017496649938682926, 0.01947963017829757, 0.021814960986639112, 0.0244888991790445, 0.027455202671237973, 0.030462142682767764, 0.03347516022004274, 0.03632355277573078, 0.03911728575744543, 0.041489125175428104, 0.043617926344794986, 0.04507509866910146, 0.045973158335007626, 0.046666313335408376, 0.047747911364257295, 0.04910015737076979, 0.051170936172887156, 0.05323921785426519, 0.05484930583024696, 0.05598397968583077, 0.056516639752925084, 0.05678375349578094, 0.05655312215346535, 0.05709318659280136, 0.05753330561326649, 0.05822424761198231, 0.05856641837777238, 0.058663546697002605, 0.05829520111627496, 0.058019458378357286, 0.05786276302771312, 0.057678835712609886, 0.05721489013034267, 0.05620972754199197, 0.05488023496470325, 0.05291870088860013, 0.05085359195424363, 0.04836971777146554, 0.045888993393773454, 0.04332790860019442, 0.040721243397433354, 0.03815348906679705, 0.03609755066086763, 0.03431153121207709, 0.03269994312791247, 0.03113246913067769, 0.029533434333839276, 0.02779284963423818, 0.02581340528028532, 0.023636664296078556, 0.021032966406022018, 0.018298152858289164, 0.015471223173718233, 0.012975006021594128, 0.011476514573927241, 0.011190786613452559, 0.012013514795745658, 0.013192708648177051, 0.0146026096239084, 0.016627808096549106, 0.019288816219412905, 0.022115031993867204, 0.024956066779425322, 0.027947127033299147, 0.030317719296220055, 0.03213024736687776, 0.033908117916643665, 0.035613155393420214, 0.03695858371541455, 0.0370883147011733, 0.035844860180821725, 0.03331269225961453, 0.030127822662769057, 0.026675716455458534, 0.02305094507263966, 0.019294584365168215, 0.016588874620184203, 0.013459760460278334, 0.010513659470637583, 0.008184205378854309, 0.005908681970234855, 0.003908372487361734, 0.002250880846271649, 0.001837561814419065, 0.003902446460586522, 0.00649131804032715, 0.008842266053540701, 0.011337576744963709, 0.013847821453172829, 0.016241515374979285, 0.018506880743639053, 0.020753891025054552, 0.022854281545735794, 0.025177910908837288, 0.027764777035113285, 0.0302577363231247, 0.032552204835272186, 0.033962244268502154, 0.03530995724171245, 0.036795414568091225, 0.03840706162943578, 0.039993850675796264, 0.04133645030179679, 0.04211247094820217, 0.04239213751353172, 0.042192499106345205, 0.04200269786908514, 0.041897190162155235, 0.041830932940717325, 0.04166737666619139, 0.04206882264734189, 0.0426127097658282, 0.042895687146734904, 0.04300135533202284, 0.04249799814293581, 0.041897582995049115, 0.04072077112408416, 0.03927976254850985, 0.037331499513228325, 0.035889992777759706, 0.03456359233645024, 0.033243529781910974, 0.03199033675126687, 0.03059935779738079, 0.029272240636492235, 0.027900707354997015, 0.02654938414970694, 0.02543173352052397, 0.024311103096379235, 0.023065212419431085, 0.021685454855791198, 0.02041159885695607, 0.019056064221564174, 0.017656707279948437, 0.01626614648165674, 0.015012383850973622, 0.013603567963072178, 0.012189757837366814, 0.010674529938407772, 0.009407142987148039, 0.008344525906195775, 0.007439054007672372, 0.0072034584519923735, 0.007775010970036668, 0.009047582903156274, 0.010731538882415681, 0.01253460028234948, 0.014333543563369548, 0.016070624592636203, 0.017817726146123574, 0.019557256660804743, 0.02116824086555951, 0.022529303997840977, 0.023628588936546305, 0.02391411988476377, 0.02359656311707365, 0.022355277074164143, 0.020961866673625245, 0.018393580144489934, 0.015660552711922182, 0.013874328661167971, 0.01254026736778108, 0.011812131260623127, 0.010800298354986543, 0.00961805971638548, 0.008471507575266851, 0.007656757785702683, 0.006719580941926242, 0.0056999472982024405, 0.005125787188458596, 0.00504686530895439, 0.005697178935649704, 0.006245540782853768, 0.0070976650798796875, 0.007900543705723831, 0.008755370167568399, 0.009807746909975117, 0.011209592216881203, 0.01276960312030194, 0.014467251258771754, 0.015865855510978952, 0.01751794577394112, 0.01978728846519214, 0.022540086452385207, 0.024859037758439572, 0.02589623397823137, 0.02611181133516041, 0.026565850619759173, 0.0272557734372972, 0.02776644526036269, 0.02799937699621002, 0.02818388188652303, 0.02806005928616626, 0.028083982827741123, 0.02781538632605852, 0.027763976455106594, 0.028120518002563644, 0.028688559534023904, 0.029389365084960088, 0.030059907204608147, 0.03052096911154336, 0.031053468449087778, 0.03142000488428638, 0.03173833045042581, 0.031892653890475096, 0.03198060527161537, 0.031944507243272385, 0.03180892531117334, 0.03180195743523648, 0.03175983113429147, 0.03185651864929952, 0.032146459060636644, 0.032526908876218445, 0.033087790299913135, 0.03370146462957083, 0.0342847740780508, 0.0344768243549477, 0.03441738754137779, 0.034008301029805295]",0.00649131804032715,0.07946243720963359,0.0016965232949530396,0.006265701765194254,0.0,0.0,0.06319762259346412,0.07946243720963359,0.0016965232949530396,0.006265701765194254,6.768,1717635307.483549,2024-06-06_10-55-07
0.5059,0.05376,0.4184126109865766,0.4268676289829917,0.05187685212381897,0.4097731999512089,0.5059,0.05376,0.48308497261922406,0.4268676289829917,0.05187685212381897,0.4097731999512089,0.008842266053540701,"[0.011315756658919754, 0.012192407496521018, 0.01288995615295488, 0.01359963525141729, 0.014321891165186378, 0.015181047888625853, 0.01592941522152252, 0.01673874496494045, 0.01751440457689525, 0.01835087734908702, 0.019202544572813795, 0.020070622325609303, 0.02095627718778323, 0.02186061264947246, 0.022737260153569413, 0.023681097053535004, 0.024646250751560458, 0.025633386418693636, 0.02659237614956749, 0.027623542314219474, 0.0286250346734827, 0.029647102596467904, 0.03056454213255984, 0.031680305841655834, 0.03263530150735364, 0.033606764937046466, 0.034593095597664145, 0.03536350794006898, 0.035930760474075646, 0.03631257033147624, 0.03661317474198803, 0.03688385713543919, 0.03738127616234113, 0.037934719347479336, 0.03858163380471939, 0.03921882339006296, 0.03999131852533767, 0.04074980907886149, 0.04127472956039594, 0.04151563832077664, 0.04151964454301027, 0.04123464219442919, 0.04096829512038153, 0.04056460486818273, 0.04028281736824196, 0.04000166841569801, 0.03919762289117317, 0.037812479337396496, 0.03622310391275238, 0.03453579653228067, 0.0330206041779641, 0.031565009966306234, 0.03054064037737075, 0.029904305612678588, 0.029394155816597912, 0.028896840658953926, 0.02825322628704274, 0.027685220830545497, 0.02666364029859006, 0.025486033827772144, 0.02414387260068274, 0.023028867611909868, 0.022681878550084772, 0.02299235797660897, 0.02387546679328945, 0.024738332374206702, 0.025547718436096926, 0.026640938816603423, 0.02759836215880636, 0.028240938725365098, 0.028199955208514017, 0.028168175430310402, 0.02767018559717724, 0.027414861073674215, 0.027239233260695786, 0.0274939869379551, 0.027874761581110984, 0.02868161073982207, 0.029514734605865275, 0.030345172291974937, 0.031248268714928727, 0.032298002681611045, 0.033509628354587276, 0.0348066615601669, 0.03569061118903811, 0.03631377821401384, 0.03654105211474412, 0.03646788532881584, 0.03572808397059345, 0.03427781350345514, 0.03309813106562172, 0.031639416134799855, 0.02970329439236902, 0.027599049067936567, 0.02603054913364457, 0.024090316372098155, 0.02220132238001286, 0.02051452966091278, 0.019044426362309692, 0.017805605247084858, 0.01643252777018217, 0.01523003850809785, 0.01424180324883461, 0.013706552220618947, 0.0130880570946912, 0.012988920737072255, 0.013178248200839212, 0.013386796436950147, 0.01359897371732897, 0.01439195864266014, 0.015495810506657983, 0.016686507754200334, 0.01807173050136072, 0.019341411872889052, 0.020370802976522343, 0.0213787239197115, 0.02262888584538598, 0.02401686851684336, 0.025523335513576738, 0.026670410326906566, 0.02758824337325398, 0.02810647098585074, 0.028219175888028712, 0.02804128716256827, 0.027840212128430745, 0.02799079668741686, 0.027988272685847155, 0.02831306909632167, 0.028434723397990712, 0.0285549391753426, 0.02832607944879636, 0.02800347501499142, 0.027460301198426997, 0.02681840364884072, 0.026203190519756815, 0.02552364346313934, 0.024940794741503684, 0.024553643852497812, 0.024009602077058226, 0.023587486328410737, 0.023053226444370627, 0.02237349941244249, 0.021247392964358097, 0.01948489409103017, 0.01759577829009665, 0.015969918059865678, 0.014849832783247986, 0.014164911869984548, 0.013546042864334782, 0.01328357500957488, 0.012905521640083246, 0.012806686101790404, 0.01256569256360443, 0.01270015008783326, 0.013333718053885597, 0.014364706842779438, 0.015230812921928084, 0.016214173123414017, 0.017422309714956504, 0.01848297873673576, 0.019690103784110968, 0.02062988015396428, 0.021304326954883004, 0.021542023987470748, 0.021445001132587415, 0.02128479356968176, 0.021154257299581803, 0.020548768777841446, 0.020419411659703072, 0.020346908766621045, 0.02018386842926173, 0.020060715556614095, 0.019970155121820186, 0.019905412966441507, 0.019860328269953802, 0.019689549628068632, 0.019110038324468673, 0.018401772510693467, 0.01773443768827515, 0.01691379473734185, 0.0163889904882787, 0.015891976533507178, 0.015695148472402557, 0.015634975895130635, 0.01548249397414641, 0.015250362203767827, 0.01446715870868431, 0.013690714184349355, 0.013111437378948002, 0.01280400987898366, 0.012789088065484542, 0.012885508256999974, 0.012645414791893052, 0.012533763320360268, 0.01300792748125149, 0.014045480441271196, 0.015593406388961941, 0.017496649938682926, 0.01947963017829757, 0.021814960986639112, 0.0244888991790445, 0.027455202671237973, 0.030462142682767764, 0.03347516022004274, 0.03632355277573078, 0.03911728575744543, 0.041489125175428104, 0.043617926344794986, 0.04507509866910146, 0.045973158335007626, 0.046666313335408376, 0.047747911364257295, 0.04910015737076979, 0.051170936172887156, 0.05323921785426519, 0.05484930583024696, 0.05598397968583077, 0.056516639752925084, 0.05678375349578094, 0.05655312215346535, 0.05709318659280136, 0.05753330561326649, 0.05822424761198231, 0.05856641837777238, 0.058663546697002605, 0.05829520111627496, 0.058019458378357286, 0.05786276302771312, 0.057678835712609886, 0.05721489013034267, 0.05620972754199197, 0.05488023496470325, 0.05291870088860013, 0.05085359195424363, 0.04836971777146554, 0.045888993393773454, 0.04332790860019442, 0.040721243397433354, 0.03815348906679705, 0.03609755066086763, 0.03431153121207709, 0.03269994312791247, 0.03113246913067769, 0.029533434333839276, 0.02779284963423818, 0.02581340528028532, 0.023636664296078556, 0.021032966406022018, 0.018298152858289164, 0.015471223173718233, 0.012975006021594128, 0.011476514573927241, 0.011190786613452559, 0.012013514795745658, 0.013192708648177051, 0.0146026096239084, 0.016627808096549106, 0.019288816219412905, 0.022115031993867204, 0.024956066779425322, 0.027947127033299147, 0.030317719296220055, 0.03213024736687776, 0.033908117916643665, 0.035613155393420214, 0.03695858371541455, 0.0370883147011733, 0.035844860180821725, 0.03331269225961453, 0.030127822662769057, 0.026675716455458534, 0.02305094507263966, 0.019294584365168215, 0.016588874620184203, 0.013459760460278334, 0.010513659470637583, 0.008184205378854309, 0.005908681970234855, 0.003908372487361734, 0.002250880846271649, 0.001837561814419065, 0.003902446460586522, 0.00649131804032715, 0.008842266053540701, 0.011337576744963709, 0.013847821453172829, 0.016241515374979285, 0.018506880743639053, 0.020753891025054552, 0.022854281545735794, 0.025177910908837288, 0.027764777035113285, 0.0302577363231247, 0.032552204835272186, 0.033962244268502154, 0.03530995724171245, 0.036795414568091225, 0.03840706162943578, 0.039993850675796264, 0.04133645030179679, 0.04211247094820217, 0.04239213751353172, 0.042192499106345205, 0.04200269786908514, 0.041897190162155235, 0.041830932940717325, 0.04166737666619139, 0.04206882264734189, 0.0426127097658282, 0.042895687146734904, 0.04300135533202284, 0.04249799814293581, 0.041897582995049115, 0.04072077112408416, 0.03927976254850985, 0.037331499513228325, 0.035889992777759706, 0.03456359233645024, 0.033243529781910974, 0.03199033675126687, 0.03059935779738079, 0.029272240636492235, 0.027900707354997015, 0.02654938414970694, 0.02543173352052397, 0.024311103096379235, 0.023065212419431085, 0.021685454855791198, 0.02041159885695607, 0.019056064221564174, 0.017656707279948437, 0.01626614648165674, 0.015012383850973622, 0.013603567963072178, 0.012189757837366814, 0.010674529938407772, 0.009407142987148039, 0.008344525906195775, 0.007439054007672372, 0.0072034584519923735, 0.007775010970036668, 0.009047582903156274, 0.010731538882415681, 0.01253460028234948, 0.014333543563369548, 0.016070624592636203, 0.017817726146123574, 0.019557256660804743, 0.02116824086555951, 0.022529303997840977, 0.023628588936546305, 0.02391411988476377, 0.02359656311707365, 0.022355277074164143, 0.020961866673625245, 0.018393580144489934, 0.015660552711922182, 0.013874328661167971, 0.01254026736778108, 0.011812131260623127, 0.010800298354986543, 0.00961805971638548, 0.008471507575266851, 0.007656757785702683, 0.006719580941926242, 0.0056999472982024405, 0.005125787188458596, 0.00504686530895439, 0.005697178935649704, 0.006245540782853768, 0.0070976650798796875, 0.007900543705723831, 0.008755370167568399, 0.009807746909975117, 0.011209592216881203, 0.01276960312030194, 0.014467251258771754, 0.015865855510978952, 0.01751794577394112, 0.01978728846519214, 0.022540086452385207, 0.024859037758439572, 0.02589623397823137, 0.02611181133516041, 0.026565850619759173, 0.0272557734372972, 0.02776644526036269, 0.02799937699621002, 0.02818388188652303, 0.02806005928616626, 0.028083982827741123, 0.02781538632605852, 0.027763976455106594, 0.028120518002563644, 0.028688559534023904, 0.029389365084960088, 0.030059907204608147, 0.03052096911154336, 0.031053468449087778, 0.03142000488428638, 0.03173833045042581, 0.031892653890475096, 0.03198060527161537, 0.031944507243272385, 0.03180892531117334, 0.03180195743523648, 0.03175983113429147, 0.03185651864929952, 0.032146459060636644, 0.032526908876218445, 0.033087790299913135, 0.03370146462957083, 0.0342847740780508, 0.0344768243549477, 0.03441738754137779, 0.034008301029805295]",0.008842266053540701,0.07903237101700833,0.0018831478761810322,0.008639411035367695,0.0,0.0,0.06467236163264745,0.07903237101700833,0.0018831478761810322,0.008639411035367695,6.792,1717635307.5069015,2024-06-06_10-55-07
0.5059,0.05448000000000003,0.4190424334315829,0.42728923749227216,0.05241129871925271,0.4078951861723275,0.5059,0.05448000000000003,0.48504779363532036,0.42728923749227216,0.05241129871925271,0.4078951861723275,0.011337576744963709,"[0.011315756658919754, 0.012192407496521018, 0.01288995615295488, 0.01359963525141729, 0.014321891165186378, 0.015181047888625853, 0.01592941522152252, 0.01673874496494045, 0.01751440457689525, 0.01835087734908702, 0.019202544572813795, 0.020070622325609303, 0.02095627718778323, 0.02186061264947246, 0.022737260153569413, 0.023681097053535004, 0.024646250751560458, 0.025633386418693636, 0.02659237614956749, 0.027623542314219474, 0.0286250346734827, 0.029647102596467904, 0.03056454213255984, 0.031680305841655834, 0.03263530150735364, 0.033606764937046466, 0.034593095597664145, 0.03536350794006898, 0.035930760474075646, 0.03631257033147624, 0.03661317474198803, 0.03688385713543919, 0.03738127616234113, 0.037934719347479336, 0.03858163380471939, 0.03921882339006296, 0.03999131852533767, 0.04074980907886149, 0.04127472956039594, 0.04151563832077664, 0.04151964454301027, 0.04123464219442919, 0.04096829512038153, 0.04056460486818273, 0.04028281736824196, 0.04000166841569801, 0.03919762289117317, 0.037812479337396496, 0.03622310391275238, 0.03453579653228067, 0.0330206041779641, 0.031565009966306234, 0.03054064037737075, 0.029904305612678588, 0.029394155816597912, 0.028896840658953926, 0.02825322628704274, 0.027685220830545497, 0.02666364029859006, 0.025486033827772144, 0.02414387260068274, 0.023028867611909868, 0.022681878550084772, 0.02299235797660897, 0.02387546679328945, 0.024738332374206702, 0.025547718436096926, 0.026640938816603423, 0.02759836215880636, 0.028240938725365098, 0.028199955208514017, 0.028168175430310402, 0.02767018559717724, 0.027414861073674215, 0.027239233260695786, 0.0274939869379551, 0.027874761581110984, 0.02868161073982207, 0.029514734605865275, 0.030345172291974937, 0.031248268714928727, 0.032298002681611045, 0.033509628354587276, 0.0348066615601669, 0.03569061118903811, 0.03631377821401384, 0.03654105211474412, 0.03646788532881584, 0.03572808397059345, 0.03427781350345514, 0.03309813106562172, 0.031639416134799855, 0.02970329439236902, 0.027599049067936567, 0.02603054913364457, 0.024090316372098155, 0.02220132238001286, 0.02051452966091278, 0.019044426362309692, 0.017805605247084858, 0.01643252777018217, 0.01523003850809785, 0.01424180324883461, 0.013706552220618947, 0.0130880570946912, 0.012988920737072255, 0.013178248200839212, 0.013386796436950147, 0.01359897371732897, 0.01439195864266014, 0.015495810506657983, 0.016686507754200334, 0.01807173050136072, 0.019341411872889052, 0.020370802976522343, 0.0213787239197115, 0.02262888584538598, 0.02401686851684336, 0.025523335513576738, 0.026670410326906566, 0.02758824337325398, 0.02810647098585074, 0.028219175888028712, 0.02804128716256827, 0.027840212128430745, 0.02799079668741686, 0.027988272685847155, 0.02831306909632167, 0.028434723397990712, 0.0285549391753426, 0.02832607944879636, 0.02800347501499142, 0.027460301198426997, 0.02681840364884072, 0.026203190519756815, 0.02552364346313934, 0.024940794741503684, 0.024553643852497812, 0.024009602077058226, 0.023587486328410737, 0.023053226444370627, 0.02237349941244249, 0.021247392964358097, 0.01948489409103017, 0.01759577829009665, 0.015969918059865678, 0.014849832783247986, 0.014164911869984548, 0.013546042864334782, 0.01328357500957488, 0.012905521640083246, 0.012806686101790404, 0.01256569256360443, 0.01270015008783326, 0.013333718053885597, 0.014364706842779438, 0.015230812921928084, 0.016214173123414017, 0.017422309714956504, 0.01848297873673576, 0.019690103784110968, 0.02062988015396428, 0.021304326954883004, 0.021542023987470748, 0.021445001132587415, 0.02128479356968176, 0.021154257299581803, 0.020548768777841446, 0.020419411659703072, 0.020346908766621045, 0.02018386842926173, 0.020060715556614095, 0.019970155121820186, 0.019905412966441507, 0.019860328269953802, 0.019689549628068632, 0.019110038324468673, 0.018401772510693467, 0.01773443768827515, 0.01691379473734185, 0.0163889904882787, 0.015891976533507178, 0.015695148472402557, 0.015634975895130635, 0.01548249397414641, 0.015250362203767827, 0.01446715870868431, 0.013690714184349355, 0.013111437378948002, 0.01280400987898366, 0.012789088065484542, 0.012885508256999974, 0.012645414791893052, 0.012533763320360268, 0.01300792748125149, 0.014045480441271196, 0.015593406388961941, 0.017496649938682926, 0.01947963017829757, 0.021814960986639112, 0.0244888991790445, 0.027455202671237973, 0.030462142682767764, 0.03347516022004274, 0.03632355277573078, 0.03911728575744543, 0.041489125175428104, 0.043617926344794986, 0.04507509866910146, 0.045973158335007626, 0.046666313335408376, 0.047747911364257295, 0.04910015737076979, 0.051170936172887156, 0.05323921785426519, 0.05484930583024696, 0.05598397968583077, 0.056516639752925084, 0.05678375349578094, 0.05655312215346535, 0.05709318659280136, 0.05753330561326649, 0.05822424761198231, 0.05856641837777238, 0.058663546697002605, 0.05829520111627496, 0.058019458378357286, 0.05786276302771312, 0.057678835712609886, 0.05721489013034267, 0.05620972754199197, 0.05488023496470325, 0.05291870088860013, 0.05085359195424363, 0.04836971777146554, 0.045888993393773454, 0.04332790860019442, 0.040721243397433354, 0.03815348906679705, 0.03609755066086763, 0.03431153121207709, 0.03269994312791247, 0.03113246913067769, 0.029533434333839276, 0.02779284963423818, 0.02581340528028532, 0.023636664296078556, 0.021032966406022018, 0.018298152858289164, 0.015471223173718233, 0.012975006021594128, 0.011476514573927241, 0.011190786613452559, 0.012013514795745658, 0.013192708648177051, 0.0146026096239084, 0.016627808096549106, 0.019288816219412905, 0.022115031993867204, 0.024956066779425322, 0.027947127033299147, 0.030317719296220055, 0.03213024736687776, 0.033908117916643665, 0.035613155393420214, 0.03695858371541455, 0.0370883147011733, 0.035844860180821725, 0.03331269225961453, 0.030127822662769057, 0.026675716455458534, 0.02305094507263966, 0.019294584365168215, 0.016588874620184203, 0.013459760460278334, 0.010513659470637583, 0.008184205378854309, 0.005908681970234855, 0.003908372487361734, 0.002250880846271649, 0.001837561814419065, 0.003902446460586522, 0.00649131804032715, 0.008842266053540701, 0.011337576744963709, 0.013847821453172829, 0.016241515374979285, 0.018506880743639053, 0.020753891025054552, 0.022854281545735794, 0.025177910908837288, 0.027764777035113285, 0.0302577363231247, 0.032552204835272186, 0.033962244268502154, 0.03530995724171245, 0.036795414568091225, 0.03840706162943578, 0.039993850675796264, 0.04133645030179679, 0.04211247094820217, 0.04239213751353172, 0.042192499106345205, 0.04200269786908514, 0.041897190162155235, 0.041830932940717325, 0.04166737666619139, 0.04206882264734189, 0.0426127097658282, 0.042895687146734904, 0.04300135533202284, 0.04249799814293581, 0.041897582995049115, 0.04072077112408416, 0.03927976254850985, 0.037331499513228325, 0.035889992777759706, 0.03456359233645024, 0.033243529781910974, 0.03199033675126687, 0.03059935779738079, 0.029272240636492235, 0.027900707354997015, 0.02654938414970694, 0.02543173352052397, 0.024311103096379235, 0.023065212419431085, 0.021685454855791198, 0.02041159885695607, 0.019056064221564174, 0.017656707279948437, 0.01626614648165674, 0.015012383850973622, 0.013603567963072178, 0.012189757837366814, 0.010674529938407772, 0.009407142987148039, 0.008344525906195775, 0.007439054007672372, 0.0072034584519923735, 0.007775010970036668, 0.009047582903156274, 0.010731538882415681, 0.01253460028234948, 0.014333543563369548, 0.016070624592636203, 0.017817726146123574, 0.019557256660804743, 0.02116824086555951, 0.022529303997840977, 0.023628588936546305, 0.02391411988476377, 0.02359656311707365, 0.022355277074164143, 0.020961866673625245, 0.018393580144489934, 0.015660552711922182, 0.013874328661167971, 0.01254026736778108, 0.011812131260623127, 0.010800298354986543, 0.00961805971638548, 0.008471507575266851, 0.007656757785702683, 0.006719580941926242, 0.0056999472982024405, 0.005125787188458596, 0.00504686530895439, 0.005697178935649704, 0.006245540782853768, 0.0070976650798796875, 0.007900543705723831, 0.008755370167568399, 0.009807746909975117, 0.011209592216881203, 0.01276960312030194, 0.014467251258771754, 0.015865855510978952, 0.01751794577394112, 0.01978728846519214, 0.022540086452385207, 0.024859037758439572, 0.02589623397823137, 0.02611181133516041, 0.026565850619759173, 0.0272557734372972, 0.02776644526036269, 0.02799937699621002, 0.02818388188652303, 0.02806005928616626, 0.028083982827741123, 0.02781538632605852, 0.027763976455106594, 0.028120518002563644, 0.028688559534023904, 0.029389365084960088, 0.030059907204608147, 0.03052096911154336, 0.031053468449087778, 0.03142000488428638, 0.03173833045042581, 0.031892653890475096, 0.03198060527161537, 0.031944507243272385, 0.03180892531117334, 0.03180195743523648, 0.03175983113429147, 0.03185651864929952, 0.032146459060636644, 0.032526908876218445, 0.033087790299913135, 0.03370146462957083, 0.0342847740780508, 0.0344768243549477, 0.03441738754137779, 0.034008301029805295]",0.011337576744963709,0.07861076250772786,0.0020687012807473204,0.011147247259255366,0.0,0.0,0.06600536020373748,0.07861076250772786,0.0020687012807473204,0.011147247259255366,6.816,1717635307.531127,2024-06-06_10-55-07
0.5059,0.05520000000000003,0.41979251668226575,0.4276750207358505,0.05291106545615512,0.40613517661719645,0.5059,0.05520000000000003,0.48706000522304665,0.4276750207358505,0.05291106545615512,0.40613517661719645,0.013847821453172829,"[0.011315756658919754, 0.012192407496521018, 0.01288995615295488, 0.01359963525141729, 0.014321891165186378, 0.015181047888625853, 0.01592941522152252, 0.01673874496494045, 0.01751440457689525, 0.01835087734908702, 0.019202544572813795, 0.020070622325609303, 0.02095627718778323, 0.02186061264947246, 0.022737260153569413, 0.023681097053535004, 0.024646250751560458, 0.025633386418693636, 0.02659237614956749, 0.027623542314219474, 0.0286250346734827, 0.029647102596467904, 0.03056454213255984, 0.031680305841655834, 0.03263530150735364, 0.033606764937046466, 0.034593095597664145, 0.03536350794006898, 0.035930760474075646, 0.03631257033147624, 0.03661317474198803, 0.03688385713543919, 0.03738127616234113, 0.037934719347479336, 0.03858163380471939, 0.03921882339006296, 0.03999131852533767, 0.04074980907886149, 0.04127472956039594, 0.04151563832077664, 0.04151964454301027, 0.04123464219442919, 0.04096829512038153, 0.04056460486818273, 0.04028281736824196, 0.04000166841569801, 0.03919762289117317, 0.037812479337396496, 0.03622310391275238, 0.03453579653228067, 0.0330206041779641, 0.031565009966306234, 0.03054064037737075, 0.029904305612678588, 0.029394155816597912, 0.028896840658953926, 0.02825322628704274, 0.027685220830545497, 0.02666364029859006, 0.025486033827772144, 0.02414387260068274, 0.023028867611909868, 0.022681878550084772, 0.02299235797660897, 0.02387546679328945, 0.024738332374206702, 0.025547718436096926, 0.026640938816603423, 0.02759836215880636, 0.028240938725365098, 0.028199955208514017, 0.028168175430310402, 0.02767018559717724, 0.027414861073674215, 0.027239233260695786, 0.0274939869379551, 0.027874761581110984, 0.02868161073982207, 0.029514734605865275, 0.030345172291974937, 0.031248268714928727, 0.032298002681611045, 0.033509628354587276, 0.0348066615601669, 0.03569061118903811, 0.03631377821401384, 0.03654105211474412, 0.03646788532881584, 0.03572808397059345, 0.03427781350345514, 0.03309813106562172, 0.031639416134799855, 0.02970329439236902, 0.027599049067936567, 0.02603054913364457, 0.024090316372098155, 0.02220132238001286, 0.02051452966091278, 0.019044426362309692, 0.017805605247084858, 0.01643252777018217, 0.01523003850809785, 0.01424180324883461, 0.013706552220618947, 0.0130880570946912, 0.012988920737072255, 0.013178248200839212, 0.013386796436950147, 0.01359897371732897, 0.01439195864266014, 0.015495810506657983, 0.016686507754200334, 0.01807173050136072, 0.019341411872889052, 0.020370802976522343, 0.0213787239197115, 0.02262888584538598, 0.02401686851684336, 0.025523335513576738, 0.026670410326906566, 0.02758824337325398, 0.02810647098585074, 0.028219175888028712, 0.02804128716256827, 0.027840212128430745, 0.02799079668741686, 0.027988272685847155, 0.02831306909632167, 0.028434723397990712, 0.0285549391753426, 0.02832607944879636, 0.02800347501499142, 0.027460301198426997, 0.02681840364884072, 0.026203190519756815, 0.02552364346313934, 0.024940794741503684, 0.024553643852497812, 0.024009602077058226, 0.023587486328410737, 0.023053226444370627, 0.02237349941244249, 0.021247392964358097, 0.01948489409103017, 0.01759577829009665, 0.015969918059865678, 0.014849832783247986, 0.014164911869984548, 0.013546042864334782, 0.01328357500957488, 0.012905521640083246, 0.012806686101790404, 0.01256569256360443, 0.01270015008783326, 0.013333718053885597, 0.014364706842779438, 0.015230812921928084, 0.016214173123414017, 0.017422309714956504, 0.01848297873673576, 0.019690103784110968, 0.02062988015396428, 0.021304326954883004, 0.021542023987470748, 0.021445001132587415, 0.02128479356968176, 0.021154257299581803, 0.020548768777841446, 0.020419411659703072, 0.020346908766621045, 0.02018386842926173, 0.020060715556614095, 0.019970155121820186, 0.019905412966441507, 0.019860328269953802, 0.019689549628068632, 0.019110038324468673, 0.018401772510693467, 0.01773443768827515, 0.01691379473734185, 0.0163889904882787, 0.015891976533507178, 0.015695148472402557, 0.015634975895130635, 0.01548249397414641, 0.015250362203767827, 0.01446715870868431, 0.013690714184349355, 0.013111437378948002, 0.01280400987898366, 0.012789088065484542, 0.012885508256999974, 0.012645414791893052, 0.012533763320360268, 0.01300792748125149, 0.014045480441271196, 0.015593406388961941, 0.017496649938682926, 0.01947963017829757, 0.021814960986639112, 0.0244888991790445, 0.027455202671237973, 0.030462142682767764, 0.03347516022004274, 0.03632355277573078, 0.03911728575744543, 0.041489125175428104, 0.043617926344794986, 0.04507509866910146, 0.045973158335007626, 0.046666313335408376, 0.047747911364257295, 0.04910015737076979, 0.051170936172887156, 0.05323921785426519, 0.05484930583024696, 0.05598397968583077, 0.056516639752925084, 0.05678375349578094, 0.05655312215346535, 0.05709318659280136, 0.05753330561326649, 0.05822424761198231, 0.05856641837777238, 0.058663546697002605, 0.05829520111627496, 0.058019458378357286, 0.05786276302771312, 0.057678835712609886, 0.05721489013034267, 0.05620972754199197, 0.05488023496470325, 0.05291870088860013, 0.05085359195424363, 0.04836971777146554, 0.045888993393773454, 0.04332790860019442, 0.040721243397433354, 0.03815348906679705, 0.03609755066086763, 0.03431153121207709, 0.03269994312791247, 0.03113246913067769, 0.029533434333839276, 0.02779284963423818, 0.02581340528028532, 0.023636664296078556, 0.021032966406022018, 0.018298152858289164, 0.015471223173718233, 0.012975006021594128, 0.011476514573927241, 0.011190786613452559, 0.012013514795745658, 0.013192708648177051, 0.0146026096239084, 0.016627808096549106, 0.019288816219412905, 0.022115031993867204, 0.024956066779425322, 0.027947127033299147, 0.030317719296220055, 0.03213024736687776, 0.033908117916643665, 0.035613155393420214, 0.03695858371541455, 0.0370883147011733, 0.035844860180821725, 0.03331269225961453, 0.030127822662769057, 0.026675716455458534, 0.02305094507263966, 0.019294584365168215, 0.016588874620184203, 0.013459760460278334, 0.010513659470637583, 0.008184205378854309, 0.005908681970234855, 0.003908372487361734, 0.002250880846271649, 0.001837561814419065, 0.003902446460586522, 0.00649131804032715, 0.008842266053540701, 0.011337576744963709, 0.013847821453172829, 0.016241515374979285, 0.018506880743639053, 0.020753891025054552, 0.022854281545735794, 0.025177910908837288, 0.027764777035113285, 0.0302577363231247, 0.032552204835272186, 0.033962244268502154, 0.03530995724171245, 0.036795414568091225, 0.03840706162943578, 0.039993850675796264, 0.04133645030179679, 0.04211247094820217, 0.04239213751353172, 0.042192499106345205, 0.04200269786908514, 0.041897190162155235, 0.041830932940717325, 0.04166737666619139, 0.04206882264734189, 0.0426127097658282, 0.042895687146734904, 0.04300135533202284, 0.04249799814293581, 0.041897582995049115, 0.04072077112408416, 0.03927976254850985, 0.037331499513228325, 0.035889992777759706, 0.03456359233645024, 0.033243529781910974, 0.03199033675126687, 0.03059935779738079, 0.029272240636492235, 0.027900707354997015, 0.02654938414970694, 0.02543173352052397, 0.024311103096379235, 0.023065212419431085, 0.021685454855791198, 0.02041159885695607, 0.019056064221564174, 0.017656707279948437, 0.01626614648165674, 0.015012383850973622, 0.013603567963072178, 0.012189757837366814, 0.010674529938407772, 0.009407142987148039, 0.008344525906195775, 0.007439054007672372, 0.0072034584519923735, 0.007775010970036668, 0.009047582903156274, 0.010731538882415681, 0.01253460028234948, 0.014333543563369548, 0.016070624592636203, 0.017817726146123574, 0.019557256660804743, 0.02116824086555951, 0.022529303997840977, 0.023628588936546305, 0.02391411988476377, 0.02359656311707365, 0.022355277074164143, 0.020961866673625245, 0.018393580144489934, 0.015660552711922182, 0.013874328661167971, 0.01254026736778108, 0.011812131260623127, 0.010800298354986543, 0.00961805971638548, 0.008471507575266851, 0.007656757785702683, 0.006719580941926242, 0.0056999472982024405, 0.005125787188458596, 0.00504686530895439, 0.005697178935649704, 0.006245540782853768, 0.0070976650798796875, 0.007900543705723831, 0.008755370167568399, 0.009807746909975117, 0.011209592216881203, 0.01276960312030194, 0.014467251258771754, 0.015865855510978952, 0.01751794577394112, 0.01978728846519214, 0.022540086452385207, 0.024859037758439572, 0.02589623397823137, 0.02611181133516041, 0.026565850619759173, 0.0272557734372972, 0.02776644526036269, 0.02799937699621002, 0.02818388188652303, 0.02806005928616626, 0.028083982827741123, 0.02781538632605852, 0.027763976455106594, 0.028120518002563644, 0.028688559534023904, 0.029389365084960088, 0.030059907204608147, 0.03052096911154336, 0.031053468449087778, 0.03142000488428638, 0.03173833045042581, 0.031892653890475096, 0.03198060527161537, 0.031944507243272385, 0.03180892531117334, 0.03180195743523648, 0.03175983113429147, 0.03185651864929952, 0.032146459060636644, 0.032526908876218445, 0.033087790299913135, 0.03370146462957083, 0.0342847740780508, 0.0344768243549477, 0.03441738754137779, 0.034008301029805295]",0.013847821453172829,0.07822497926414951,0.002288934543844906,0.013657340065069301,0.0,0.0,0.0672674885407809,0.07822497926414951,0.002288934543844906,0.013657340065069301,6.840000000000001,1717635307.555688,2024-06-06_10-55-07
0.5059,0.05592,0.4206563960760113,0.42799969835015733,0.053340154951577165,0.40462108437957656,0.5059,0.05592,0.4891860129538356,0.42799969835015733,0.053340154951577165,0.40462108437957656,0.016241515374979285,"[0.011315756658919754, 0.012192407496521018, 0.01288995615295488, 0.01359963525141729, 0.014321891165186378, 0.015181047888625853, 0.01592941522152252, 0.01673874496494045, 0.01751440457689525, 0.01835087734908702, 0.019202544572813795, 0.020070622325609303, 0.02095627718778323, 0.02186061264947246, 0.022737260153569413, 0.023681097053535004, 0.024646250751560458, 0.025633386418693636, 0.02659237614956749, 0.027623542314219474, 0.0286250346734827, 0.029647102596467904, 0.03056454213255984, 0.031680305841655834, 0.03263530150735364, 0.033606764937046466, 0.034593095597664145, 0.03536350794006898, 0.035930760474075646, 0.03631257033147624, 0.03661317474198803, 0.03688385713543919, 0.03738127616234113, 0.037934719347479336, 0.03858163380471939, 0.03921882339006296, 0.03999131852533767, 0.04074980907886149, 0.04127472956039594, 0.04151563832077664, 0.04151964454301027, 0.04123464219442919, 0.04096829512038153, 0.04056460486818273, 0.04028281736824196, 0.04000166841569801, 0.03919762289117317, 0.037812479337396496, 0.03622310391275238, 0.03453579653228067, 0.0330206041779641, 0.031565009966306234, 0.03054064037737075, 0.029904305612678588, 0.029394155816597912, 0.028896840658953926, 0.02825322628704274, 0.027685220830545497, 0.02666364029859006, 0.025486033827772144, 0.02414387260068274, 0.023028867611909868, 0.022681878550084772, 0.02299235797660897, 0.02387546679328945, 0.024738332374206702, 0.025547718436096926, 0.026640938816603423, 0.02759836215880636, 0.028240938725365098, 0.028199955208514017, 0.028168175430310402, 0.02767018559717724, 0.027414861073674215, 0.027239233260695786, 0.0274939869379551, 0.027874761581110984, 0.02868161073982207, 0.029514734605865275, 0.030345172291974937, 0.031248268714928727, 0.032298002681611045, 0.033509628354587276, 0.0348066615601669, 0.03569061118903811, 0.03631377821401384, 0.03654105211474412, 0.03646788532881584, 0.03572808397059345, 0.03427781350345514, 0.03309813106562172, 0.031639416134799855, 0.02970329439236902, 0.027599049067936567, 0.02603054913364457, 0.024090316372098155, 0.02220132238001286, 0.02051452966091278, 0.019044426362309692, 0.017805605247084858, 0.01643252777018217, 0.01523003850809785, 0.01424180324883461, 0.013706552220618947, 0.0130880570946912, 0.012988920737072255, 0.013178248200839212, 0.013386796436950147, 0.01359897371732897, 0.01439195864266014, 0.015495810506657983, 0.016686507754200334, 0.01807173050136072, 0.019341411872889052, 0.020370802976522343, 0.0213787239197115, 0.02262888584538598, 0.02401686851684336, 0.025523335513576738, 0.026670410326906566, 0.02758824337325398, 0.02810647098585074, 0.028219175888028712, 0.02804128716256827, 0.027840212128430745, 0.02799079668741686, 0.027988272685847155, 0.02831306909632167, 0.028434723397990712, 0.0285549391753426, 0.02832607944879636, 0.02800347501499142, 0.027460301198426997, 0.02681840364884072, 0.026203190519756815, 0.02552364346313934, 0.024940794741503684, 0.024553643852497812, 0.024009602077058226, 0.023587486328410737, 0.023053226444370627, 0.02237349941244249, 0.021247392964358097, 0.01948489409103017, 0.01759577829009665, 0.015969918059865678, 0.014849832783247986, 0.014164911869984548, 0.013546042864334782, 0.01328357500957488, 0.012905521640083246, 0.012806686101790404, 0.01256569256360443, 0.01270015008783326, 0.013333718053885597, 0.014364706842779438, 0.015230812921928084, 0.016214173123414017, 0.017422309714956504, 0.01848297873673576, 0.019690103784110968, 0.02062988015396428, 0.021304326954883004, 0.021542023987470748, 0.021445001132587415, 0.02128479356968176, 0.021154257299581803, 0.020548768777841446, 0.020419411659703072, 0.020346908766621045, 0.02018386842926173, 0.020060715556614095, 0.019970155121820186, 0.019905412966441507, 0.019860328269953802, 0.019689549628068632, 0.019110038324468673, 0.018401772510693467, 0.01773443768827515, 0.01691379473734185, 0.0163889904882787, 0.015891976533507178, 0.015695148472402557, 0.015634975895130635, 0.01548249397414641, 0.015250362203767827, 0.01446715870868431, 0.013690714184349355, 0.013111437378948002, 0.01280400987898366, 0.012789088065484542, 0.012885508256999974, 0.012645414791893052, 0.012533763320360268, 0.01300792748125149, 0.014045480441271196, 0.015593406388961941, 0.017496649938682926, 0.01947963017829757, 0.021814960986639112, 0.0244888991790445, 0.027455202671237973, 0.030462142682767764, 0.03347516022004274, 0.03632355277573078, 0.03911728575744543, 0.041489125175428104, 0.043617926344794986, 0.04507509866910146, 0.045973158335007626, 0.046666313335408376, 0.047747911364257295, 0.04910015737076979, 0.051170936172887156, 0.05323921785426519, 0.05484930583024696, 0.05598397968583077, 0.056516639752925084, 0.05678375349578094, 0.05655312215346535, 0.05709318659280136, 0.05753330561326649, 0.05822424761198231, 0.05856641837777238, 0.058663546697002605, 0.05829520111627496, 0.058019458378357286, 0.05786276302771312, 0.057678835712609886, 0.05721489013034267, 0.05620972754199197, 0.05488023496470325, 0.05291870088860013, 0.05085359195424363, 0.04836971777146554, 0.045888993393773454, 0.04332790860019442, 0.040721243397433354, 0.03815348906679705, 0.03609755066086763, 0.03431153121207709, 0.03269994312791247, 0.03113246913067769, 0.029533434333839276, 0.02779284963423818, 0.02581340528028532, 0.023636664296078556, 0.021032966406022018, 0.018298152858289164, 0.015471223173718233, 0.012975006021594128, 0.011476514573927241, 0.011190786613452559, 0.012013514795745658, 0.013192708648177051, 0.0146026096239084, 0.016627808096549106, 0.019288816219412905, 0.022115031993867204, 0.024956066779425322, 0.027947127033299147, 0.030317719296220055, 0.03213024736687776, 0.033908117916643665, 0.035613155393420214, 0.03695858371541455, 0.0370883147011733, 0.035844860180821725, 0.03331269225961453, 0.030127822662769057, 0.026675716455458534, 0.02305094507263966, 0.019294584365168215, 0.016588874620184203, 0.013459760460278334, 0.010513659470637583, 0.008184205378854309, 0.005908681970234855, 0.003908372487361734, 0.002250880846271649, 0.001837561814419065, 0.003902446460586522, 0.00649131804032715, 0.008842266053540701, 0.011337576744963709, 0.013847821453172829, 0.016241515374979285, 0.018506880743639053, 0.020753891025054552, 0.022854281545735794, 0.025177910908837288, 0.027764777035113285, 0.0302577363231247, 0.032552204835272186, 0.033962244268502154, 0.03530995724171245, 0.036795414568091225, 0.03840706162943578, 0.039993850675796264, 0.04133645030179679, 0.04211247094820217, 0.04239213751353172, 0.042192499106345205, 0.04200269786908514, 0.041897190162155235, 0.041830932940717325, 0.04166737666619139, 0.04206882264734189, 0.0426127097658282, 0.042895687146734904, 0.04300135533202284, 0.04249799814293581, 0.041897582995049115, 0.04072077112408416, 0.03927976254850985, 0.037331499513228325, 0.035889992777759706, 0.03456359233645024, 0.033243529781910974, 0.03199033675126687, 0.03059935779738079, 0.029272240636492235, 0.027900707354997015, 0.02654938414970694, 0.02543173352052397, 0.024311103096379235, 0.023065212419431085, 0.021685454855791198, 0.02041159885695607, 0.019056064221564174, 0.017656707279948437, 0.01626614648165674, 0.015012383850973622, 0.013603567963072178, 0.012189757837366814, 0.010674529938407772, 0.009407142987148039, 0.008344525906195775, 0.007439054007672372, 0.0072034584519923735, 0.007775010970036668, 0.009047582903156274, 0.010731538882415681, 0.01253460028234948, 0.014333543563369548, 0.016070624592636203, 0.017817726146123574, 0.019557256660804743, 0.02116824086555951, 0.022529303997840977, 0.023628588936546305, 0.02391411988476377, 0.02359656311707365, 0.022355277074164143, 0.020961866673625245, 0.018393580144489934, 0.015660552711922182, 0.013874328661167971, 0.01254026736778108, 0.011812131260623127, 0.010800298354986543, 0.00961805971638548, 0.008471507575266851, 0.007656757785702683, 0.006719580941926242, 0.0056999472982024405, 0.005125787188458596, 0.00504686530895439, 0.005697178935649704, 0.006245540782853768, 0.0070976650798796875, 0.007900543705723831, 0.008755370167568399, 0.009807746909975117, 0.011209592216881203, 0.01276960312030194, 0.014467251258771754, 0.015865855510978952, 0.01751794577394112, 0.01978728846519214, 0.022540086452385207, 0.024859037758439572, 0.02589623397823137, 0.02611181133516041, 0.026565850619759173, 0.0272557734372972, 0.02776644526036269, 0.02799937699621002, 0.02818388188652303, 0.02806005928616626, 0.028083982827741123, 0.02781538632605852, 0.027763976455106594, 0.028120518002563644, 0.028688559534023904, 0.029389365084960088, 0.030059907204608147, 0.03052096911154336, 0.031053468449087778, 0.03142000488428638, 0.03173833045042581, 0.031892653890475096, 0.03198060527161537, 0.031944507243272385, 0.03180892531117334, 0.03180195743523648, 0.03175983113429147, 0.03185651864929952, 0.032146459060636644, 0.032526908876218445, 0.033087790299913135, 0.03370146462957083, 0.0342847740780508, 0.0344768243549477, 0.03441738754137779, 0.034008301029805295]",0.016241515374979285,0.07790030164984268,0.0025798450484228325,0.01603531169643474,0.0,0.0,0.06852961687782433,0.07790030164984268,0.0025798450484228325,0.01603531169643474,6.864,1717635307.5791082,2024-06-06_10-55-07
0.5059,0.056639999999999996,0.4216270444949208,0.42826599783338004,0.053698228321201184,0.4033554650818242,0.5059,0.056639999999999996,0.49141878970978853,0.42826599783338004,0.053698228321201184,0.4033554650818242,0.018506880743639053,"[0.011315756658919754, 0.012192407496521018, 0.01288995615295488, 0.01359963525141729, 0.014321891165186378, 0.015181047888625853, 0.01592941522152252, 0.01673874496494045, 0.01751440457689525, 0.01835087734908702, 0.019202544572813795, 0.020070622325609303, 0.02095627718778323, 0.02186061264947246, 0.022737260153569413, 0.023681097053535004, 0.024646250751560458, 0.025633386418693636, 0.02659237614956749, 0.027623542314219474, 0.0286250346734827, 0.029647102596467904, 0.03056454213255984, 0.031680305841655834, 0.03263530150735364, 0.033606764937046466, 0.034593095597664145, 0.03536350794006898, 0.035930760474075646, 0.03631257033147624, 0.03661317474198803, 0.03688385713543919, 0.03738127616234113, 0.037934719347479336, 0.03858163380471939, 0.03921882339006296, 0.03999131852533767, 0.04074980907886149, 0.04127472956039594, 0.04151563832077664, 0.04151964454301027, 0.04123464219442919, 0.04096829512038153, 0.04056460486818273, 0.04028281736824196, 0.04000166841569801, 0.03919762289117317, 0.037812479337396496, 0.03622310391275238, 0.03453579653228067, 0.0330206041779641, 0.031565009966306234, 0.03054064037737075, 0.029904305612678588, 0.029394155816597912, 0.028896840658953926, 0.02825322628704274, 0.027685220830545497, 0.02666364029859006, 0.025486033827772144, 0.02414387260068274, 0.023028867611909868, 0.022681878550084772, 0.02299235797660897, 0.02387546679328945, 0.024738332374206702, 0.025547718436096926, 0.026640938816603423, 0.02759836215880636, 0.028240938725365098, 0.028199955208514017, 0.028168175430310402, 0.02767018559717724, 0.027414861073674215, 0.027239233260695786, 0.0274939869379551, 0.027874761581110984, 0.02868161073982207, 0.029514734605865275, 0.030345172291974937, 0.031248268714928727, 0.032298002681611045, 0.033509628354587276, 0.0348066615601669, 0.03569061118903811, 0.03631377821401384, 0.03654105211474412, 0.03646788532881584, 0.03572808397059345, 0.03427781350345514, 0.03309813106562172, 0.031639416134799855, 0.02970329439236902, 0.027599049067936567, 0.02603054913364457, 0.024090316372098155, 0.02220132238001286, 0.02051452966091278, 0.019044426362309692, 0.017805605247084858, 0.01643252777018217, 0.01523003850809785, 0.01424180324883461, 0.013706552220618947, 0.0130880570946912, 0.012988920737072255, 0.013178248200839212, 0.013386796436950147, 0.01359897371732897, 0.01439195864266014, 0.015495810506657983, 0.016686507754200334, 0.01807173050136072, 0.019341411872889052, 0.020370802976522343, 0.0213787239197115, 0.02262888584538598, 0.02401686851684336, 0.025523335513576738, 0.026670410326906566, 0.02758824337325398, 0.02810647098585074, 0.028219175888028712, 0.02804128716256827, 0.027840212128430745, 0.02799079668741686, 0.027988272685847155, 0.02831306909632167, 0.028434723397990712, 0.0285549391753426, 0.02832607944879636, 0.02800347501499142, 0.027460301198426997, 0.02681840364884072, 0.026203190519756815, 0.02552364346313934, 0.024940794741503684, 0.024553643852497812, 0.024009602077058226, 0.023587486328410737, 0.023053226444370627, 0.02237349941244249, 0.021247392964358097, 0.01948489409103017, 0.01759577829009665, 0.015969918059865678, 0.014849832783247986, 0.014164911869984548, 0.013546042864334782, 0.01328357500957488, 0.012905521640083246, 0.012806686101790404, 0.01256569256360443, 0.01270015008783326, 0.013333718053885597, 0.014364706842779438, 0.015230812921928084, 0.016214173123414017, 0.017422309714956504, 0.01848297873673576, 0.019690103784110968, 0.02062988015396428, 0.021304326954883004, 0.021542023987470748, 0.021445001132587415, 0.02128479356968176, 0.021154257299581803, 0.020548768777841446, 0.020419411659703072, 0.020346908766621045, 0.02018386842926173, 0.020060715556614095, 0.019970155121820186, 0.019905412966441507, 0.019860328269953802, 0.019689549628068632, 0.019110038324468673, 0.018401772510693467, 0.01773443768827515, 0.01691379473734185, 0.0163889904882787, 0.015891976533507178, 0.015695148472402557, 0.015634975895130635, 0.01548249397414641, 0.015250362203767827, 0.01446715870868431, 0.013690714184349355, 0.013111437378948002, 0.01280400987898366, 0.012789088065484542, 0.012885508256999974, 0.012645414791893052, 0.012533763320360268, 0.01300792748125149, 0.014045480441271196, 0.015593406388961941, 0.017496649938682926, 0.01947963017829757, 0.021814960986639112, 0.0244888991790445, 0.027455202671237973, 0.030462142682767764, 0.03347516022004274, 0.03632355277573078, 0.03911728575744543, 0.041489125175428104, 0.043617926344794986, 0.04507509866910146, 0.045973158335007626, 0.046666313335408376, 0.047747911364257295, 0.04910015737076979, 0.051170936172887156, 0.05323921785426519, 0.05484930583024696, 0.05598397968583077, 0.056516639752925084, 0.05678375349578094, 0.05655312215346535, 0.05709318659280136, 0.05753330561326649, 0.05822424761198231, 0.05856641837777238, 0.058663546697002605, 0.05829520111627496, 0.058019458378357286, 0.05786276302771312, 0.057678835712609886, 0.05721489013034267, 0.05620972754199197, 0.05488023496470325, 0.05291870088860013, 0.05085359195424363, 0.04836971777146554, 0.045888993393773454, 0.04332790860019442, 0.040721243397433354, 0.03815348906679705, 0.03609755066086763, 0.03431153121207709, 0.03269994312791247, 0.03113246913067769, 0.029533434333839276, 0.02779284963423818, 0.02581340528028532, 0.023636664296078556, 0.021032966406022018, 0.018298152858289164, 0.015471223173718233, 0.012975006021594128, 0.011476514573927241, 0.011190786613452559, 0.012013514795745658, 0.013192708648177051, 0.0146026096239084, 0.016627808096549106, 0.019288816219412905, 0.022115031993867204, 0.024956066779425322, 0.027947127033299147, 0.030317719296220055, 0.03213024736687776, 0.033908117916643665, 0.035613155393420214, 0.03695858371541455, 0.0370883147011733, 0.035844860180821725, 0.03331269225961453, 0.030127822662769057, 0.026675716455458534, 0.02305094507263966, 0.019294584365168215, 0.016588874620184203, 0.013459760460278334, 0.010513659470637583, 0.008184205378854309, 0.005908681970234855, 0.003908372487361734, 0.002250880846271649, 0.001837561814419065, 0.003902446460586522, 0.00649131804032715, 0.008842266053540701, 0.011337576744963709, 0.013847821453172829, 0.016241515374979285, 0.018506880743639053, 0.020753891025054552, 0.022854281545735794, 0.025177910908837288, 0.027764777035113285, 0.0302577363231247, 0.032552204835272186, 0.033962244268502154, 0.03530995724171245, 0.036795414568091225, 0.03840706162943578, 0.039993850675796264, 0.04133645030179679, 0.04211247094820217, 0.04239213751353172, 0.042192499106345205, 0.04200269786908514, 0.041897190162155235, 0.041830932940717325, 0.04166737666619139, 0.04206882264734189, 0.0426127097658282, 0.042895687146734904, 0.04300135533202284, 0.04249799814293581, 0.041897582995049115, 0.04072077112408416, 0.03927976254850985, 0.037331499513228325, 0.035889992777759706, 0.03456359233645024, 0.033243529781910974, 0.03199033675126687, 0.03059935779738079, 0.029272240636492235, 0.027900707354997015, 0.02654938414970694, 0.02543173352052397, 0.024311103096379235, 0.023065212419431085, 0.021685454855791198, 0.02041159885695607, 0.019056064221564174, 0.017656707279948437, 0.01626614648165674, 0.015012383850973622, 0.013603567963072178, 0.012189757837366814, 0.010674529938407772, 0.009407142987148039, 0.008344525906195775, 0.007439054007672372, 0.0072034584519923735, 0.007775010970036668, 0.009047582903156274, 0.010731538882415681, 0.01253460028234948, 0.014333543563369548, 0.016070624592636203, 0.017817726146123574, 0.019557256660804743, 0.02116824086555951, 0.022529303997840977, 0.023628588936546305, 0.02391411988476377, 0.02359656311707365, 0.022355277074164143, 0.020961866673625245, 0.018393580144489934, 0.015660552711922182, 0.013874328661167971, 0.01254026736778108, 0.011812131260623127, 0.010800298354986543, 0.00961805971638548, 0.008471507575266851, 0.007656757785702683, 0.006719580941926242, 0.0056999472982024405, 0.005125787188458596, 0.00504686530895439, 0.005697178935649704, 0.006245540782853768, 0.0070976650798796875, 0.007900543705723831, 0.008755370167568399, 0.009807746909975117, 0.011209592216881203, 0.01276960312030194, 0.014467251258771754, 0.015865855510978952, 0.01751794577394112, 0.01978728846519214, 0.022540086452385207, 0.024859037758439572, 0.02589623397823137, 0.02611181133516041, 0.026565850619759173, 0.0272557734372972, 0.02776644526036269, 0.02799937699621002, 0.02818388188652303, 0.02806005928616626, 0.028083982827741123, 0.02781538632605852, 0.027763976455106594, 0.028120518002563644, 0.028688559534023904, 0.029389365084960088, 0.030059907204608147, 0.03052096911154336, 0.031053468449087778, 0.03142000488428638, 0.03173833045042581, 0.031892653890475096, 0.03198060527161537, 0.031944507243272385, 0.03180892531117334, 0.03180195743523648, 0.03175983113429147, 0.03185651864929952, 0.032146459060636644, 0.032526908876218445, 0.033087790299913135, 0.03370146462957083, 0.0342847740780508, 0.0344768243549477, 0.03441738754137779, 0.034008301029805295]",0.018506880743639053,0.07763400216661998,0.0029417716787988116,0.018271579413096595,0.0,0.0,0.06979174521486775,0.07763400216661998,0.0029417716787988116,0.018271579413096595,6.888,1717635307.6029506,2024-06-06_10-55-07
0.5059,0.05736000000000002,0.42269691461070513,0.42850232611615335,0.054020876984065894,0.40221340294487257,0.5059,0.05736000000000002,0.49352349155728026,0.42850232611615335,0.054020876984065894,0.40221340294487257,0.020753891025054552,"[0.011315756658919754, 0.012192407496521018, 0.01288995615295488, 0.01359963525141729, 0.014321891165186378, 0.015181047888625853, 0.01592941522152252, 0.01673874496494045, 0.01751440457689525, 0.01835087734908702, 0.019202544572813795, 0.020070622325609303, 0.02095627718778323, 0.02186061264947246, 0.022737260153569413, 0.023681097053535004, 0.024646250751560458, 0.025633386418693636, 0.02659237614956749, 0.027623542314219474, 0.0286250346734827, 0.029647102596467904, 0.03056454213255984, 0.031680305841655834, 0.03263530150735364, 0.033606764937046466, 0.034593095597664145, 0.03536350794006898, 0.035930760474075646, 0.03631257033147624, 0.03661317474198803, 0.03688385713543919, 0.03738127616234113, 0.037934719347479336, 0.03858163380471939, 0.03921882339006296, 0.03999131852533767, 0.04074980907886149, 0.04127472956039594, 0.04151563832077664, 0.04151964454301027, 0.04123464219442919, 0.04096829512038153, 0.04056460486818273, 0.04028281736824196, 0.04000166841569801, 0.03919762289117317, 0.037812479337396496, 0.03622310391275238, 0.03453579653228067, 0.0330206041779641, 0.031565009966306234, 0.03054064037737075, 0.029904305612678588, 0.029394155816597912, 0.028896840658953926, 0.02825322628704274, 0.027685220830545497, 0.02666364029859006, 0.025486033827772144, 0.02414387260068274, 0.023028867611909868, 0.022681878550084772, 0.02299235797660897, 0.02387546679328945, 0.024738332374206702, 0.025547718436096926, 0.026640938816603423, 0.02759836215880636, 0.028240938725365098, 0.028199955208514017, 0.028168175430310402, 0.02767018559717724, 0.027414861073674215, 0.027239233260695786, 0.0274939869379551, 0.027874761581110984, 0.02868161073982207, 0.029514734605865275, 0.030345172291974937, 0.031248268714928727, 0.032298002681611045, 0.033509628354587276, 0.0348066615601669, 0.03569061118903811, 0.03631377821401384, 0.03654105211474412, 0.03646788532881584, 0.03572808397059345, 0.03427781350345514, 0.03309813106562172, 0.031639416134799855, 0.02970329439236902, 0.027599049067936567, 0.02603054913364457, 0.024090316372098155, 0.02220132238001286, 0.02051452966091278, 0.019044426362309692, 0.017805605247084858, 0.01643252777018217, 0.01523003850809785, 0.01424180324883461, 0.013706552220618947, 0.0130880570946912, 0.012988920737072255, 0.013178248200839212, 0.013386796436950147, 0.01359897371732897, 0.01439195864266014, 0.015495810506657983, 0.016686507754200334, 0.01807173050136072, 0.019341411872889052, 0.020370802976522343, 0.0213787239197115, 0.02262888584538598, 0.02401686851684336, 0.025523335513576738, 0.026670410326906566, 0.02758824337325398, 0.02810647098585074, 0.028219175888028712, 0.02804128716256827, 0.027840212128430745, 0.02799079668741686, 0.027988272685847155, 0.02831306909632167, 0.028434723397990712, 0.0285549391753426, 0.02832607944879636, 0.02800347501499142, 0.027460301198426997, 0.02681840364884072, 0.026203190519756815, 0.02552364346313934, 0.024940794741503684, 0.024553643852497812, 0.024009602077058226, 0.023587486328410737, 0.023053226444370627, 0.02237349941244249, 0.021247392964358097, 0.01948489409103017, 0.01759577829009665, 0.015969918059865678, 0.014849832783247986, 0.014164911869984548, 0.013546042864334782, 0.01328357500957488, 0.012905521640083246, 0.012806686101790404, 0.01256569256360443, 0.01270015008783326, 0.013333718053885597, 0.014364706842779438, 0.015230812921928084, 0.016214173123414017, 0.017422309714956504, 0.01848297873673576, 0.019690103784110968, 0.02062988015396428, 0.021304326954883004, 0.021542023987470748, 0.021445001132587415, 0.02128479356968176, 0.021154257299581803, 0.020548768777841446, 0.020419411659703072, 0.020346908766621045, 0.02018386842926173, 0.020060715556614095, 0.019970155121820186, 0.019905412966441507, 0.019860328269953802, 0.019689549628068632, 0.019110038324468673, 0.018401772510693467, 0.01773443768827515, 0.01691379473734185, 0.0163889904882787, 0.015891976533507178, 0.015695148472402557, 0.015634975895130635, 0.01548249397414641, 0.015250362203767827, 0.01446715870868431, 0.013690714184349355, 0.013111437378948002, 0.01280400987898366, 0.012789088065484542, 0.012885508256999974, 0.012645414791893052, 0.012533763320360268, 0.01300792748125149, 0.014045480441271196, 0.015593406388961941, 0.017496649938682926, 0.01947963017829757, 0.021814960986639112, 0.0244888991790445, 0.027455202671237973, 0.030462142682767764, 0.03347516022004274, 0.03632355277573078, 0.03911728575744543, 0.041489125175428104, 0.043617926344794986, 0.04507509866910146, 0.045973158335007626, 0.046666313335408376, 0.047747911364257295, 0.04910015737076979, 0.051170936172887156, 0.05323921785426519, 0.05484930583024696, 0.05598397968583077, 0.056516639752925084, 0.05678375349578094, 0.05655312215346535, 0.05709318659280136, 0.05753330561326649, 0.05822424761198231, 0.05856641837777238, 0.058663546697002605, 0.05829520111627496, 0.058019458378357286, 0.05786276302771312, 0.057678835712609886, 0.05721489013034267, 0.05620972754199197, 0.05488023496470325, 0.05291870088860013, 0.05085359195424363, 0.04836971777146554, 0.045888993393773454, 0.04332790860019442, 0.040721243397433354, 0.03815348906679705, 0.03609755066086763, 0.03431153121207709, 0.03269994312791247, 0.03113246913067769, 0.029533434333839276, 0.02779284963423818, 0.02581340528028532, 0.023636664296078556, 0.021032966406022018, 0.018298152858289164, 0.015471223173718233, 0.012975006021594128, 0.011476514573927241, 0.011190786613452559, 0.012013514795745658, 0.013192708648177051, 0.0146026096239084, 0.016627808096549106, 0.019288816219412905, 0.022115031993867204, 0.024956066779425322, 0.027947127033299147, 0.030317719296220055, 0.03213024736687776, 0.033908117916643665, 0.035613155393420214, 0.03695858371541455, 0.0370883147011733, 0.035844860180821725, 0.03331269225961453, 0.030127822662769057, 0.026675716455458534, 0.02305094507263966, 0.019294584365168215, 0.016588874620184203, 0.013459760460278334, 0.010513659470637583, 0.008184205378854309, 0.005908681970234855, 0.003908372487361734, 0.002250880846271649, 0.001837561814419065, 0.003902446460586522, 0.00649131804032715, 0.008842266053540701, 0.011337576744963709, 0.013847821453172829, 0.016241515374979285, 0.018506880743639053, 0.020753891025054552, 0.022854281545735794, 0.025177910908837288, 0.027764777035113285, 0.0302577363231247, 0.032552204835272186, 0.033962244268502154, 0.03530995724171245, 0.036795414568091225, 0.03840706162943578, 0.039993850675796264, 0.04133645030179679, 0.04211247094820217, 0.04239213751353172, 0.042192499106345205, 0.04200269786908514, 0.041897190162155235, 0.041830932940717325, 0.04166737666619139, 0.04206882264734189, 0.0426127097658282, 0.042895687146734904, 0.04300135533202284, 0.04249799814293581, 0.041897582995049115, 0.04072077112408416, 0.03927976254850985, 0.037331499513228325, 0.035889992777759706, 0.03456359233645024, 0.033243529781910974, 0.03199033675126687, 0.03059935779738079, 0.029272240636492235, 0.027900707354997015, 0.02654938414970694, 0.02543173352052397, 0.024311103096379235, 0.023065212419431085, 0.021685454855791198, 0.02041159885695607, 0.019056064221564174, 0.017656707279948437, 0.01626614648165674, 0.015012383850973622, 0.013603567963072178, 0.012189757837366814, 0.010674529938407772, 0.009407142987148039, 0.008344525906195775, 0.007439054007672372, 0.0072034584519923735, 0.007775010970036668, 0.009047582903156274, 0.010731538882415681, 0.01253460028234948, 0.014333543563369548, 0.016070624592636203, 0.017817726146123574, 0.019557256660804743, 0.02116824086555951, 0.022529303997840977, 0.023628588936546305, 0.02391411988476377, 0.02359656311707365, 0.022355277074164143, 0.020961866673625245, 0.018393580144489934, 0.015660552711922182, 0.013874328661167971, 0.01254026736778108, 0.011812131260623127, 0.010800298354986543, 0.00961805971638548, 0.008471507575266851, 0.007656757785702683, 0.006719580941926242, 0.0056999472982024405, 0.005125787188458596, 0.00504686530895439, 0.005697178935649704, 0.006245540782853768, 0.0070976650798796875, 0.007900543705723831, 0.008755370167568399, 0.009807746909975117, 0.011209592216881203, 0.01276960312030194, 0.014467251258771754, 0.015865855510978952, 0.01751794577394112, 0.01978728846519214, 0.022540086452385207, 0.024859037758439572, 0.02589623397823137, 0.02611181133516041, 0.026565850619759173, 0.0272557734372972, 0.02776644526036269, 0.02799937699621002, 0.02818388188652303, 0.02806005928616626, 0.028083982827741123, 0.02781538632605852, 0.027763976455106594, 0.028120518002563644, 0.028688559534023904, 0.029389365084960088, 0.030059907204608147, 0.03052096911154336, 0.031053468449087778, 0.03142000488428638, 0.03173833045042581, 0.031892653890475096, 0.03198060527161537, 0.031944507243272385, 0.03180892531117334, 0.03180195743523648, 0.03175983113429147, 0.03185651864929952, 0.032146459060636644, 0.032526908876218445, 0.033087790299913135, 0.03370146462957083, 0.0342847740780508, 0.0344768243549477, 0.03441738754137779, 0.034008301029805295]",0.020753891025054552,0.07739767388384666,0.0033391230159341284,0.020483511665832566,0.0,0.0,0.07082657694657513,0.07739767388384666,0.0033391230159341284,0.020483511665832566,6.912000000000001,1717635307.6271396,2024-06-06_10-55-07
0.5059,0.05807999999999999,0.423857983601251,0.42868393426458584,0.05427207375054425,0.40132316869962675,0.5059,0.05807999999999999,0.4954920956741975,0.42868393426458584,0.05427207375054425,0.40132316869962675,0.022854281545735794,"[0.011315756658919754, 0.012192407496521018, 0.01288995615295488, 0.01359963525141729, 0.014321891165186378, 0.015181047888625853, 0.01592941522152252, 0.01673874496494045, 0.01751440457689525, 0.01835087734908702, 0.019202544572813795, 0.020070622325609303, 0.02095627718778323, 0.02186061264947246, 0.022737260153569413, 0.023681097053535004, 0.024646250751560458, 0.025633386418693636, 0.02659237614956749, 0.027623542314219474, 0.0286250346734827, 0.029647102596467904, 0.03056454213255984, 0.031680305841655834, 0.03263530150735364, 0.033606764937046466, 0.034593095597664145, 0.03536350794006898, 0.035930760474075646, 0.03631257033147624, 0.03661317474198803, 0.03688385713543919, 0.03738127616234113, 0.037934719347479336, 0.03858163380471939, 0.03921882339006296, 0.03999131852533767, 0.04074980907886149, 0.04127472956039594, 0.04151563832077664, 0.04151964454301027, 0.04123464219442919, 0.04096829512038153, 0.04056460486818273, 0.04028281736824196, 0.04000166841569801, 0.03919762289117317, 0.037812479337396496, 0.03622310391275238, 0.03453579653228067, 0.0330206041779641, 0.031565009966306234, 0.03054064037737075, 0.029904305612678588, 0.029394155816597912, 0.028896840658953926, 0.02825322628704274, 0.027685220830545497, 0.02666364029859006, 0.025486033827772144, 0.02414387260068274, 0.023028867611909868, 0.022681878550084772, 0.02299235797660897, 0.02387546679328945, 0.024738332374206702, 0.025547718436096926, 0.026640938816603423, 0.02759836215880636, 0.028240938725365098, 0.028199955208514017, 0.028168175430310402, 0.02767018559717724, 0.027414861073674215, 0.027239233260695786, 0.0274939869379551, 0.027874761581110984, 0.02868161073982207, 0.029514734605865275, 0.030345172291974937, 0.031248268714928727, 0.032298002681611045, 0.033509628354587276, 0.0348066615601669, 0.03569061118903811, 0.03631377821401384, 0.03654105211474412, 0.03646788532881584, 0.03572808397059345, 0.03427781350345514, 0.03309813106562172, 0.031639416134799855, 0.02970329439236902, 0.027599049067936567, 0.02603054913364457, 0.024090316372098155, 0.02220132238001286, 0.02051452966091278, 0.019044426362309692, 0.017805605247084858, 0.01643252777018217, 0.01523003850809785, 0.01424180324883461, 0.013706552220618947, 0.0130880570946912, 0.012988920737072255, 0.013178248200839212, 0.013386796436950147, 0.01359897371732897, 0.01439195864266014, 0.015495810506657983, 0.016686507754200334, 0.01807173050136072, 0.019341411872889052, 0.020370802976522343, 0.0213787239197115, 0.02262888584538598, 0.02401686851684336, 0.025523335513576738, 0.026670410326906566, 0.02758824337325398, 0.02810647098585074, 0.028219175888028712, 0.02804128716256827, 0.027840212128430745, 0.02799079668741686, 0.027988272685847155, 0.02831306909632167, 0.028434723397990712, 0.0285549391753426, 0.02832607944879636, 0.02800347501499142, 0.027460301198426997, 0.02681840364884072, 0.026203190519756815, 0.02552364346313934, 0.024940794741503684, 0.024553643852497812, 0.024009602077058226, 0.023587486328410737, 0.023053226444370627, 0.02237349941244249, 0.021247392964358097, 0.01948489409103017, 0.01759577829009665, 0.015969918059865678, 0.014849832783247986, 0.014164911869984548, 0.013546042864334782, 0.01328357500957488, 0.012905521640083246, 0.012806686101790404, 0.01256569256360443, 0.01270015008783326, 0.013333718053885597, 0.014364706842779438, 0.015230812921928084, 0.016214173123414017, 0.017422309714956504, 0.01848297873673576, 0.019690103784110968, 0.02062988015396428, 0.021304326954883004, 0.021542023987470748, 0.021445001132587415, 0.02128479356968176, 0.021154257299581803, 0.020548768777841446, 0.020419411659703072, 0.020346908766621045, 0.02018386842926173, 0.020060715556614095, 0.019970155121820186, 0.019905412966441507, 0.019860328269953802, 0.019689549628068632, 0.019110038324468673, 0.018401772510693467, 0.01773443768827515, 0.01691379473734185, 0.0163889904882787, 0.015891976533507178, 0.015695148472402557, 0.015634975895130635, 0.01548249397414641, 0.015250362203767827, 0.01446715870868431, 0.013690714184349355, 0.013111437378948002, 0.01280400987898366, 0.012789088065484542, 0.012885508256999974, 0.012645414791893052, 0.012533763320360268, 0.01300792748125149, 0.014045480441271196, 0.015593406388961941, 0.017496649938682926, 0.01947963017829757, 0.021814960986639112, 0.0244888991790445, 0.027455202671237973, 0.030462142682767764, 0.03347516022004274, 0.03632355277573078, 0.03911728575744543, 0.041489125175428104, 0.043617926344794986, 0.04507509866910146, 0.045973158335007626, 0.046666313335408376, 0.047747911364257295, 0.04910015737076979, 0.051170936172887156, 0.05323921785426519, 0.05484930583024696, 0.05598397968583077, 0.056516639752925084, 0.05678375349578094, 0.05655312215346535, 0.05709318659280136, 0.05753330561326649, 0.05822424761198231, 0.05856641837777238, 0.058663546697002605, 0.05829520111627496, 0.058019458378357286, 0.05786276302771312, 0.057678835712609886, 0.05721489013034267, 0.05620972754199197, 0.05488023496470325, 0.05291870088860013, 0.05085359195424363, 0.04836971777146554, 0.045888993393773454, 0.04332790860019442, 0.040721243397433354, 0.03815348906679705, 0.03609755066086763, 0.03431153121207709, 0.03269994312791247, 0.03113246913067769, 0.029533434333839276, 0.02779284963423818, 0.02581340528028532, 0.023636664296078556, 0.021032966406022018, 0.018298152858289164, 0.015471223173718233, 0.012975006021594128, 0.011476514573927241, 0.011190786613452559, 0.012013514795745658, 0.013192708648177051, 0.0146026096239084, 0.016627808096549106, 0.019288816219412905, 0.022115031993867204, 0.024956066779425322, 0.027947127033299147, 0.030317719296220055, 0.03213024736687776, 0.033908117916643665, 0.035613155393420214, 0.03695858371541455, 0.0370883147011733, 0.035844860180821725, 0.03331269225961453, 0.030127822662769057, 0.026675716455458534, 0.02305094507263966, 0.019294584365168215, 0.016588874620184203, 0.013459760460278334, 0.010513659470637583, 0.008184205378854309, 0.005908681970234855, 0.003908372487361734, 0.002250880846271649, 0.001837561814419065, 0.003902446460586522, 0.00649131804032715, 0.008842266053540701, 0.011337576744963709, 0.013847821453172829, 0.016241515374979285, 0.018506880743639053, 0.020753891025054552, 0.022854281545735794, 0.025177910908837288, 0.027764777035113285, 0.0302577363231247, 0.032552204835272186, 0.033962244268502154, 0.03530995724171245, 0.036795414568091225, 0.03840706162943578, 0.039993850675796264, 0.04133645030179679, 0.04211247094820217, 0.04239213751353172, 0.042192499106345205, 0.04200269786908514, 0.041897190162155235, 0.041830932940717325, 0.04166737666619139, 0.04206882264734189, 0.0426127097658282, 0.042895687146734904, 0.04300135533202284, 0.04249799814293581, 0.041897582995049115, 0.04072077112408416, 0.03927976254850985, 0.037331499513228325, 0.035889992777759706, 0.03456359233645024, 0.033243529781910974, 0.03199033675126687, 0.03059935779738079, 0.029272240636492235, 0.027900707354997015, 0.02654938414970694, 0.02543173352052397, 0.024311103096379235, 0.023065212419431085, 0.021685454855791198, 0.02041159885695607, 0.019056064221564174, 0.017656707279948437, 0.01626614648165674, 0.015012383850973622, 0.013603567963072178, 0.012189757837366814, 0.010674529938407772, 0.009407142987148039, 0.008344525906195775, 0.007439054007672372, 0.0072034584519923735, 0.007775010970036668, 0.009047582903156274, 0.010731538882415681, 0.01253460028234948, 0.014333543563369548, 0.016070624592636203, 0.017817726146123574, 0.019557256660804743, 0.02116824086555951, 0.022529303997840977, 0.023628588936546305, 0.02391411988476377, 0.02359656311707365, 0.022355277074164143, 0.020961866673625245, 0.018393580144489934, 0.015660552711922182, 0.013874328661167971, 0.01254026736778108, 0.011812131260623127, 0.010800298354986543, 0.00961805971638548, 0.008471507575266851, 0.007656757785702683, 0.006719580941926242, 0.0056999472982024405, 0.005125787188458596, 0.00504686530895439, 0.005697178935649704, 0.006245540782853768, 0.0070976650798796875, 0.007900543705723831, 0.008755370167568399, 0.009807746909975117, 0.011209592216881203, 0.01276960312030194, 0.014467251258771754, 0.015865855510978952, 0.01751794577394112, 0.01978728846519214, 0.022540086452385207, 0.024859037758439572, 0.02589623397823137, 0.02611181133516041, 0.026565850619759173, 0.0272557734372972, 0.02776644526036269, 0.02799937699621002, 0.02818388188652303, 0.02806005928616626, 0.028083982827741123, 0.02781538632605852, 0.027763976455106594, 0.028120518002563644, 0.028688559534023904, 0.029389365084960088, 0.030059907204608147, 0.03052096911154336, 0.031053468449087778, 0.03142000488428638, 0.03173833045042581, 0.031892653890475096, 0.03198060527161537, 0.031944507243272385, 0.03180892531117334, 0.03180195743523648, 0.03175983113429147, 0.03185651864929952, 0.032146459060636644, 0.032526908876218445, 0.033087790299913135, 0.03370146462957083, 0.0342847740780508, 0.0344768243549477, 0.03441738754137779, 0.034008301029805295]",0.022854281545735794,0.07721606573541417,0.003807926249455744,0.022534814901624234,0.0,0.0,0.07163411207294651,0.07721606573541417,0.003807926249455744,0.022534814901624234,6.936,1717635307.6513927,2024-06-06_10-55-07
0.5059,0.05879999999999999,0.425101800083164,0.42894965310032435,0.05468960329342422,0.40026167454708994,0.5059,0.05879999999999999,0.49754344728248195,0.42894965310032435,0.05468960329342422,0.40026167454708994,0.025177910908837288,"[0.011315756658919754, 0.012192407496521018, 0.01288995615295488, 0.01359963525141729, 0.014321891165186378, 0.015181047888625853, 0.01592941522152252, 0.01673874496494045, 0.01751440457689525, 0.01835087734908702, 0.019202544572813795, 0.020070622325609303, 0.02095627718778323, 0.02186061264947246, 0.022737260153569413, 0.023681097053535004, 0.024646250751560458, 0.025633386418693636, 0.02659237614956749, 0.027623542314219474, 0.0286250346734827, 0.029647102596467904, 0.03056454213255984, 0.031680305841655834, 0.03263530150735364, 0.033606764937046466, 0.034593095597664145, 0.03536350794006898, 0.035930760474075646, 0.03631257033147624, 0.03661317474198803, 0.03688385713543919, 0.03738127616234113, 0.037934719347479336, 0.03858163380471939, 0.03921882339006296, 0.03999131852533767, 0.04074980907886149, 0.04127472956039594, 0.04151563832077664, 0.04151964454301027, 0.04123464219442919, 0.04096829512038153, 0.04056460486818273, 0.04028281736824196, 0.04000166841569801, 0.03919762289117317, 0.037812479337396496, 0.03622310391275238, 0.03453579653228067, 0.0330206041779641, 0.031565009966306234, 0.03054064037737075, 0.029904305612678588, 0.029394155816597912, 0.028896840658953926, 0.02825322628704274, 0.027685220830545497, 0.02666364029859006, 0.025486033827772144, 0.02414387260068274, 0.023028867611909868, 0.022681878550084772, 0.02299235797660897, 0.02387546679328945, 0.024738332374206702, 0.025547718436096926, 0.026640938816603423, 0.02759836215880636, 0.028240938725365098, 0.028199955208514017, 0.028168175430310402, 0.02767018559717724, 0.027414861073674215, 0.027239233260695786, 0.0274939869379551, 0.027874761581110984, 0.02868161073982207, 0.029514734605865275, 0.030345172291974937, 0.031248268714928727, 0.032298002681611045, 0.033509628354587276, 0.0348066615601669, 0.03569061118903811, 0.03631377821401384, 0.03654105211474412, 0.03646788532881584, 0.03572808397059345, 0.03427781350345514, 0.03309813106562172, 0.031639416134799855, 0.02970329439236902, 0.027599049067936567, 0.02603054913364457, 0.024090316372098155, 0.02220132238001286, 0.02051452966091278, 0.019044426362309692, 0.017805605247084858, 0.01643252777018217, 0.01523003850809785, 0.01424180324883461, 0.013706552220618947, 0.0130880570946912, 0.012988920737072255, 0.013178248200839212, 0.013386796436950147, 0.01359897371732897, 0.01439195864266014, 0.015495810506657983, 0.016686507754200334, 0.01807173050136072, 0.019341411872889052, 0.020370802976522343, 0.0213787239197115, 0.02262888584538598, 0.02401686851684336, 0.025523335513576738, 0.026670410326906566, 0.02758824337325398, 0.02810647098585074, 0.028219175888028712, 0.02804128716256827, 0.027840212128430745, 0.02799079668741686, 0.027988272685847155, 0.02831306909632167, 0.028434723397990712, 0.0285549391753426, 0.02832607944879636, 0.02800347501499142, 0.027460301198426997, 0.02681840364884072, 0.026203190519756815, 0.02552364346313934, 0.024940794741503684, 0.024553643852497812, 0.024009602077058226, 0.023587486328410737, 0.023053226444370627, 0.02237349941244249, 0.021247392964358097, 0.01948489409103017, 0.01759577829009665, 0.015969918059865678, 0.014849832783247986, 0.014164911869984548, 0.013546042864334782, 0.01328357500957488, 0.012905521640083246, 0.012806686101790404, 0.01256569256360443, 0.01270015008783326, 0.013333718053885597, 0.014364706842779438, 0.015230812921928084, 0.016214173123414017, 0.017422309714956504, 0.01848297873673576, 0.019690103784110968, 0.02062988015396428, 0.021304326954883004, 0.021542023987470748, 0.021445001132587415, 0.02128479356968176, 0.021154257299581803, 0.020548768777841446, 0.020419411659703072, 0.020346908766621045, 0.02018386842926173, 0.020060715556614095, 0.019970155121820186, 0.019905412966441507, 0.019860328269953802, 0.019689549628068632, 0.019110038324468673, 0.018401772510693467, 0.01773443768827515, 0.01691379473734185, 0.0163889904882787, 0.015891976533507178, 0.015695148472402557, 0.015634975895130635, 0.01548249397414641, 0.015250362203767827, 0.01446715870868431, 0.013690714184349355, 0.013111437378948002, 0.01280400987898366, 0.012789088065484542, 0.012885508256999974, 0.012645414791893052, 0.012533763320360268, 0.01300792748125149, 0.014045480441271196, 0.015593406388961941, 0.017496649938682926, 0.01947963017829757, 0.021814960986639112, 0.0244888991790445, 0.027455202671237973, 0.030462142682767764, 0.03347516022004274, 0.03632355277573078, 0.03911728575744543, 0.041489125175428104, 0.043617926344794986, 0.04507509866910146, 0.045973158335007626, 0.046666313335408376, 0.047747911364257295, 0.04910015737076979, 0.051170936172887156, 0.05323921785426519, 0.05484930583024696, 0.05598397968583077, 0.056516639752925084, 0.05678375349578094, 0.05655312215346535, 0.05709318659280136, 0.05753330561326649, 0.05822424761198231, 0.05856641837777238, 0.058663546697002605, 0.05829520111627496, 0.058019458378357286, 0.05786276302771312, 0.057678835712609886, 0.05721489013034267, 0.05620972754199197, 0.05488023496470325, 0.05291870088860013, 0.05085359195424363, 0.04836971777146554, 0.045888993393773454, 0.04332790860019442, 0.040721243397433354, 0.03815348906679705, 0.03609755066086763, 0.03431153121207709, 0.03269994312791247, 0.03113246913067769, 0.029533434333839276, 0.02779284963423818, 0.02581340528028532, 0.023636664296078556, 0.021032966406022018, 0.018298152858289164, 0.015471223173718233, 0.012975006021594128, 0.011476514573927241, 0.011190786613452559, 0.012013514795745658, 0.013192708648177051, 0.0146026096239084, 0.016627808096549106, 0.019288816219412905, 0.022115031993867204, 0.024956066779425322, 0.027947127033299147, 0.030317719296220055, 0.03213024736687776, 0.033908117916643665, 0.035613155393420214, 0.03695858371541455, 0.0370883147011733, 0.035844860180821725, 0.03331269225961453, 0.030127822662769057, 0.026675716455458534, 0.02305094507263966, 0.019294584365168215, 0.016588874620184203, 0.013459760460278334, 0.010513659470637583, 0.008184205378854309, 0.005908681970234855, 0.003908372487361734, 0.002250880846271649, 0.001837561814419065, 0.003902446460586522, 0.00649131804032715, 0.008842266053540701, 0.011337576744963709, 0.013847821453172829, 0.016241515374979285, 0.018506880743639053, 0.020753891025054552, 0.022854281545735794, 0.025177910908837288, 0.027764777035113285, 0.0302577363231247, 0.032552204835272186, 0.033962244268502154, 0.03530995724171245, 0.036795414568091225, 0.03840706162943578, 0.039993850675796264, 0.04133645030179679, 0.04211247094820217, 0.04239213751353172, 0.042192499106345205, 0.04200269786908514, 0.041897190162155235, 0.041830932940717325, 0.04166737666619139, 0.04206882264734189, 0.0426127097658282, 0.042895687146734904, 0.04300135533202284, 0.04249799814293581, 0.041897582995049115, 0.04072077112408416, 0.03927976254850985, 0.037331499513228325, 0.035889992777759706, 0.03456359233645024, 0.033243529781910974, 0.03199033675126687, 0.03059935779738079, 0.029272240636492235, 0.027900707354997015, 0.02654938414970694, 0.02543173352052397, 0.024311103096379235, 0.023065212419431085, 0.021685454855791198, 0.02041159885695607, 0.019056064221564174, 0.017656707279948437, 0.01626614648165674, 0.015012383850973622, 0.013603567963072178, 0.012189757837366814, 0.010674529938407772, 0.009407142987148039, 0.008344525906195775, 0.007439054007672372, 0.0072034584519923735, 0.007775010970036668, 0.009047582903156274, 0.010731538882415681, 0.01253460028234948, 0.014333543563369548, 0.016070624592636203, 0.017817726146123574, 0.019557256660804743, 0.02116824086555951, 0.022529303997840977, 0.023628588936546305, 0.02391411988476377, 0.02359656311707365, 0.022355277074164143, 0.020961866673625245, 0.018393580144489934, 0.015660552711922182, 0.013874328661167971, 0.01254026736778108, 0.011812131260623127, 0.010800298354986543, 0.00961805971638548, 0.008471507575266851, 0.007656757785702683, 0.006719580941926242, 0.0056999472982024405, 0.005125787188458596, 0.00504686530895439, 0.005697178935649704, 0.006245540782853768, 0.0070976650798796875, 0.007900543705723831, 0.008755370167568399, 0.009807746909975117, 0.011209592216881203, 0.01276960312030194, 0.014467251258771754, 0.015865855510978952, 0.01751794577394112, 0.01978728846519214, 0.022540086452385207, 0.024859037758439572, 0.02589623397823137, 0.02611181133516041, 0.026565850619759173, 0.0272557734372972, 0.02776644526036269, 0.02799937699621002, 0.02818388188652303, 0.02806005928616626, 0.028083982827741123, 0.02781538632605852, 0.027763976455106594, 0.028120518002563644, 0.028688559534023904, 0.029389365084960088, 0.030059907204608147, 0.03052096911154336, 0.031053468449087778, 0.03142000488428638, 0.03173833045042581, 0.031892653890475096, 0.03198060527161537, 0.031944507243272385, 0.03180892531117334, 0.03180195743523648, 0.03175983113429147, 0.03185651864929952, 0.032146459060636644, 0.032526908876218445, 0.033087790299913135, 0.03370146462957083, 0.0342847740780508, 0.0344768243549477, 0.03441738754137779, 0.034008301029805295]",0.025177910908837288,0.07695034689967567,0.004110396706575772,0.024840125536074065,0.0,0.0,0.07244164719931795,0.07695034689967567,0.004110396706575772,0.024840125536074065,6.959999999999999,1717635307.6748545,2024-06-06_10-55-07
0.5059,0.05952000000000002,0.42641953299392216,0.4294183504554648,0.055534914670165775,0.39894223438719056,0.5059,0.05952000000000002,0.49966871531961143,0.4294183504554648,0.055534914670165775,0.39894223438719056,0.027764777035113285,"[0.011315756658919754, 0.012192407496521018, 0.01288995615295488, 0.01359963525141729, 0.014321891165186378, 0.015181047888625853, 0.01592941522152252, 0.01673874496494045, 0.01751440457689525, 0.01835087734908702, 0.019202544572813795, 0.020070622325609303, 0.02095627718778323, 0.02186061264947246, 0.022737260153569413, 0.023681097053535004, 0.024646250751560458, 0.025633386418693636, 0.02659237614956749, 0.027623542314219474, 0.0286250346734827, 0.029647102596467904, 0.03056454213255984, 0.031680305841655834, 0.03263530150735364, 0.033606764937046466, 0.034593095597664145, 0.03536350794006898, 0.035930760474075646, 0.03631257033147624, 0.03661317474198803, 0.03688385713543919, 0.03738127616234113, 0.037934719347479336, 0.03858163380471939, 0.03921882339006296, 0.03999131852533767, 0.04074980907886149, 0.04127472956039594, 0.04151563832077664, 0.04151964454301027, 0.04123464219442919, 0.04096829512038153, 0.04056460486818273, 0.04028281736824196, 0.04000166841569801, 0.03919762289117317, 0.037812479337396496, 0.03622310391275238, 0.03453579653228067, 0.0330206041779641, 0.031565009966306234, 0.03054064037737075, 0.029904305612678588, 0.029394155816597912, 0.028896840658953926, 0.02825322628704274, 0.027685220830545497, 0.02666364029859006, 0.025486033827772144, 0.02414387260068274, 0.023028867611909868, 0.022681878550084772, 0.02299235797660897, 0.02387546679328945, 0.024738332374206702, 0.025547718436096926, 0.026640938816603423, 0.02759836215880636, 0.028240938725365098, 0.028199955208514017, 0.028168175430310402, 0.02767018559717724, 0.027414861073674215, 0.027239233260695786, 0.0274939869379551, 0.027874761581110984, 0.02868161073982207, 0.029514734605865275, 0.030345172291974937, 0.031248268714928727, 0.032298002681611045, 0.033509628354587276, 0.0348066615601669, 0.03569061118903811, 0.03631377821401384, 0.03654105211474412, 0.03646788532881584, 0.03572808397059345, 0.03427781350345514, 0.03309813106562172, 0.031639416134799855, 0.02970329439236902, 0.027599049067936567, 0.02603054913364457, 0.024090316372098155, 0.02220132238001286, 0.02051452966091278, 0.019044426362309692, 0.017805605247084858, 0.01643252777018217, 0.01523003850809785, 0.01424180324883461, 0.013706552220618947, 0.0130880570946912, 0.012988920737072255, 0.013178248200839212, 0.013386796436950147, 0.01359897371732897, 0.01439195864266014, 0.015495810506657983, 0.016686507754200334, 0.01807173050136072, 0.019341411872889052, 0.020370802976522343, 0.0213787239197115, 0.02262888584538598, 0.02401686851684336, 0.025523335513576738, 0.026670410326906566, 0.02758824337325398, 0.02810647098585074, 0.028219175888028712, 0.02804128716256827, 0.027840212128430745, 0.02799079668741686, 0.027988272685847155, 0.02831306909632167, 0.028434723397990712, 0.0285549391753426, 0.02832607944879636, 0.02800347501499142, 0.027460301198426997, 0.02681840364884072, 0.026203190519756815, 0.02552364346313934, 0.024940794741503684, 0.024553643852497812, 0.024009602077058226, 0.023587486328410737, 0.023053226444370627, 0.02237349941244249, 0.021247392964358097, 0.01948489409103017, 0.01759577829009665, 0.015969918059865678, 0.014849832783247986, 0.014164911869984548, 0.013546042864334782, 0.01328357500957488, 0.012905521640083246, 0.012806686101790404, 0.01256569256360443, 0.01270015008783326, 0.013333718053885597, 0.014364706842779438, 0.015230812921928084, 0.016214173123414017, 0.017422309714956504, 0.01848297873673576, 0.019690103784110968, 0.02062988015396428, 0.021304326954883004, 0.021542023987470748, 0.021445001132587415, 0.02128479356968176, 0.021154257299581803, 0.020548768777841446, 0.020419411659703072, 0.020346908766621045, 0.02018386842926173, 0.020060715556614095, 0.019970155121820186, 0.019905412966441507, 0.019860328269953802, 0.019689549628068632, 0.019110038324468673, 0.018401772510693467, 0.01773443768827515, 0.01691379473734185, 0.0163889904882787, 0.015891976533507178, 0.015695148472402557, 0.015634975895130635, 0.01548249397414641, 0.015250362203767827, 0.01446715870868431, 0.013690714184349355, 0.013111437378948002, 0.01280400987898366, 0.012789088065484542, 0.012885508256999974, 0.012645414791893052, 0.012533763320360268, 0.01300792748125149, 0.014045480441271196, 0.015593406388961941, 0.017496649938682926, 0.01947963017829757, 0.021814960986639112, 0.0244888991790445, 0.027455202671237973, 0.030462142682767764, 0.03347516022004274, 0.03632355277573078, 0.03911728575744543, 0.041489125175428104, 0.043617926344794986, 0.04507509866910146, 0.045973158335007626, 0.046666313335408376, 0.047747911364257295, 0.04910015737076979, 0.051170936172887156, 0.05323921785426519, 0.05484930583024696, 0.05598397968583077, 0.056516639752925084, 0.05678375349578094, 0.05655312215346535, 0.05709318659280136, 0.05753330561326649, 0.05822424761198231, 0.05856641837777238, 0.058663546697002605, 0.05829520111627496, 0.058019458378357286, 0.05786276302771312, 0.057678835712609886, 0.05721489013034267, 0.05620972754199197, 0.05488023496470325, 0.05291870088860013, 0.05085359195424363, 0.04836971777146554, 0.045888993393773454, 0.04332790860019442, 0.040721243397433354, 0.03815348906679705, 0.03609755066086763, 0.03431153121207709, 0.03269994312791247, 0.03113246913067769, 0.029533434333839276, 0.02779284963423818, 0.02581340528028532, 0.023636664296078556, 0.021032966406022018, 0.018298152858289164, 0.015471223173718233, 0.012975006021594128, 0.011476514573927241, 0.011190786613452559, 0.012013514795745658, 0.013192708648177051, 0.0146026096239084, 0.016627808096549106, 0.019288816219412905, 0.022115031993867204, 0.024956066779425322, 0.027947127033299147, 0.030317719296220055, 0.03213024736687776, 0.033908117916643665, 0.035613155393420214, 0.03695858371541455, 0.0370883147011733, 0.035844860180821725, 0.03331269225961453, 0.030127822662769057, 0.026675716455458534, 0.02305094507263966, 0.019294584365168215, 0.016588874620184203, 0.013459760460278334, 0.010513659470637583, 0.008184205378854309, 0.005908681970234855, 0.003908372487361734, 0.002250880846271649, 0.001837561814419065, 0.003902446460586522, 0.00649131804032715, 0.008842266053540701, 0.011337576744963709, 0.013847821453172829, 0.016241515374979285, 0.018506880743639053, 0.020753891025054552, 0.022854281545735794, 0.025177910908837288, 0.027764777035113285, 0.0302577363231247, 0.032552204835272186, 0.033962244268502154, 0.03530995724171245, 0.036795414568091225, 0.03840706162943578, 0.039993850675796264, 0.04133645030179679, 0.04211247094820217, 0.04239213751353172, 0.042192499106345205, 0.04200269786908514, 0.041897190162155235, 0.041830932940717325, 0.04166737666619139, 0.04206882264734189, 0.0426127097658282, 0.042895687146734904, 0.04300135533202284, 0.04249799814293581, 0.041897582995049115, 0.04072077112408416, 0.03927976254850985, 0.037331499513228325, 0.035889992777759706, 0.03456359233645024, 0.033243529781910974, 0.03199033675126687, 0.03059935779738079, 0.029272240636492235, 0.027900707354997015, 0.02654938414970694, 0.02543173352052397, 0.024311103096379235, 0.023065212419431085, 0.021685454855791198, 0.02041159885695607, 0.019056064221564174, 0.017656707279948437, 0.01626614648165674, 0.015012383850973622, 0.013603567963072178, 0.012189757837366814, 0.010674529938407772, 0.009407142987148039, 0.008344525906195775, 0.007439054007672372, 0.0072034584519923735, 0.007775010970036668, 0.009047582903156274, 0.010731538882415681, 0.01253460028234948, 0.014333543563369548, 0.016070624592636203, 0.017817726146123574, 0.019557256660804743, 0.02116824086555951, 0.022529303997840977, 0.023628588936546305, 0.02391411988476377, 0.02359656311707365, 0.022355277074164143, 0.020961866673625245, 0.018393580144489934, 0.015660552711922182, 0.013874328661167971, 0.01254026736778108, 0.011812131260623127, 0.010800298354986543, 0.00961805971638548, 0.008471507575266851, 0.007656757785702683, 0.006719580941926242, 0.0056999472982024405, 0.005125787188458596, 0.00504686530895439, 0.005697178935649704, 0.006245540782853768, 0.0070976650798796875, 0.007900543705723831, 0.008755370167568399, 0.009807746909975117, 0.011209592216881203, 0.01276960312030194, 0.014467251258771754, 0.015865855510978952, 0.01751794577394112, 0.01978728846519214, 0.022540086452385207, 0.024859037758439572, 0.02589623397823137, 0.02611181133516041, 0.026565850619759173, 0.0272557734372972, 0.02776644526036269, 0.02799937699621002, 0.02818388188652303, 0.02806005928616626, 0.028083982827741123, 0.02781538632605852, 0.027763976455106594, 0.028120518002563644, 0.028688559534023904, 0.029389365084960088, 0.030059907204608147, 0.03052096911154336, 0.031053468449087778, 0.03142000488428638, 0.03173833045042581, 0.031892653890475096, 0.03198060527161537, 0.031944507243272385, 0.03180892531117334, 0.03180195743523648, 0.03175983113429147, 0.03185651864929952, 0.032146459060636644, 0.032526908876218445, 0.033087790299913135, 0.03370146462957083, 0.0342847740780508, 0.0344768243549477, 0.03441738754137779, 0.034008301029805295]",0.027764777035113285,0.07648164954453524,0.003985085329834243,0.027477298606731593,0.0,0.0,0.07324918232568928,0.07648164954453524,0.003985085329834243,0.027477298606731593,6.984,1717635307.6990728,2024-06-06_10-55-07
0.5059,0.060240000000000016,0.4278020221481064,0.42973730062896076,0.05608457784543331,0.39783098489349883,0.5059,0.060240000000000016,0.5016271305623928,0.42973730062896076,0.05608457784543331,0.39783098489349883,0.0302577363231247,"[0.011315756658919754, 0.012192407496521018, 0.01288995615295488, 0.01359963525141729, 0.014321891165186378, 0.015181047888625853, 0.01592941522152252, 0.01673874496494045, 0.01751440457689525, 0.01835087734908702, 0.019202544572813795, 0.020070622325609303, 0.02095627718778323, 0.02186061264947246, 0.022737260153569413, 0.023681097053535004, 0.024646250751560458, 0.025633386418693636, 0.02659237614956749, 0.027623542314219474, 0.0286250346734827, 0.029647102596467904, 0.03056454213255984, 0.031680305841655834, 0.03263530150735364, 0.033606764937046466, 0.034593095597664145, 0.03536350794006898, 0.035930760474075646, 0.03631257033147624, 0.03661317474198803, 0.03688385713543919, 0.03738127616234113, 0.037934719347479336, 0.03858163380471939, 0.03921882339006296, 0.03999131852533767, 0.04074980907886149, 0.04127472956039594, 0.04151563832077664, 0.04151964454301027, 0.04123464219442919, 0.04096829512038153, 0.04056460486818273, 0.04028281736824196, 0.04000166841569801, 0.03919762289117317, 0.037812479337396496, 0.03622310391275238, 0.03453579653228067, 0.0330206041779641, 0.031565009966306234, 0.03054064037737075, 0.029904305612678588, 0.029394155816597912, 0.028896840658953926, 0.02825322628704274, 0.027685220830545497, 0.02666364029859006, 0.025486033827772144, 0.02414387260068274, 0.023028867611909868, 0.022681878550084772, 0.02299235797660897, 0.02387546679328945, 0.024738332374206702, 0.025547718436096926, 0.026640938816603423, 0.02759836215880636, 0.028240938725365098, 0.028199955208514017, 0.028168175430310402, 0.02767018559717724, 0.027414861073674215, 0.027239233260695786, 0.0274939869379551, 0.027874761581110984, 0.02868161073982207, 0.029514734605865275, 0.030345172291974937, 0.031248268714928727, 0.032298002681611045, 0.033509628354587276, 0.0348066615601669, 0.03569061118903811, 0.03631377821401384, 0.03654105211474412, 0.03646788532881584, 0.03572808397059345, 0.03427781350345514, 0.03309813106562172, 0.031639416134799855, 0.02970329439236902, 0.027599049067936567, 0.02603054913364457, 0.024090316372098155, 0.02220132238001286, 0.02051452966091278, 0.019044426362309692, 0.017805605247084858, 0.01643252777018217, 0.01523003850809785, 0.01424180324883461, 0.013706552220618947, 0.0130880570946912, 0.012988920737072255, 0.013178248200839212, 0.013386796436950147, 0.01359897371732897, 0.01439195864266014, 0.015495810506657983, 0.016686507754200334, 0.01807173050136072, 0.019341411872889052, 0.020370802976522343, 0.0213787239197115, 0.02262888584538598, 0.02401686851684336, 0.025523335513576738, 0.026670410326906566, 0.02758824337325398, 0.02810647098585074, 0.028219175888028712, 0.02804128716256827, 0.027840212128430745, 0.02799079668741686, 0.027988272685847155, 0.02831306909632167, 0.028434723397990712, 0.0285549391753426, 0.02832607944879636, 0.02800347501499142, 0.027460301198426997, 0.02681840364884072, 0.026203190519756815, 0.02552364346313934, 0.024940794741503684, 0.024553643852497812, 0.024009602077058226, 0.023587486328410737, 0.023053226444370627, 0.02237349941244249, 0.021247392964358097, 0.01948489409103017, 0.01759577829009665, 0.015969918059865678, 0.014849832783247986, 0.014164911869984548, 0.013546042864334782, 0.01328357500957488, 0.012905521640083246, 0.012806686101790404, 0.01256569256360443, 0.01270015008783326, 0.013333718053885597, 0.014364706842779438, 0.015230812921928084, 0.016214173123414017, 0.017422309714956504, 0.01848297873673576, 0.019690103784110968, 0.02062988015396428, 0.021304326954883004, 0.021542023987470748, 0.021445001132587415, 0.02128479356968176, 0.021154257299581803, 0.020548768777841446, 0.020419411659703072, 0.020346908766621045, 0.02018386842926173, 0.020060715556614095, 0.019970155121820186, 0.019905412966441507, 0.019860328269953802, 0.019689549628068632, 0.019110038324468673, 0.018401772510693467, 0.01773443768827515, 0.01691379473734185, 0.0163889904882787, 0.015891976533507178, 0.015695148472402557, 0.015634975895130635, 0.01548249397414641, 0.015250362203767827, 0.01446715870868431, 0.013690714184349355, 0.013111437378948002, 0.01280400987898366, 0.012789088065484542, 0.012885508256999974, 0.012645414791893052, 0.012533763320360268, 0.01300792748125149, 0.014045480441271196, 0.015593406388961941, 0.017496649938682926, 0.01947963017829757, 0.021814960986639112, 0.0244888991790445, 0.027455202671237973, 0.030462142682767764, 0.03347516022004274, 0.03632355277573078, 0.03911728575744543, 0.041489125175428104, 0.043617926344794986, 0.04507509866910146, 0.045973158335007626, 0.046666313335408376, 0.047747911364257295, 0.04910015737076979, 0.051170936172887156, 0.05323921785426519, 0.05484930583024696, 0.05598397968583077, 0.056516639752925084, 0.05678375349578094, 0.05655312215346535, 0.05709318659280136, 0.05753330561326649, 0.05822424761198231, 0.05856641837777238, 0.058663546697002605, 0.05829520111627496, 0.058019458378357286, 0.05786276302771312, 0.057678835712609886, 0.05721489013034267, 0.05620972754199197, 0.05488023496470325, 0.05291870088860013, 0.05085359195424363, 0.04836971777146554, 0.045888993393773454, 0.04332790860019442, 0.040721243397433354, 0.03815348906679705, 0.03609755066086763, 0.03431153121207709, 0.03269994312791247, 0.03113246913067769, 0.029533434333839276, 0.02779284963423818, 0.02581340528028532, 0.023636664296078556, 0.021032966406022018, 0.018298152858289164, 0.015471223173718233, 0.012975006021594128, 0.011476514573927241, 0.011190786613452559, 0.012013514795745658, 0.013192708648177051, 0.0146026096239084, 0.016627808096549106, 0.019288816219412905, 0.022115031993867204, 0.024956066779425322, 0.027947127033299147, 0.030317719296220055, 0.03213024736687776, 0.033908117916643665, 0.035613155393420214, 0.03695858371541455, 0.0370883147011733, 0.035844860180821725, 0.03331269225961453, 0.030127822662769057, 0.026675716455458534, 0.02305094507263966, 0.019294584365168215, 0.016588874620184203, 0.013459760460278334, 0.010513659470637583, 0.008184205378854309, 0.005908681970234855, 0.003908372487361734, 0.002250880846271649, 0.001837561814419065, 0.003902446460586522, 0.00649131804032715, 0.008842266053540701, 0.011337576744963709, 0.013847821453172829, 0.016241515374979285, 0.018506880743639053, 0.020753891025054552, 0.022854281545735794, 0.025177910908837288, 0.027764777035113285, 0.0302577363231247, 0.032552204835272186, 0.033962244268502154, 0.03530995724171245, 0.036795414568091225, 0.03840706162943578, 0.039993850675796264, 0.04133645030179679, 0.04211247094820217, 0.04239213751353172, 0.042192499106345205, 0.04200269786908514, 0.041897190162155235, 0.041830932940717325, 0.04166737666619139, 0.04206882264734189, 0.0426127097658282, 0.042895687146734904, 0.04300135533202284, 0.04249799814293581, 0.041897582995049115, 0.04072077112408416, 0.03927976254850985, 0.037331499513228325, 0.035889992777759706, 0.03456359233645024, 0.033243529781910974, 0.03199033675126687, 0.03059935779738079, 0.029272240636492235, 0.027900707354997015, 0.02654938414970694, 0.02543173352052397, 0.024311103096379235, 0.023065212419431085, 0.021685454855791198, 0.02041159885695607, 0.019056064221564174, 0.017656707279948437, 0.01626614648165674, 0.015012383850973622, 0.013603567963072178, 0.012189757837366814, 0.010674529938407772, 0.009407142987148039, 0.008344525906195775, 0.007439054007672372, 0.0072034584519923735, 0.007775010970036668, 0.009047582903156274, 0.010731538882415681, 0.01253460028234948, 0.014333543563369548, 0.016070624592636203, 0.017817726146123574, 0.019557256660804743, 0.02116824086555951, 0.022529303997840977, 0.023628588936546305, 0.02391411988476377, 0.02359656311707365, 0.022355277074164143, 0.020961866673625245, 0.018393580144489934, 0.015660552711922182, 0.013874328661167971, 0.01254026736778108, 0.011812131260623127, 0.010800298354986543, 0.00961805971638548, 0.008471507575266851, 0.007656757785702683, 0.006719580941926242, 0.0056999472982024405, 0.005125787188458596, 0.00504686530895439, 0.005697178935649704, 0.006245540782853768, 0.0070976650798796875, 0.007900543705723831, 0.008755370167568399, 0.009807746909975117, 0.011209592216881203, 0.01276960312030194, 0.014467251258771754, 0.015865855510978952, 0.01751794577394112, 0.01978728846519214, 0.022540086452385207, 0.024859037758439572, 0.02589623397823137, 0.02611181133516041, 0.026565850619759173, 0.0272557734372972, 0.02776644526036269, 0.02799937699621002, 0.02818388188652303, 0.02806005928616626, 0.028083982827741123, 0.02781538632605852, 0.027763976455106594, 0.028120518002563644, 0.028688559534023904, 0.029389365084960088, 0.030059907204608147, 0.03052096911154336, 0.031053468449087778, 0.03142000488428638, 0.03173833045042581, 0.031892653890475096, 0.03198060527161537, 0.031944507243272385, 0.03180892531117334, 0.03180195743523648, 0.03175983113429147, 0.03185651864929952, 0.032146459060636644, 0.032526908876218445, 0.033087790299913135, 0.03370146462957083, 0.0342847740780508, 0.0344768243549477, 0.03441738754137779, 0.034008301029805295]",0.0302577363231247,0.07616269937103926,0.0041554221545667056,0.02997103725460759,0.0,0.0,0.07382510841428641,0.07616269937103926,0.0041554221545667056,0.02997103725460759,7.008,1717635307.7234244,2024-06-06_10-55-07
0.5059,0.060960000000000014,0.4292398301845606,0.4298850233486353,0.05654144982038016,0.39698890067938664,0.5059,0.060960000000000014,0.5031776466118956,0.4298850233486353,0.05654144982038016,0.39698890067938664,0.032552204835272186,"[0.011315756658919754, 0.012192407496521018, 0.01288995615295488, 0.01359963525141729, 0.014321891165186378, 0.015181047888625853, 0.01592941522152252, 0.01673874496494045, 0.01751440457689525, 0.01835087734908702, 0.019202544572813795, 0.020070622325609303, 0.02095627718778323, 0.02186061264947246, 0.022737260153569413, 0.023681097053535004, 0.024646250751560458, 0.025633386418693636, 0.02659237614956749, 0.027623542314219474, 0.0286250346734827, 0.029647102596467904, 0.03056454213255984, 0.031680305841655834, 0.03263530150735364, 0.033606764937046466, 0.034593095597664145, 0.03536350794006898, 0.035930760474075646, 0.03631257033147624, 0.03661317474198803, 0.03688385713543919, 0.03738127616234113, 0.037934719347479336, 0.03858163380471939, 0.03921882339006296, 0.03999131852533767, 0.04074980907886149, 0.04127472956039594, 0.04151563832077664, 0.04151964454301027, 0.04123464219442919, 0.04096829512038153, 0.04056460486818273, 0.04028281736824196, 0.04000166841569801, 0.03919762289117317, 0.037812479337396496, 0.03622310391275238, 0.03453579653228067, 0.0330206041779641, 0.031565009966306234, 0.03054064037737075, 0.029904305612678588, 0.029394155816597912, 0.028896840658953926, 0.02825322628704274, 0.027685220830545497, 0.02666364029859006, 0.025486033827772144, 0.02414387260068274, 0.023028867611909868, 0.022681878550084772, 0.02299235797660897, 0.02387546679328945, 0.024738332374206702, 0.025547718436096926, 0.026640938816603423, 0.02759836215880636, 0.028240938725365098, 0.028199955208514017, 0.028168175430310402, 0.02767018559717724, 0.027414861073674215, 0.027239233260695786, 0.0274939869379551, 0.027874761581110984, 0.02868161073982207, 0.029514734605865275, 0.030345172291974937, 0.031248268714928727, 0.032298002681611045, 0.033509628354587276, 0.0348066615601669, 0.03569061118903811, 0.03631377821401384, 0.03654105211474412, 0.03646788532881584, 0.03572808397059345, 0.03427781350345514, 0.03309813106562172, 0.031639416134799855, 0.02970329439236902, 0.027599049067936567, 0.02603054913364457, 0.024090316372098155, 0.02220132238001286, 0.02051452966091278, 0.019044426362309692, 0.017805605247084858, 0.01643252777018217, 0.01523003850809785, 0.01424180324883461, 0.013706552220618947, 0.0130880570946912, 0.012988920737072255, 0.013178248200839212, 0.013386796436950147, 0.01359897371732897, 0.01439195864266014, 0.015495810506657983, 0.016686507754200334, 0.01807173050136072, 0.019341411872889052, 0.020370802976522343, 0.0213787239197115, 0.02262888584538598, 0.02401686851684336, 0.025523335513576738, 0.026670410326906566, 0.02758824337325398, 0.02810647098585074, 0.028219175888028712, 0.02804128716256827, 0.027840212128430745, 0.02799079668741686, 0.027988272685847155, 0.02831306909632167, 0.028434723397990712, 0.0285549391753426, 0.02832607944879636, 0.02800347501499142, 0.027460301198426997, 0.02681840364884072, 0.026203190519756815, 0.02552364346313934, 0.024940794741503684, 0.024553643852497812, 0.024009602077058226, 0.023587486328410737, 0.023053226444370627, 0.02237349941244249, 0.021247392964358097, 0.01948489409103017, 0.01759577829009665, 0.015969918059865678, 0.014849832783247986, 0.014164911869984548, 0.013546042864334782, 0.01328357500957488, 0.012905521640083246, 0.012806686101790404, 0.01256569256360443, 0.01270015008783326, 0.013333718053885597, 0.014364706842779438, 0.015230812921928084, 0.016214173123414017, 0.017422309714956504, 0.01848297873673576, 0.019690103784110968, 0.02062988015396428, 0.021304326954883004, 0.021542023987470748, 0.021445001132587415, 0.02128479356968176, 0.021154257299581803, 0.020548768777841446, 0.020419411659703072, 0.020346908766621045, 0.02018386842926173, 0.020060715556614095, 0.019970155121820186, 0.019905412966441507, 0.019860328269953802, 0.019689549628068632, 0.019110038324468673, 0.018401772510693467, 0.01773443768827515, 0.01691379473734185, 0.0163889904882787, 0.015891976533507178, 0.015695148472402557, 0.015634975895130635, 0.01548249397414641, 0.015250362203767827, 0.01446715870868431, 0.013690714184349355, 0.013111437378948002, 0.01280400987898366, 0.012789088065484542, 0.012885508256999974, 0.012645414791893052, 0.012533763320360268, 0.01300792748125149, 0.014045480441271196, 0.015593406388961941, 0.017496649938682926, 0.01947963017829757, 0.021814960986639112, 0.0244888991790445, 0.027455202671237973, 0.030462142682767764, 0.03347516022004274, 0.03632355277573078, 0.03911728575744543, 0.041489125175428104, 0.043617926344794986, 0.04507509866910146, 0.045973158335007626, 0.046666313335408376, 0.047747911364257295, 0.04910015737076979, 0.051170936172887156, 0.05323921785426519, 0.05484930583024696, 0.05598397968583077, 0.056516639752925084, 0.05678375349578094, 0.05655312215346535, 0.05709318659280136, 0.05753330561326649, 0.05822424761198231, 0.05856641837777238, 0.058663546697002605, 0.05829520111627496, 0.058019458378357286, 0.05786276302771312, 0.057678835712609886, 0.05721489013034267, 0.05620972754199197, 0.05488023496470325, 0.05291870088860013, 0.05085359195424363, 0.04836971777146554, 0.045888993393773454, 0.04332790860019442, 0.040721243397433354, 0.03815348906679705, 0.03609755066086763, 0.03431153121207709, 0.03269994312791247, 0.03113246913067769, 0.029533434333839276, 0.02779284963423818, 0.02581340528028532, 0.023636664296078556, 0.021032966406022018, 0.018298152858289164, 0.015471223173718233, 0.012975006021594128, 0.011476514573927241, 0.011190786613452559, 0.012013514795745658, 0.013192708648177051, 0.0146026096239084, 0.016627808096549106, 0.019288816219412905, 0.022115031993867204, 0.024956066779425322, 0.027947127033299147, 0.030317719296220055, 0.03213024736687776, 0.033908117916643665, 0.035613155393420214, 0.03695858371541455, 0.0370883147011733, 0.035844860180821725, 0.03331269225961453, 0.030127822662769057, 0.026675716455458534, 0.02305094507263966, 0.019294584365168215, 0.016588874620184203, 0.013459760460278334, 0.010513659470637583, 0.008184205378854309, 0.005908681970234855, 0.003908372487361734, 0.002250880846271649, 0.001837561814419065, 0.003902446460586522, 0.00649131804032715, 0.008842266053540701, 0.011337576744963709, 0.013847821453172829, 0.016241515374979285, 0.018506880743639053, 0.020753891025054552, 0.022854281545735794, 0.025177910908837288, 0.027764777035113285, 0.0302577363231247, 0.032552204835272186, 0.033962244268502154, 0.03530995724171245, 0.036795414568091225, 0.03840706162943578, 0.039993850675796264, 0.04133645030179679, 0.04211247094820217, 0.04239213751353172, 0.042192499106345205, 0.04200269786908514, 0.041897190162155235, 0.041830932940717325, 0.04166737666619139, 0.04206882264734189, 0.0426127097658282, 0.042895687146734904, 0.04300135533202284, 0.04249799814293581, 0.041897582995049115, 0.04072077112408416, 0.03927976254850985, 0.037331499513228325, 0.035889992777759706, 0.03456359233645024, 0.033243529781910974, 0.03199033675126687, 0.03059935779738079, 0.029272240636492235, 0.027900707354997015, 0.02654938414970694, 0.02543173352052397, 0.024311103096379235, 0.023065212419431085, 0.021685454855791198, 0.02041159885695607, 0.019056064221564174, 0.017656707279948437, 0.01626614648165674, 0.015012383850973622, 0.013603567963072178, 0.012189757837366814, 0.010674529938407772, 0.009407142987148039, 0.008344525906195775, 0.007439054007672372, 0.0072034584519923735, 0.007775010970036668, 0.009047582903156274, 0.010731538882415681, 0.01253460028234948, 0.014333543563369548, 0.016070624592636203, 0.017817726146123574, 0.019557256660804743, 0.02116824086555951, 0.022529303997840977, 0.023628588936546305, 0.02391411988476377, 0.02359656311707365, 0.022355277074164143, 0.020961866673625245, 0.018393580144489934, 0.015660552711922182, 0.013874328661167971, 0.01254026736778108, 0.011812131260623127, 0.010800298354986543, 0.00961805971638548, 0.008471507575266851, 0.007656757785702683, 0.006719580941926242, 0.0056999472982024405, 0.005125787188458596, 0.00504686530895439, 0.005697178935649704, 0.006245540782853768, 0.0070976650798796875, 0.007900543705723831, 0.008755370167568399, 0.009807746909975117, 0.011209592216881203, 0.01276960312030194, 0.014467251258771754, 0.015865855510978952, 0.01751794577394112, 0.01978728846519214, 0.022540086452385207, 0.024859037758439572, 0.02589623397823137, 0.02611181133516041, 0.026565850619759173, 0.0272557734372972, 0.02776644526036269, 0.02799937699621002, 0.02818388188652303, 0.02806005928616626, 0.028083982827741123, 0.02781538632605852, 0.027763976455106594, 0.028120518002563644, 0.028688559534023904, 0.029389365084960088, 0.030059907204608147, 0.03052096911154336, 0.031053468449087778, 0.03142000488428638, 0.03173833045042581, 0.031892653890475096, 0.03198060527161537, 0.031944507243272385, 0.03180892531117334, 0.03180195743523648, 0.03175983113429147, 0.03185651864929952, 0.032146459060636644, 0.032526908876218445, 0.033087790299913135, 0.03370146462957083, 0.0342847740780508, 0.0344768243549477, 0.03441738754137779, 0.034008301029805295]",0.032552204835272186,0.0760149766513647,0.004418550179619854,0.03225092950517394,0.0,0.0,0.07393781642733499,0.0760149766513647,0.004418550179619854,0.03225092950517394,7.032,1717635307.7477288,2024-06-06_10-55-07
0.5059,0.06168000000000001,0.4307232956153045,0.4297773258803036,0.057058996711615614,0.397076893662612,0.5059,0.06168000000000001,0.504773820055688,0.4297773258803036,0.057058996711615614,0.397076893662612,0.033962244268502154,"[0.011315756658919754, 0.012192407496521018, 0.01288995615295488, 0.01359963525141729, 0.014321891165186378, 0.015181047888625853, 0.01592941522152252, 0.01673874496494045, 0.01751440457689525, 0.01835087734908702, 0.019202544572813795, 0.020070622325609303, 0.02095627718778323, 0.02186061264947246, 0.022737260153569413, 0.023681097053535004, 0.024646250751560458, 0.025633386418693636, 0.02659237614956749, 0.027623542314219474, 0.0286250346734827, 0.029647102596467904, 0.03056454213255984, 0.031680305841655834, 0.03263530150735364, 0.033606764937046466, 0.034593095597664145, 0.03536350794006898, 0.035930760474075646, 0.03631257033147624, 0.03661317474198803, 0.03688385713543919, 0.03738127616234113, 0.037934719347479336, 0.03858163380471939, 0.03921882339006296, 0.03999131852533767, 0.04074980907886149, 0.04127472956039594, 0.04151563832077664, 0.04151964454301027, 0.04123464219442919, 0.04096829512038153, 0.04056460486818273, 0.04028281736824196, 0.04000166841569801, 0.03919762289117317, 0.037812479337396496, 0.03622310391275238, 0.03453579653228067, 0.0330206041779641, 0.031565009966306234, 0.03054064037737075, 0.029904305612678588, 0.029394155816597912, 0.028896840658953926, 0.02825322628704274, 0.027685220830545497, 0.02666364029859006, 0.025486033827772144, 0.02414387260068274, 0.023028867611909868, 0.022681878550084772, 0.02299235797660897, 0.02387546679328945, 0.024738332374206702, 0.025547718436096926, 0.026640938816603423, 0.02759836215880636, 0.028240938725365098, 0.028199955208514017, 0.028168175430310402, 0.02767018559717724, 0.027414861073674215, 0.027239233260695786, 0.0274939869379551, 0.027874761581110984, 0.02868161073982207, 0.029514734605865275, 0.030345172291974937, 0.031248268714928727, 0.032298002681611045, 0.033509628354587276, 0.0348066615601669, 0.03569061118903811, 0.03631377821401384, 0.03654105211474412, 0.03646788532881584, 0.03572808397059345, 0.03427781350345514, 0.03309813106562172, 0.031639416134799855, 0.02970329439236902, 0.027599049067936567, 0.02603054913364457, 0.024090316372098155, 0.02220132238001286, 0.02051452966091278, 0.019044426362309692, 0.017805605247084858, 0.01643252777018217, 0.01523003850809785, 0.01424180324883461, 0.013706552220618947, 0.0130880570946912, 0.012988920737072255, 0.013178248200839212, 0.013386796436950147, 0.01359897371732897, 0.01439195864266014, 0.015495810506657983, 0.016686507754200334, 0.01807173050136072, 0.019341411872889052, 0.020370802976522343, 0.0213787239197115, 0.02262888584538598, 0.02401686851684336, 0.025523335513576738, 0.026670410326906566, 0.02758824337325398, 0.02810647098585074, 0.028219175888028712, 0.02804128716256827, 0.027840212128430745, 0.02799079668741686, 0.027988272685847155, 0.02831306909632167, 0.028434723397990712, 0.0285549391753426, 0.02832607944879636, 0.02800347501499142, 0.027460301198426997, 0.02681840364884072, 0.026203190519756815, 0.02552364346313934, 0.024940794741503684, 0.024553643852497812, 0.024009602077058226, 0.023587486328410737, 0.023053226444370627, 0.02237349941244249, 0.021247392964358097, 0.01948489409103017, 0.01759577829009665, 0.015969918059865678, 0.014849832783247986, 0.014164911869984548, 0.013546042864334782, 0.01328357500957488, 0.012905521640083246, 0.012806686101790404, 0.01256569256360443, 0.01270015008783326, 0.013333718053885597, 0.014364706842779438, 0.015230812921928084, 0.016214173123414017, 0.017422309714956504, 0.01848297873673576, 0.019690103784110968, 0.02062988015396428, 0.021304326954883004, 0.021542023987470748, 0.021445001132587415, 0.02128479356968176, 0.021154257299581803, 0.020548768777841446, 0.020419411659703072, 0.020346908766621045, 0.02018386842926173, 0.020060715556614095, 0.019970155121820186, 0.019905412966441507, 0.019860328269953802, 0.019689549628068632, 0.019110038324468673, 0.018401772510693467, 0.01773443768827515, 0.01691379473734185, 0.0163889904882787, 0.015891976533507178, 0.015695148472402557, 0.015634975895130635, 0.01548249397414641, 0.015250362203767827, 0.01446715870868431, 0.013690714184349355, 0.013111437378948002, 0.01280400987898366, 0.012789088065484542, 0.012885508256999974, 0.012645414791893052, 0.012533763320360268, 0.01300792748125149, 0.014045480441271196, 0.015593406388961941, 0.017496649938682926, 0.01947963017829757, 0.021814960986639112, 0.0244888991790445, 0.027455202671237973, 0.030462142682767764, 0.03347516022004274, 0.03632355277573078, 0.03911728575744543, 0.041489125175428104, 0.043617926344794986, 0.04507509866910146, 0.045973158335007626, 0.046666313335408376, 0.047747911364257295, 0.04910015737076979, 0.051170936172887156, 0.05323921785426519, 0.05484930583024696, 0.05598397968583077, 0.056516639752925084, 0.05678375349578094, 0.05655312215346535, 0.05709318659280136, 0.05753330561326649, 0.05822424761198231, 0.05856641837777238, 0.058663546697002605, 0.05829520111627496, 0.058019458378357286, 0.05786276302771312, 0.057678835712609886, 0.05721489013034267, 0.05620972754199197, 0.05488023496470325, 0.05291870088860013, 0.05085359195424363, 0.04836971777146554, 0.045888993393773454, 0.04332790860019442, 0.040721243397433354, 0.03815348906679705, 0.03609755066086763, 0.03431153121207709, 0.03269994312791247, 0.03113246913067769, 0.029533434333839276, 0.02779284963423818, 0.02581340528028532, 0.023636664296078556, 0.021032966406022018, 0.018298152858289164, 0.015471223173718233, 0.012975006021594128, 0.011476514573927241, 0.011190786613452559, 0.012013514795745658, 0.013192708648177051, 0.0146026096239084, 0.016627808096549106, 0.019288816219412905, 0.022115031993867204, 0.024956066779425322, 0.027947127033299147, 0.030317719296220055, 0.03213024736687776, 0.033908117916643665, 0.035613155393420214, 0.03695858371541455, 0.0370883147011733, 0.035844860180821725, 0.03331269225961453, 0.030127822662769057, 0.026675716455458534, 0.02305094507263966, 0.019294584365168215, 0.016588874620184203, 0.013459760460278334, 0.010513659470637583, 0.008184205378854309, 0.005908681970234855, 0.003908372487361734, 0.002250880846271649, 0.001837561814419065, 0.003902446460586522, 0.00649131804032715, 0.008842266053540701, 0.011337576744963709, 0.013847821453172829, 0.016241515374979285, 0.018506880743639053, 0.020753891025054552, 0.022854281545735794, 0.025177910908837288, 0.027764777035113285, 0.0302577363231247, 0.032552204835272186, 0.033962244268502154, 0.03530995724171245, 0.036795414568091225, 0.03840706162943578, 0.039993850675796264, 0.04133645030179679, 0.04211247094820217, 0.04239213751353172, 0.042192499106345205, 0.04200269786908514, 0.041897190162155235, 0.041830932940717325, 0.04166737666619139, 0.04206882264734189, 0.0426127097658282, 0.042895687146734904, 0.04300135533202284, 0.04249799814293581, 0.041897582995049115, 0.04072077112408416, 0.03927976254850985, 0.037331499513228325, 0.035889992777759706, 0.03456359233645024, 0.033243529781910974, 0.03199033675126687, 0.03059935779738079, 0.029272240636492235, 0.027900707354997015, 0.02654938414970694, 0.02543173352052397, 0.024311103096379235, 0.023065212419431085, 0.021685454855791198, 0.02041159885695607, 0.019056064221564174, 0.017656707279948437, 0.01626614648165674, 0.015012383850973622, 0.013603567963072178, 0.012189757837366814, 0.010674529938407772, 0.009407142987148039, 0.008344525906195775, 0.007439054007672372, 0.0072034584519923735, 0.007775010970036668, 0.009047582903156274, 0.010731538882415681, 0.01253460028234948, 0.014333543563369548, 0.016070624592636203, 0.017817726146123574, 0.019557256660804743, 0.02116824086555951, 0.022529303997840977, 0.023628588936546305, 0.02391411988476377, 0.02359656311707365, 0.022355277074164143, 0.020961866673625245, 0.018393580144489934, 0.015660552711922182, 0.013874328661167971, 0.01254026736778108, 0.011812131260623127, 0.010800298354986543, 0.00961805971638548, 0.008471507575266851, 0.007656757785702683, 0.006719580941926242, 0.0056999472982024405, 0.005125787188458596, 0.00504686530895439, 0.005697178935649704, 0.006245540782853768, 0.0070976650798796875, 0.007900543705723831, 0.008755370167568399, 0.009807746909975117, 0.011209592216881203, 0.01276960312030194, 0.014467251258771754, 0.015865855510978952, 0.01751794577394112, 0.01978728846519214, 0.022540086452385207, 0.024859037758439572, 0.02589623397823137, 0.02611181133516041, 0.026565850619759173, 0.0272557734372972, 0.02776644526036269, 0.02799937699621002, 0.02818388188652303, 0.02806005928616626, 0.028083982827741123, 0.02781538632605852, 0.027763976455106594, 0.028120518002563644, 0.028688559534023904, 0.029389365084960088, 0.030059907204608147, 0.03052096911154336, 0.031053468449087778, 0.03142000488428638, 0.03173833045042581, 0.031892653890475096, 0.03198060527161537, 0.031944507243272385, 0.03180892531117334, 0.03180195743523648, 0.03175983113429147, 0.03185651864929952, 0.032146459060636644, 0.032526908876218445, 0.033087790299913135, 0.03370146462957083, 0.0342847740780508, 0.0344768243549477, 0.03441738754137779, 0.034008301029805295]",0.033962244268502154,0.07612267411969642,0.004621003288384398,0.03364640195269247,0.0,0.0,0.07405052444038357,0.07612267411969642,0.004621003288384398,0.03364640195269247,7.056,1717635307.7710223,2024-06-06_10-55-07
0.5059,0.06239999999999998,0.4322425866826217,0.42970402585050493,0.057670983636543514,0.3972507378511335,0.5059,0.06239999999999998,0.5064058191360539,0.42970402585050493,0.057670983636543514,0.3972507378511335,0.03530995724171245,"[0.011315756658919754, 0.012192407496521018, 0.01288995615295488, 0.01359963525141729, 0.014321891165186378, 0.015181047888625853, 0.01592941522152252, 0.01673874496494045, 0.01751440457689525, 0.01835087734908702, 0.019202544572813795, 0.020070622325609303, 0.02095627718778323, 0.02186061264947246, 0.022737260153569413, 0.023681097053535004, 0.024646250751560458, 0.025633386418693636, 0.02659237614956749, 0.027623542314219474, 0.0286250346734827, 0.029647102596467904, 0.03056454213255984, 0.031680305841655834, 0.03263530150735364, 0.033606764937046466, 0.034593095597664145, 0.03536350794006898, 0.035930760474075646, 0.03631257033147624, 0.03661317474198803, 0.03688385713543919, 0.03738127616234113, 0.037934719347479336, 0.03858163380471939, 0.03921882339006296, 0.03999131852533767, 0.04074980907886149, 0.04127472956039594, 0.04151563832077664, 0.04151964454301027, 0.04123464219442919, 0.04096829512038153, 0.04056460486818273, 0.04028281736824196, 0.04000166841569801, 0.03919762289117317, 0.037812479337396496, 0.03622310391275238, 0.03453579653228067, 0.0330206041779641, 0.031565009966306234, 0.03054064037737075, 0.029904305612678588, 0.029394155816597912, 0.028896840658953926, 0.02825322628704274, 0.027685220830545497, 0.02666364029859006, 0.025486033827772144, 0.02414387260068274, 0.023028867611909868, 0.022681878550084772, 0.02299235797660897, 0.02387546679328945, 0.024738332374206702, 0.025547718436096926, 0.026640938816603423, 0.02759836215880636, 0.028240938725365098, 0.028199955208514017, 0.028168175430310402, 0.02767018559717724, 0.027414861073674215, 0.027239233260695786, 0.0274939869379551, 0.027874761581110984, 0.02868161073982207, 0.029514734605865275, 0.030345172291974937, 0.031248268714928727, 0.032298002681611045, 0.033509628354587276, 0.0348066615601669, 0.03569061118903811, 0.03631377821401384, 0.03654105211474412, 0.03646788532881584, 0.03572808397059345, 0.03427781350345514, 0.03309813106562172, 0.031639416134799855, 0.02970329439236902, 0.027599049067936567, 0.02603054913364457, 0.024090316372098155, 0.02220132238001286, 0.02051452966091278, 0.019044426362309692, 0.017805605247084858, 0.01643252777018217, 0.01523003850809785, 0.01424180324883461, 0.013706552220618947, 0.0130880570946912, 0.012988920737072255, 0.013178248200839212, 0.013386796436950147, 0.01359897371732897, 0.01439195864266014, 0.015495810506657983, 0.016686507754200334, 0.01807173050136072, 0.019341411872889052, 0.020370802976522343, 0.0213787239197115, 0.02262888584538598, 0.02401686851684336, 0.025523335513576738, 0.026670410326906566, 0.02758824337325398, 0.02810647098585074, 0.028219175888028712, 0.02804128716256827, 0.027840212128430745, 0.02799079668741686, 0.027988272685847155, 0.02831306909632167, 0.028434723397990712, 0.0285549391753426, 0.02832607944879636, 0.02800347501499142, 0.027460301198426997, 0.02681840364884072, 0.026203190519756815, 0.02552364346313934, 0.024940794741503684, 0.024553643852497812, 0.024009602077058226, 0.023587486328410737, 0.023053226444370627, 0.02237349941244249, 0.021247392964358097, 0.01948489409103017, 0.01759577829009665, 0.015969918059865678, 0.014849832783247986, 0.014164911869984548, 0.013546042864334782, 0.01328357500957488, 0.012905521640083246, 0.012806686101790404, 0.01256569256360443, 0.01270015008783326, 0.013333718053885597, 0.014364706842779438, 0.015230812921928084, 0.016214173123414017, 0.017422309714956504, 0.01848297873673576, 0.019690103784110968, 0.02062988015396428, 0.021304326954883004, 0.021542023987470748, 0.021445001132587415, 0.02128479356968176, 0.021154257299581803, 0.020548768777841446, 0.020419411659703072, 0.020346908766621045, 0.02018386842926173, 0.020060715556614095, 0.019970155121820186, 0.019905412966441507, 0.019860328269953802, 0.019689549628068632, 0.019110038324468673, 0.018401772510693467, 0.01773443768827515, 0.01691379473734185, 0.0163889904882787, 0.015891976533507178, 0.015695148472402557, 0.015634975895130635, 0.01548249397414641, 0.015250362203767827, 0.01446715870868431, 0.013690714184349355, 0.013111437378948002, 0.01280400987898366, 0.012789088065484542, 0.012885508256999974, 0.012645414791893052, 0.012533763320360268, 0.01300792748125149, 0.014045480441271196, 0.015593406388961941, 0.017496649938682926, 0.01947963017829757, 0.021814960986639112, 0.0244888991790445, 0.027455202671237973, 0.030462142682767764, 0.03347516022004274, 0.03632355277573078, 0.03911728575744543, 0.041489125175428104, 0.043617926344794986, 0.04507509866910146, 0.045973158335007626, 0.046666313335408376, 0.047747911364257295, 0.04910015737076979, 0.051170936172887156, 0.05323921785426519, 0.05484930583024696, 0.05598397968583077, 0.056516639752925084, 0.05678375349578094, 0.05655312215346535, 0.05709318659280136, 0.05753330561326649, 0.05822424761198231, 0.05856641837777238, 0.058663546697002605, 0.05829520111627496, 0.058019458378357286, 0.05786276302771312, 0.057678835712609886, 0.05721489013034267, 0.05620972754199197, 0.05488023496470325, 0.05291870088860013, 0.05085359195424363, 0.04836971777146554, 0.045888993393773454, 0.04332790860019442, 0.040721243397433354, 0.03815348906679705, 0.03609755066086763, 0.03431153121207709, 0.03269994312791247, 0.03113246913067769, 0.029533434333839276, 0.02779284963423818, 0.02581340528028532, 0.023636664296078556, 0.021032966406022018, 0.018298152858289164, 0.015471223173718233, 0.012975006021594128, 0.011476514573927241, 0.011190786613452559, 0.012013514795745658, 0.013192708648177051, 0.0146026096239084, 0.016627808096549106, 0.019288816219412905, 0.022115031993867204, 0.024956066779425322, 0.027947127033299147, 0.030317719296220055, 0.03213024736687776, 0.033908117916643665, 0.035613155393420214, 0.03695858371541455, 0.0370883147011733, 0.035844860180821725, 0.03331269225961453, 0.030127822662769057, 0.026675716455458534, 0.02305094507263966, 0.019294584365168215, 0.016588874620184203, 0.013459760460278334, 0.010513659470637583, 0.008184205378854309, 0.005908681970234855, 0.003908372487361734, 0.002250880846271649, 0.001837561814419065, 0.003902446460586522, 0.00649131804032715, 0.008842266053540701, 0.011337576744963709, 0.013847821453172829, 0.016241515374979285, 0.018506880743639053, 0.020753891025054552, 0.022854281545735794, 0.025177910908837288, 0.027764777035113285, 0.0302577363231247, 0.032552204835272186, 0.033962244268502154, 0.03530995724171245, 0.036795414568091225, 0.03840706162943578, 0.039993850675796264, 0.04133645030179679, 0.04211247094820217, 0.04239213751353172, 0.042192499106345205, 0.04200269786908514, 0.041897190162155235, 0.041830932940717325, 0.04166737666619139, 0.04206882264734189, 0.0426127097658282, 0.042895687146734904, 0.04300135533202284, 0.04249799814293581, 0.041897582995049115, 0.04072077112408416, 0.03927976254850985, 0.037331499513228325, 0.035889992777759706, 0.03456359233645024, 0.033243529781910974, 0.03199033675126687, 0.03059935779738079, 0.029272240636492235, 0.027900707354997015, 0.02654938414970694, 0.02543173352052397, 0.024311103096379235, 0.023065212419431085, 0.021685454855791198, 0.02041159885695607, 0.019056064221564174, 0.017656707279948437, 0.01626614648165674, 0.015012383850973622, 0.013603567963072178, 0.012189757837366814, 0.010674529938407772, 0.009407142987148039, 0.008344525906195775, 0.007439054007672372, 0.0072034584519923735, 0.007775010970036668, 0.009047582903156274, 0.010731538882415681, 0.01253460028234948, 0.014333543563369548, 0.016070624592636203, 0.017817726146123574, 0.019557256660804743, 0.02116824086555951, 0.022529303997840977, 0.023628588936546305, 0.02391411988476377, 0.02359656311707365, 0.022355277074164143, 0.020961866673625245, 0.018393580144489934, 0.015660552711922182, 0.013874328661167971, 0.01254026736778108, 0.011812131260623127, 0.010800298354986543, 0.00961805971638548, 0.008471507575266851, 0.007656757785702683, 0.006719580941926242, 0.0056999472982024405, 0.005125787188458596, 0.00504686530895439, 0.005697178935649704, 0.006245540782853768, 0.0070976650798796875, 0.007900543705723831, 0.008755370167568399, 0.009807746909975117, 0.011209592216881203, 0.01276960312030194, 0.014467251258771754, 0.015865855510978952, 0.01751794577394112, 0.01978728846519214, 0.022540086452385207, 0.024859037758439572, 0.02589623397823137, 0.02611181133516041, 0.026565850619759173, 0.0272557734372972, 0.02776644526036269, 0.02799937699621002, 0.02818388188652303, 0.02806005928616626, 0.028083982827741123, 0.02781538632605852, 0.027763976455106594, 0.028120518002563644, 0.028688559534023904, 0.029389365084960088, 0.030059907204608147, 0.03052096911154336, 0.031053468449087778, 0.03142000488428638, 0.03173833045042581, 0.031892653890475096, 0.03198060527161537, 0.031944507243272385, 0.03180892531117334, 0.03180195743523648, 0.03175983113429147, 0.03185651864929952, 0.032146459060636644, 0.032526908876218445, 0.033087790299913135, 0.03370146462957083, 0.0342847740780508, 0.0344768243549477, 0.03441738754137779, 0.034008301029805295]",0.03530995724171245,0.07619597414949508,0.004729016363456469,0.034991848831488204,0.0,0.0,0.07416323245343215,0.07619597414949508,0.004729016363456469,0.034991848831488204,7.08,1717635307.7951531,2024-06-06_10-55-07
0.5059,0.06312000000000001,0.4337877557279607,0.42935633438464593,0.05838405565516659,0.39729839612272316,0.5059,0.06312000000000001,0.5079214797916844,0.42935633438464593,0.05838405565516659,0.39729839612272316,0.036795414568091225,"[0.011315756658919754, 0.012192407496521018, 0.01288995615295488, 0.01359963525141729, 0.014321891165186378, 0.015181047888625853, 0.01592941522152252, 0.01673874496494045, 0.01751440457689525, 0.01835087734908702, 0.019202544572813795, 0.020070622325609303, 0.02095627718778323, 0.02186061264947246, 0.022737260153569413, 0.023681097053535004, 0.024646250751560458, 0.025633386418693636, 0.02659237614956749, 0.027623542314219474, 0.0286250346734827, 0.029647102596467904, 0.03056454213255984, 0.031680305841655834, 0.03263530150735364, 0.033606764937046466, 0.034593095597664145, 0.03536350794006898, 0.035930760474075646, 0.03631257033147624, 0.03661317474198803, 0.03688385713543919, 0.03738127616234113, 0.037934719347479336, 0.03858163380471939, 0.03921882339006296, 0.03999131852533767, 0.04074980907886149, 0.04127472956039594, 0.04151563832077664, 0.04151964454301027, 0.04123464219442919, 0.04096829512038153, 0.04056460486818273, 0.04028281736824196, 0.04000166841569801, 0.03919762289117317, 0.037812479337396496, 0.03622310391275238, 0.03453579653228067, 0.0330206041779641, 0.031565009966306234, 0.03054064037737075, 0.029904305612678588, 0.029394155816597912, 0.028896840658953926, 0.02825322628704274, 0.027685220830545497, 0.02666364029859006, 0.025486033827772144, 0.02414387260068274, 0.023028867611909868, 0.022681878550084772, 0.02299235797660897, 0.02387546679328945, 0.024738332374206702, 0.025547718436096926, 0.026640938816603423, 0.02759836215880636, 0.028240938725365098, 0.028199955208514017, 0.028168175430310402, 0.02767018559717724, 0.027414861073674215, 0.027239233260695786, 0.0274939869379551, 0.027874761581110984, 0.02868161073982207, 0.029514734605865275, 0.030345172291974937, 0.031248268714928727, 0.032298002681611045, 0.033509628354587276, 0.0348066615601669, 0.03569061118903811, 0.03631377821401384, 0.03654105211474412, 0.03646788532881584, 0.03572808397059345, 0.03427781350345514, 0.03309813106562172, 0.031639416134799855, 0.02970329439236902, 0.027599049067936567, 0.02603054913364457, 0.024090316372098155, 0.02220132238001286, 0.02051452966091278, 0.019044426362309692, 0.017805605247084858, 0.01643252777018217, 0.01523003850809785, 0.01424180324883461, 0.013706552220618947, 0.0130880570946912, 0.012988920737072255, 0.013178248200839212, 0.013386796436950147, 0.01359897371732897, 0.01439195864266014, 0.015495810506657983, 0.016686507754200334, 0.01807173050136072, 0.019341411872889052, 0.020370802976522343, 0.0213787239197115, 0.02262888584538598, 0.02401686851684336, 0.025523335513576738, 0.026670410326906566, 0.02758824337325398, 0.02810647098585074, 0.028219175888028712, 0.02804128716256827, 0.027840212128430745, 0.02799079668741686, 0.027988272685847155, 0.02831306909632167, 0.028434723397990712, 0.0285549391753426, 0.02832607944879636, 0.02800347501499142, 0.027460301198426997, 0.02681840364884072, 0.026203190519756815, 0.02552364346313934, 0.024940794741503684, 0.024553643852497812, 0.024009602077058226, 0.023587486328410737, 0.023053226444370627, 0.02237349941244249, 0.021247392964358097, 0.01948489409103017, 0.01759577829009665, 0.015969918059865678, 0.014849832783247986, 0.014164911869984548, 0.013546042864334782, 0.01328357500957488, 0.012905521640083246, 0.012806686101790404, 0.01256569256360443, 0.01270015008783326, 0.013333718053885597, 0.014364706842779438, 0.015230812921928084, 0.016214173123414017, 0.017422309714956504, 0.01848297873673576, 0.019690103784110968, 0.02062988015396428, 0.021304326954883004, 0.021542023987470748, 0.021445001132587415, 0.02128479356968176, 0.021154257299581803, 0.020548768777841446, 0.020419411659703072, 0.020346908766621045, 0.02018386842926173, 0.020060715556614095, 0.019970155121820186, 0.019905412966441507, 0.019860328269953802, 0.019689549628068632, 0.019110038324468673, 0.018401772510693467, 0.01773443768827515, 0.01691379473734185, 0.0163889904882787, 0.015891976533507178, 0.015695148472402557, 0.015634975895130635, 0.01548249397414641, 0.015250362203767827, 0.01446715870868431, 0.013690714184349355, 0.013111437378948002, 0.01280400987898366, 0.012789088065484542, 0.012885508256999974, 0.012645414791893052, 0.012533763320360268, 0.01300792748125149, 0.014045480441271196, 0.015593406388961941, 0.017496649938682926, 0.01947963017829757, 0.021814960986639112, 0.0244888991790445, 0.027455202671237973, 0.030462142682767764, 0.03347516022004274, 0.03632355277573078, 0.03911728575744543, 0.041489125175428104, 0.043617926344794986, 0.04507509866910146, 0.045973158335007626, 0.046666313335408376, 0.047747911364257295, 0.04910015737076979, 0.051170936172887156, 0.05323921785426519, 0.05484930583024696, 0.05598397968583077, 0.056516639752925084, 0.05678375349578094, 0.05655312215346535, 0.05709318659280136, 0.05753330561326649, 0.05822424761198231, 0.05856641837777238, 0.058663546697002605, 0.05829520111627496, 0.058019458378357286, 0.05786276302771312, 0.057678835712609886, 0.05721489013034267, 0.05620972754199197, 0.05488023496470325, 0.05291870088860013, 0.05085359195424363, 0.04836971777146554, 0.045888993393773454, 0.04332790860019442, 0.040721243397433354, 0.03815348906679705, 0.03609755066086763, 0.03431153121207709, 0.03269994312791247, 0.03113246913067769, 0.029533434333839276, 0.02779284963423818, 0.02581340528028532, 0.023636664296078556, 0.021032966406022018, 0.018298152858289164, 0.015471223173718233, 0.012975006021594128, 0.011476514573927241, 0.011190786613452559, 0.012013514795745658, 0.013192708648177051, 0.0146026096239084, 0.016627808096549106, 0.019288816219412905, 0.022115031993867204, 0.024956066779425322, 0.027947127033299147, 0.030317719296220055, 0.03213024736687776, 0.033908117916643665, 0.035613155393420214, 0.03695858371541455, 0.0370883147011733, 0.035844860180821725, 0.03331269225961453, 0.030127822662769057, 0.026675716455458534, 0.02305094507263966, 0.019294584365168215, 0.016588874620184203, 0.013459760460278334, 0.010513659470637583, 0.008184205378854309, 0.005908681970234855, 0.003908372487361734, 0.002250880846271649, 0.001837561814419065, 0.003902446460586522, 0.00649131804032715, 0.008842266053540701, 0.011337576744963709, 0.013847821453172829, 0.016241515374979285, 0.018506880743639053, 0.020753891025054552, 0.022854281545735794, 0.025177910908837288, 0.027764777035113285, 0.0302577363231247, 0.032552204835272186, 0.033962244268502154, 0.03530995724171245, 0.036795414568091225, 0.03840706162943578, 0.039993850675796264, 0.04133645030179679, 0.04211247094820217, 0.04239213751353172, 0.042192499106345205, 0.04200269786908514, 0.041897190162155235, 0.041830932940717325, 0.04166737666619139, 0.04206882264734189, 0.0426127097658282, 0.042895687146734904, 0.04300135533202284, 0.04249799814293581, 0.041897582995049115, 0.04072077112408416, 0.03927976254850985, 0.037331499513228325, 0.035889992777759706, 0.03456359233645024, 0.033243529781910974, 0.03199033675126687, 0.03059935779738079, 0.029272240636492235, 0.027900707354997015, 0.02654938414970694, 0.02543173352052397, 0.024311103096379235, 0.023065212419431085, 0.021685454855791198, 0.02041159885695607, 0.019056064221564174, 0.017656707279948437, 0.01626614648165674, 0.015012383850973622, 0.013603567963072178, 0.012189757837366814, 0.010674529938407772, 0.009407142987148039, 0.008344525906195775, 0.007439054007672372, 0.0072034584519923735, 0.007775010970036668, 0.009047582903156274, 0.010731538882415681, 0.01253460028234948, 0.014333543563369548, 0.016070624592636203, 0.017817726146123574, 0.019557256660804743, 0.02116824086555951, 0.022529303997840977, 0.023628588936546305, 0.02391411988476377, 0.02359656311707365, 0.022355277074164143, 0.020961866673625245, 0.018393580144489934, 0.015660552711922182, 0.013874328661167971, 0.01254026736778108, 0.011812131260623127, 0.010800298354986543, 0.00961805971638548, 0.008471507575266851, 0.007656757785702683, 0.006719580941926242, 0.0056999472982024405, 0.005125787188458596, 0.00504686530895439, 0.005697178935649704, 0.006245540782853768, 0.0070976650798796875, 0.007900543705723831, 0.008755370167568399, 0.009807746909975117, 0.011209592216881203, 0.01276960312030194, 0.014467251258771754, 0.015865855510978952, 0.01751794577394112, 0.01978728846519214, 0.022540086452385207, 0.024859037758439572, 0.02589623397823137, 0.02611181133516041, 0.026565850619759173, 0.0272557734372972, 0.02776644526036269, 0.02799937699621002, 0.02818388188652303, 0.02806005928616626, 0.028083982827741123, 0.02781538632605852, 0.027763976455106594, 0.028120518002563644, 0.028688559534023904, 0.029389365084960088, 0.030059907204608147, 0.03052096911154336, 0.031053468449087778, 0.03142000488428638, 0.03173833045042581, 0.031892653890475096, 0.03198060527161537, 0.031944507243272385, 0.03180892531117334, 0.03180195743523648, 0.03175983113429147, 0.03185651864929952, 0.032146459060636644, 0.032526908876218445, 0.033087790299913135, 0.03370146462957083, 0.0342847740780508, 0.0344768243549477, 0.03441738754137779, 0.034008301029805295]",0.036795414568091225,0.07654366561535408,0.004735944344833418,0.036489359605237526,0.0,0.0,0.07413372406372376,0.07654366561535408,0.004735944344833418,0.036489359605237526,7.104,1717635307.8188906,2024-06-06_10-55-07
0.5059,0.06384000000000001,0.43534879377516306,0.42840891566973616,0.05994137641885441,0.3971401152167542,0.5059,0.06384000000000001,0.5087419274353933,0.42840891566973616,0.05994137641885441,0.3971401152167542,0.03840706162943578,"[0.011315756658919754, 0.012192407496521018, 0.01288995615295488, 0.01359963525141729, 0.014321891165186378, 0.015181047888625853, 0.01592941522152252, 0.01673874496494045, 0.01751440457689525, 0.01835087734908702, 0.019202544572813795, 0.020070622325609303, 0.02095627718778323, 0.02186061264947246, 0.022737260153569413, 0.023681097053535004, 0.024646250751560458, 0.025633386418693636, 0.02659237614956749, 0.027623542314219474, 0.0286250346734827, 0.029647102596467904, 0.03056454213255984, 0.031680305841655834, 0.03263530150735364, 0.033606764937046466, 0.034593095597664145, 0.03536350794006898, 0.035930760474075646, 0.03631257033147624, 0.03661317474198803, 0.03688385713543919, 0.03738127616234113, 0.037934719347479336, 0.03858163380471939, 0.03921882339006296, 0.03999131852533767, 0.04074980907886149, 0.04127472956039594, 0.04151563832077664, 0.04151964454301027, 0.04123464219442919, 0.04096829512038153, 0.04056460486818273, 0.04028281736824196, 0.04000166841569801, 0.03919762289117317, 0.037812479337396496, 0.03622310391275238, 0.03453579653228067, 0.0330206041779641, 0.031565009966306234, 0.03054064037737075, 0.029904305612678588, 0.029394155816597912, 0.028896840658953926, 0.02825322628704274, 0.027685220830545497, 0.02666364029859006, 0.025486033827772144, 0.02414387260068274, 0.023028867611909868, 0.022681878550084772, 0.02299235797660897, 0.02387546679328945, 0.024738332374206702, 0.025547718436096926, 0.026640938816603423, 0.02759836215880636, 0.028240938725365098, 0.028199955208514017, 0.028168175430310402, 0.02767018559717724, 0.027414861073674215, 0.027239233260695786, 0.0274939869379551, 0.027874761581110984, 0.02868161073982207, 0.029514734605865275, 0.030345172291974937, 0.031248268714928727, 0.032298002681611045, 0.033509628354587276, 0.0348066615601669, 0.03569061118903811, 0.03631377821401384, 0.03654105211474412, 0.03646788532881584, 0.03572808397059345, 0.03427781350345514, 0.03309813106562172, 0.031639416134799855, 0.02970329439236902, 0.027599049067936567, 0.02603054913364457, 0.024090316372098155, 0.02220132238001286, 0.02051452966091278, 0.019044426362309692, 0.017805605247084858, 0.01643252777018217, 0.01523003850809785, 0.01424180324883461, 0.013706552220618947, 0.0130880570946912, 0.012988920737072255, 0.013178248200839212, 0.013386796436950147, 0.01359897371732897, 0.01439195864266014, 0.015495810506657983, 0.016686507754200334, 0.01807173050136072, 0.019341411872889052, 0.020370802976522343, 0.0213787239197115, 0.02262888584538598, 0.02401686851684336, 0.025523335513576738, 0.026670410326906566, 0.02758824337325398, 0.02810647098585074, 0.028219175888028712, 0.02804128716256827, 0.027840212128430745, 0.02799079668741686, 0.027988272685847155, 0.02831306909632167, 0.028434723397990712, 0.0285549391753426, 0.02832607944879636, 0.02800347501499142, 0.027460301198426997, 0.02681840364884072, 0.026203190519756815, 0.02552364346313934, 0.024940794741503684, 0.024553643852497812, 0.024009602077058226, 0.023587486328410737, 0.023053226444370627, 0.02237349941244249, 0.021247392964358097, 0.01948489409103017, 0.01759577829009665, 0.015969918059865678, 0.014849832783247986, 0.014164911869984548, 0.013546042864334782, 0.01328357500957488, 0.012905521640083246, 0.012806686101790404, 0.01256569256360443, 0.01270015008783326, 0.013333718053885597, 0.014364706842779438, 0.015230812921928084, 0.016214173123414017, 0.017422309714956504, 0.01848297873673576, 0.019690103784110968, 0.02062988015396428, 0.021304326954883004, 0.021542023987470748, 0.021445001132587415, 0.02128479356968176, 0.021154257299581803, 0.020548768777841446, 0.020419411659703072, 0.020346908766621045, 0.02018386842926173, 0.020060715556614095, 0.019970155121820186, 0.019905412966441507, 0.019860328269953802, 0.019689549628068632, 0.019110038324468673, 0.018401772510693467, 0.01773443768827515, 0.01691379473734185, 0.0163889904882787, 0.015891976533507178, 0.015695148472402557, 0.015634975895130635, 0.01548249397414641, 0.015250362203767827, 0.01446715870868431, 0.013690714184349355, 0.013111437378948002, 0.01280400987898366, 0.012789088065484542, 0.012885508256999974, 0.012645414791893052, 0.012533763320360268, 0.01300792748125149, 0.014045480441271196, 0.015593406388961941, 0.017496649938682926, 0.01947963017829757, 0.021814960986639112, 0.0244888991790445, 0.027455202671237973, 0.030462142682767764, 0.03347516022004274, 0.03632355277573078, 0.03911728575744543, 0.041489125175428104, 0.043617926344794986, 0.04507509866910146, 0.045973158335007626, 0.046666313335408376, 0.047747911364257295, 0.04910015737076979, 0.051170936172887156, 0.05323921785426519, 0.05484930583024696, 0.05598397968583077, 0.056516639752925084, 0.05678375349578094, 0.05655312215346535, 0.05709318659280136, 0.05753330561326649, 0.05822424761198231, 0.05856641837777238, 0.058663546697002605, 0.05829520111627496, 0.058019458378357286, 0.05786276302771312, 0.057678835712609886, 0.05721489013034267, 0.05620972754199197, 0.05488023496470325, 0.05291870088860013, 0.05085359195424363, 0.04836971777146554, 0.045888993393773454, 0.04332790860019442, 0.040721243397433354, 0.03815348906679705, 0.03609755066086763, 0.03431153121207709, 0.03269994312791247, 0.03113246913067769, 0.029533434333839276, 0.02779284963423818, 0.02581340528028532, 0.023636664296078556, 0.021032966406022018, 0.018298152858289164, 0.015471223173718233, 0.012975006021594128, 0.011476514573927241, 0.011190786613452559, 0.012013514795745658, 0.013192708648177051, 0.0146026096239084, 0.016627808096549106, 0.019288816219412905, 0.022115031993867204, 0.024956066779425322, 0.027947127033299147, 0.030317719296220055, 0.03213024736687776, 0.033908117916643665, 0.035613155393420214, 0.03695858371541455, 0.0370883147011733, 0.035844860180821725, 0.03331269225961453, 0.030127822662769057, 0.026675716455458534, 0.02305094507263966, 0.019294584365168215, 0.016588874620184203, 0.013459760460278334, 0.010513659470637583, 0.008184205378854309, 0.005908681970234855, 0.003908372487361734, 0.002250880846271649, 0.001837561814419065, 0.003902446460586522, 0.00649131804032715, 0.008842266053540701, 0.011337576744963709, 0.013847821453172829, 0.016241515374979285, 0.018506880743639053, 0.020753891025054552, 0.022854281545735794, 0.025177910908837288, 0.027764777035113285, 0.0302577363231247, 0.032552204835272186, 0.033962244268502154, 0.03530995724171245, 0.036795414568091225, 0.03840706162943578, 0.039993850675796264, 0.04133645030179679, 0.04211247094820217, 0.04239213751353172, 0.042192499106345205, 0.04200269786908514, 0.041897190162155235, 0.041830932940717325, 0.04166737666619139, 0.04206882264734189, 0.0426127097658282, 0.042895687146734904, 0.04300135533202284, 0.04249799814293581, 0.041897582995049115, 0.04072077112408416, 0.03927976254850985, 0.037331499513228325, 0.035889992777759706, 0.03456359233645024, 0.033243529781910974, 0.03199033675126687, 0.03059935779738079, 0.029272240636492235, 0.027900707354997015, 0.02654938414970694, 0.02543173352052397, 0.024311103096379235, 0.023065212419431085, 0.021685454855791198, 0.02041159885695607, 0.019056064221564174, 0.017656707279948437, 0.01626614648165674, 0.015012383850973622, 0.013603567963072178, 0.012189757837366814, 0.010674529938407772, 0.009407142987148039, 0.008344525906195775, 0.007439054007672372, 0.0072034584519923735, 0.007775010970036668, 0.009047582903156274, 0.010731538882415681, 0.01253460028234948, 0.014333543563369548, 0.016070624592636203, 0.017817726146123574, 0.019557256660804743, 0.02116824086555951, 0.022529303997840977, 0.023628588936546305, 0.02391411988476377, 0.02359656311707365, 0.022355277074164143, 0.020961866673625245, 0.018393580144489934, 0.015660552711922182, 0.013874328661167971, 0.01254026736778108, 0.011812131260623127, 0.010800298354986543, 0.00961805971638548, 0.008471507575266851, 0.007656757785702683, 0.006719580941926242, 0.0056999472982024405, 0.005125787188458596, 0.00504686530895439, 0.005697178935649704, 0.006245540782853768, 0.0070976650798796875, 0.007900543705723831, 0.008755370167568399, 0.009807746909975117, 0.011209592216881203, 0.01276960312030194, 0.014467251258771754, 0.015865855510978952, 0.01751794577394112, 0.01978728846519214, 0.022540086452385207, 0.024859037758439572, 0.02589623397823137, 0.02611181133516041, 0.026565850619759173, 0.0272557734372972, 0.02776644526036269, 0.02799937699621002, 0.02818388188652303, 0.02806005928616626, 0.028083982827741123, 0.02781538632605852, 0.027763976455106594, 0.028120518002563644, 0.028688559534023904, 0.029389365084960088, 0.030059907204608147, 0.03052096911154336, 0.031053468449087778, 0.03142000488428638, 0.03173833045042581, 0.031892653890475096, 0.03198060527161537, 0.031944507243272385, 0.03180892531117334, 0.03180195743523648, 0.03175983113429147, 0.03185651864929952, 0.032146459060636644, 0.032526908876218445, 0.033087790299913135, 0.03370146462957083, 0.0342847740780508, 0.0344768243549477, 0.03441738754137779, 0.034008301029805295]",0.03840706162943578,0.07749108433026386,0.0038986235811456008,0.03820867855840887,0.0,0.0,0.0733931336602302,0.07749108433026386,0.0038986235811456008,0.03820867855840887,7.128,1717635307.8436306,2024-06-06_10-55-07
0.5059,0.06455999999999998,0.43691568503104167,0.4276386568178965,0.06116597907811869,0.3970661089497366,0.5059,0.06455999999999998,0.5095682282877783,0.4276386568178965,0.06116597907811869,0.3970661089497366,0.039993850675796264,"[0.011315756658919754, 0.012192407496521018, 0.01288995615295488, 0.01359963525141729, 0.014321891165186378, 0.015181047888625853, 0.01592941522152252, 0.01673874496494045, 0.01751440457689525, 0.01835087734908702, 0.019202544572813795, 0.020070622325609303, 0.02095627718778323, 0.02186061264947246, 0.022737260153569413, 0.023681097053535004, 0.024646250751560458, 0.025633386418693636, 0.02659237614956749, 0.027623542314219474, 0.0286250346734827, 0.029647102596467904, 0.03056454213255984, 0.031680305841655834, 0.03263530150735364, 0.033606764937046466, 0.034593095597664145, 0.03536350794006898, 0.035930760474075646, 0.03631257033147624, 0.03661317474198803, 0.03688385713543919, 0.03738127616234113, 0.037934719347479336, 0.03858163380471939, 0.03921882339006296, 0.03999131852533767, 0.04074980907886149, 0.04127472956039594, 0.04151563832077664, 0.04151964454301027, 0.04123464219442919, 0.04096829512038153, 0.04056460486818273, 0.04028281736824196, 0.04000166841569801, 0.03919762289117317, 0.037812479337396496, 0.03622310391275238, 0.03453579653228067, 0.0330206041779641, 0.031565009966306234, 0.03054064037737075, 0.029904305612678588, 0.029394155816597912, 0.028896840658953926, 0.02825322628704274, 0.027685220830545497, 0.02666364029859006, 0.025486033827772144, 0.02414387260068274, 0.023028867611909868, 0.022681878550084772, 0.02299235797660897, 0.02387546679328945, 0.024738332374206702, 0.025547718436096926, 0.026640938816603423, 0.02759836215880636, 0.028240938725365098, 0.028199955208514017, 0.028168175430310402, 0.02767018559717724, 0.027414861073674215, 0.027239233260695786, 0.0274939869379551, 0.027874761581110984, 0.02868161073982207, 0.029514734605865275, 0.030345172291974937, 0.031248268714928727, 0.032298002681611045, 0.033509628354587276, 0.0348066615601669, 0.03569061118903811, 0.03631377821401384, 0.03654105211474412, 0.03646788532881584, 0.03572808397059345, 0.03427781350345514, 0.03309813106562172, 0.031639416134799855, 0.02970329439236902, 0.027599049067936567, 0.02603054913364457, 0.024090316372098155, 0.02220132238001286, 0.02051452966091278, 0.019044426362309692, 0.017805605247084858, 0.01643252777018217, 0.01523003850809785, 0.01424180324883461, 0.013706552220618947, 0.0130880570946912, 0.012988920737072255, 0.013178248200839212, 0.013386796436950147, 0.01359897371732897, 0.01439195864266014, 0.015495810506657983, 0.016686507754200334, 0.01807173050136072, 0.019341411872889052, 0.020370802976522343, 0.0213787239197115, 0.02262888584538598, 0.02401686851684336, 0.025523335513576738, 0.026670410326906566, 0.02758824337325398, 0.02810647098585074, 0.028219175888028712, 0.02804128716256827, 0.027840212128430745, 0.02799079668741686, 0.027988272685847155, 0.02831306909632167, 0.028434723397990712, 0.0285549391753426, 0.02832607944879636, 0.02800347501499142, 0.027460301198426997, 0.02681840364884072, 0.026203190519756815, 0.02552364346313934, 0.024940794741503684, 0.024553643852497812, 0.024009602077058226, 0.023587486328410737, 0.023053226444370627, 0.02237349941244249, 0.021247392964358097, 0.01948489409103017, 0.01759577829009665, 0.015969918059865678, 0.014849832783247986, 0.014164911869984548, 0.013546042864334782, 0.01328357500957488, 0.012905521640083246, 0.012806686101790404, 0.01256569256360443, 0.01270015008783326, 0.013333718053885597, 0.014364706842779438, 0.015230812921928084, 0.016214173123414017, 0.017422309714956504, 0.01848297873673576, 0.019690103784110968, 0.02062988015396428, 0.021304326954883004, 0.021542023987470748, 0.021445001132587415, 0.02128479356968176, 0.021154257299581803, 0.020548768777841446, 0.020419411659703072, 0.020346908766621045, 0.02018386842926173, 0.020060715556614095, 0.019970155121820186, 0.019905412966441507, 0.019860328269953802, 0.019689549628068632, 0.019110038324468673, 0.018401772510693467, 0.01773443768827515, 0.01691379473734185, 0.0163889904882787, 0.015891976533507178, 0.015695148472402557, 0.015634975895130635, 0.01548249397414641, 0.015250362203767827, 0.01446715870868431, 0.013690714184349355, 0.013111437378948002, 0.01280400987898366, 0.012789088065484542, 0.012885508256999974, 0.012645414791893052, 0.012533763320360268, 0.01300792748125149, 0.014045480441271196, 0.015593406388961941, 0.017496649938682926, 0.01947963017829757, 0.021814960986639112, 0.0244888991790445, 0.027455202671237973, 0.030462142682767764, 0.03347516022004274, 0.03632355277573078, 0.03911728575744543, 0.041489125175428104, 0.043617926344794986, 0.04507509866910146, 0.045973158335007626, 0.046666313335408376, 0.047747911364257295, 0.04910015737076979, 0.051170936172887156, 0.05323921785426519, 0.05484930583024696, 0.05598397968583077, 0.056516639752925084, 0.05678375349578094, 0.05655312215346535, 0.05709318659280136, 0.05753330561326649, 0.05822424761198231, 0.05856641837777238, 0.058663546697002605, 0.05829520111627496, 0.058019458378357286, 0.05786276302771312, 0.057678835712609886, 0.05721489013034267, 0.05620972754199197, 0.05488023496470325, 0.05291870088860013, 0.05085359195424363, 0.04836971777146554, 0.045888993393773454, 0.04332790860019442, 0.040721243397433354, 0.03815348906679705, 0.03609755066086763, 0.03431153121207709, 0.03269994312791247, 0.03113246913067769, 0.029533434333839276, 0.02779284963423818, 0.02581340528028532, 0.023636664296078556, 0.021032966406022018, 0.018298152858289164, 0.015471223173718233, 0.012975006021594128, 0.011476514573927241, 0.011190786613452559, 0.012013514795745658, 0.013192708648177051, 0.0146026096239084, 0.016627808096549106, 0.019288816219412905, 0.022115031993867204, 0.024956066779425322, 0.027947127033299147, 0.030317719296220055, 0.03213024736687776, 0.033908117916643665, 0.035613155393420214, 0.03695858371541455, 0.0370883147011733, 0.035844860180821725, 0.03331269225961453, 0.030127822662769057, 0.026675716455458534, 0.02305094507263966, 0.019294584365168215, 0.016588874620184203, 0.013459760460278334, 0.010513659470637583, 0.008184205378854309, 0.005908681970234855, 0.003908372487361734, 0.002250880846271649, 0.001837561814419065, 0.003902446460586522, 0.00649131804032715, 0.008842266053540701, 0.011337576744963709, 0.013847821453172829, 0.016241515374979285, 0.018506880743639053, 0.020753891025054552, 0.022854281545735794, 0.025177910908837288, 0.027764777035113285, 0.0302577363231247, 0.032552204835272186, 0.033962244268502154, 0.03530995724171245, 0.036795414568091225, 0.03840706162943578, 0.039993850675796264, 0.04133645030179679, 0.04211247094820217, 0.04239213751353172, 0.042192499106345205, 0.04200269786908514, 0.041897190162155235, 0.041830932940717325, 0.04166737666619139, 0.04206882264734189, 0.0426127097658282, 0.042895687146734904, 0.04300135533202284, 0.04249799814293581, 0.041897582995049115, 0.04072077112408416, 0.03927976254850985, 0.037331499513228325, 0.035889992777759706, 0.03456359233645024, 0.033243529781910974, 0.03199033675126687, 0.03059935779738079, 0.029272240636492235, 0.027900707354997015, 0.02654938414970694, 0.02543173352052397, 0.024311103096379235, 0.023065212419431085, 0.021685454855791198, 0.02041159885695607, 0.019056064221564174, 0.017656707279948437, 0.01626614648165674, 0.015012383850973622, 0.013603567963072178, 0.012189757837366814, 0.010674529938407772, 0.009407142987148039, 0.008344525906195775, 0.007439054007672372, 0.0072034584519923735, 0.007775010970036668, 0.009047582903156274, 0.010731538882415681, 0.01253460028234948, 0.014333543563369548, 0.016070624592636203, 0.017817726146123574, 0.019557256660804743, 0.02116824086555951, 0.022529303997840977, 0.023628588936546305, 0.02391411988476377, 0.02359656311707365, 0.022355277074164143, 0.020961866673625245, 0.018393580144489934, 0.015660552711922182, 0.013874328661167971, 0.01254026736778108, 0.011812131260623127, 0.010800298354986543, 0.00961805971638548, 0.008471507575266851, 0.007656757785702683, 0.006719580941926242, 0.0056999472982024405, 0.005125787188458596, 0.00504686530895439, 0.005697178935649704, 0.006245540782853768, 0.0070976650798796875, 0.007900543705723831, 0.008755370167568399, 0.009807746909975117, 0.011209592216881203, 0.01276960312030194, 0.014467251258771754, 0.015865855510978952, 0.01751794577394112, 0.01978728846519214, 0.022540086452385207, 0.024859037758439572, 0.02589623397823137, 0.02611181133516041, 0.026565850619759173, 0.0272557734372972, 0.02776644526036269, 0.02799937699621002, 0.02818388188652303, 0.02806005928616626, 0.028083982827741123, 0.02781538632605852, 0.027763976455106594, 0.028120518002563644, 0.028688559534023904, 0.029389365084960088, 0.030059907204608147, 0.03052096911154336, 0.031053468449087778, 0.03142000488428638, 0.03173833045042581, 0.031892653890475096, 0.03198060527161537, 0.031944507243272385, 0.03180892531117334, 0.03180195743523648, 0.03175983113429147, 0.03185651864929952, 0.032146459060636644, 0.032526908876218445, 0.033087790299913135, 0.03370146462957083, 0.0342847740780508, 0.0344768243549477, 0.03441738754137779, 0.034008301029805295]",0.039993850675796264,0.07826134318210354,0.003394020921881291,0.03984957608130507,0.0,0.0,0.07265254325673659,0.07826134318210354,0.003394020921881291,0.03984957608130507,7.151999999999999,1717635307.867092,2024-06-06_10-55-07
0.5059,0.06528,0.4384784610084782,0.4268188818347687,0.062311943458833,0.3972487052012781,0.5059,0.06528,0.5103904138617212,0.4268188818347687,0.062311943458833,0.3972487052012781,0.04133645030179679,"[0.011315756658919754, 0.012192407496521018, 0.01288995615295488, 0.01359963525141729, 0.014321891165186378, 0.015181047888625853, 0.01592941522152252, 0.01673874496494045, 0.01751440457689525, 0.01835087734908702, 0.019202544572813795, 0.020070622325609303, 0.02095627718778323, 0.02186061264947246, 0.022737260153569413, 0.023681097053535004, 0.024646250751560458, 0.025633386418693636, 0.02659237614956749, 0.027623542314219474, 0.0286250346734827, 0.029647102596467904, 0.03056454213255984, 0.031680305841655834, 0.03263530150735364, 0.033606764937046466, 0.034593095597664145, 0.03536350794006898, 0.035930760474075646, 0.03631257033147624, 0.03661317474198803, 0.03688385713543919, 0.03738127616234113, 0.037934719347479336, 0.03858163380471939, 0.03921882339006296, 0.03999131852533767, 0.04074980907886149, 0.04127472956039594, 0.04151563832077664, 0.04151964454301027, 0.04123464219442919, 0.04096829512038153, 0.04056460486818273, 0.04028281736824196, 0.04000166841569801, 0.03919762289117317, 0.037812479337396496, 0.03622310391275238, 0.03453579653228067, 0.0330206041779641, 0.031565009966306234, 0.03054064037737075, 0.029904305612678588, 0.029394155816597912, 0.028896840658953926, 0.02825322628704274, 0.027685220830545497, 0.02666364029859006, 0.025486033827772144, 0.02414387260068274, 0.023028867611909868, 0.022681878550084772, 0.02299235797660897, 0.02387546679328945, 0.024738332374206702, 0.025547718436096926, 0.026640938816603423, 0.02759836215880636, 0.028240938725365098, 0.028199955208514017, 0.028168175430310402, 0.02767018559717724, 0.027414861073674215, 0.027239233260695786, 0.0274939869379551, 0.027874761581110984, 0.02868161073982207, 0.029514734605865275, 0.030345172291974937, 0.031248268714928727, 0.032298002681611045, 0.033509628354587276, 0.0348066615601669, 0.03569061118903811, 0.03631377821401384, 0.03654105211474412, 0.03646788532881584, 0.03572808397059345, 0.03427781350345514, 0.03309813106562172, 0.031639416134799855, 0.02970329439236902, 0.027599049067936567, 0.02603054913364457, 0.024090316372098155, 0.02220132238001286, 0.02051452966091278, 0.019044426362309692, 0.017805605247084858, 0.01643252777018217, 0.01523003850809785, 0.01424180324883461, 0.013706552220618947, 0.0130880570946912, 0.012988920737072255, 0.013178248200839212, 0.013386796436950147, 0.01359897371732897, 0.01439195864266014, 0.015495810506657983, 0.016686507754200334, 0.01807173050136072, 0.019341411872889052, 0.020370802976522343, 0.0213787239197115, 0.02262888584538598, 0.02401686851684336, 0.025523335513576738, 0.026670410326906566, 0.02758824337325398, 0.02810647098585074, 0.028219175888028712, 0.02804128716256827, 0.027840212128430745, 0.02799079668741686, 0.027988272685847155, 0.02831306909632167, 0.028434723397990712, 0.0285549391753426, 0.02832607944879636, 0.02800347501499142, 0.027460301198426997, 0.02681840364884072, 0.026203190519756815, 0.02552364346313934, 0.024940794741503684, 0.024553643852497812, 0.024009602077058226, 0.023587486328410737, 0.023053226444370627, 0.02237349941244249, 0.021247392964358097, 0.01948489409103017, 0.01759577829009665, 0.015969918059865678, 0.014849832783247986, 0.014164911869984548, 0.013546042864334782, 0.01328357500957488, 0.012905521640083246, 0.012806686101790404, 0.01256569256360443, 0.01270015008783326, 0.013333718053885597, 0.014364706842779438, 0.015230812921928084, 0.016214173123414017, 0.017422309714956504, 0.01848297873673576, 0.019690103784110968, 0.02062988015396428, 0.021304326954883004, 0.021542023987470748, 0.021445001132587415, 0.02128479356968176, 0.021154257299581803, 0.020548768777841446, 0.020419411659703072, 0.020346908766621045, 0.02018386842926173, 0.020060715556614095, 0.019970155121820186, 0.019905412966441507, 0.019860328269953802, 0.019689549628068632, 0.019110038324468673, 0.018401772510693467, 0.01773443768827515, 0.01691379473734185, 0.0163889904882787, 0.015891976533507178, 0.015695148472402557, 0.015634975895130635, 0.01548249397414641, 0.015250362203767827, 0.01446715870868431, 0.013690714184349355, 0.013111437378948002, 0.01280400987898366, 0.012789088065484542, 0.012885508256999974, 0.012645414791893052, 0.012533763320360268, 0.01300792748125149, 0.014045480441271196, 0.015593406388961941, 0.017496649938682926, 0.01947963017829757, 0.021814960986639112, 0.0244888991790445, 0.027455202671237973, 0.030462142682767764, 0.03347516022004274, 0.03632355277573078, 0.03911728575744543, 0.041489125175428104, 0.043617926344794986, 0.04507509866910146, 0.045973158335007626, 0.046666313335408376, 0.047747911364257295, 0.04910015737076979, 0.051170936172887156, 0.05323921785426519, 0.05484930583024696, 0.05598397968583077, 0.056516639752925084, 0.05678375349578094, 0.05655312215346535, 0.05709318659280136, 0.05753330561326649, 0.05822424761198231, 0.05856641837777238, 0.058663546697002605, 0.05829520111627496, 0.058019458378357286, 0.05786276302771312, 0.057678835712609886, 0.05721489013034267, 0.05620972754199197, 0.05488023496470325, 0.05291870088860013, 0.05085359195424363, 0.04836971777146554, 0.045888993393773454, 0.04332790860019442, 0.040721243397433354, 0.03815348906679705, 0.03609755066086763, 0.03431153121207709, 0.03269994312791247, 0.03113246913067769, 0.029533434333839276, 0.02779284963423818, 0.02581340528028532, 0.023636664296078556, 0.021032966406022018, 0.018298152858289164, 0.015471223173718233, 0.012975006021594128, 0.011476514573927241, 0.011190786613452559, 0.012013514795745658, 0.013192708648177051, 0.0146026096239084, 0.016627808096549106, 0.019288816219412905, 0.022115031993867204, 0.024956066779425322, 0.027947127033299147, 0.030317719296220055, 0.03213024736687776, 0.033908117916643665, 0.035613155393420214, 0.03695858371541455, 0.0370883147011733, 0.035844860180821725, 0.03331269225961453, 0.030127822662769057, 0.026675716455458534, 0.02305094507263966, 0.019294584365168215, 0.016588874620184203, 0.013459760460278334, 0.010513659470637583, 0.008184205378854309, 0.005908681970234855, 0.003908372487361734, 0.002250880846271649, 0.001837561814419065, 0.003902446460586522, 0.00649131804032715, 0.008842266053540701, 0.011337576744963709, 0.013847821453172829, 0.016241515374979285, 0.018506880743639053, 0.020753891025054552, 0.022854281545735794, 0.025177910908837288, 0.027764777035113285, 0.0302577363231247, 0.032552204835272186, 0.033962244268502154, 0.03530995724171245, 0.036795414568091225, 0.03840706162943578, 0.039993850675796264, 0.04133645030179679, 0.04211247094820217, 0.04239213751353172, 0.042192499106345205, 0.04200269786908514, 0.041897190162155235, 0.041830932940717325, 0.04166737666619139, 0.04206882264734189, 0.0426127097658282, 0.042895687146734904, 0.04300135533202284, 0.04249799814293581, 0.041897582995049115, 0.04072077112408416, 0.03927976254850985, 0.037331499513228325, 0.035889992777759706, 0.03456359233645024, 0.033243529781910974, 0.03199033675126687, 0.03059935779738079, 0.029272240636492235, 0.027900707354997015, 0.02654938414970694, 0.02543173352052397, 0.024311103096379235, 0.023065212419431085, 0.021685454855791198, 0.02041159885695607, 0.019056064221564174, 0.017656707279948437, 0.01626614648165674, 0.015012383850973622, 0.013603567963072178, 0.012189757837366814, 0.010674529938407772, 0.009407142987148039, 0.008344525906195775, 0.007439054007672372, 0.0072034584519923735, 0.007775010970036668, 0.009047582903156274, 0.010731538882415681, 0.01253460028234948, 0.014333543563369548, 0.016070624592636203, 0.017817726146123574, 0.019557256660804743, 0.02116824086555951, 0.022529303997840977, 0.023628588936546305, 0.02391411988476377, 0.02359656311707365, 0.022355277074164143, 0.020961866673625245, 0.018393580144489934, 0.015660552711922182, 0.013874328661167971, 0.01254026736778108, 0.011812131260623127, 0.010800298354986543, 0.00961805971638548, 0.008471507575266851, 0.007656757785702683, 0.006719580941926242, 0.0056999472982024405, 0.005125787188458596, 0.00504686530895439, 0.005697178935649704, 0.006245540782853768, 0.0070976650798796875, 0.007900543705723831, 0.008755370167568399, 0.009807746909975117, 0.011209592216881203, 0.01276960312030194, 0.014467251258771754, 0.015865855510978952, 0.01751794577394112, 0.01978728846519214, 0.022540086452385207, 0.024859037758439572, 0.02589623397823137, 0.02611181133516041, 0.026565850619759173, 0.0272557734372972, 0.02776644526036269, 0.02799937699621002, 0.02818388188652303, 0.02806005928616626, 0.028083982827741123, 0.02781538632605852, 0.027763976455106594, 0.028120518002563644, 0.028688559534023904, 0.029389365084960088, 0.030059907204608147, 0.03052096911154336, 0.031053468449087778, 0.03142000488428638, 0.03173833045042581, 0.031892653890475096, 0.03198060527161537, 0.031944507243272385, 0.03180892531117334, 0.03180195743523648, 0.03175983113429147, 0.03185651864929952, 0.032146459060636644, 0.032526908876218445, 0.033087790299913135, 0.03370146462957083, 0.0342847740780508, 0.0344768243549477, 0.03441738754137779, 0.034008301029805295]",0.04133645030179679,0.07908111816523133,0.0029680565411670037,0.04122975580720012,0.0,0.0,0.07191195285324303,0.07908111816523133,0.0029680565411670037,0.04122975580720012,7.176,1717635307.8911073,2024-06-06_10-55-07
0.5059,0.066,0.44002725398096926,0.4260846820549119,0.06298580868063229,0.39802279159834353,0.5059,0.066,0.5111986164307187,0.4260846820549119,0.06298580868063229,0.39802279159834353,0.04211247094820217,"[0.011315756658919754, 0.012192407496521018, 0.01288995615295488, 0.01359963525141729, 0.014321891165186378, 0.015181047888625853, 0.01592941522152252, 0.01673874496494045, 0.01751440457689525, 0.01835087734908702, 0.019202544572813795, 0.020070622325609303, 0.02095627718778323, 0.02186061264947246, 0.022737260153569413, 0.023681097053535004, 0.024646250751560458, 0.025633386418693636, 0.02659237614956749, 0.027623542314219474, 0.0286250346734827, 0.029647102596467904, 0.03056454213255984, 0.031680305841655834, 0.03263530150735364, 0.033606764937046466, 0.034593095597664145, 0.03536350794006898, 0.035930760474075646, 0.03631257033147624, 0.03661317474198803, 0.03688385713543919, 0.03738127616234113, 0.037934719347479336, 0.03858163380471939, 0.03921882339006296, 0.03999131852533767, 0.04074980907886149, 0.04127472956039594, 0.04151563832077664, 0.04151964454301027, 0.04123464219442919, 0.04096829512038153, 0.04056460486818273, 0.04028281736824196, 0.04000166841569801, 0.03919762289117317, 0.037812479337396496, 0.03622310391275238, 0.03453579653228067, 0.0330206041779641, 0.031565009966306234, 0.03054064037737075, 0.029904305612678588, 0.029394155816597912, 0.028896840658953926, 0.02825322628704274, 0.027685220830545497, 0.02666364029859006, 0.025486033827772144, 0.02414387260068274, 0.023028867611909868, 0.022681878550084772, 0.02299235797660897, 0.02387546679328945, 0.024738332374206702, 0.025547718436096926, 0.026640938816603423, 0.02759836215880636, 0.028240938725365098, 0.028199955208514017, 0.028168175430310402, 0.02767018559717724, 0.027414861073674215, 0.027239233260695786, 0.0274939869379551, 0.027874761581110984, 0.02868161073982207, 0.029514734605865275, 0.030345172291974937, 0.031248268714928727, 0.032298002681611045, 0.033509628354587276, 0.0348066615601669, 0.03569061118903811, 0.03631377821401384, 0.03654105211474412, 0.03646788532881584, 0.03572808397059345, 0.03427781350345514, 0.03309813106562172, 0.031639416134799855, 0.02970329439236902, 0.027599049067936567, 0.02603054913364457, 0.024090316372098155, 0.02220132238001286, 0.02051452966091278, 0.019044426362309692, 0.017805605247084858, 0.01643252777018217, 0.01523003850809785, 0.01424180324883461, 0.013706552220618947, 0.0130880570946912, 0.012988920737072255, 0.013178248200839212, 0.013386796436950147, 0.01359897371732897, 0.01439195864266014, 0.015495810506657983, 0.016686507754200334, 0.01807173050136072, 0.019341411872889052, 0.020370802976522343, 0.0213787239197115, 0.02262888584538598, 0.02401686851684336, 0.025523335513576738, 0.026670410326906566, 0.02758824337325398, 0.02810647098585074, 0.028219175888028712, 0.02804128716256827, 0.027840212128430745, 0.02799079668741686, 0.027988272685847155, 0.02831306909632167, 0.028434723397990712, 0.0285549391753426, 0.02832607944879636, 0.02800347501499142, 0.027460301198426997, 0.02681840364884072, 0.026203190519756815, 0.02552364346313934, 0.024940794741503684, 0.024553643852497812, 0.024009602077058226, 0.023587486328410737, 0.023053226444370627, 0.02237349941244249, 0.021247392964358097, 0.01948489409103017, 0.01759577829009665, 0.015969918059865678, 0.014849832783247986, 0.014164911869984548, 0.013546042864334782, 0.01328357500957488, 0.012905521640083246, 0.012806686101790404, 0.01256569256360443, 0.01270015008783326, 0.013333718053885597, 0.014364706842779438, 0.015230812921928084, 0.016214173123414017, 0.017422309714956504, 0.01848297873673576, 0.019690103784110968, 0.02062988015396428, 0.021304326954883004, 0.021542023987470748, 0.021445001132587415, 0.02128479356968176, 0.021154257299581803, 0.020548768777841446, 0.020419411659703072, 0.020346908766621045, 0.02018386842926173, 0.020060715556614095, 0.019970155121820186, 0.019905412966441507, 0.019860328269953802, 0.019689549628068632, 0.019110038324468673, 0.018401772510693467, 0.01773443768827515, 0.01691379473734185, 0.0163889904882787, 0.015891976533507178, 0.015695148472402557, 0.015634975895130635, 0.01548249397414641, 0.015250362203767827, 0.01446715870868431, 0.013690714184349355, 0.013111437378948002, 0.01280400987898366, 0.012789088065484542, 0.012885508256999974, 0.012645414791893052, 0.012533763320360268, 0.01300792748125149, 0.014045480441271196, 0.015593406388961941, 0.017496649938682926, 0.01947963017829757, 0.021814960986639112, 0.0244888991790445, 0.027455202671237973, 0.030462142682767764, 0.03347516022004274, 0.03632355277573078, 0.03911728575744543, 0.041489125175428104, 0.043617926344794986, 0.04507509866910146, 0.045973158335007626, 0.046666313335408376, 0.047747911364257295, 0.04910015737076979, 0.051170936172887156, 0.05323921785426519, 0.05484930583024696, 0.05598397968583077, 0.056516639752925084, 0.05678375349578094, 0.05655312215346535, 0.05709318659280136, 0.05753330561326649, 0.05822424761198231, 0.05856641837777238, 0.058663546697002605, 0.05829520111627496, 0.058019458378357286, 0.05786276302771312, 0.057678835712609886, 0.05721489013034267, 0.05620972754199197, 0.05488023496470325, 0.05291870088860013, 0.05085359195424363, 0.04836971777146554, 0.045888993393773454, 0.04332790860019442, 0.040721243397433354, 0.03815348906679705, 0.03609755066086763, 0.03431153121207709, 0.03269994312791247, 0.03113246913067769, 0.029533434333839276, 0.02779284963423818, 0.02581340528028532, 0.023636664296078556, 0.021032966406022018, 0.018298152858289164, 0.015471223173718233, 0.012975006021594128, 0.011476514573927241, 0.011190786613452559, 0.012013514795745658, 0.013192708648177051, 0.0146026096239084, 0.016627808096549106, 0.019288816219412905, 0.022115031993867204, 0.024956066779425322, 0.027947127033299147, 0.030317719296220055, 0.03213024736687776, 0.033908117916643665, 0.035613155393420214, 0.03695858371541455, 0.0370883147011733, 0.035844860180821725, 0.03331269225961453, 0.030127822662769057, 0.026675716455458534, 0.02305094507263966, 0.019294584365168215, 0.016588874620184203, 0.013459760460278334, 0.010513659470637583, 0.008184205378854309, 0.005908681970234855, 0.003908372487361734, 0.002250880846271649, 0.001837561814419065, 0.003902446460586522, 0.00649131804032715, 0.008842266053540701, 0.011337576744963709, 0.013847821453172829, 0.016241515374979285, 0.018506880743639053, 0.020753891025054552, 0.022854281545735794, 0.025177910908837288, 0.027764777035113285, 0.0302577363231247, 0.032552204835272186, 0.033962244268502154, 0.03530995724171245, 0.036795414568091225, 0.03840706162943578, 0.039993850675796264, 0.04133645030179679, 0.04211247094820217, 0.04239213751353172, 0.042192499106345205, 0.04200269786908514, 0.041897190162155235, 0.041830932940717325, 0.04166737666619139, 0.04206882264734189, 0.0426127097658282, 0.042895687146734904, 0.04300135533202284, 0.04249799814293581, 0.041897582995049115, 0.04072077112408416, 0.03927976254850985, 0.037331499513228325, 0.035889992777759706, 0.03456359233645024, 0.033243529781910974, 0.03199033675126687, 0.03059935779738079, 0.029272240636492235, 0.027900707354997015, 0.02654938414970694, 0.02543173352052397, 0.024311103096379235, 0.023065212419431085, 0.021685454855791198, 0.02041159885695607, 0.019056064221564174, 0.017656707279948437, 0.01626614648165674, 0.015012383850973622, 0.013603567963072178, 0.012189757837366814, 0.010674529938407772, 0.009407142987148039, 0.008344525906195775, 0.007439054007672372, 0.0072034584519923735, 0.007775010970036668, 0.009047582903156274, 0.010731538882415681, 0.01253460028234948, 0.014333543563369548, 0.016070624592636203, 0.017817726146123574, 0.019557256660804743, 0.02116824086555951, 0.022529303997840977, 0.023628588936546305, 0.02391411988476377, 0.02359656311707365, 0.022355277074164143, 0.020961866673625245, 0.018393580144489934, 0.015660552711922182, 0.013874328661167971, 0.01254026736778108, 0.011812131260623127, 0.010800298354986543, 0.00961805971638548, 0.008471507575266851, 0.007656757785702683, 0.006719580941926242, 0.0056999472982024405, 0.005125787188458596, 0.00504686530895439, 0.005697178935649704, 0.006245540782853768, 0.0070976650798796875, 0.007900543705723831, 0.008755370167568399, 0.009807746909975117, 0.011209592216881203, 0.01276960312030194, 0.014467251258771754, 0.015865855510978952, 0.01751794577394112, 0.01978728846519214, 0.022540086452385207, 0.024859037758439572, 0.02589623397823137, 0.02611181133516041, 0.026565850619759173, 0.0272557734372972, 0.02776644526036269, 0.02799937699621002, 0.02818388188652303, 0.02806005928616626, 0.028083982827741123, 0.02781538632605852, 0.027763976455106594, 0.028120518002563644, 0.028688559534023904, 0.029389365084960088, 0.030059907204608147, 0.03052096911154336, 0.031053468449087778, 0.03142000488428638, 0.03173833045042581, 0.031892653890475096, 0.03198060527161537, 0.031944507243272385, 0.03180892531117334, 0.03180195743523648, 0.03175983113429147, 0.03185651864929952, 0.032146459060636644, 0.032526908876218445, 0.033087790299913135, 0.03370146462957083, 0.0342847740780508, 0.0344768243549477, 0.03441738754137779, 0.034008301029805295]",0.04211247094820217,0.07981531794508812,0.0030141913193677122,0.04200446238262573,0.0,0.0,0.07117136244974948,0.07981531794508812,0.0030141913193677122,0.04200446238262573,7.199999999999999,1717635307.9162736,2024-06-06_10-55-07
0.5059,0.06672,0.4415523494829054,0.42519332956496575,0.06361743318521286,0.3992738986819836,0.5059,0.06672,0.5110980384100157,0.42519332956496575,0.06361743318521286,0.3992738986819836,0.04239213751353172,"[0.011315756658919754, 0.012192407496521018, 0.01288995615295488, 0.01359963525141729, 0.014321891165186378, 0.015181047888625853, 0.01592941522152252, 0.01673874496494045, 0.01751440457689525, 0.01835087734908702, 0.019202544572813795, 0.020070622325609303, 0.02095627718778323, 0.02186061264947246, 0.022737260153569413, 0.023681097053535004, 0.024646250751560458, 0.025633386418693636, 0.02659237614956749, 0.027623542314219474, 0.0286250346734827, 0.029647102596467904, 0.03056454213255984, 0.031680305841655834, 0.03263530150735364, 0.033606764937046466, 0.034593095597664145, 0.03536350794006898, 0.035930760474075646, 0.03631257033147624, 0.03661317474198803, 0.03688385713543919, 0.03738127616234113, 0.037934719347479336, 0.03858163380471939, 0.03921882339006296, 0.03999131852533767, 0.04074980907886149, 0.04127472956039594, 0.04151563832077664, 0.04151964454301027, 0.04123464219442919, 0.04096829512038153, 0.04056460486818273, 0.04028281736824196, 0.04000166841569801, 0.03919762289117317, 0.037812479337396496, 0.03622310391275238, 0.03453579653228067, 0.0330206041779641, 0.031565009966306234, 0.03054064037737075, 0.029904305612678588, 0.029394155816597912, 0.028896840658953926, 0.02825322628704274, 0.027685220830545497, 0.02666364029859006, 0.025486033827772144, 0.02414387260068274, 0.023028867611909868, 0.022681878550084772, 0.02299235797660897, 0.02387546679328945, 0.024738332374206702, 0.025547718436096926, 0.026640938816603423, 0.02759836215880636, 0.028240938725365098, 0.028199955208514017, 0.028168175430310402, 0.02767018559717724, 0.027414861073674215, 0.027239233260695786, 0.0274939869379551, 0.027874761581110984, 0.02868161073982207, 0.029514734605865275, 0.030345172291974937, 0.031248268714928727, 0.032298002681611045, 0.033509628354587276, 0.0348066615601669, 0.03569061118903811, 0.03631377821401384, 0.03654105211474412, 0.03646788532881584, 0.03572808397059345, 0.03427781350345514, 0.03309813106562172, 0.031639416134799855, 0.02970329439236902, 0.027599049067936567, 0.02603054913364457, 0.024090316372098155, 0.02220132238001286, 0.02051452966091278, 0.019044426362309692, 0.017805605247084858, 0.01643252777018217, 0.01523003850809785, 0.01424180324883461, 0.013706552220618947, 0.0130880570946912, 0.012988920737072255, 0.013178248200839212, 0.013386796436950147, 0.01359897371732897, 0.01439195864266014, 0.015495810506657983, 0.016686507754200334, 0.01807173050136072, 0.019341411872889052, 0.020370802976522343, 0.0213787239197115, 0.02262888584538598, 0.02401686851684336, 0.025523335513576738, 0.026670410326906566, 0.02758824337325398, 0.02810647098585074, 0.028219175888028712, 0.02804128716256827, 0.027840212128430745, 0.02799079668741686, 0.027988272685847155, 0.02831306909632167, 0.028434723397990712, 0.0285549391753426, 0.02832607944879636, 0.02800347501499142, 0.027460301198426997, 0.02681840364884072, 0.026203190519756815, 0.02552364346313934, 0.024940794741503684, 0.024553643852497812, 0.024009602077058226, 0.023587486328410737, 0.023053226444370627, 0.02237349941244249, 0.021247392964358097, 0.01948489409103017, 0.01759577829009665, 0.015969918059865678, 0.014849832783247986, 0.014164911869984548, 0.013546042864334782, 0.01328357500957488, 0.012905521640083246, 0.012806686101790404, 0.01256569256360443, 0.01270015008783326, 0.013333718053885597, 0.014364706842779438, 0.015230812921928084, 0.016214173123414017, 0.017422309714956504, 0.01848297873673576, 0.019690103784110968, 0.02062988015396428, 0.021304326954883004, 0.021542023987470748, 0.021445001132587415, 0.02128479356968176, 0.021154257299581803, 0.020548768777841446, 0.020419411659703072, 0.020346908766621045, 0.02018386842926173, 0.020060715556614095, 0.019970155121820186, 0.019905412966441507, 0.019860328269953802, 0.019689549628068632, 0.019110038324468673, 0.018401772510693467, 0.01773443768827515, 0.01691379473734185, 0.0163889904882787, 0.015891976533507178, 0.015695148472402557, 0.015634975895130635, 0.01548249397414641, 0.015250362203767827, 0.01446715870868431, 0.013690714184349355, 0.013111437378948002, 0.01280400987898366, 0.012789088065484542, 0.012885508256999974, 0.012645414791893052, 0.012533763320360268, 0.01300792748125149, 0.014045480441271196, 0.015593406388961941, 0.017496649938682926, 0.01947963017829757, 0.021814960986639112, 0.0244888991790445, 0.027455202671237973, 0.030462142682767764, 0.03347516022004274, 0.03632355277573078, 0.03911728575744543, 0.041489125175428104, 0.043617926344794986, 0.04507509866910146, 0.045973158335007626, 0.046666313335408376, 0.047747911364257295, 0.04910015737076979, 0.051170936172887156, 0.05323921785426519, 0.05484930583024696, 0.05598397968583077, 0.056516639752925084, 0.05678375349578094, 0.05655312215346535, 0.05709318659280136, 0.05753330561326649, 0.05822424761198231, 0.05856641837777238, 0.058663546697002605, 0.05829520111627496, 0.058019458378357286, 0.05786276302771312, 0.057678835712609886, 0.05721489013034267, 0.05620972754199197, 0.05488023496470325, 0.05291870088860013, 0.05085359195424363, 0.04836971777146554, 0.045888993393773454, 0.04332790860019442, 0.040721243397433354, 0.03815348906679705, 0.03609755066086763, 0.03431153121207709, 0.03269994312791247, 0.03113246913067769, 0.029533434333839276, 0.02779284963423818, 0.02581340528028532, 0.023636664296078556, 0.021032966406022018, 0.018298152858289164, 0.015471223173718233, 0.012975006021594128, 0.011476514573927241, 0.011190786613452559, 0.012013514795745658, 0.013192708648177051, 0.0146026096239084, 0.016627808096549106, 0.019288816219412905, 0.022115031993867204, 0.024956066779425322, 0.027947127033299147, 0.030317719296220055, 0.03213024736687776, 0.033908117916643665, 0.035613155393420214, 0.03695858371541455, 0.0370883147011733, 0.035844860180821725, 0.03331269225961453, 0.030127822662769057, 0.026675716455458534, 0.02305094507263966, 0.019294584365168215, 0.016588874620184203, 0.013459760460278334, 0.010513659470637583, 0.008184205378854309, 0.005908681970234855, 0.003908372487361734, 0.002250880846271649, 0.001837561814419065, 0.003902446460586522, 0.00649131804032715, 0.008842266053540701, 0.011337576744963709, 0.013847821453172829, 0.016241515374979285, 0.018506880743639053, 0.020753891025054552, 0.022854281545735794, 0.025177910908837288, 0.027764777035113285, 0.0302577363231247, 0.032552204835272186, 0.033962244268502154, 0.03530995724171245, 0.036795414568091225, 0.03840706162943578, 0.039993850675796264, 0.04133645030179679, 0.04211247094820217, 0.04239213751353172, 0.042192499106345205, 0.04200269786908514, 0.041897190162155235, 0.041830932940717325, 0.04166737666619139, 0.04206882264734189, 0.0426127097658282, 0.042895687146734904, 0.04300135533202284, 0.04249799814293581, 0.041897582995049115, 0.04072077112408416, 0.03927976254850985, 0.037331499513228325, 0.035889992777759706, 0.03456359233645024, 0.033243529781910974, 0.03199033675126687, 0.03059935779738079, 0.029272240636492235, 0.027900707354997015, 0.02654938414970694, 0.02543173352052397, 0.024311103096379235, 0.023065212419431085, 0.021685454855791198, 0.02041159885695607, 0.019056064221564174, 0.017656707279948437, 0.01626614648165674, 0.015012383850973622, 0.013603567963072178, 0.012189757837366814, 0.010674529938407772, 0.009407142987148039, 0.008344525906195775, 0.007439054007672372, 0.0072034584519923735, 0.007775010970036668, 0.009047582903156274, 0.010731538882415681, 0.01253460028234948, 0.014333543563369548, 0.016070624592636203, 0.017817726146123574, 0.019557256660804743, 0.02116824086555951, 0.022529303997840977, 0.023628588936546305, 0.02391411988476377, 0.02359656311707365, 0.022355277074164143, 0.020961866673625245, 0.018393580144489934, 0.015660552711922182, 0.013874328661167971, 0.01254026736778108, 0.011812131260623127, 0.010800298354986543, 0.00961805971638548, 0.008471507575266851, 0.007656757785702683, 0.006719580941926242, 0.0056999472982024405, 0.005125787188458596, 0.00504686530895439, 0.005697178935649704, 0.006245540782853768, 0.0070976650798796875, 0.007900543705723831, 0.008755370167568399, 0.009807746909975117, 0.011209592216881203, 0.01276960312030194, 0.014467251258771754, 0.015865855510978952, 0.01751794577394112, 0.01978728846519214, 0.022540086452385207, 0.024859037758439572, 0.02589623397823137, 0.02611181133516041, 0.026565850619759173, 0.0272557734372972, 0.02776644526036269, 0.02799937699621002, 0.02818388188652303, 0.02806005928616626, 0.028083982827741123, 0.02781538632605852, 0.027763976455106594, 0.028120518002563644, 0.028688559534023904, 0.029389365084960088, 0.030059907204608147, 0.03052096911154336, 0.031053468449087778, 0.03142000488428638, 0.03173833045042581, 0.031892653890475096, 0.03198060527161537, 0.031944507243272385, 0.03180892531117334, 0.03180195743523648, 0.03175983113429147, 0.03185651864929952, 0.032146459060636644, 0.032526908876218445, 0.033087790299913135, 0.03370146462957083, 0.0342847740780508, 0.0344768243549477, 0.03441738754137779, 0.034008301029805295]",0.04239213751353172,0.08070667043503427,0.0031025668147871416,0.042278450800921796,0.0,0.0,0.06954568892711027,0.08070667043503427,0.0031025668147871416,0.042278450800921796,7.224,1717635307.9409003,2024-06-06_10-55-07
0.5059,0.06744,0.4430442375767629,0.42408196231202533,0.06431153330405091,0.4009678822572812,0.5059,0.06744,0.5109642529812338,0.42408196231202533,0.06431153330405091,0.4009678822572812,0.042192499106345205,"[0.011315756658919754, 0.012192407496521018, 0.01288995615295488, 0.01359963525141729, 0.014321891165186378, 0.015181047888625853, 0.01592941522152252, 0.01673874496494045, 0.01751440457689525, 0.01835087734908702, 0.019202544572813795, 0.020070622325609303, 0.02095627718778323, 0.02186061264947246, 0.022737260153569413, 0.023681097053535004, 0.024646250751560458, 0.025633386418693636, 0.02659237614956749, 0.027623542314219474, 0.0286250346734827, 0.029647102596467904, 0.03056454213255984, 0.031680305841655834, 0.03263530150735364, 0.033606764937046466, 0.034593095597664145, 0.03536350794006898, 0.035930760474075646, 0.03631257033147624, 0.03661317474198803, 0.03688385713543919, 0.03738127616234113, 0.037934719347479336, 0.03858163380471939, 0.03921882339006296, 0.03999131852533767, 0.04074980907886149, 0.04127472956039594, 0.04151563832077664, 0.04151964454301027, 0.04123464219442919, 0.04096829512038153, 0.04056460486818273, 0.04028281736824196, 0.04000166841569801, 0.03919762289117317, 0.037812479337396496, 0.03622310391275238, 0.03453579653228067, 0.0330206041779641, 0.031565009966306234, 0.03054064037737075, 0.029904305612678588, 0.029394155816597912, 0.028896840658953926, 0.02825322628704274, 0.027685220830545497, 0.02666364029859006, 0.025486033827772144, 0.02414387260068274, 0.023028867611909868, 0.022681878550084772, 0.02299235797660897, 0.02387546679328945, 0.024738332374206702, 0.025547718436096926, 0.026640938816603423, 0.02759836215880636, 0.028240938725365098, 0.028199955208514017, 0.028168175430310402, 0.02767018559717724, 0.027414861073674215, 0.027239233260695786, 0.0274939869379551, 0.027874761581110984, 0.02868161073982207, 0.029514734605865275, 0.030345172291974937, 0.031248268714928727, 0.032298002681611045, 0.033509628354587276, 0.0348066615601669, 0.03569061118903811, 0.03631377821401384, 0.03654105211474412, 0.03646788532881584, 0.03572808397059345, 0.03427781350345514, 0.03309813106562172, 0.031639416134799855, 0.02970329439236902, 0.027599049067936567, 0.02603054913364457, 0.024090316372098155, 0.02220132238001286, 0.02051452966091278, 0.019044426362309692, 0.017805605247084858, 0.01643252777018217, 0.01523003850809785, 0.01424180324883461, 0.013706552220618947, 0.0130880570946912, 0.012988920737072255, 0.013178248200839212, 0.013386796436950147, 0.01359897371732897, 0.01439195864266014, 0.015495810506657983, 0.016686507754200334, 0.01807173050136072, 0.019341411872889052, 0.020370802976522343, 0.0213787239197115, 0.02262888584538598, 0.02401686851684336, 0.025523335513576738, 0.026670410326906566, 0.02758824337325398, 0.02810647098585074, 0.028219175888028712, 0.02804128716256827, 0.027840212128430745, 0.02799079668741686, 0.027988272685847155, 0.02831306909632167, 0.028434723397990712, 0.0285549391753426, 0.02832607944879636, 0.02800347501499142, 0.027460301198426997, 0.02681840364884072, 0.026203190519756815, 0.02552364346313934, 0.024940794741503684, 0.024553643852497812, 0.024009602077058226, 0.023587486328410737, 0.023053226444370627, 0.02237349941244249, 0.021247392964358097, 0.01948489409103017, 0.01759577829009665, 0.015969918059865678, 0.014849832783247986, 0.014164911869984548, 0.013546042864334782, 0.01328357500957488, 0.012905521640083246, 0.012806686101790404, 0.01256569256360443, 0.01270015008783326, 0.013333718053885597, 0.014364706842779438, 0.015230812921928084, 0.016214173123414017, 0.017422309714956504, 0.01848297873673576, 0.019690103784110968, 0.02062988015396428, 0.021304326954883004, 0.021542023987470748, 0.021445001132587415, 0.02128479356968176, 0.021154257299581803, 0.020548768777841446, 0.020419411659703072, 0.020346908766621045, 0.02018386842926173, 0.020060715556614095, 0.019970155121820186, 0.019905412966441507, 0.019860328269953802, 0.019689549628068632, 0.019110038324468673, 0.018401772510693467, 0.01773443768827515, 0.01691379473734185, 0.0163889904882787, 0.015891976533507178, 0.015695148472402557, 0.015634975895130635, 0.01548249397414641, 0.015250362203767827, 0.01446715870868431, 0.013690714184349355, 0.013111437378948002, 0.01280400987898366, 0.012789088065484542, 0.012885508256999974, 0.012645414791893052, 0.012533763320360268, 0.01300792748125149, 0.014045480441271196, 0.015593406388961941, 0.017496649938682926, 0.01947963017829757, 0.021814960986639112, 0.0244888991790445, 0.027455202671237973, 0.030462142682767764, 0.03347516022004274, 0.03632355277573078, 0.03911728575744543, 0.041489125175428104, 0.043617926344794986, 0.04507509866910146, 0.045973158335007626, 0.046666313335408376, 0.047747911364257295, 0.04910015737076979, 0.051170936172887156, 0.05323921785426519, 0.05484930583024696, 0.05598397968583077, 0.056516639752925084, 0.05678375349578094, 0.05655312215346535, 0.05709318659280136, 0.05753330561326649, 0.05822424761198231, 0.05856641837777238, 0.058663546697002605, 0.05829520111627496, 0.058019458378357286, 0.05786276302771312, 0.057678835712609886, 0.05721489013034267, 0.05620972754199197, 0.05488023496470325, 0.05291870088860013, 0.05085359195424363, 0.04836971777146554, 0.045888993393773454, 0.04332790860019442, 0.040721243397433354, 0.03815348906679705, 0.03609755066086763, 0.03431153121207709, 0.03269994312791247, 0.03113246913067769, 0.029533434333839276, 0.02779284963423818, 0.02581340528028532, 0.023636664296078556, 0.021032966406022018, 0.018298152858289164, 0.015471223173718233, 0.012975006021594128, 0.011476514573927241, 0.011190786613452559, 0.012013514795745658, 0.013192708648177051, 0.0146026096239084, 0.016627808096549106, 0.019288816219412905, 0.022115031993867204, 0.024956066779425322, 0.027947127033299147, 0.030317719296220055, 0.03213024736687776, 0.033908117916643665, 0.035613155393420214, 0.03695858371541455, 0.0370883147011733, 0.035844860180821725, 0.03331269225961453, 0.030127822662769057, 0.026675716455458534, 0.02305094507263966, 0.019294584365168215, 0.016588874620184203, 0.013459760460278334, 0.010513659470637583, 0.008184205378854309, 0.005908681970234855, 0.003908372487361734, 0.002250880846271649, 0.001837561814419065, 0.003902446460586522, 0.00649131804032715, 0.008842266053540701, 0.011337576744963709, 0.013847821453172829, 0.016241515374979285, 0.018506880743639053, 0.020753891025054552, 0.022854281545735794, 0.025177910908837288, 0.027764777035113285, 0.0302577363231247, 0.032552204835272186, 0.033962244268502154, 0.03530995724171245, 0.036795414568091225, 0.03840706162943578, 0.039993850675796264, 0.04133645030179679, 0.04211247094820217, 0.04239213751353172, 0.042192499106345205, 0.04200269786908514, 0.041897190162155235, 0.041830932940717325, 0.04166737666619139, 0.04206882264734189, 0.0426127097658282, 0.042895687146734904, 0.04300135533202284, 0.04249799814293581, 0.041897582995049115, 0.04072077112408416, 0.03927976254850985, 0.037331499513228325, 0.035889992777759706, 0.03456359233645024, 0.033243529781910974, 0.03199033675126687, 0.03059935779738079, 0.029272240636492235, 0.027900707354997015, 0.02654938414970694, 0.02543173352052397, 0.024311103096379235, 0.023065212419431085, 0.021685454855791198, 0.02041159885695607, 0.019056064221564174, 0.017656707279948437, 0.01626614648165674, 0.015012383850973622, 0.013603567963072178, 0.012189757837366814, 0.010674529938407772, 0.009407142987148039, 0.008344525906195775, 0.007439054007672372, 0.0072034584519923735, 0.007775010970036668, 0.009047582903156274, 0.010731538882415681, 0.01253460028234948, 0.014333543563369548, 0.016070624592636203, 0.017817726146123574, 0.019557256660804743, 0.02116824086555951, 0.022529303997840977, 0.023628588936546305, 0.02391411988476377, 0.02359656311707365, 0.022355277074164143, 0.020961866673625245, 0.018393580144489934, 0.015660552711922182, 0.013874328661167971, 0.01254026736778108, 0.011812131260623127, 0.010800298354986543, 0.00961805971638548, 0.008471507575266851, 0.007656757785702683, 0.006719580941926242, 0.0056999472982024405, 0.005125787188458596, 0.00504686530895439, 0.005697178935649704, 0.006245540782853768, 0.0070976650798796875, 0.007900543705723831, 0.008755370167568399, 0.009807746909975117, 0.011209592216881203, 0.01276960312030194, 0.014467251258771754, 0.015865855510978952, 0.01751794577394112, 0.01978728846519214, 0.022540086452385207, 0.024859037758439572, 0.02589623397823137, 0.02611181133516041, 0.026565850619759173, 0.0272557734372972, 0.02776644526036269, 0.02799937699621002, 0.02818388188652303, 0.02806005928616626, 0.028083982827741123, 0.02781538632605852, 0.027763976455106594, 0.028120518002563644, 0.028688559534023904, 0.029389365084960088, 0.030059907204608147, 0.03052096911154336, 0.031053468449087778, 0.03142000488428638, 0.03173833045042581, 0.031892653890475096, 0.03198060527161537, 0.031944507243272385, 0.03180892531117334, 0.03180195743523648, 0.03175983113429147, 0.03185651864929952, 0.032146459060636644, 0.032526908876218445, 0.033087790299913135, 0.03370146462957083, 0.0342847740780508, 0.0344768243549477, 0.03441738754137779, 0.034008301029805295]",0.042192499106345205,0.08181803768797469,0.0031284666959490864,0.04207635531948173,0.0,0.0,0.0679200154044709,0.08181803768797469,0.0031284666959490864,0.04207635531948173,7.248,1717635307.963019,2024-06-06_10-55-07
0.5059,0.06816,0.444493662616801,0.42284627442588885,0.0652100722627105,0.4025946822637373,0.5059,0.06816,0.5107880044986326,0.42284627442588885,0.0652100722627105,0.4025946822637373,0.04200269786908514,"[0.011315756658919754, 0.012192407496521018, 0.01288995615295488, 0.01359963525141729, 0.014321891165186378, 0.015181047888625853, 0.01592941522152252, 0.01673874496494045, 0.01751440457689525, 0.01835087734908702, 0.019202544572813795, 0.020070622325609303, 0.02095627718778323, 0.02186061264947246, 0.022737260153569413, 0.023681097053535004, 0.024646250751560458, 0.025633386418693636, 0.02659237614956749, 0.027623542314219474, 0.0286250346734827, 0.029647102596467904, 0.03056454213255984, 0.031680305841655834, 0.03263530150735364, 0.033606764937046466, 0.034593095597664145, 0.03536350794006898, 0.035930760474075646, 0.03631257033147624, 0.03661317474198803, 0.03688385713543919, 0.03738127616234113, 0.037934719347479336, 0.03858163380471939, 0.03921882339006296, 0.03999131852533767, 0.04074980907886149, 0.04127472956039594, 0.04151563832077664, 0.04151964454301027, 0.04123464219442919, 0.04096829512038153, 0.04056460486818273, 0.04028281736824196, 0.04000166841569801, 0.03919762289117317, 0.037812479337396496, 0.03622310391275238, 0.03453579653228067, 0.0330206041779641, 0.031565009966306234, 0.03054064037737075, 0.029904305612678588, 0.029394155816597912, 0.028896840658953926, 0.02825322628704274, 0.027685220830545497, 0.02666364029859006, 0.025486033827772144, 0.02414387260068274, 0.023028867611909868, 0.022681878550084772, 0.02299235797660897, 0.02387546679328945, 0.024738332374206702, 0.025547718436096926, 0.026640938816603423, 0.02759836215880636, 0.028240938725365098, 0.028199955208514017, 0.028168175430310402, 0.02767018559717724, 0.027414861073674215, 0.027239233260695786, 0.0274939869379551, 0.027874761581110984, 0.02868161073982207, 0.029514734605865275, 0.030345172291974937, 0.031248268714928727, 0.032298002681611045, 0.033509628354587276, 0.0348066615601669, 0.03569061118903811, 0.03631377821401384, 0.03654105211474412, 0.03646788532881584, 0.03572808397059345, 0.03427781350345514, 0.03309813106562172, 0.031639416134799855, 0.02970329439236902, 0.027599049067936567, 0.02603054913364457, 0.024090316372098155, 0.02220132238001286, 0.02051452966091278, 0.019044426362309692, 0.017805605247084858, 0.01643252777018217, 0.01523003850809785, 0.01424180324883461, 0.013706552220618947, 0.0130880570946912, 0.012988920737072255, 0.013178248200839212, 0.013386796436950147, 0.01359897371732897, 0.01439195864266014, 0.015495810506657983, 0.016686507754200334, 0.01807173050136072, 0.019341411872889052, 0.020370802976522343, 0.0213787239197115, 0.02262888584538598, 0.02401686851684336, 0.025523335513576738, 0.026670410326906566, 0.02758824337325398, 0.02810647098585074, 0.028219175888028712, 0.02804128716256827, 0.027840212128430745, 0.02799079668741686, 0.027988272685847155, 0.02831306909632167, 0.028434723397990712, 0.0285549391753426, 0.02832607944879636, 0.02800347501499142, 0.027460301198426997, 0.02681840364884072, 0.026203190519756815, 0.02552364346313934, 0.024940794741503684, 0.024553643852497812, 0.024009602077058226, 0.023587486328410737, 0.023053226444370627, 0.02237349941244249, 0.021247392964358097, 0.01948489409103017, 0.01759577829009665, 0.015969918059865678, 0.014849832783247986, 0.014164911869984548, 0.013546042864334782, 0.01328357500957488, 0.012905521640083246, 0.012806686101790404, 0.01256569256360443, 0.01270015008783326, 0.013333718053885597, 0.014364706842779438, 0.015230812921928084, 0.016214173123414017, 0.017422309714956504, 0.01848297873673576, 0.019690103784110968, 0.02062988015396428, 0.021304326954883004, 0.021542023987470748, 0.021445001132587415, 0.02128479356968176, 0.021154257299581803, 0.020548768777841446, 0.020419411659703072, 0.020346908766621045, 0.02018386842926173, 0.020060715556614095, 0.019970155121820186, 0.019905412966441507, 0.019860328269953802, 0.019689549628068632, 0.019110038324468673, 0.018401772510693467, 0.01773443768827515, 0.01691379473734185, 0.0163889904882787, 0.015891976533507178, 0.015695148472402557, 0.015634975895130635, 0.01548249397414641, 0.015250362203767827, 0.01446715870868431, 0.013690714184349355, 0.013111437378948002, 0.01280400987898366, 0.012789088065484542, 0.012885508256999974, 0.012645414791893052, 0.012533763320360268, 0.01300792748125149, 0.014045480441271196, 0.015593406388961941, 0.017496649938682926, 0.01947963017829757, 0.021814960986639112, 0.0244888991790445, 0.027455202671237973, 0.030462142682767764, 0.03347516022004274, 0.03632355277573078, 0.03911728575744543, 0.041489125175428104, 0.043617926344794986, 0.04507509866910146, 0.045973158335007626, 0.046666313335408376, 0.047747911364257295, 0.04910015737076979, 0.051170936172887156, 0.05323921785426519, 0.05484930583024696, 0.05598397968583077, 0.056516639752925084, 0.05678375349578094, 0.05655312215346535, 0.05709318659280136, 0.05753330561326649, 0.05822424761198231, 0.05856641837777238, 0.058663546697002605, 0.05829520111627496, 0.058019458378357286, 0.05786276302771312, 0.057678835712609886, 0.05721489013034267, 0.05620972754199197, 0.05488023496470325, 0.05291870088860013, 0.05085359195424363, 0.04836971777146554, 0.045888993393773454, 0.04332790860019442, 0.040721243397433354, 0.03815348906679705, 0.03609755066086763, 0.03431153121207709, 0.03269994312791247, 0.03113246913067769, 0.029533434333839276, 0.02779284963423818, 0.02581340528028532, 0.023636664296078556, 0.021032966406022018, 0.018298152858289164, 0.015471223173718233, 0.012975006021594128, 0.011476514573927241, 0.011190786613452559, 0.012013514795745658, 0.013192708648177051, 0.0146026096239084, 0.016627808096549106, 0.019288816219412905, 0.022115031993867204, 0.024956066779425322, 0.027947127033299147, 0.030317719296220055, 0.03213024736687776, 0.033908117916643665, 0.035613155393420214, 0.03695858371541455, 0.0370883147011733, 0.035844860180821725, 0.03331269225961453, 0.030127822662769057, 0.026675716455458534, 0.02305094507263966, 0.019294584365168215, 0.016588874620184203, 0.013459760460278334, 0.010513659470637583, 0.008184205378854309, 0.005908681970234855, 0.003908372487361734, 0.002250880846271649, 0.001837561814419065, 0.003902446460586522, 0.00649131804032715, 0.008842266053540701, 0.011337576744963709, 0.013847821453172829, 0.016241515374979285, 0.018506880743639053, 0.020753891025054552, 0.022854281545735794, 0.025177910908837288, 0.027764777035113285, 0.0302577363231247, 0.032552204835272186, 0.033962244268502154, 0.03530995724171245, 0.036795414568091225, 0.03840706162943578, 0.039993850675796264, 0.04133645030179679, 0.04211247094820217, 0.04239213751353172, 0.042192499106345205, 0.04200269786908514, 0.041897190162155235, 0.041830932940717325, 0.04166737666619139, 0.04206882264734189, 0.0426127097658282, 0.042895687146734904, 0.04300135533202284, 0.04249799814293581, 0.041897582995049115, 0.04072077112408416, 0.03927976254850985, 0.037331499513228325, 0.035889992777759706, 0.03456359233645024, 0.033243529781910974, 0.03199033675126687, 0.03059935779738079, 0.029272240636492235, 0.027900707354997015, 0.02654938414970694, 0.02543173352052397, 0.024311103096379235, 0.023065212419431085, 0.021685454855791198, 0.02041159885695607, 0.019056064221564174, 0.017656707279948437, 0.01626614648165674, 0.015012383850973622, 0.013603567963072178, 0.012189757837366814, 0.010674529938407772, 0.009407142987148039, 0.008344525906195775, 0.007439054007672372, 0.0072034584519923735, 0.007775010970036668, 0.009047582903156274, 0.010731538882415681, 0.01253460028234948, 0.014333543563369548, 0.016070624592636203, 0.017817726146123574, 0.019557256660804743, 0.02116824086555951, 0.022529303997840977, 0.023628588936546305, 0.02391411988476377, 0.02359656311707365, 0.022355277074164143, 0.020961866673625245, 0.018393580144489934, 0.015660552711922182, 0.013874328661167971, 0.01254026736778108, 0.011812131260623127, 0.010800298354986543, 0.00961805971638548, 0.008471507575266851, 0.007656757785702683, 0.006719580941926242, 0.0056999472982024405, 0.005125787188458596, 0.00504686530895439, 0.005697178935649704, 0.006245540782853768, 0.0070976650798796875, 0.007900543705723831, 0.008755370167568399, 0.009807746909975117, 0.011209592216881203, 0.01276960312030194, 0.014467251258771754, 0.015865855510978952, 0.01751794577394112, 0.01978728846519214, 0.022540086452385207, 0.024859037758439572, 0.02589623397823137, 0.02611181133516041, 0.026565850619759173, 0.0272557734372972, 0.02776644526036269, 0.02799937699621002, 0.02818388188652303, 0.02806005928616626, 0.028083982827741123, 0.02781538632605852, 0.027763976455106594, 0.028120518002563644, 0.028688559534023904, 0.029389365084960088, 0.030059907204608147, 0.03052096911154336, 0.031053468449087778, 0.03142000488428638, 0.03173833045042581, 0.031892653890475096, 0.03198060527161537, 0.031944507243272385, 0.03180892531117334, 0.03180195743523648, 0.03175983113429147, 0.03185651864929952, 0.032146459060636644, 0.032526908876218445, 0.033087790299913135, 0.03370146462957083, 0.0342847740780508, 0.0344768243549477, 0.03441738754137779, 0.034008301029805295]",0.04200269786908514,0.08305372557411117,0.0029499277372894983,0.04189898035306372,0.0,0.0,0.06629434188183159,0.08305372557411117,0.0029499277372894983,0.04189898035306372,7.271999999999999,1717635307.986848,2024-06-06_10-55-07
0.5059,0.06888,0.44589167124872253,0.42163224337196903,0.06613619126802678,0.4040844223901078,0.5059,0.06888,0.5105603396079149,0.42163224337196903,0.06613619126802678,0.4040844223901078,0.041897190162155235,"[0.011315756658919754, 0.012192407496521018, 0.01288995615295488, 0.01359963525141729, 0.014321891165186378, 0.015181047888625853, 0.01592941522152252, 0.01673874496494045, 0.01751440457689525, 0.01835087734908702, 0.019202544572813795, 0.020070622325609303, 0.02095627718778323, 0.02186061264947246, 0.022737260153569413, 0.023681097053535004, 0.024646250751560458, 0.025633386418693636, 0.02659237614956749, 0.027623542314219474, 0.0286250346734827, 0.029647102596467904, 0.03056454213255984, 0.031680305841655834, 0.03263530150735364, 0.033606764937046466, 0.034593095597664145, 0.03536350794006898, 0.035930760474075646, 0.03631257033147624, 0.03661317474198803, 0.03688385713543919, 0.03738127616234113, 0.037934719347479336, 0.03858163380471939, 0.03921882339006296, 0.03999131852533767, 0.04074980907886149, 0.04127472956039594, 0.04151563832077664, 0.04151964454301027, 0.04123464219442919, 0.04096829512038153, 0.04056460486818273, 0.04028281736824196, 0.04000166841569801, 0.03919762289117317, 0.037812479337396496, 0.03622310391275238, 0.03453579653228067, 0.0330206041779641, 0.031565009966306234, 0.03054064037737075, 0.029904305612678588, 0.029394155816597912, 0.028896840658953926, 0.02825322628704274, 0.027685220830545497, 0.02666364029859006, 0.025486033827772144, 0.02414387260068274, 0.023028867611909868, 0.022681878550084772, 0.02299235797660897, 0.02387546679328945, 0.024738332374206702, 0.025547718436096926, 0.026640938816603423, 0.02759836215880636, 0.028240938725365098, 0.028199955208514017, 0.028168175430310402, 0.02767018559717724, 0.027414861073674215, 0.027239233260695786, 0.0274939869379551, 0.027874761581110984, 0.02868161073982207, 0.029514734605865275, 0.030345172291974937, 0.031248268714928727, 0.032298002681611045, 0.033509628354587276, 0.0348066615601669, 0.03569061118903811, 0.03631377821401384, 0.03654105211474412, 0.03646788532881584, 0.03572808397059345, 0.03427781350345514, 0.03309813106562172, 0.031639416134799855, 0.02970329439236902, 0.027599049067936567, 0.02603054913364457, 0.024090316372098155, 0.02220132238001286, 0.02051452966091278, 0.019044426362309692, 0.017805605247084858, 0.01643252777018217, 0.01523003850809785, 0.01424180324883461, 0.013706552220618947, 0.0130880570946912, 0.012988920737072255, 0.013178248200839212, 0.013386796436950147, 0.01359897371732897, 0.01439195864266014, 0.015495810506657983, 0.016686507754200334, 0.01807173050136072, 0.019341411872889052, 0.020370802976522343, 0.0213787239197115, 0.02262888584538598, 0.02401686851684336, 0.025523335513576738, 0.026670410326906566, 0.02758824337325398, 0.02810647098585074, 0.028219175888028712, 0.02804128716256827, 0.027840212128430745, 0.02799079668741686, 0.027988272685847155, 0.02831306909632167, 0.028434723397990712, 0.0285549391753426, 0.02832607944879636, 0.02800347501499142, 0.027460301198426997, 0.02681840364884072, 0.026203190519756815, 0.02552364346313934, 0.024940794741503684, 0.024553643852497812, 0.024009602077058226, 0.023587486328410737, 0.023053226444370627, 0.02237349941244249, 0.021247392964358097, 0.01948489409103017, 0.01759577829009665, 0.015969918059865678, 0.014849832783247986, 0.014164911869984548, 0.013546042864334782, 0.01328357500957488, 0.012905521640083246, 0.012806686101790404, 0.01256569256360443, 0.01270015008783326, 0.013333718053885597, 0.014364706842779438, 0.015230812921928084, 0.016214173123414017, 0.017422309714956504, 0.01848297873673576, 0.019690103784110968, 0.02062988015396428, 0.021304326954883004, 0.021542023987470748, 0.021445001132587415, 0.02128479356968176, 0.021154257299581803, 0.020548768777841446, 0.020419411659703072, 0.020346908766621045, 0.02018386842926173, 0.020060715556614095, 0.019970155121820186, 0.019905412966441507, 0.019860328269953802, 0.019689549628068632, 0.019110038324468673, 0.018401772510693467, 0.01773443768827515, 0.01691379473734185, 0.0163889904882787, 0.015891976533507178, 0.015695148472402557, 0.015634975895130635, 0.01548249397414641, 0.015250362203767827, 0.01446715870868431, 0.013690714184349355, 0.013111437378948002, 0.01280400987898366, 0.012789088065484542, 0.012885508256999974, 0.012645414791893052, 0.012533763320360268, 0.01300792748125149, 0.014045480441271196, 0.015593406388961941, 0.017496649938682926, 0.01947963017829757, 0.021814960986639112, 0.0244888991790445, 0.027455202671237973, 0.030462142682767764, 0.03347516022004274, 0.03632355277573078, 0.03911728575744543, 0.041489125175428104, 0.043617926344794986, 0.04507509866910146, 0.045973158335007626, 0.046666313335408376, 0.047747911364257295, 0.04910015737076979, 0.051170936172887156, 0.05323921785426519, 0.05484930583024696, 0.05598397968583077, 0.056516639752925084, 0.05678375349578094, 0.05655312215346535, 0.05709318659280136, 0.05753330561326649, 0.05822424761198231, 0.05856641837777238, 0.058663546697002605, 0.05829520111627496, 0.058019458378357286, 0.05786276302771312, 0.057678835712609886, 0.05721489013034267, 0.05620972754199197, 0.05488023496470325, 0.05291870088860013, 0.05085359195424363, 0.04836971777146554, 0.045888993393773454, 0.04332790860019442, 0.040721243397433354, 0.03815348906679705, 0.03609755066086763, 0.03431153121207709, 0.03269994312791247, 0.03113246913067769, 0.029533434333839276, 0.02779284963423818, 0.02581340528028532, 0.023636664296078556, 0.021032966406022018, 0.018298152858289164, 0.015471223173718233, 0.012975006021594128, 0.011476514573927241, 0.011190786613452559, 0.012013514795745658, 0.013192708648177051, 0.0146026096239084, 0.016627808096549106, 0.019288816219412905, 0.022115031993867204, 0.024956066779425322, 0.027947127033299147, 0.030317719296220055, 0.03213024736687776, 0.033908117916643665, 0.035613155393420214, 0.03695858371541455, 0.0370883147011733, 0.035844860180821725, 0.03331269225961453, 0.030127822662769057, 0.026675716455458534, 0.02305094507263966, 0.019294584365168215, 0.016588874620184203, 0.013459760460278334, 0.010513659470637583, 0.008184205378854309, 0.005908681970234855, 0.003908372487361734, 0.002250880846271649, 0.001837561814419065, 0.003902446460586522, 0.00649131804032715, 0.008842266053540701, 0.011337576744963709, 0.013847821453172829, 0.016241515374979285, 0.018506880743639053, 0.020753891025054552, 0.022854281545735794, 0.025177910908837288, 0.027764777035113285, 0.0302577363231247, 0.032552204835272186, 0.033962244268502154, 0.03530995724171245, 0.036795414568091225, 0.03840706162943578, 0.039993850675796264, 0.04133645030179679, 0.04211247094820217, 0.04239213751353172, 0.042192499106345205, 0.04200269786908514, 0.041897190162155235, 0.041830932940717325, 0.04166737666619139, 0.04206882264734189, 0.0426127097658282, 0.042895687146734904, 0.04300135533202284, 0.04249799814293581, 0.041897582995049115, 0.04072077112408416, 0.03927976254850985, 0.037331499513228325, 0.035889992777759706, 0.03456359233645024, 0.033243529781910974, 0.03199033675126687, 0.03059935779738079, 0.029272240636492235, 0.027900707354997015, 0.02654938414970694, 0.02543173352052397, 0.024311103096379235, 0.023065212419431085, 0.021685454855791198, 0.02041159885695607, 0.019056064221564174, 0.017656707279948437, 0.01626614648165674, 0.015012383850973622, 0.013603567963072178, 0.012189757837366814, 0.010674529938407772, 0.009407142987148039, 0.008344525906195775, 0.007439054007672372, 0.0072034584519923735, 0.007775010970036668, 0.009047582903156274, 0.010731538882415681, 0.01253460028234948, 0.014333543563369548, 0.016070624592636203, 0.017817726146123574, 0.019557256660804743, 0.02116824086555951, 0.022529303997840977, 0.023628588936546305, 0.02391411988476377, 0.02359656311707365, 0.022355277074164143, 0.020961866673625245, 0.018393580144489934, 0.015660552711922182, 0.013874328661167971, 0.01254026736778108, 0.011812131260623127, 0.010800298354986543, 0.00961805971638548, 0.008471507575266851, 0.007656757785702683, 0.006719580941926242, 0.0056999472982024405, 0.005125787188458596, 0.00504686530895439, 0.005697178935649704, 0.006245540782853768, 0.0070976650798796875, 0.007900543705723831, 0.008755370167568399, 0.009807746909975117, 0.011209592216881203, 0.01276960312030194, 0.014467251258771754, 0.015865855510978952, 0.01751794577394112, 0.01978728846519214, 0.022540086452385207, 0.024859037758439572, 0.02589623397823137, 0.02611181133516041, 0.026565850619759173, 0.0272557734372972, 0.02776644526036269, 0.02799937699621002, 0.02818388188652303, 0.02806005928616626, 0.028083982827741123, 0.02781538632605852, 0.027763976455106594, 0.028120518002563644, 0.028688559534023904, 0.029389365084960088, 0.030059907204608147, 0.03052096911154336, 0.031053468449087778, 0.03142000488428638, 0.03173833045042581, 0.031892653890475096, 0.03198060527161537, 0.031944507243272385, 0.03180892531117334, 0.03180195743523648, 0.03175983113429147, 0.03185651864929952, 0.032146459060636644, 0.032526908876218445, 0.033087790299913135, 0.03370146462957083, 0.0342847740780508, 0.0344768243549477, 0.03441738754137779, 0.034008301029805295]",0.041897190162155235,0.08426775662803099,0.0027438087319732185,0.041807248858614754,0.0,0.0,0.06466866835919238,0.08426775662803099,0.0027438087319732185,0.041807248858614754,7.296,1717635308.0109215,2024-06-06_10-55-08
0.5059,0.0696,0.44722965839600926,0.42017519878106213,0.06746961240166648,0.4054530094235072,0.5059,0.0696,0.5096275001092159,0.42017519878106213,0.06746961240166648,0.4054530094235072,0.041830932940717325,"[0.011315756658919754, 0.012192407496521018, 0.01288995615295488, 0.01359963525141729, 0.014321891165186378, 0.015181047888625853, 0.01592941522152252, 0.01673874496494045, 0.01751440457689525, 0.01835087734908702, 0.019202544572813795, 0.020070622325609303, 0.02095627718778323, 0.02186061264947246, 0.022737260153569413, 0.023681097053535004, 0.024646250751560458, 0.025633386418693636, 0.02659237614956749, 0.027623542314219474, 0.0286250346734827, 0.029647102596467904, 0.03056454213255984, 0.031680305841655834, 0.03263530150735364, 0.033606764937046466, 0.034593095597664145, 0.03536350794006898, 0.035930760474075646, 0.03631257033147624, 0.03661317474198803, 0.03688385713543919, 0.03738127616234113, 0.037934719347479336, 0.03858163380471939, 0.03921882339006296, 0.03999131852533767, 0.04074980907886149, 0.04127472956039594, 0.04151563832077664, 0.04151964454301027, 0.04123464219442919, 0.04096829512038153, 0.04056460486818273, 0.04028281736824196, 0.04000166841569801, 0.03919762289117317, 0.037812479337396496, 0.03622310391275238, 0.03453579653228067, 0.0330206041779641, 0.031565009966306234, 0.03054064037737075, 0.029904305612678588, 0.029394155816597912, 0.028896840658953926, 0.02825322628704274, 0.027685220830545497, 0.02666364029859006, 0.025486033827772144, 0.02414387260068274, 0.023028867611909868, 0.022681878550084772, 0.02299235797660897, 0.02387546679328945, 0.024738332374206702, 0.025547718436096926, 0.026640938816603423, 0.02759836215880636, 0.028240938725365098, 0.028199955208514017, 0.028168175430310402, 0.02767018559717724, 0.027414861073674215, 0.027239233260695786, 0.0274939869379551, 0.027874761581110984, 0.02868161073982207, 0.029514734605865275, 0.030345172291974937, 0.031248268714928727, 0.032298002681611045, 0.033509628354587276, 0.0348066615601669, 0.03569061118903811, 0.03631377821401384, 0.03654105211474412, 0.03646788532881584, 0.03572808397059345, 0.03427781350345514, 0.03309813106562172, 0.031639416134799855, 0.02970329439236902, 0.027599049067936567, 0.02603054913364457, 0.024090316372098155, 0.02220132238001286, 0.02051452966091278, 0.019044426362309692, 0.017805605247084858, 0.01643252777018217, 0.01523003850809785, 0.01424180324883461, 0.013706552220618947, 0.0130880570946912, 0.012988920737072255, 0.013178248200839212, 0.013386796436950147, 0.01359897371732897, 0.01439195864266014, 0.015495810506657983, 0.016686507754200334, 0.01807173050136072, 0.019341411872889052, 0.020370802976522343, 0.0213787239197115, 0.02262888584538598, 0.02401686851684336, 0.025523335513576738, 0.026670410326906566, 0.02758824337325398, 0.02810647098585074, 0.028219175888028712, 0.02804128716256827, 0.027840212128430745, 0.02799079668741686, 0.027988272685847155, 0.02831306909632167, 0.028434723397990712, 0.0285549391753426, 0.02832607944879636, 0.02800347501499142, 0.027460301198426997, 0.02681840364884072, 0.026203190519756815, 0.02552364346313934, 0.024940794741503684, 0.024553643852497812, 0.024009602077058226, 0.023587486328410737, 0.023053226444370627, 0.02237349941244249, 0.021247392964358097, 0.01948489409103017, 0.01759577829009665, 0.015969918059865678, 0.014849832783247986, 0.014164911869984548, 0.013546042864334782, 0.01328357500957488, 0.012905521640083246, 0.012806686101790404, 0.01256569256360443, 0.01270015008783326, 0.013333718053885597, 0.014364706842779438, 0.015230812921928084, 0.016214173123414017, 0.017422309714956504, 0.01848297873673576, 0.019690103784110968, 0.02062988015396428, 0.021304326954883004, 0.021542023987470748, 0.021445001132587415, 0.02128479356968176, 0.021154257299581803, 0.020548768777841446, 0.020419411659703072, 0.020346908766621045, 0.02018386842926173, 0.020060715556614095, 0.019970155121820186, 0.019905412966441507, 0.019860328269953802, 0.019689549628068632, 0.019110038324468673, 0.018401772510693467, 0.01773443768827515, 0.01691379473734185, 0.0163889904882787, 0.015891976533507178, 0.015695148472402557, 0.015634975895130635, 0.01548249397414641, 0.015250362203767827, 0.01446715870868431, 0.013690714184349355, 0.013111437378948002, 0.01280400987898366, 0.012789088065484542, 0.012885508256999974, 0.012645414791893052, 0.012533763320360268, 0.01300792748125149, 0.014045480441271196, 0.015593406388961941, 0.017496649938682926, 0.01947963017829757, 0.021814960986639112, 0.0244888991790445, 0.027455202671237973, 0.030462142682767764, 0.03347516022004274, 0.03632355277573078, 0.03911728575744543, 0.041489125175428104, 0.043617926344794986, 0.04507509866910146, 0.045973158335007626, 0.046666313335408376, 0.047747911364257295, 0.04910015737076979, 0.051170936172887156, 0.05323921785426519, 0.05484930583024696, 0.05598397968583077, 0.056516639752925084, 0.05678375349578094, 0.05655312215346535, 0.05709318659280136, 0.05753330561326649, 0.05822424761198231, 0.05856641837777238, 0.058663546697002605, 0.05829520111627496, 0.058019458378357286, 0.05786276302771312, 0.057678835712609886, 0.05721489013034267, 0.05620972754199197, 0.05488023496470325, 0.05291870088860013, 0.05085359195424363, 0.04836971777146554, 0.045888993393773454, 0.04332790860019442, 0.040721243397433354, 0.03815348906679705, 0.03609755066086763, 0.03431153121207709, 0.03269994312791247, 0.03113246913067769, 0.029533434333839276, 0.02779284963423818, 0.02581340528028532, 0.023636664296078556, 0.021032966406022018, 0.018298152858289164, 0.015471223173718233, 0.012975006021594128, 0.011476514573927241, 0.011190786613452559, 0.012013514795745658, 0.013192708648177051, 0.0146026096239084, 0.016627808096549106, 0.019288816219412905, 0.022115031993867204, 0.024956066779425322, 0.027947127033299147, 0.030317719296220055, 0.03213024736687776, 0.033908117916643665, 0.035613155393420214, 0.03695858371541455, 0.0370883147011733, 0.035844860180821725, 0.03331269225961453, 0.030127822662769057, 0.026675716455458534, 0.02305094507263966, 0.019294584365168215, 0.016588874620184203, 0.013459760460278334, 0.010513659470637583, 0.008184205378854309, 0.005908681970234855, 0.003908372487361734, 0.002250880846271649, 0.001837561814419065, 0.003902446460586522, 0.00649131804032715, 0.008842266053540701, 0.011337576744963709, 0.013847821453172829, 0.016241515374979285, 0.018506880743639053, 0.020753891025054552, 0.022854281545735794, 0.025177910908837288, 0.027764777035113285, 0.0302577363231247, 0.032552204835272186, 0.033962244268502154, 0.03530995724171245, 0.036795414568091225, 0.03840706162943578, 0.039993850675796264, 0.04133645030179679, 0.04211247094820217, 0.04239213751353172, 0.042192499106345205, 0.04200269786908514, 0.041897190162155235, 0.041830932940717325, 0.04166737666619139, 0.04206882264734189, 0.0426127097658282, 0.042895687146734904, 0.04300135533202284, 0.04249799814293581, 0.041897582995049115, 0.04072077112408416, 0.03927976254850985, 0.037331499513228325, 0.035889992777759706, 0.03456359233645024, 0.033243529781910974, 0.03199033675126687, 0.03059935779738079, 0.029272240636492235, 0.027900707354997015, 0.02654938414970694, 0.02543173352052397, 0.024311103096379235, 0.023065212419431085, 0.021685454855791198, 0.02041159885695607, 0.019056064221564174, 0.017656707279948437, 0.01626614648165674, 0.015012383850973622, 0.013603567963072178, 0.012189757837366814, 0.010674529938407772, 0.009407142987148039, 0.008344525906195775, 0.007439054007672372, 0.0072034584519923735, 0.007775010970036668, 0.009047582903156274, 0.010731538882415681, 0.01253460028234948, 0.014333543563369548, 0.016070624592636203, 0.017817726146123574, 0.019557256660804743, 0.02116824086555951, 0.022529303997840977, 0.023628588936546305, 0.02391411988476377, 0.02359656311707365, 0.022355277074164143, 0.020961866673625245, 0.018393580144489934, 0.015660552711922182, 0.013874328661167971, 0.01254026736778108, 0.011812131260623127, 0.010800298354986543, 0.00961805971638548, 0.008471507575266851, 0.007656757785702683, 0.006719580941926242, 0.0056999472982024405, 0.005125787188458596, 0.00504686530895439, 0.005697178935649704, 0.006245540782853768, 0.0070976650798796875, 0.007900543705723831, 0.008755370167568399, 0.009807746909975117, 0.011209592216881203, 0.01276960312030194, 0.014467251258771754, 0.015865855510978952, 0.01751794577394112, 0.01978728846519214, 0.022540086452385207, 0.024859037758439572, 0.02589623397823137, 0.02611181133516041, 0.026565850619759173, 0.0272557734372972, 0.02776644526036269, 0.02799937699621002, 0.02818388188652303, 0.02806005928616626, 0.028083982827741123, 0.02781538632605852, 0.027763976455106594, 0.028120518002563644, 0.028688559534023904, 0.029389365084960088, 0.030059907204608147, 0.03052096911154336, 0.031053468449087778, 0.03142000488428638, 0.03173833045042581, 0.031892653890475096, 0.03198060527161537, 0.031944507243272385, 0.03180892531117334, 0.03180195743523648, 0.03175983113429147, 0.03185651864929952, 0.032146459060636644, 0.032526908876218445, 0.033087790299913135, 0.03370146462957083, 0.0342847740780508, 0.0344768243549477, 0.03441738754137779, 0.034008301029805295]",0.041830932940717325,0.08572480121893788,0.002130387598333519,0.04177664897250205,0.0,0.0,0.062397841713206614,0.08572480121893788,0.002130387598333519,0.04177664897250205,7.32,1717635308.0382779,2024-06-06_10-55-08
0.5059,0.07032000000000002,0.4484994109962297,0.4185105724906302,0.06906154852770181,0.40685104274327,0.5059,0.07032000000000002,0.5084973954387815,0.4185105724906302,0.06906154852770181,0.40685104274327,0.04166737666619139,"[0.011315756658919754, 0.012192407496521018, 0.01288995615295488, 0.01359963525141729, 0.014321891165186378, 0.015181047888625853, 0.01592941522152252, 0.01673874496494045, 0.01751440457689525, 0.01835087734908702, 0.019202544572813795, 0.020070622325609303, 0.02095627718778323, 0.02186061264947246, 0.022737260153569413, 0.023681097053535004, 0.024646250751560458, 0.025633386418693636, 0.02659237614956749, 0.027623542314219474, 0.0286250346734827, 0.029647102596467904, 0.03056454213255984, 0.031680305841655834, 0.03263530150735364, 0.033606764937046466, 0.034593095597664145, 0.03536350794006898, 0.035930760474075646, 0.03631257033147624, 0.03661317474198803, 0.03688385713543919, 0.03738127616234113, 0.037934719347479336, 0.03858163380471939, 0.03921882339006296, 0.03999131852533767, 0.04074980907886149, 0.04127472956039594, 0.04151563832077664, 0.04151964454301027, 0.04123464219442919, 0.04096829512038153, 0.04056460486818273, 0.04028281736824196, 0.04000166841569801, 0.03919762289117317, 0.037812479337396496, 0.03622310391275238, 0.03453579653228067, 0.0330206041779641, 0.031565009966306234, 0.03054064037737075, 0.029904305612678588, 0.029394155816597912, 0.028896840658953926, 0.02825322628704274, 0.027685220830545497, 0.02666364029859006, 0.025486033827772144, 0.02414387260068274, 0.023028867611909868, 0.022681878550084772, 0.02299235797660897, 0.02387546679328945, 0.024738332374206702, 0.025547718436096926, 0.026640938816603423, 0.02759836215880636, 0.028240938725365098, 0.028199955208514017, 0.028168175430310402, 0.02767018559717724, 0.027414861073674215, 0.027239233260695786, 0.0274939869379551, 0.027874761581110984, 0.02868161073982207, 0.029514734605865275, 0.030345172291974937, 0.031248268714928727, 0.032298002681611045, 0.033509628354587276, 0.0348066615601669, 0.03569061118903811, 0.03631377821401384, 0.03654105211474412, 0.03646788532881584, 0.03572808397059345, 0.03427781350345514, 0.03309813106562172, 0.031639416134799855, 0.02970329439236902, 0.027599049067936567, 0.02603054913364457, 0.024090316372098155, 0.02220132238001286, 0.02051452966091278, 0.019044426362309692, 0.017805605247084858, 0.01643252777018217, 0.01523003850809785, 0.01424180324883461, 0.013706552220618947, 0.0130880570946912, 0.012988920737072255, 0.013178248200839212, 0.013386796436950147, 0.01359897371732897, 0.01439195864266014, 0.015495810506657983, 0.016686507754200334, 0.01807173050136072, 0.019341411872889052, 0.020370802976522343, 0.0213787239197115, 0.02262888584538598, 0.02401686851684336, 0.025523335513576738, 0.026670410326906566, 0.02758824337325398, 0.02810647098585074, 0.028219175888028712, 0.02804128716256827, 0.027840212128430745, 0.02799079668741686, 0.027988272685847155, 0.02831306909632167, 0.028434723397990712, 0.0285549391753426, 0.02832607944879636, 0.02800347501499142, 0.027460301198426997, 0.02681840364884072, 0.026203190519756815, 0.02552364346313934, 0.024940794741503684, 0.024553643852497812, 0.024009602077058226, 0.023587486328410737, 0.023053226444370627, 0.02237349941244249, 0.021247392964358097, 0.01948489409103017, 0.01759577829009665, 0.015969918059865678, 0.014849832783247986, 0.014164911869984548, 0.013546042864334782, 0.01328357500957488, 0.012905521640083246, 0.012806686101790404, 0.01256569256360443, 0.01270015008783326, 0.013333718053885597, 0.014364706842779438, 0.015230812921928084, 0.016214173123414017, 0.017422309714956504, 0.01848297873673576, 0.019690103784110968, 0.02062988015396428, 0.021304326954883004, 0.021542023987470748, 0.021445001132587415, 0.02128479356968176, 0.021154257299581803, 0.020548768777841446, 0.020419411659703072, 0.020346908766621045, 0.02018386842926173, 0.020060715556614095, 0.019970155121820186, 0.019905412966441507, 0.019860328269953802, 0.019689549628068632, 0.019110038324468673, 0.018401772510693467, 0.01773443768827515, 0.01691379473734185, 0.0163889904882787, 0.015891976533507178, 0.015695148472402557, 0.015634975895130635, 0.01548249397414641, 0.015250362203767827, 0.01446715870868431, 0.013690714184349355, 0.013111437378948002, 0.01280400987898366, 0.012789088065484542, 0.012885508256999974, 0.012645414791893052, 0.012533763320360268, 0.01300792748125149, 0.014045480441271196, 0.015593406388961941, 0.017496649938682926, 0.01947963017829757, 0.021814960986639112, 0.0244888991790445, 0.027455202671237973, 0.030462142682767764, 0.03347516022004274, 0.03632355277573078, 0.03911728575744543, 0.041489125175428104, 0.043617926344794986, 0.04507509866910146, 0.045973158335007626, 0.046666313335408376, 0.047747911364257295, 0.04910015737076979, 0.051170936172887156, 0.05323921785426519, 0.05484930583024696, 0.05598397968583077, 0.056516639752925084, 0.05678375349578094, 0.05655312215346535, 0.05709318659280136, 0.05753330561326649, 0.05822424761198231, 0.05856641837777238, 0.058663546697002605, 0.05829520111627496, 0.058019458378357286, 0.05786276302771312, 0.057678835712609886, 0.05721489013034267, 0.05620972754199197, 0.05488023496470325, 0.05291870088860013, 0.05085359195424363, 0.04836971777146554, 0.045888993393773454, 0.04332790860019442, 0.040721243397433354, 0.03815348906679705, 0.03609755066086763, 0.03431153121207709, 0.03269994312791247, 0.03113246913067769, 0.029533434333839276, 0.02779284963423818, 0.02581340528028532, 0.023636664296078556, 0.021032966406022018, 0.018298152858289164, 0.015471223173718233, 0.012975006021594128, 0.011476514573927241, 0.011190786613452559, 0.012013514795745658, 0.013192708648177051, 0.0146026096239084, 0.016627808096549106, 0.019288816219412905, 0.022115031993867204, 0.024956066779425322, 0.027947127033299147, 0.030317719296220055, 0.03213024736687776, 0.033908117916643665, 0.035613155393420214, 0.03695858371541455, 0.0370883147011733, 0.035844860180821725, 0.03331269225961453, 0.030127822662769057, 0.026675716455458534, 0.02305094507263966, 0.019294584365168215, 0.016588874620184203, 0.013459760460278334, 0.010513659470637583, 0.008184205378854309, 0.005908681970234855, 0.003908372487361734, 0.002250880846271649, 0.001837561814419065, 0.003902446460586522, 0.00649131804032715, 0.008842266053540701, 0.011337576744963709, 0.013847821453172829, 0.016241515374979285, 0.018506880743639053, 0.020753891025054552, 0.022854281545735794, 0.025177910908837288, 0.027764777035113285, 0.0302577363231247, 0.032552204835272186, 0.033962244268502154, 0.03530995724171245, 0.036795414568091225, 0.03840706162943578, 0.039993850675796264, 0.04133645030179679, 0.04211247094820217, 0.04239213751353172, 0.042192499106345205, 0.04200269786908514, 0.041897190162155235, 0.041830932940717325, 0.04166737666619139, 0.04206882264734189, 0.0426127097658282, 0.042895687146734904, 0.04300135533202284, 0.04249799814293581, 0.041897582995049115, 0.04072077112408416, 0.03927976254850985, 0.037331499513228325, 0.035889992777759706, 0.03456359233645024, 0.033243529781910974, 0.03199033675126687, 0.03059935779738079, 0.029272240636492235, 0.027900707354997015, 0.02654938414970694, 0.02543173352052397, 0.024311103096379235, 0.023065212419431085, 0.021685454855791198, 0.02041159885695607, 0.019056064221564174, 0.017656707279948437, 0.01626614648165674, 0.015012383850973622, 0.013603567963072178, 0.012189757837366814, 0.010674529938407772, 0.009407142987148039, 0.008344525906195775, 0.007439054007672372, 0.0072034584519923735, 0.007775010970036668, 0.009047582903156274, 0.010731538882415681, 0.01253460028234948, 0.014333543563369548, 0.016070624592636203, 0.017817726146123574, 0.019557256660804743, 0.02116824086555951, 0.022529303997840977, 0.023628588936546305, 0.02391411988476377, 0.02359656311707365, 0.022355277074164143, 0.020961866673625245, 0.018393580144489934, 0.015660552711922182, 0.013874328661167971, 0.01254026736778108, 0.011812131260623127, 0.010800298354986543, 0.00961805971638548, 0.008471507575266851, 0.007656757785702683, 0.006719580941926242, 0.0056999472982024405, 0.005125787188458596, 0.00504686530895439, 0.005697178935649704, 0.006245540782853768, 0.0070976650798796875, 0.007900543705723831, 0.008755370167568399, 0.009807746909975117, 0.011209592216881203, 0.01276960312030194, 0.014467251258771754, 0.015865855510978952, 0.01751794577394112, 0.01978728846519214, 0.022540086452385207, 0.024859037758439572, 0.02589623397823137, 0.02611181133516041, 0.026565850619759173, 0.0272557734372972, 0.02776644526036269, 0.02799937699621002, 0.02818388188652303, 0.02806005928616626, 0.028083982827741123, 0.02781538632605852, 0.027763976455106594, 0.028120518002563644, 0.028688559534023904, 0.029389365084960088, 0.030059907204608147, 0.03052096911154336, 0.031053468449087778, 0.03142000488428638, 0.03173833045042581, 0.031892653890475096, 0.03198060527161537, 0.031944507243272385, 0.03180892531117334, 0.03180195743523648, 0.03175983113429147, 0.03185651864929952, 0.032146459060636644, 0.032526908876218445, 0.033087790299913135, 0.03370146462957083, 0.0342847740780508, 0.0344768243549477, 0.03441738754137779, 0.034008301029805295]",0.04166737666619139,0.08738942750936984,0.0012584514722982082,0.0416483682529597,0.0,0.0,0.05999798444255178,0.08738942750936984,0.0012584514722982082,0.0416483682529597,7.344,1717635308.0609257,2024-06-06_10-55-08
0.5059,0.07103999999999999,0.44969314926444687,0.41696947221460107,0.07081576780114378,0.4076249242144819,0.5059,0.07103999999999999,0.5072912764363436,0.41696947221460107,0.07081576780114378,0.4076249242144819,0.04206882264734189,"[0.011315756658919754, 0.012192407496521018, 0.01288995615295488, 0.01359963525141729, 0.014321891165186378, 0.015181047888625853, 0.01592941522152252, 0.01673874496494045, 0.01751440457689525, 0.01835087734908702, 0.019202544572813795, 0.020070622325609303, 0.02095627718778323, 0.02186061264947246, 0.022737260153569413, 0.023681097053535004, 0.024646250751560458, 0.025633386418693636, 0.02659237614956749, 0.027623542314219474, 0.0286250346734827, 0.029647102596467904, 0.03056454213255984, 0.031680305841655834, 0.03263530150735364, 0.033606764937046466, 0.034593095597664145, 0.03536350794006898, 0.035930760474075646, 0.03631257033147624, 0.03661317474198803, 0.03688385713543919, 0.03738127616234113, 0.037934719347479336, 0.03858163380471939, 0.03921882339006296, 0.03999131852533767, 0.04074980907886149, 0.04127472956039594, 0.04151563832077664, 0.04151964454301027, 0.04123464219442919, 0.04096829512038153, 0.04056460486818273, 0.04028281736824196, 0.04000166841569801, 0.03919762289117317, 0.037812479337396496, 0.03622310391275238, 0.03453579653228067, 0.0330206041779641, 0.031565009966306234, 0.03054064037737075, 0.029904305612678588, 0.029394155816597912, 0.028896840658953926, 0.02825322628704274, 0.027685220830545497, 0.02666364029859006, 0.025486033827772144, 0.02414387260068274, 0.023028867611909868, 0.022681878550084772, 0.02299235797660897, 0.02387546679328945, 0.024738332374206702, 0.025547718436096926, 0.026640938816603423, 0.02759836215880636, 0.028240938725365098, 0.028199955208514017, 0.028168175430310402, 0.02767018559717724, 0.027414861073674215, 0.027239233260695786, 0.0274939869379551, 0.027874761581110984, 0.02868161073982207, 0.029514734605865275, 0.030345172291974937, 0.031248268714928727, 0.032298002681611045, 0.033509628354587276, 0.0348066615601669, 0.03569061118903811, 0.03631377821401384, 0.03654105211474412, 0.03646788532881584, 0.03572808397059345, 0.03427781350345514, 0.03309813106562172, 0.031639416134799855, 0.02970329439236902, 0.027599049067936567, 0.02603054913364457, 0.024090316372098155, 0.02220132238001286, 0.02051452966091278, 0.019044426362309692, 0.017805605247084858, 0.01643252777018217, 0.01523003850809785, 0.01424180324883461, 0.013706552220618947, 0.0130880570946912, 0.012988920737072255, 0.013178248200839212, 0.013386796436950147, 0.01359897371732897, 0.01439195864266014, 0.015495810506657983, 0.016686507754200334, 0.01807173050136072, 0.019341411872889052, 0.020370802976522343, 0.0213787239197115, 0.02262888584538598, 0.02401686851684336, 0.025523335513576738, 0.026670410326906566, 0.02758824337325398, 0.02810647098585074, 0.028219175888028712, 0.02804128716256827, 0.027840212128430745, 0.02799079668741686, 0.027988272685847155, 0.02831306909632167, 0.028434723397990712, 0.0285549391753426, 0.02832607944879636, 0.02800347501499142, 0.027460301198426997, 0.02681840364884072, 0.026203190519756815, 0.02552364346313934, 0.024940794741503684, 0.024553643852497812, 0.024009602077058226, 0.023587486328410737, 0.023053226444370627, 0.02237349941244249, 0.021247392964358097, 0.01948489409103017, 0.01759577829009665, 0.015969918059865678, 0.014849832783247986, 0.014164911869984548, 0.013546042864334782, 0.01328357500957488, 0.012905521640083246, 0.012806686101790404, 0.01256569256360443, 0.01270015008783326, 0.013333718053885597, 0.014364706842779438, 0.015230812921928084, 0.016214173123414017, 0.017422309714956504, 0.01848297873673576, 0.019690103784110968, 0.02062988015396428, 0.021304326954883004, 0.021542023987470748, 0.021445001132587415, 0.02128479356968176, 0.021154257299581803, 0.020548768777841446, 0.020419411659703072, 0.020346908766621045, 0.02018386842926173, 0.020060715556614095, 0.019970155121820186, 0.019905412966441507, 0.019860328269953802, 0.019689549628068632, 0.019110038324468673, 0.018401772510693467, 0.01773443768827515, 0.01691379473734185, 0.0163889904882787, 0.015891976533507178, 0.015695148472402557, 0.015634975895130635, 0.01548249397414641, 0.015250362203767827, 0.01446715870868431, 0.013690714184349355, 0.013111437378948002, 0.01280400987898366, 0.012789088065484542, 0.012885508256999974, 0.012645414791893052, 0.012533763320360268, 0.01300792748125149, 0.014045480441271196, 0.015593406388961941, 0.017496649938682926, 0.01947963017829757, 0.021814960986639112, 0.0244888991790445, 0.027455202671237973, 0.030462142682767764, 0.03347516022004274, 0.03632355277573078, 0.03911728575744543, 0.041489125175428104, 0.043617926344794986, 0.04507509866910146, 0.045973158335007626, 0.046666313335408376, 0.047747911364257295, 0.04910015737076979, 0.051170936172887156, 0.05323921785426519, 0.05484930583024696, 0.05598397968583077, 0.056516639752925084, 0.05678375349578094, 0.05655312215346535, 0.05709318659280136, 0.05753330561326649, 0.05822424761198231, 0.05856641837777238, 0.058663546697002605, 0.05829520111627496, 0.058019458378357286, 0.05786276302771312, 0.057678835712609886, 0.05721489013034267, 0.05620972754199197, 0.05488023496470325, 0.05291870088860013, 0.05085359195424363, 0.04836971777146554, 0.045888993393773454, 0.04332790860019442, 0.040721243397433354, 0.03815348906679705, 0.03609755066086763, 0.03431153121207709, 0.03269994312791247, 0.03113246913067769, 0.029533434333839276, 0.02779284963423818, 0.02581340528028532, 0.023636664296078556, 0.021032966406022018, 0.018298152858289164, 0.015471223173718233, 0.012975006021594128, 0.011476514573927241, 0.011190786613452559, 0.012013514795745658, 0.013192708648177051, 0.0146026096239084, 0.016627808096549106, 0.019288816219412905, 0.022115031993867204, 0.024956066779425322, 0.027947127033299147, 0.030317719296220055, 0.03213024736687776, 0.033908117916643665, 0.035613155393420214, 0.03695858371541455, 0.0370883147011733, 0.035844860180821725, 0.03331269225961453, 0.030127822662769057, 0.026675716455458534, 0.02305094507263966, 0.019294584365168215, 0.016588874620184203, 0.013459760460278334, 0.010513659470637583, 0.008184205378854309, 0.005908681970234855, 0.003908372487361734, 0.002250880846271649, 0.001837561814419065, 0.003902446460586522, 0.00649131804032715, 0.008842266053540701, 0.011337576744963709, 0.013847821453172829, 0.016241515374979285, 0.018506880743639053, 0.020753891025054552, 0.022854281545735794, 0.025177910908837288, 0.027764777035113285, 0.0302577363231247, 0.032552204835272186, 0.033962244268502154, 0.03530995724171245, 0.036795414568091225, 0.03840706162943578, 0.039993850675796264, 0.04133645030179679, 0.04211247094820217, 0.04239213751353172, 0.042192499106345205, 0.04200269786908514, 0.041897190162155235, 0.041830932940717325, 0.04166737666619139, 0.04206882264734189, 0.0426127097658282, 0.042895687146734904, 0.04300135533202284, 0.04249799814293581, 0.041897582995049115, 0.04072077112408416, 0.03927976254850985, 0.037331499513228325, 0.035889992777759706, 0.03456359233645024, 0.033243529781910974, 0.03199033675126687, 0.03059935779738079, 0.029272240636492235, 0.027900707354997015, 0.02654938414970694, 0.02543173352052397, 0.024311103096379235, 0.023065212419431085, 0.021685454855791198, 0.02041159885695607, 0.019056064221564174, 0.017656707279948437, 0.01626614648165674, 0.015012383850973622, 0.013603567963072178, 0.012189757837366814, 0.010674529938407772, 0.009407142987148039, 0.008344525906195775, 0.007439054007672372, 0.0072034584519923735, 0.007775010970036668, 0.009047582903156274, 0.010731538882415681, 0.01253460028234948, 0.014333543563369548, 0.016070624592636203, 0.017817726146123574, 0.019557256660804743, 0.02116824086555951, 0.022529303997840977, 0.023628588936546305, 0.02391411988476377, 0.02359656311707365, 0.022355277074164143, 0.020961866673625245, 0.018393580144489934, 0.015660552711922182, 0.013874328661167971, 0.01254026736778108, 0.011812131260623127, 0.010800298354986543, 0.00961805971638548, 0.008471507575266851, 0.007656757785702683, 0.006719580941926242, 0.0056999472982024405, 0.005125787188458596, 0.00504686530895439, 0.005697178935649704, 0.006245540782853768, 0.0070976650798796875, 0.007900543705723831, 0.008755370167568399, 0.009807746909975117, 0.011209592216881203, 0.01276960312030194, 0.014467251258771754, 0.015865855510978952, 0.01751794577394112, 0.01978728846519214, 0.022540086452385207, 0.024859037758439572, 0.02589623397823137, 0.02611181133516041, 0.026565850619759173, 0.0272557734372972, 0.02776644526036269, 0.02799937699621002, 0.02818388188652303, 0.02806005928616626, 0.028083982827741123, 0.02781538632605852, 0.027763976455106594, 0.028120518002563644, 0.028688559534023904, 0.029389365084960088, 0.030059907204608147, 0.03052096911154336, 0.031053468449087778, 0.03142000488428638, 0.03173833045042581, 0.031892653890475096, 0.03198060527161537, 0.031944507243272385, 0.03180892531117334, 0.03180195743523648, 0.03175983113429147, 0.03185651864929952, 0.032146459060636644, 0.032526908876218445, 0.033087790299913135, 0.03370146462957083, 0.0342847740780508, 0.0344768243549477, 0.03441738754137779, 0.034008301029805295]",0.04206882264734189,0.08893052778539895,0.00022423219885621404,0.04206822504996499,0.0,0.0,0.057598127171896774,0.08893052778539895,0.00022423219885621404,0.04206822504996499,7.368,1717635308.0851254,2024-06-06_10-55-08
0.5059,0.07175999999999999,0.45080356527585236,0.4158641394872988,0.0720518356231361,0.408191854848368,0.5059,0.07175999999999999,0.5060018351770942,0.4158641394872988,0.0720518356231361,0.408191854848368,0.0426127097658282,"[0.011315756658919754, 0.012192407496521018, 0.01288995615295488, 0.01359963525141729, 0.014321891165186378, 0.015181047888625853, 0.01592941522152252, 0.01673874496494045, 0.01751440457689525, 0.01835087734908702, 0.019202544572813795, 0.020070622325609303, 0.02095627718778323, 0.02186061264947246, 0.022737260153569413, 0.023681097053535004, 0.024646250751560458, 0.025633386418693636, 0.02659237614956749, 0.027623542314219474, 0.0286250346734827, 0.029647102596467904, 0.03056454213255984, 0.031680305841655834, 0.03263530150735364, 0.033606764937046466, 0.034593095597664145, 0.03536350794006898, 0.035930760474075646, 0.03631257033147624, 0.03661317474198803, 0.03688385713543919, 0.03738127616234113, 0.037934719347479336, 0.03858163380471939, 0.03921882339006296, 0.03999131852533767, 0.04074980907886149, 0.04127472956039594, 0.04151563832077664, 0.04151964454301027, 0.04123464219442919, 0.04096829512038153, 0.04056460486818273, 0.04028281736824196, 0.04000166841569801, 0.03919762289117317, 0.037812479337396496, 0.03622310391275238, 0.03453579653228067, 0.0330206041779641, 0.031565009966306234, 0.03054064037737075, 0.029904305612678588, 0.029394155816597912, 0.028896840658953926, 0.02825322628704274, 0.027685220830545497, 0.02666364029859006, 0.025486033827772144, 0.02414387260068274, 0.023028867611909868, 0.022681878550084772, 0.02299235797660897, 0.02387546679328945, 0.024738332374206702, 0.025547718436096926, 0.026640938816603423, 0.02759836215880636, 0.028240938725365098, 0.028199955208514017, 0.028168175430310402, 0.02767018559717724, 0.027414861073674215, 0.027239233260695786, 0.0274939869379551, 0.027874761581110984, 0.02868161073982207, 0.029514734605865275, 0.030345172291974937, 0.031248268714928727, 0.032298002681611045, 0.033509628354587276, 0.0348066615601669, 0.03569061118903811, 0.03631377821401384, 0.03654105211474412, 0.03646788532881584, 0.03572808397059345, 0.03427781350345514, 0.03309813106562172, 0.031639416134799855, 0.02970329439236902, 0.027599049067936567, 0.02603054913364457, 0.024090316372098155, 0.02220132238001286, 0.02051452966091278, 0.019044426362309692, 0.017805605247084858, 0.01643252777018217, 0.01523003850809785, 0.01424180324883461, 0.013706552220618947, 0.0130880570946912, 0.012988920737072255, 0.013178248200839212, 0.013386796436950147, 0.01359897371732897, 0.01439195864266014, 0.015495810506657983, 0.016686507754200334, 0.01807173050136072, 0.019341411872889052, 0.020370802976522343, 0.0213787239197115, 0.02262888584538598, 0.02401686851684336, 0.025523335513576738, 0.026670410326906566, 0.02758824337325398, 0.02810647098585074, 0.028219175888028712, 0.02804128716256827, 0.027840212128430745, 0.02799079668741686, 0.027988272685847155, 0.02831306909632167, 0.028434723397990712, 0.0285549391753426, 0.02832607944879636, 0.02800347501499142, 0.027460301198426997, 0.02681840364884072, 0.026203190519756815, 0.02552364346313934, 0.024940794741503684, 0.024553643852497812, 0.024009602077058226, 0.023587486328410737, 0.023053226444370627, 0.02237349941244249, 0.021247392964358097, 0.01948489409103017, 0.01759577829009665, 0.015969918059865678, 0.014849832783247986, 0.014164911869984548, 0.013546042864334782, 0.01328357500957488, 0.012905521640083246, 0.012806686101790404, 0.01256569256360443, 0.01270015008783326, 0.013333718053885597, 0.014364706842779438, 0.015230812921928084, 0.016214173123414017, 0.017422309714956504, 0.01848297873673576, 0.019690103784110968, 0.02062988015396428, 0.021304326954883004, 0.021542023987470748, 0.021445001132587415, 0.02128479356968176, 0.021154257299581803, 0.020548768777841446, 0.020419411659703072, 0.020346908766621045, 0.02018386842926173, 0.020060715556614095, 0.019970155121820186, 0.019905412966441507, 0.019860328269953802, 0.019689549628068632, 0.019110038324468673, 0.018401772510693467, 0.01773443768827515, 0.01691379473734185, 0.0163889904882787, 0.015891976533507178, 0.015695148472402557, 0.015634975895130635, 0.01548249397414641, 0.015250362203767827, 0.01446715870868431, 0.013690714184349355, 0.013111437378948002, 0.01280400987898366, 0.012789088065484542, 0.012885508256999974, 0.012645414791893052, 0.012533763320360268, 0.01300792748125149, 0.014045480441271196, 0.015593406388961941, 0.017496649938682926, 0.01947963017829757, 0.021814960986639112, 0.0244888991790445, 0.027455202671237973, 0.030462142682767764, 0.03347516022004274, 0.03632355277573078, 0.03911728575744543, 0.041489125175428104, 0.043617926344794986, 0.04507509866910146, 0.045973158335007626, 0.046666313335408376, 0.047747911364257295, 0.04910015737076979, 0.051170936172887156, 0.05323921785426519, 0.05484930583024696, 0.05598397968583077, 0.056516639752925084, 0.05678375349578094, 0.05655312215346535, 0.05709318659280136, 0.05753330561326649, 0.05822424761198231, 0.05856641837777238, 0.058663546697002605, 0.05829520111627496, 0.058019458378357286, 0.05786276302771312, 0.057678835712609886, 0.05721489013034267, 0.05620972754199197, 0.05488023496470325, 0.05291870088860013, 0.05085359195424363, 0.04836971777146554, 0.045888993393773454, 0.04332790860019442, 0.040721243397433354, 0.03815348906679705, 0.03609755066086763, 0.03431153121207709, 0.03269994312791247, 0.03113246913067769, 0.029533434333839276, 0.02779284963423818, 0.02581340528028532, 0.023636664296078556, 0.021032966406022018, 0.018298152858289164, 0.015471223173718233, 0.012975006021594128, 0.011476514573927241, 0.011190786613452559, 0.012013514795745658, 0.013192708648177051, 0.0146026096239084, 0.016627808096549106, 0.019288816219412905, 0.022115031993867204, 0.024956066779425322, 0.027947127033299147, 0.030317719296220055, 0.03213024736687776, 0.033908117916643665, 0.035613155393420214, 0.03695858371541455, 0.0370883147011733, 0.035844860180821725, 0.03331269225961453, 0.030127822662769057, 0.026675716455458534, 0.02305094507263966, 0.019294584365168215, 0.016588874620184203, 0.013459760460278334, 0.010513659470637583, 0.008184205378854309, 0.005908681970234855, 0.003908372487361734, 0.002250880846271649, 0.001837561814419065, 0.003902446460586522, 0.00649131804032715, 0.008842266053540701, 0.011337576744963709, 0.013847821453172829, 0.016241515374979285, 0.018506880743639053, 0.020753891025054552, 0.022854281545735794, 0.025177910908837288, 0.027764777035113285, 0.0302577363231247, 0.032552204835272186, 0.033962244268502154, 0.03530995724171245, 0.036795414568091225, 0.03840706162943578, 0.039993850675796264, 0.04133645030179679, 0.04211247094820217, 0.04239213751353172, 0.042192499106345205, 0.04200269786908514, 0.041897190162155235, 0.041830932940717325, 0.04166737666619139, 0.04206882264734189, 0.0426127097658282, 0.042895687146734904, 0.04300135533202284, 0.04249799814293581, 0.041897582995049115, 0.04072077112408416, 0.03927976254850985, 0.037331499513228325, 0.035889992777759706, 0.03456359233645024, 0.033243529781910974, 0.03199033675126687, 0.03059935779738079, 0.029272240636492235, 0.027900707354997015, 0.02654938414970694, 0.02543173352052397, 0.024311103096379235, 0.023065212419431085, 0.021685454855791198, 0.02041159885695607, 0.019056064221564174, 0.017656707279948437, 0.01626614648165674, 0.015012383850973622, 0.013603567963072178, 0.012189757837366814, 0.010674529938407772, 0.009407142987148039, 0.008344525906195775, 0.007439054007672372, 0.0072034584519923735, 0.007775010970036668, 0.009047582903156274, 0.010731538882415681, 0.01253460028234948, 0.014333543563369548, 0.016070624592636203, 0.017817726146123574, 0.019557256660804743, 0.02116824086555951, 0.022529303997840977, 0.023628588936546305, 0.02391411988476377, 0.02359656311707365, 0.022355277074164143, 0.020961866673625245, 0.018393580144489934, 0.015660552711922182, 0.013874328661167971, 0.01254026736778108, 0.011812131260623127, 0.010800298354986543, 0.00961805971638548, 0.008471507575266851, 0.007656757785702683, 0.006719580941926242, 0.0056999472982024405, 0.005125787188458596, 0.00504686530895439, 0.005697178935649704, 0.006245540782853768, 0.0070976650798796875, 0.007900543705723831, 0.008755370167568399, 0.009807746909975117, 0.011209592216881203, 0.01276960312030194, 0.014467251258771754, 0.015865855510978952, 0.01751794577394112, 0.01978728846519214, 0.022540086452385207, 0.024859037758439572, 0.02589623397823137, 0.02611181133516041, 0.026565850619759173, 0.0272557734372972, 0.02776644526036269, 0.02799937699621002, 0.02818388188652303, 0.02806005928616626, 0.028083982827741123, 0.02781538632605852, 0.027763976455106594, 0.028120518002563644, 0.028688559534023904, 0.029389365084960088, 0.030059907204608147, 0.03052096911154336, 0.031053468449087778, 0.03142000488428638, 0.03173833045042581, 0.031892653890475096, 0.03198060527161537, 0.031944507243272385, 0.03180892531117334, 0.03180195743523648, 0.03175983113429147, 0.03185651864929952, 0.032146459060636644, 0.032526908876218445, 0.033087790299913135, 0.03370146462957083, 0.0342847740780508, 0.0344768243549477, 0.03441738754137779, 0.034008301029805295]",0.0426127097658282,0.09003586051270124,0.00029183562313611633,0.04261171042748435,0.0,0.0,0.055198269901241825,0.09003586051270124,0.00029183562313611633,0.04261171042748435,7.3919999999999995,1717635308.1089537,2024-06-06_10-55-08
0.5059,0.07248000000000002,0.4518238586758306,0.41485424573763535,0.07303986179228729,0.40893182525977423,0.5059,0.07248000000000002,0.5042423249869146,0.41485424573763535,0.07303986179228729,0.40893182525977423,0.042895687146734904,"[0.011315756658919754, 0.012192407496521018, 0.01288995615295488, 0.01359963525141729, 0.014321891165186378, 0.015181047888625853, 0.01592941522152252, 0.01673874496494045, 0.01751440457689525, 0.01835087734908702, 0.019202544572813795, 0.020070622325609303, 0.02095627718778323, 0.02186061264947246, 0.022737260153569413, 0.023681097053535004, 0.024646250751560458, 0.025633386418693636, 0.02659237614956749, 0.027623542314219474, 0.0286250346734827, 0.029647102596467904, 0.03056454213255984, 0.031680305841655834, 0.03263530150735364, 0.033606764937046466, 0.034593095597664145, 0.03536350794006898, 0.035930760474075646, 0.03631257033147624, 0.03661317474198803, 0.03688385713543919, 0.03738127616234113, 0.037934719347479336, 0.03858163380471939, 0.03921882339006296, 0.03999131852533767, 0.04074980907886149, 0.04127472956039594, 0.04151563832077664, 0.04151964454301027, 0.04123464219442919, 0.04096829512038153, 0.04056460486818273, 0.04028281736824196, 0.04000166841569801, 0.03919762289117317, 0.037812479337396496, 0.03622310391275238, 0.03453579653228067, 0.0330206041779641, 0.031565009966306234, 0.03054064037737075, 0.029904305612678588, 0.029394155816597912, 0.028896840658953926, 0.02825322628704274, 0.027685220830545497, 0.02666364029859006, 0.025486033827772144, 0.02414387260068274, 0.023028867611909868, 0.022681878550084772, 0.02299235797660897, 0.02387546679328945, 0.024738332374206702, 0.025547718436096926, 0.026640938816603423, 0.02759836215880636, 0.028240938725365098, 0.028199955208514017, 0.028168175430310402, 0.02767018559717724, 0.027414861073674215, 0.027239233260695786, 0.0274939869379551, 0.027874761581110984, 0.02868161073982207, 0.029514734605865275, 0.030345172291974937, 0.031248268714928727, 0.032298002681611045, 0.033509628354587276, 0.0348066615601669, 0.03569061118903811, 0.03631377821401384, 0.03654105211474412, 0.03646788532881584, 0.03572808397059345, 0.03427781350345514, 0.03309813106562172, 0.031639416134799855, 0.02970329439236902, 0.027599049067936567, 0.02603054913364457, 0.024090316372098155, 0.02220132238001286, 0.02051452966091278, 0.019044426362309692, 0.017805605247084858, 0.01643252777018217, 0.01523003850809785, 0.01424180324883461, 0.013706552220618947, 0.0130880570946912, 0.012988920737072255, 0.013178248200839212, 0.013386796436950147, 0.01359897371732897, 0.01439195864266014, 0.015495810506657983, 0.016686507754200334, 0.01807173050136072, 0.019341411872889052, 0.020370802976522343, 0.0213787239197115, 0.02262888584538598, 0.02401686851684336, 0.025523335513576738, 0.026670410326906566, 0.02758824337325398, 0.02810647098585074, 0.028219175888028712, 0.02804128716256827, 0.027840212128430745, 0.02799079668741686, 0.027988272685847155, 0.02831306909632167, 0.028434723397990712, 0.0285549391753426, 0.02832607944879636, 0.02800347501499142, 0.027460301198426997, 0.02681840364884072, 0.026203190519756815, 0.02552364346313934, 0.024940794741503684, 0.024553643852497812, 0.024009602077058226, 0.023587486328410737, 0.023053226444370627, 0.02237349941244249, 0.021247392964358097, 0.01948489409103017, 0.01759577829009665, 0.015969918059865678, 0.014849832783247986, 0.014164911869984548, 0.013546042864334782, 0.01328357500957488, 0.012905521640083246, 0.012806686101790404, 0.01256569256360443, 0.01270015008783326, 0.013333718053885597, 0.014364706842779438, 0.015230812921928084, 0.016214173123414017, 0.017422309714956504, 0.01848297873673576, 0.019690103784110968, 0.02062988015396428, 0.021304326954883004, 0.021542023987470748, 0.021445001132587415, 0.02128479356968176, 0.021154257299581803, 0.020548768777841446, 0.020419411659703072, 0.020346908766621045, 0.02018386842926173, 0.020060715556614095, 0.019970155121820186, 0.019905412966441507, 0.019860328269953802, 0.019689549628068632, 0.019110038324468673, 0.018401772510693467, 0.01773443768827515, 0.01691379473734185, 0.0163889904882787, 0.015891976533507178, 0.015695148472402557, 0.015634975895130635, 0.01548249397414641, 0.015250362203767827, 0.01446715870868431, 0.013690714184349355, 0.013111437378948002, 0.01280400987898366, 0.012789088065484542, 0.012885508256999974, 0.012645414791893052, 0.012533763320360268, 0.01300792748125149, 0.014045480441271196, 0.015593406388961941, 0.017496649938682926, 0.01947963017829757, 0.021814960986639112, 0.0244888991790445, 0.027455202671237973, 0.030462142682767764, 0.03347516022004274, 0.03632355277573078, 0.03911728575744543, 0.041489125175428104, 0.043617926344794986, 0.04507509866910146, 0.045973158335007626, 0.046666313335408376, 0.047747911364257295, 0.04910015737076979, 0.051170936172887156, 0.05323921785426519, 0.05484930583024696, 0.05598397968583077, 0.056516639752925084, 0.05678375349578094, 0.05655312215346535, 0.05709318659280136, 0.05753330561326649, 0.05822424761198231, 0.05856641837777238, 0.058663546697002605, 0.05829520111627496, 0.058019458378357286, 0.05786276302771312, 0.057678835712609886, 0.05721489013034267, 0.05620972754199197, 0.05488023496470325, 0.05291870088860013, 0.05085359195424363, 0.04836971777146554, 0.045888993393773454, 0.04332790860019442, 0.040721243397433354, 0.03815348906679705, 0.03609755066086763, 0.03431153121207709, 0.03269994312791247, 0.03113246913067769, 0.029533434333839276, 0.02779284963423818, 0.02581340528028532, 0.023636664296078556, 0.021032966406022018, 0.018298152858289164, 0.015471223173718233, 0.012975006021594128, 0.011476514573927241, 0.011190786613452559, 0.012013514795745658, 0.013192708648177051, 0.0146026096239084, 0.016627808096549106, 0.019288816219412905, 0.022115031993867204, 0.024956066779425322, 0.027947127033299147, 0.030317719296220055, 0.03213024736687776, 0.033908117916643665, 0.035613155393420214, 0.03695858371541455, 0.0370883147011733, 0.035844860180821725, 0.03331269225961453, 0.030127822662769057, 0.026675716455458534, 0.02305094507263966, 0.019294584365168215, 0.016588874620184203, 0.013459760460278334, 0.010513659470637583, 0.008184205378854309, 0.005908681970234855, 0.003908372487361734, 0.002250880846271649, 0.001837561814419065, 0.003902446460586522, 0.00649131804032715, 0.008842266053540701, 0.011337576744963709, 0.013847821453172829, 0.016241515374979285, 0.018506880743639053, 0.020753891025054552, 0.022854281545735794, 0.025177910908837288, 0.027764777035113285, 0.0302577363231247, 0.032552204835272186, 0.033962244268502154, 0.03530995724171245, 0.036795414568091225, 0.03840706162943578, 0.039993850675796264, 0.04133645030179679, 0.04211247094820217, 0.04239213751353172, 0.042192499106345205, 0.04200269786908514, 0.041897190162155235, 0.041830932940717325, 0.04166737666619139, 0.04206882264734189, 0.0426127097658282, 0.042895687146734904, 0.04300135533202284, 0.04249799814293581, 0.041897582995049115, 0.04072077112408416, 0.03927976254850985, 0.037331499513228325, 0.035889992777759706, 0.03456359233645024, 0.033243529781910974, 0.03199033675126687, 0.03059935779738079, 0.029272240636492235, 0.027900707354997015, 0.02654938414970694, 0.02543173352052397, 0.024311103096379235, 0.023065212419431085, 0.021685454855791198, 0.02041159885695607, 0.019056064221564174, 0.017656707279948437, 0.01626614648165674, 0.015012383850973622, 0.013603567963072178, 0.012189757837366814, 0.010674529938407772, 0.009407142987148039, 0.008344525906195775, 0.007439054007672372, 0.0072034584519923735, 0.007775010970036668, 0.009047582903156274, 0.010731538882415681, 0.01253460028234948, 0.014333543563369548, 0.016070624592636203, 0.017817726146123574, 0.019557256660804743, 0.02116824086555951, 0.022529303997840977, 0.023628588936546305, 0.02391411988476377, 0.02359656311707365, 0.022355277074164143, 0.020961866673625245, 0.018393580144489934, 0.015660552711922182, 0.013874328661167971, 0.01254026736778108, 0.011812131260623127, 0.010800298354986543, 0.00961805971638548, 0.008471507575266851, 0.007656757785702683, 0.006719580941926242, 0.0056999472982024405, 0.005125787188458596, 0.00504686530895439, 0.005697178935649704, 0.006245540782853768, 0.0070976650798796875, 0.007900543705723831, 0.008755370167568399, 0.009807746909975117, 0.011209592216881203, 0.01276960312030194, 0.014467251258771754, 0.015865855510978952, 0.01751794577394112, 0.01978728846519214, 0.022540086452385207, 0.024859037758439572, 0.02589623397823137, 0.02611181133516041, 0.026565850619759173, 0.0272557734372972, 0.02776644526036269, 0.02799937699621002, 0.02818388188652303, 0.02806005928616626, 0.028083982827741123, 0.02781538632605852, 0.027763976455106594, 0.028120518002563644, 0.028688559534023904, 0.029389365084960088, 0.030059907204608147, 0.03052096911154336, 0.031053468449087778, 0.03142000488428638, 0.03173833045042581, 0.031892653890475096, 0.03198060527161537, 0.031944507243272385, 0.03180892531117334, 0.03180195743523648, 0.03175983113429147, 0.03185651864929952, 0.032146459060636644, 0.032526908876218445, 0.033087790299913135, 0.03370146462957083, 0.0342847740780508, 0.0344768243549477, 0.03441738754137779, 0.034008301029805295]",0.042895687146734904,0.09104575426236466,0.0005598617922872723,0.04289203341605635,0.0,0.0,0.05241846631108399,0.09104575426236466,0.0005598617922872723,0.04289203341605635,7.416,1717635308.1336043,2024-06-06_10-55-08
0.5059,0.07319999999999999,0.45274776934271727,0.4140253991101262,0.073719084621338,0.40974954715218037,0.5059,0.07319999999999999,0.5021964589038921,0.4140253991101262,0.073719084621338,0.40974954715218037,0.04300135533202284,"[0.011315756658919754, 0.012192407496521018, 0.01288995615295488, 0.01359963525141729, 0.014321891165186378, 0.015181047888625853, 0.01592941522152252, 0.01673874496494045, 0.01751440457689525, 0.01835087734908702, 0.019202544572813795, 0.020070622325609303, 0.02095627718778323, 0.02186061264947246, 0.022737260153569413, 0.023681097053535004, 0.024646250751560458, 0.025633386418693636, 0.02659237614956749, 0.027623542314219474, 0.0286250346734827, 0.029647102596467904, 0.03056454213255984, 0.031680305841655834, 0.03263530150735364, 0.033606764937046466, 0.034593095597664145, 0.03536350794006898, 0.035930760474075646, 0.03631257033147624, 0.03661317474198803, 0.03688385713543919, 0.03738127616234113, 0.037934719347479336, 0.03858163380471939, 0.03921882339006296, 0.03999131852533767, 0.04074980907886149, 0.04127472956039594, 0.04151563832077664, 0.04151964454301027, 0.04123464219442919, 0.04096829512038153, 0.04056460486818273, 0.04028281736824196, 0.04000166841569801, 0.03919762289117317, 0.037812479337396496, 0.03622310391275238, 0.03453579653228067, 0.0330206041779641, 0.031565009966306234, 0.03054064037737075, 0.029904305612678588, 0.029394155816597912, 0.028896840658953926, 0.02825322628704274, 0.027685220830545497, 0.02666364029859006, 0.025486033827772144, 0.02414387260068274, 0.023028867611909868, 0.022681878550084772, 0.02299235797660897, 0.02387546679328945, 0.024738332374206702, 0.025547718436096926, 0.026640938816603423, 0.02759836215880636, 0.028240938725365098, 0.028199955208514017, 0.028168175430310402, 0.02767018559717724, 0.027414861073674215, 0.027239233260695786, 0.0274939869379551, 0.027874761581110984, 0.02868161073982207, 0.029514734605865275, 0.030345172291974937, 0.031248268714928727, 0.032298002681611045, 0.033509628354587276, 0.0348066615601669, 0.03569061118903811, 0.03631377821401384, 0.03654105211474412, 0.03646788532881584, 0.03572808397059345, 0.03427781350345514, 0.03309813106562172, 0.031639416134799855, 0.02970329439236902, 0.027599049067936567, 0.02603054913364457, 0.024090316372098155, 0.02220132238001286, 0.02051452966091278, 0.019044426362309692, 0.017805605247084858, 0.01643252777018217, 0.01523003850809785, 0.01424180324883461, 0.013706552220618947, 0.0130880570946912, 0.012988920737072255, 0.013178248200839212, 0.013386796436950147, 0.01359897371732897, 0.01439195864266014, 0.015495810506657983, 0.016686507754200334, 0.01807173050136072, 0.019341411872889052, 0.020370802976522343, 0.0213787239197115, 0.02262888584538598, 0.02401686851684336, 0.025523335513576738, 0.026670410326906566, 0.02758824337325398, 0.02810647098585074, 0.028219175888028712, 0.02804128716256827, 0.027840212128430745, 0.02799079668741686, 0.027988272685847155, 0.02831306909632167, 0.028434723397990712, 0.0285549391753426, 0.02832607944879636, 0.02800347501499142, 0.027460301198426997, 0.02681840364884072, 0.026203190519756815, 0.02552364346313934, 0.024940794741503684, 0.024553643852497812, 0.024009602077058226, 0.023587486328410737, 0.023053226444370627, 0.02237349941244249, 0.021247392964358097, 0.01948489409103017, 0.01759577829009665, 0.015969918059865678, 0.014849832783247986, 0.014164911869984548, 0.013546042864334782, 0.01328357500957488, 0.012905521640083246, 0.012806686101790404, 0.01256569256360443, 0.01270015008783326, 0.013333718053885597, 0.014364706842779438, 0.015230812921928084, 0.016214173123414017, 0.017422309714956504, 0.01848297873673576, 0.019690103784110968, 0.02062988015396428, 0.021304326954883004, 0.021542023987470748, 0.021445001132587415, 0.02128479356968176, 0.021154257299581803, 0.020548768777841446, 0.020419411659703072, 0.020346908766621045, 0.02018386842926173, 0.020060715556614095, 0.019970155121820186, 0.019905412966441507, 0.019860328269953802, 0.019689549628068632, 0.019110038324468673, 0.018401772510693467, 0.01773443768827515, 0.01691379473734185, 0.0163889904882787, 0.015891976533507178, 0.015695148472402557, 0.015634975895130635, 0.01548249397414641, 0.015250362203767827, 0.01446715870868431, 0.013690714184349355, 0.013111437378948002, 0.01280400987898366, 0.012789088065484542, 0.012885508256999974, 0.012645414791893052, 0.012533763320360268, 0.01300792748125149, 0.014045480441271196, 0.015593406388961941, 0.017496649938682926, 0.01947963017829757, 0.021814960986639112, 0.0244888991790445, 0.027455202671237973, 0.030462142682767764, 0.03347516022004274, 0.03632355277573078, 0.03911728575744543, 0.041489125175428104, 0.043617926344794986, 0.04507509866910146, 0.045973158335007626, 0.046666313335408376, 0.047747911364257295, 0.04910015737076979, 0.051170936172887156, 0.05323921785426519, 0.05484930583024696, 0.05598397968583077, 0.056516639752925084, 0.05678375349578094, 0.05655312215346535, 0.05709318659280136, 0.05753330561326649, 0.05822424761198231, 0.05856641837777238, 0.058663546697002605, 0.05829520111627496, 0.058019458378357286, 0.05786276302771312, 0.057678835712609886, 0.05721489013034267, 0.05620972754199197, 0.05488023496470325, 0.05291870088860013, 0.05085359195424363, 0.04836971777146554, 0.045888993393773454, 0.04332790860019442, 0.040721243397433354, 0.03815348906679705, 0.03609755066086763, 0.03431153121207709, 0.03269994312791247, 0.03113246913067769, 0.029533434333839276, 0.02779284963423818, 0.02581340528028532, 0.023636664296078556, 0.021032966406022018, 0.018298152858289164, 0.015471223173718233, 0.012975006021594128, 0.011476514573927241, 0.011190786613452559, 0.012013514795745658, 0.013192708648177051, 0.0146026096239084, 0.016627808096549106, 0.019288816219412905, 0.022115031993867204, 0.024956066779425322, 0.027947127033299147, 0.030317719296220055, 0.03213024736687776, 0.033908117916643665, 0.035613155393420214, 0.03695858371541455, 0.0370883147011733, 0.035844860180821725, 0.03331269225961453, 0.030127822662769057, 0.026675716455458534, 0.02305094507263966, 0.019294584365168215, 0.016588874620184203, 0.013459760460278334, 0.010513659470637583, 0.008184205378854309, 0.005908681970234855, 0.003908372487361734, 0.002250880846271649, 0.001837561814419065, 0.003902446460586522, 0.00649131804032715, 0.008842266053540701, 0.011337576744963709, 0.013847821453172829, 0.016241515374979285, 0.018506880743639053, 0.020753891025054552, 0.022854281545735794, 0.025177910908837288, 0.027764777035113285, 0.0302577363231247, 0.032552204835272186, 0.033962244268502154, 0.03530995724171245, 0.036795414568091225, 0.03840706162943578, 0.039993850675796264, 0.04133645030179679, 0.04211247094820217, 0.04239213751353172, 0.042192499106345205, 0.04200269786908514, 0.041897190162155235, 0.041830932940717325, 0.04166737666619139, 0.04206882264734189, 0.0426127097658282, 0.042895687146734904, 0.04300135533202284, 0.04249799814293581, 0.041897582995049115, 0.04072077112408416, 0.03927976254850985, 0.037331499513228325, 0.035889992777759706, 0.03456359233645024, 0.033243529781910974, 0.03199033675126687, 0.03059935779738079, 0.029272240636492235, 0.027900707354997015, 0.02654938414970694, 0.02543173352052397, 0.024311103096379235, 0.023065212419431085, 0.021685454855791198, 0.02041159885695607, 0.019056064221564174, 0.017656707279948437, 0.01626614648165674, 0.015012383850973622, 0.013603567963072178, 0.012189757837366814, 0.010674529938407772, 0.009407142987148039, 0.008344525906195775, 0.007439054007672372, 0.0072034584519923735, 0.007775010970036668, 0.009047582903156274, 0.010731538882415681, 0.01253460028234948, 0.014333543563369548, 0.016070624592636203, 0.017817726146123574, 0.019557256660804743, 0.02116824086555951, 0.022529303997840977, 0.023628588936546305, 0.02391411988476377, 0.02359656311707365, 0.022355277074164143, 0.020961866673625245, 0.018393580144489934, 0.015660552711922182, 0.013874328661167971, 0.01254026736778108, 0.011812131260623127, 0.010800298354986543, 0.00961805971638548, 0.008471507575266851, 0.007656757785702683, 0.006719580941926242, 0.0056999472982024405, 0.005125787188458596, 0.00504686530895439, 0.005697178935649704, 0.006245540782853768, 0.0070976650798796875, 0.007900543705723831, 0.008755370167568399, 0.009807746909975117, 0.011209592216881203, 0.01276960312030194, 0.014467251258771754, 0.015865855510978952, 0.01751794577394112, 0.01978728846519214, 0.022540086452385207, 0.024859037758439572, 0.02589623397823137, 0.02611181133516041, 0.026565850619759173, 0.0272557734372972, 0.02776644526036269, 0.02799937699621002, 0.02818388188652303, 0.02806005928616626, 0.028083982827741123, 0.02781538632605852, 0.027763976455106594, 0.028120518002563644, 0.028688559534023904, 0.029389365084960088, 0.030059907204608147, 0.03052096911154336, 0.031053468449087778, 0.03142000488428638, 0.03173833045042581, 0.031892653890475096, 0.03198060527161537, 0.031944507243272385, 0.03180892531117334, 0.03180195743523648, 0.03175983113429147, 0.03185651864929952, 0.032146459060636644, 0.032526908876218445, 0.033087790299913135, 0.03370146462957083, 0.0342847740780508, 0.0344768243549477, 0.03441738754137779, 0.034008301029805295]",0.04300135533202284,0.09187460088987381,0.0005190846213380118,0.042998222190536894,0.0,0.0,0.04944868956117482,0.09187460088987381,0.0005190846213380118,0.042998222190536894,7.4399999999999995,1717635308.1569037,2024-06-06_10-55-08
0.5059,0.07391999999999999,0.45356960684646,0.4131560572322731,0.07414789555759035,0.411072219752995,0.5059,0.07391999999999999,0.5000485196577258,0.4131560572322731,0.07414789555759035,0.411072219752995,0.04249799814293581,"[0.011315756658919754, 0.012192407496521018, 0.01288995615295488, 0.01359963525141729, 0.014321891165186378, 0.015181047888625853, 0.01592941522152252, 0.01673874496494045, 0.01751440457689525, 0.01835087734908702, 0.019202544572813795, 0.020070622325609303, 0.02095627718778323, 0.02186061264947246, 0.022737260153569413, 0.023681097053535004, 0.024646250751560458, 0.025633386418693636, 0.02659237614956749, 0.027623542314219474, 0.0286250346734827, 0.029647102596467904, 0.03056454213255984, 0.031680305841655834, 0.03263530150735364, 0.033606764937046466, 0.034593095597664145, 0.03536350794006898, 0.035930760474075646, 0.03631257033147624, 0.03661317474198803, 0.03688385713543919, 0.03738127616234113, 0.037934719347479336, 0.03858163380471939, 0.03921882339006296, 0.03999131852533767, 0.04074980907886149, 0.04127472956039594, 0.04151563832077664, 0.04151964454301027, 0.04123464219442919, 0.04096829512038153, 0.04056460486818273, 0.04028281736824196, 0.04000166841569801, 0.03919762289117317, 0.037812479337396496, 0.03622310391275238, 0.03453579653228067, 0.0330206041779641, 0.031565009966306234, 0.03054064037737075, 0.029904305612678588, 0.029394155816597912, 0.028896840658953926, 0.02825322628704274, 0.027685220830545497, 0.02666364029859006, 0.025486033827772144, 0.02414387260068274, 0.023028867611909868, 0.022681878550084772, 0.02299235797660897, 0.02387546679328945, 0.024738332374206702, 0.025547718436096926, 0.026640938816603423, 0.02759836215880636, 0.028240938725365098, 0.028199955208514017, 0.028168175430310402, 0.02767018559717724, 0.027414861073674215, 0.027239233260695786, 0.0274939869379551, 0.027874761581110984, 0.02868161073982207, 0.029514734605865275, 0.030345172291974937, 0.031248268714928727, 0.032298002681611045, 0.033509628354587276, 0.0348066615601669, 0.03569061118903811, 0.03631377821401384, 0.03654105211474412, 0.03646788532881584, 0.03572808397059345, 0.03427781350345514, 0.03309813106562172, 0.031639416134799855, 0.02970329439236902, 0.027599049067936567, 0.02603054913364457, 0.024090316372098155, 0.02220132238001286, 0.02051452966091278, 0.019044426362309692, 0.017805605247084858, 0.01643252777018217, 0.01523003850809785, 0.01424180324883461, 0.013706552220618947, 0.0130880570946912, 0.012988920737072255, 0.013178248200839212, 0.013386796436950147, 0.01359897371732897, 0.01439195864266014, 0.015495810506657983, 0.016686507754200334, 0.01807173050136072, 0.019341411872889052, 0.020370802976522343, 0.0213787239197115, 0.02262888584538598, 0.02401686851684336, 0.025523335513576738, 0.026670410326906566, 0.02758824337325398, 0.02810647098585074, 0.028219175888028712, 0.02804128716256827, 0.027840212128430745, 0.02799079668741686, 0.027988272685847155, 0.02831306909632167, 0.028434723397990712, 0.0285549391753426, 0.02832607944879636, 0.02800347501499142, 0.027460301198426997, 0.02681840364884072, 0.026203190519756815, 0.02552364346313934, 0.024940794741503684, 0.024553643852497812, 0.024009602077058226, 0.023587486328410737, 0.023053226444370627, 0.02237349941244249, 0.021247392964358097, 0.01948489409103017, 0.01759577829009665, 0.015969918059865678, 0.014849832783247986, 0.014164911869984548, 0.013546042864334782, 0.01328357500957488, 0.012905521640083246, 0.012806686101790404, 0.01256569256360443, 0.01270015008783326, 0.013333718053885597, 0.014364706842779438, 0.015230812921928084, 0.016214173123414017, 0.017422309714956504, 0.01848297873673576, 0.019690103784110968, 0.02062988015396428, 0.021304326954883004, 0.021542023987470748, 0.021445001132587415, 0.02128479356968176, 0.021154257299581803, 0.020548768777841446, 0.020419411659703072, 0.020346908766621045, 0.02018386842926173, 0.020060715556614095, 0.019970155121820186, 0.019905412966441507, 0.019860328269953802, 0.019689549628068632, 0.019110038324468673, 0.018401772510693467, 0.01773443768827515, 0.01691379473734185, 0.0163889904882787, 0.015891976533507178, 0.015695148472402557, 0.015634975895130635, 0.01548249397414641, 0.015250362203767827, 0.01446715870868431, 0.013690714184349355, 0.013111437378948002, 0.01280400987898366, 0.012789088065484542, 0.012885508256999974, 0.012645414791893052, 0.012533763320360268, 0.01300792748125149, 0.014045480441271196, 0.015593406388961941, 0.017496649938682926, 0.01947963017829757, 0.021814960986639112, 0.0244888991790445, 0.027455202671237973, 0.030462142682767764, 0.03347516022004274, 0.03632355277573078, 0.03911728575744543, 0.041489125175428104, 0.043617926344794986, 0.04507509866910146, 0.045973158335007626, 0.046666313335408376, 0.047747911364257295, 0.04910015737076979, 0.051170936172887156, 0.05323921785426519, 0.05484930583024696, 0.05598397968583077, 0.056516639752925084, 0.05678375349578094, 0.05655312215346535, 0.05709318659280136, 0.05753330561326649, 0.05822424761198231, 0.05856641837777238, 0.058663546697002605, 0.05829520111627496, 0.058019458378357286, 0.05786276302771312, 0.057678835712609886, 0.05721489013034267, 0.05620972754199197, 0.05488023496470325, 0.05291870088860013, 0.05085359195424363, 0.04836971777146554, 0.045888993393773454, 0.04332790860019442, 0.040721243397433354, 0.03815348906679705, 0.03609755066086763, 0.03431153121207709, 0.03269994312791247, 0.03113246913067769, 0.029533434333839276, 0.02779284963423818, 0.02581340528028532, 0.023636664296078556, 0.021032966406022018, 0.018298152858289164, 0.015471223173718233, 0.012975006021594128, 0.011476514573927241, 0.011190786613452559, 0.012013514795745658, 0.013192708648177051, 0.0146026096239084, 0.016627808096549106, 0.019288816219412905, 0.022115031993867204, 0.024956066779425322, 0.027947127033299147, 0.030317719296220055, 0.03213024736687776, 0.033908117916643665, 0.035613155393420214, 0.03695858371541455, 0.0370883147011733, 0.035844860180821725, 0.03331269225961453, 0.030127822662769057, 0.026675716455458534, 0.02305094507263966, 0.019294584365168215, 0.016588874620184203, 0.013459760460278334, 0.010513659470637583, 0.008184205378854309, 0.005908681970234855, 0.003908372487361734, 0.002250880846271649, 0.001837561814419065, 0.003902446460586522, 0.00649131804032715, 0.008842266053540701, 0.011337576744963709, 0.013847821453172829, 0.016241515374979285, 0.018506880743639053, 0.020753891025054552, 0.022854281545735794, 0.025177910908837288, 0.027764777035113285, 0.0302577363231247, 0.032552204835272186, 0.033962244268502154, 0.03530995724171245, 0.036795414568091225, 0.03840706162943578, 0.039993850675796264, 0.04133645030179679, 0.04211247094820217, 0.04239213751353172, 0.042192499106345205, 0.04200269786908514, 0.041897190162155235, 0.041830932940717325, 0.04166737666619139, 0.04206882264734189, 0.0426127097658282, 0.042895687146734904, 0.04300135533202284, 0.04249799814293581, 0.041897582995049115, 0.04072077112408416, 0.03927976254850985, 0.037331499513228325, 0.035889992777759706, 0.03456359233645024, 0.033243529781910974, 0.03199033675126687, 0.03059935779738079, 0.029272240636492235, 0.027900707354997015, 0.02654938414970694, 0.02543173352052397, 0.024311103096379235, 0.023065212419431085, 0.021685454855791198, 0.02041159885695607, 0.019056064221564174, 0.017656707279948437, 0.01626614648165674, 0.015012383850973622, 0.013603567963072178, 0.012189757837366814, 0.010674529938407772, 0.009407142987148039, 0.008344525906195775, 0.007439054007672372, 0.0072034584519923735, 0.007775010970036668, 0.009047582903156274, 0.010731538882415681, 0.01253460028234948, 0.014333543563369548, 0.016070624592636203, 0.017817726146123574, 0.019557256660804743, 0.02116824086555951, 0.022529303997840977, 0.023628588936546305, 0.02391411988476377, 0.02359656311707365, 0.022355277074164143, 0.020961866673625245, 0.018393580144489934, 0.015660552711922182, 0.013874328661167971, 0.01254026736778108, 0.011812131260623127, 0.010800298354986543, 0.00961805971638548, 0.008471507575266851, 0.007656757785702683, 0.006719580941926242, 0.0056999472982024405, 0.005125787188458596, 0.00504686530895439, 0.005697178935649704, 0.006245540782853768, 0.0070976650798796875, 0.007900543705723831, 0.008755370167568399, 0.009807746909975117, 0.011209592216881203, 0.01276960312030194, 0.014467251258771754, 0.015865855510978952, 0.01751794577394112, 0.01978728846519214, 0.022540086452385207, 0.024859037758439572, 0.02589623397823137, 0.02611181133516041, 0.026565850619759173, 0.0272557734372972, 0.02776644526036269, 0.02799937699621002, 0.02818388188652303, 0.02806005928616626, 0.028083982827741123, 0.02781538632605852, 0.027763976455106594, 0.028120518002563644, 0.028688559534023904, 0.029389365084960088, 0.030059907204608147, 0.03052096911154336, 0.031053468449087778, 0.03142000488428638, 0.03173833045042581, 0.031892653890475096, 0.03198060527161537, 0.031944507243272385, 0.03180892531117334, 0.03180195743523648, 0.03175983113429147, 0.03185651864929952, 0.032146459060636644, 0.032526908876218445, 0.033087790299913135, 0.03370146462957083, 0.0342847740780508, 0.0344768243549477, 0.03441738754137779, 0.034008301029805295]",0.04249799814293581,0.0927439427677269,0.0002278955575903685,0.04249738709346501,0.0,0.0,0.04647891281126576,0.0927439427677269,0.0002278955575903685,0.04249738709346501,7.4639999999999995,1717635308.1808934,2024-06-06_10-55-08
0.5059,0.07464000000000001,0.4542842765651154,0.41228510439498633,0.07457299538834043,0.4123867471485848,0.5059,0.07464000000000001,0.49779341262647187,0.41228510439498633,0.07457299538834043,0.4123867471485848,0.041897582995049115,"[0.011315756658919754, 0.012192407496521018, 0.01288995615295488, 0.01359963525141729, 0.014321891165186378, 0.015181047888625853, 0.01592941522152252, 0.01673874496494045, 0.01751440457689525, 0.01835087734908702, 0.019202544572813795, 0.020070622325609303, 0.02095627718778323, 0.02186061264947246, 0.022737260153569413, 0.023681097053535004, 0.024646250751560458, 0.025633386418693636, 0.02659237614956749, 0.027623542314219474, 0.0286250346734827, 0.029647102596467904, 0.03056454213255984, 0.031680305841655834, 0.03263530150735364, 0.033606764937046466, 0.034593095597664145, 0.03536350794006898, 0.035930760474075646, 0.03631257033147624, 0.03661317474198803, 0.03688385713543919, 0.03738127616234113, 0.037934719347479336, 0.03858163380471939, 0.03921882339006296, 0.03999131852533767, 0.04074980907886149, 0.04127472956039594, 0.04151563832077664, 0.04151964454301027, 0.04123464219442919, 0.04096829512038153, 0.04056460486818273, 0.04028281736824196, 0.04000166841569801, 0.03919762289117317, 0.037812479337396496, 0.03622310391275238, 0.03453579653228067, 0.0330206041779641, 0.031565009966306234, 0.03054064037737075, 0.029904305612678588, 0.029394155816597912, 0.028896840658953926, 0.02825322628704274, 0.027685220830545497, 0.02666364029859006, 0.025486033827772144, 0.02414387260068274, 0.023028867611909868, 0.022681878550084772, 0.02299235797660897, 0.02387546679328945, 0.024738332374206702, 0.025547718436096926, 0.026640938816603423, 0.02759836215880636, 0.028240938725365098, 0.028199955208514017, 0.028168175430310402, 0.02767018559717724, 0.027414861073674215, 0.027239233260695786, 0.0274939869379551, 0.027874761581110984, 0.02868161073982207, 0.029514734605865275, 0.030345172291974937, 0.031248268714928727, 0.032298002681611045, 0.033509628354587276, 0.0348066615601669, 0.03569061118903811, 0.03631377821401384, 0.03654105211474412, 0.03646788532881584, 0.03572808397059345, 0.03427781350345514, 0.03309813106562172, 0.031639416134799855, 0.02970329439236902, 0.027599049067936567, 0.02603054913364457, 0.024090316372098155, 0.02220132238001286, 0.02051452966091278, 0.019044426362309692, 0.017805605247084858, 0.01643252777018217, 0.01523003850809785, 0.01424180324883461, 0.013706552220618947, 0.0130880570946912, 0.012988920737072255, 0.013178248200839212, 0.013386796436950147, 0.01359897371732897, 0.01439195864266014, 0.015495810506657983, 0.016686507754200334, 0.01807173050136072, 0.019341411872889052, 0.020370802976522343, 0.0213787239197115, 0.02262888584538598, 0.02401686851684336, 0.025523335513576738, 0.026670410326906566, 0.02758824337325398, 0.02810647098585074, 0.028219175888028712, 0.02804128716256827, 0.027840212128430745, 0.02799079668741686, 0.027988272685847155, 0.02831306909632167, 0.028434723397990712, 0.0285549391753426, 0.02832607944879636, 0.02800347501499142, 0.027460301198426997, 0.02681840364884072, 0.026203190519756815, 0.02552364346313934, 0.024940794741503684, 0.024553643852497812, 0.024009602077058226, 0.023587486328410737, 0.023053226444370627, 0.02237349941244249, 0.021247392964358097, 0.01948489409103017, 0.01759577829009665, 0.015969918059865678, 0.014849832783247986, 0.014164911869984548, 0.013546042864334782, 0.01328357500957488, 0.012905521640083246, 0.012806686101790404, 0.01256569256360443, 0.01270015008783326, 0.013333718053885597, 0.014364706842779438, 0.015230812921928084, 0.016214173123414017, 0.017422309714956504, 0.01848297873673576, 0.019690103784110968, 0.02062988015396428, 0.021304326954883004, 0.021542023987470748, 0.021445001132587415, 0.02128479356968176, 0.021154257299581803, 0.020548768777841446, 0.020419411659703072, 0.020346908766621045, 0.02018386842926173, 0.020060715556614095, 0.019970155121820186, 0.019905412966441507, 0.019860328269953802, 0.019689549628068632, 0.019110038324468673, 0.018401772510693467, 0.01773443768827515, 0.01691379473734185, 0.0163889904882787, 0.015891976533507178, 0.015695148472402557, 0.015634975895130635, 0.01548249397414641, 0.015250362203767827, 0.01446715870868431, 0.013690714184349355, 0.013111437378948002, 0.01280400987898366, 0.012789088065484542, 0.012885508256999974, 0.012645414791893052, 0.012533763320360268, 0.01300792748125149, 0.014045480441271196, 0.015593406388961941, 0.017496649938682926, 0.01947963017829757, 0.021814960986639112, 0.0244888991790445, 0.027455202671237973, 0.030462142682767764, 0.03347516022004274, 0.03632355277573078, 0.03911728575744543, 0.041489125175428104, 0.043617926344794986, 0.04507509866910146, 0.045973158335007626, 0.046666313335408376, 0.047747911364257295, 0.04910015737076979, 0.051170936172887156, 0.05323921785426519, 0.05484930583024696, 0.05598397968583077, 0.056516639752925084, 0.05678375349578094, 0.05655312215346535, 0.05709318659280136, 0.05753330561326649, 0.05822424761198231, 0.05856641837777238, 0.058663546697002605, 0.05829520111627496, 0.058019458378357286, 0.05786276302771312, 0.057678835712609886, 0.05721489013034267, 0.05620972754199197, 0.05488023496470325, 0.05291870088860013, 0.05085359195424363, 0.04836971777146554, 0.045888993393773454, 0.04332790860019442, 0.040721243397433354, 0.03815348906679705, 0.03609755066086763, 0.03431153121207709, 0.03269994312791247, 0.03113246913067769, 0.029533434333839276, 0.02779284963423818, 0.02581340528028532, 0.023636664296078556, 0.021032966406022018, 0.018298152858289164, 0.015471223173718233, 0.012975006021594128, 0.011476514573927241, 0.011190786613452559, 0.012013514795745658, 0.013192708648177051, 0.0146026096239084, 0.016627808096549106, 0.019288816219412905, 0.022115031993867204, 0.024956066779425322, 0.027947127033299147, 0.030317719296220055, 0.03213024736687776, 0.033908117916643665, 0.035613155393420214, 0.03695858371541455, 0.0370883147011733, 0.035844860180821725, 0.03331269225961453, 0.030127822662769057, 0.026675716455458534, 0.02305094507263966, 0.019294584365168215, 0.016588874620184203, 0.013459760460278334, 0.010513659470637583, 0.008184205378854309, 0.005908681970234855, 0.003908372487361734, 0.002250880846271649, 0.001837561814419065, 0.003902446460586522, 0.00649131804032715, 0.008842266053540701, 0.011337576744963709, 0.013847821453172829, 0.016241515374979285, 0.018506880743639053, 0.020753891025054552, 0.022854281545735794, 0.025177910908837288, 0.027764777035113285, 0.0302577363231247, 0.032552204835272186, 0.033962244268502154, 0.03530995724171245, 0.036795414568091225, 0.03840706162943578, 0.039993850675796264, 0.04133645030179679, 0.04211247094820217, 0.04239213751353172, 0.042192499106345205, 0.04200269786908514, 0.041897190162155235, 0.041830932940717325, 0.04166737666619139, 0.04206882264734189, 0.0426127097658282, 0.042895687146734904, 0.04300135533202284, 0.04249799814293581, 0.041897582995049115, 0.04072077112408416, 0.03927976254850985, 0.037331499513228325, 0.035889992777759706, 0.03456359233645024, 0.033243529781910974, 0.03199033675126687, 0.03059935779738079, 0.029272240636492235, 0.027900707354997015, 0.02654938414970694, 0.02543173352052397, 0.024311103096379235, 0.023065212419431085, 0.021685454855791198, 0.02041159885695607, 0.019056064221564174, 0.017656707279948437, 0.01626614648165674, 0.015012383850973622, 0.013603567963072178, 0.012189757837366814, 0.010674529938407772, 0.009407142987148039, 0.008344525906195775, 0.007439054007672372, 0.0072034584519923735, 0.007775010970036668, 0.009047582903156274, 0.010731538882415681, 0.01253460028234948, 0.014333543563369548, 0.016070624592636203, 0.017817726146123574, 0.019557256660804743, 0.02116824086555951, 0.022529303997840977, 0.023628588936546305, 0.02391411988476377, 0.02359656311707365, 0.022355277074164143, 0.020961866673625245, 0.018393580144489934, 0.015660552711922182, 0.013874328661167971, 0.01254026736778108, 0.011812131260623127, 0.010800298354986543, 0.00961805971638548, 0.008471507575266851, 0.007656757785702683, 0.006719580941926242, 0.0056999472982024405, 0.005125787188458596, 0.00504686530895439, 0.005697178935649704, 0.006245540782853768, 0.0070976650798796875, 0.007900543705723831, 0.008755370167568399, 0.009807746909975117, 0.011209592216881203, 0.01276960312030194, 0.014467251258771754, 0.015865855510978952, 0.01751794577394112, 0.01978728846519214, 0.022540086452385207, 0.024859037758439572, 0.02589623397823137, 0.02611181133516041, 0.026565850619759173, 0.0272557734372972, 0.02776644526036269, 0.02799937699621002, 0.02818388188652303, 0.02806005928616626, 0.028083982827741123, 0.02781538632605852, 0.027763976455106594, 0.028120518002563644, 0.028688559534023904, 0.029389365084960088, 0.030059907204608147, 0.03052096911154336, 0.031053468449087778, 0.03142000488428638, 0.03173833045042581, 0.031892653890475096, 0.03198060527161537, 0.031944507243272385, 0.03180892531117334, 0.03180195743523648, 0.03175983113429147, 0.03185651864929952, 0.032146459060636644, 0.032526908876218445, 0.033087790299913135, 0.03370146462957083, 0.0342847740780508, 0.0344768243549477, 0.03441738754137779, 0.034008301029805295]",0.041897582995049115,0.09361489560501368,6.70046116595796e-05,0.04189752941653058,0.0,0.0,0.04350913606135648,0.09361489560501368,6.70046116595796e-05,0.04189752941653058,7.488,1717635308.2051146,2024-06-06_10-55-08
0.5059,0.07535999999999998,0.45488730234050817,0.41130969426024017,0.07484858147931066,0.41416974283558766,0.5059,0.07535999999999998,0.4952669482273145,0.41130969426024017,0.07484858147931066,0.41416974283558766,0.04072077112408416,"[0.011315756658919754, 0.012192407496521018, 0.01288995615295488, 0.01359963525141729, 0.014321891165186378, 0.015181047888625853, 0.01592941522152252, 0.01673874496494045, 0.01751440457689525, 0.01835087734908702, 0.019202544572813795, 0.020070622325609303, 0.02095627718778323, 0.02186061264947246, 0.022737260153569413, 0.023681097053535004, 0.024646250751560458, 0.025633386418693636, 0.02659237614956749, 0.027623542314219474, 0.0286250346734827, 0.029647102596467904, 0.03056454213255984, 0.031680305841655834, 0.03263530150735364, 0.033606764937046466, 0.034593095597664145, 0.03536350794006898, 0.035930760474075646, 0.03631257033147624, 0.03661317474198803, 0.03688385713543919, 0.03738127616234113, 0.037934719347479336, 0.03858163380471939, 0.03921882339006296, 0.03999131852533767, 0.04074980907886149, 0.04127472956039594, 0.04151563832077664, 0.04151964454301027, 0.04123464219442919, 0.04096829512038153, 0.04056460486818273, 0.04028281736824196, 0.04000166841569801, 0.03919762289117317, 0.037812479337396496, 0.03622310391275238, 0.03453579653228067, 0.0330206041779641, 0.031565009966306234, 0.03054064037737075, 0.029904305612678588, 0.029394155816597912, 0.028896840658953926, 0.02825322628704274, 0.027685220830545497, 0.02666364029859006, 0.025486033827772144, 0.02414387260068274, 0.023028867611909868, 0.022681878550084772, 0.02299235797660897, 0.02387546679328945, 0.024738332374206702, 0.025547718436096926, 0.026640938816603423, 0.02759836215880636, 0.028240938725365098, 0.028199955208514017, 0.028168175430310402, 0.02767018559717724, 0.027414861073674215, 0.027239233260695786, 0.0274939869379551, 0.027874761581110984, 0.02868161073982207, 0.029514734605865275, 0.030345172291974937, 0.031248268714928727, 0.032298002681611045, 0.033509628354587276, 0.0348066615601669, 0.03569061118903811, 0.03631377821401384, 0.03654105211474412, 0.03646788532881584, 0.03572808397059345, 0.03427781350345514, 0.03309813106562172, 0.031639416134799855, 0.02970329439236902, 0.027599049067936567, 0.02603054913364457, 0.024090316372098155, 0.02220132238001286, 0.02051452966091278, 0.019044426362309692, 0.017805605247084858, 0.01643252777018217, 0.01523003850809785, 0.01424180324883461, 0.013706552220618947, 0.0130880570946912, 0.012988920737072255, 0.013178248200839212, 0.013386796436950147, 0.01359897371732897, 0.01439195864266014, 0.015495810506657983, 0.016686507754200334, 0.01807173050136072, 0.019341411872889052, 0.020370802976522343, 0.0213787239197115, 0.02262888584538598, 0.02401686851684336, 0.025523335513576738, 0.026670410326906566, 0.02758824337325398, 0.02810647098585074, 0.028219175888028712, 0.02804128716256827, 0.027840212128430745, 0.02799079668741686, 0.027988272685847155, 0.02831306909632167, 0.028434723397990712, 0.0285549391753426, 0.02832607944879636, 0.02800347501499142, 0.027460301198426997, 0.02681840364884072, 0.026203190519756815, 0.02552364346313934, 0.024940794741503684, 0.024553643852497812, 0.024009602077058226, 0.023587486328410737, 0.023053226444370627, 0.02237349941244249, 0.021247392964358097, 0.01948489409103017, 0.01759577829009665, 0.015969918059865678, 0.014849832783247986, 0.014164911869984548, 0.013546042864334782, 0.01328357500957488, 0.012905521640083246, 0.012806686101790404, 0.01256569256360443, 0.01270015008783326, 0.013333718053885597, 0.014364706842779438, 0.015230812921928084, 0.016214173123414017, 0.017422309714956504, 0.01848297873673576, 0.019690103784110968, 0.02062988015396428, 0.021304326954883004, 0.021542023987470748, 0.021445001132587415, 0.02128479356968176, 0.021154257299581803, 0.020548768777841446, 0.020419411659703072, 0.020346908766621045, 0.02018386842926173, 0.020060715556614095, 0.019970155121820186, 0.019905412966441507, 0.019860328269953802, 0.019689549628068632, 0.019110038324468673, 0.018401772510693467, 0.01773443768827515, 0.01691379473734185, 0.0163889904882787, 0.015891976533507178, 0.015695148472402557, 0.015634975895130635, 0.01548249397414641, 0.015250362203767827, 0.01446715870868431, 0.013690714184349355, 0.013111437378948002, 0.01280400987898366, 0.012789088065484542, 0.012885508256999974, 0.012645414791893052, 0.012533763320360268, 0.01300792748125149, 0.014045480441271196, 0.015593406388961941, 0.017496649938682926, 0.01947963017829757, 0.021814960986639112, 0.0244888991790445, 0.027455202671237973, 0.030462142682767764, 0.03347516022004274, 0.03632355277573078, 0.03911728575744543, 0.041489125175428104, 0.043617926344794986, 0.04507509866910146, 0.045973158335007626, 0.046666313335408376, 0.047747911364257295, 0.04910015737076979, 0.051170936172887156, 0.05323921785426519, 0.05484930583024696, 0.05598397968583077, 0.056516639752925084, 0.05678375349578094, 0.05655312215346535, 0.05709318659280136, 0.05753330561326649, 0.05822424761198231, 0.05856641837777238, 0.058663546697002605, 0.05829520111627496, 0.058019458378357286, 0.05786276302771312, 0.057678835712609886, 0.05721489013034267, 0.05620972754199197, 0.05488023496470325, 0.05291870088860013, 0.05085359195424363, 0.04836971777146554, 0.045888993393773454, 0.04332790860019442, 0.040721243397433354, 0.03815348906679705, 0.03609755066086763, 0.03431153121207709, 0.03269994312791247, 0.03113246913067769, 0.029533434333839276, 0.02779284963423818, 0.02581340528028532, 0.023636664296078556, 0.021032966406022018, 0.018298152858289164, 0.015471223173718233, 0.012975006021594128, 0.011476514573927241, 0.011190786613452559, 0.012013514795745658, 0.013192708648177051, 0.0146026096239084, 0.016627808096549106, 0.019288816219412905, 0.022115031993867204, 0.024956066779425322, 0.027947127033299147, 0.030317719296220055, 0.03213024736687776, 0.033908117916643665, 0.035613155393420214, 0.03695858371541455, 0.0370883147011733, 0.035844860180821725, 0.03331269225961453, 0.030127822662769057, 0.026675716455458534, 0.02305094507263966, 0.019294584365168215, 0.016588874620184203, 0.013459760460278334, 0.010513659470637583, 0.008184205378854309, 0.005908681970234855, 0.003908372487361734, 0.002250880846271649, 0.001837561814419065, 0.003902446460586522, 0.00649131804032715, 0.008842266053540701, 0.011337576744963709, 0.013847821453172829, 0.016241515374979285, 0.018506880743639053, 0.020753891025054552, 0.022854281545735794, 0.025177910908837288, 0.027764777035113285, 0.0302577363231247, 0.032552204835272186, 0.033962244268502154, 0.03530995724171245, 0.036795414568091225, 0.03840706162943578, 0.039993850675796264, 0.04133645030179679, 0.04211247094820217, 0.04239213751353172, 0.042192499106345205, 0.04200269786908514, 0.041897190162155235, 0.041830932940717325, 0.04166737666619139, 0.04206882264734189, 0.0426127097658282, 0.042895687146734904, 0.04300135533202284, 0.04249799814293581, 0.041897582995049115, 0.04072077112408416, 0.03927976254850985, 0.037331499513228325, 0.035889992777759706, 0.03456359233645024, 0.033243529781910974, 0.03199033675126687, 0.03059935779738079, 0.029272240636492235, 0.027900707354997015, 0.02654938414970694, 0.02543173352052397, 0.024311103096379235, 0.023065212419431085, 0.021685454855791198, 0.02041159885695607, 0.019056064221564174, 0.017656707279948437, 0.01626614648165674, 0.015012383850973622, 0.013603567963072178, 0.012189757837366814, 0.010674529938407772, 0.009407142987148039, 0.008344525906195775, 0.007439054007672372, 0.0072034584519923735, 0.007775010970036668, 0.009047582903156274, 0.010731538882415681, 0.01253460028234948, 0.014333543563369548, 0.016070624592636203, 0.017817726146123574, 0.019557256660804743, 0.02116824086555951, 0.022529303997840977, 0.023628588936546305, 0.02391411988476377, 0.02359656311707365, 0.022355277074164143, 0.020961866673625245, 0.018393580144489934, 0.015660552711922182, 0.013874328661167971, 0.01254026736778108, 0.011812131260623127, 0.010800298354986543, 0.00961805971638548, 0.008471507575266851, 0.007656757785702683, 0.006719580941926242, 0.0056999472982024405, 0.005125787188458596, 0.00504686530895439, 0.005697178935649704, 0.006245540782853768, 0.0070976650798796875, 0.007900543705723831, 0.008755370167568399, 0.009807746909975117, 0.011209592216881203, 0.01276960312030194, 0.014467251258771754, 0.015865855510978952, 0.01751794577394112, 0.01978728846519214, 0.022540086452385207, 0.024859037758439572, 0.02589623397823137, 0.02611181133516041, 0.026565850619759173, 0.0272557734372972, 0.02776644526036269, 0.02799937699621002, 0.02818388188652303, 0.02806005928616626, 0.028083982827741123, 0.02781538632605852, 0.027763976455106594, 0.028120518002563644, 0.028688559534023904, 0.029389365084960088, 0.030059907204608147, 0.03052096911154336, 0.031053468449087778, 0.03142000488428638, 0.03173833045042581, 0.031892653890475096, 0.03198060527161537, 0.031944507243272385, 0.03180892531117334, 0.03180195743523648, 0.03175983113429147, 0.03185651864929952, 0.032146459060636644, 0.032526908876218445, 0.033087790299913135, 0.03370146462957083, 0.0342847740780508, 0.0344768243549477, 0.03441738754137779, 0.034008301029805295]",0.04072077112408416,0.09459030573975985,0.0005114185206893246,0.04071755950492051,0.0,0.0,0.040379645886806315,0.09459030573975985,0.0005114185206893246,0.04071755950492051,7.512,1717635308.229317,2024-06-06_10-55-08
0.5059,0.07608000000000001,0.4553748455743402,0.4104235146744334,0.07488632504068837,0.41611322454363353,0.5059,0.07608000000000001,0.4924652878619554,0.4104235146744334,0.07488632504068837,0.41611322454363353,0.03927976254850985,"[0.011315756658919754, 0.012192407496521018, 0.01288995615295488, 0.01359963525141729, 0.014321891165186378, 0.015181047888625853, 0.01592941522152252, 0.01673874496494045, 0.01751440457689525, 0.01835087734908702, 0.019202544572813795, 0.020070622325609303, 0.02095627718778323, 0.02186061264947246, 0.022737260153569413, 0.023681097053535004, 0.024646250751560458, 0.025633386418693636, 0.02659237614956749, 0.027623542314219474, 0.0286250346734827, 0.029647102596467904, 0.03056454213255984, 0.031680305841655834, 0.03263530150735364, 0.033606764937046466, 0.034593095597664145, 0.03536350794006898, 0.035930760474075646, 0.03631257033147624, 0.03661317474198803, 0.03688385713543919, 0.03738127616234113, 0.037934719347479336, 0.03858163380471939, 0.03921882339006296, 0.03999131852533767, 0.04074980907886149, 0.04127472956039594, 0.04151563832077664, 0.04151964454301027, 0.04123464219442919, 0.04096829512038153, 0.04056460486818273, 0.04028281736824196, 0.04000166841569801, 0.03919762289117317, 0.037812479337396496, 0.03622310391275238, 0.03453579653228067, 0.0330206041779641, 0.031565009966306234, 0.03054064037737075, 0.029904305612678588, 0.029394155816597912, 0.028896840658953926, 0.02825322628704274, 0.027685220830545497, 0.02666364029859006, 0.025486033827772144, 0.02414387260068274, 0.023028867611909868, 0.022681878550084772, 0.02299235797660897, 0.02387546679328945, 0.024738332374206702, 0.025547718436096926, 0.026640938816603423, 0.02759836215880636, 0.028240938725365098, 0.028199955208514017, 0.028168175430310402, 0.02767018559717724, 0.027414861073674215, 0.027239233260695786, 0.0274939869379551, 0.027874761581110984, 0.02868161073982207, 0.029514734605865275, 0.030345172291974937, 0.031248268714928727, 0.032298002681611045, 0.033509628354587276, 0.0348066615601669, 0.03569061118903811, 0.03631377821401384, 0.03654105211474412, 0.03646788532881584, 0.03572808397059345, 0.03427781350345514, 0.03309813106562172, 0.031639416134799855, 0.02970329439236902, 0.027599049067936567, 0.02603054913364457, 0.024090316372098155, 0.02220132238001286, 0.02051452966091278, 0.019044426362309692, 0.017805605247084858, 0.01643252777018217, 0.01523003850809785, 0.01424180324883461, 0.013706552220618947, 0.0130880570946912, 0.012988920737072255, 0.013178248200839212, 0.013386796436950147, 0.01359897371732897, 0.01439195864266014, 0.015495810506657983, 0.016686507754200334, 0.01807173050136072, 0.019341411872889052, 0.020370802976522343, 0.0213787239197115, 0.02262888584538598, 0.02401686851684336, 0.025523335513576738, 0.026670410326906566, 0.02758824337325398, 0.02810647098585074, 0.028219175888028712, 0.02804128716256827, 0.027840212128430745, 0.02799079668741686, 0.027988272685847155, 0.02831306909632167, 0.028434723397990712, 0.0285549391753426, 0.02832607944879636, 0.02800347501499142, 0.027460301198426997, 0.02681840364884072, 0.026203190519756815, 0.02552364346313934, 0.024940794741503684, 0.024553643852497812, 0.024009602077058226, 0.023587486328410737, 0.023053226444370627, 0.02237349941244249, 0.021247392964358097, 0.01948489409103017, 0.01759577829009665, 0.015969918059865678, 0.014849832783247986, 0.014164911869984548, 0.013546042864334782, 0.01328357500957488, 0.012905521640083246, 0.012806686101790404, 0.01256569256360443, 0.01270015008783326, 0.013333718053885597, 0.014364706842779438, 0.015230812921928084, 0.016214173123414017, 0.017422309714956504, 0.01848297873673576, 0.019690103784110968, 0.02062988015396428, 0.021304326954883004, 0.021542023987470748, 0.021445001132587415, 0.02128479356968176, 0.021154257299581803, 0.020548768777841446, 0.020419411659703072, 0.020346908766621045, 0.02018386842926173, 0.020060715556614095, 0.019970155121820186, 0.019905412966441507, 0.019860328269953802, 0.019689549628068632, 0.019110038324468673, 0.018401772510693467, 0.01773443768827515, 0.01691379473734185, 0.0163889904882787, 0.015891976533507178, 0.015695148472402557, 0.015634975895130635, 0.01548249397414641, 0.015250362203767827, 0.01446715870868431, 0.013690714184349355, 0.013111437378948002, 0.01280400987898366, 0.012789088065484542, 0.012885508256999974, 0.012645414791893052, 0.012533763320360268, 0.01300792748125149, 0.014045480441271196, 0.015593406388961941, 0.017496649938682926, 0.01947963017829757, 0.021814960986639112, 0.0244888991790445, 0.027455202671237973, 0.030462142682767764, 0.03347516022004274, 0.03632355277573078, 0.03911728575744543, 0.041489125175428104, 0.043617926344794986, 0.04507509866910146, 0.045973158335007626, 0.046666313335408376, 0.047747911364257295, 0.04910015737076979, 0.051170936172887156, 0.05323921785426519, 0.05484930583024696, 0.05598397968583077, 0.056516639752925084, 0.05678375349578094, 0.05655312215346535, 0.05709318659280136, 0.05753330561326649, 0.05822424761198231, 0.05856641837777238, 0.058663546697002605, 0.05829520111627496, 0.058019458378357286, 0.05786276302771312, 0.057678835712609886, 0.05721489013034267, 0.05620972754199197, 0.05488023496470325, 0.05291870088860013, 0.05085359195424363, 0.04836971777146554, 0.045888993393773454, 0.04332790860019442, 0.040721243397433354, 0.03815348906679705, 0.03609755066086763, 0.03431153121207709, 0.03269994312791247, 0.03113246913067769, 0.029533434333839276, 0.02779284963423818, 0.02581340528028532, 0.023636664296078556, 0.021032966406022018, 0.018298152858289164, 0.015471223173718233, 0.012975006021594128, 0.011476514573927241, 0.011190786613452559, 0.012013514795745658, 0.013192708648177051, 0.0146026096239084, 0.016627808096549106, 0.019288816219412905, 0.022115031993867204, 0.024956066779425322, 0.027947127033299147, 0.030317719296220055, 0.03213024736687776, 0.033908117916643665, 0.035613155393420214, 0.03695858371541455, 0.0370883147011733, 0.035844860180821725, 0.03331269225961453, 0.030127822662769057, 0.026675716455458534, 0.02305094507263966, 0.019294584365168215, 0.016588874620184203, 0.013459760460278334, 0.010513659470637583, 0.008184205378854309, 0.005908681970234855, 0.003908372487361734, 0.002250880846271649, 0.001837561814419065, 0.003902446460586522, 0.00649131804032715, 0.008842266053540701, 0.011337576744963709, 0.013847821453172829, 0.016241515374979285, 0.018506880743639053, 0.020753891025054552, 0.022854281545735794, 0.025177910908837288, 0.027764777035113285, 0.0302577363231247, 0.032552204835272186, 0.033962244268502154, 0.03530995724171245, 0.036795414568091225, 0.03840706162943578, 0.039993850675796264, 0.04133645030179679, 0.04211247094820217, 0.04239213751353172, 0.042192499106345205, 0.04200269786908514, 0.041897190162155235, 0.041830932940717325, 0.04166737666619139, 0.04206882264734189, 0.0426127097658282, 0.042895687146734904, 0.04300135533202284, 0.04249799814293581, 0.041897582995049115, 0.04072077112408416, 0.03927976254850985, 0.037331499513228325, 0.035889992777759706, 0.03456359233645024, 0.033243529781910974, 0.03199033675126687, 0.03059935779738079, 0.029272240636492235, 0.027900707354997015, 0.02654938414970694, 0.02543173352052397, 0.024311103096379235, 0.023065212419431085, 0.021685454855791198, 0.02041159885695607, 0.019056064221564174, 0.017656707279948437, 0.01626614648165674, 0.015012383850973622, 0.013603567963072178, 0.012189757837366814, 0.010674529938407772, 0.009407142987148039, 0.008344525906195775, 0.007439054007672372, 0.0072034584519923735, 0.007775010970036668, 0.009047582903156274, 0.010731538882415681, 0.01253460028234948, 0.014333543563369548, 0.016070624592636203, 0.017817726146123574, 0.019557256660804743, 0.02116824086555951, 0.022529303997840977, 0.023628588936546305, 0.02391411988476377, 0.02359656311707365, 0.022355277074164143, 0.020961866673625245, 0.018393580144489934, 0.015660552711922182, 0.013874328661167971, 0.01254026736778108, 0.011812131260623127, 0.010800298354986543, 0.00961805971638548, 0.008471507575266851, 0.007656757785702683, 0.006719580941926242, 0.0056999472982024405, 0.005125787188458596, 0.00504686530895439, 0.005697178935649704, 0.006245540782853768, 0.0070976650798796875, 0.007900543705723831, 0.008755370167568399, 0.009807746909975117, 0.011209592216881203, 0.01276960312030194, 0.014467251258771754, 0.015865855510978952, 0.01751794577394112, 0.01978728846519214, 0.022540086452385207, 0.024859037758439572, 0.02589623397823137, 0.02611181133516041, 0.026565850619759173, 0.0272557734372972, 0.02776644526036269, 0.02799937699621002, 0.02818388188652303, 0.02806005928616626, 0.028083982827741123, 0.02781538632605852, 0.027763976455106594, 0.028120518002563644, 0.028688559534023904, 0.029389365084960088, 0.030059907204608147, 0.03052096911154336, 0.031053468449087778, 0.03142000488428638, 0.03173833045042581, 0.031892653890475096, 0.03198060527161537, 0.031944507243272385, 0.03180892531117334, 0.03180195743523648, 0.03175983113429147, 0.03185651864929952, 0.032146459060636644, 0.032526908876218445, 0.033087790299913135, 0.03370146462957083, 0.0342847740780508, 0.0344768243549477, 0.03441738754137779, 0.034008301029805295]",0.03927976254850985,0.09547648532556663,0.0011936749593116358,0.039261621030706684,0.0,0.0,0.03709044228761521,0.09547648532556663,0.0011936749593116358,0.039261621030706684,7.5360000000000005,1717635308.253227,2024-06-06_10-55-08
0.5059,0.07680000000000001,0.45574372068643026,0.4093067896953039,0.0749733485034356,0.41845693750235463,0.5059,0.07680000000000001,0.4895449593748543,0.4093067896953039,0.0749733485034356,0.41845693750235463,0.037331499513228325,"[0.011315756658919754, 0.012192407496521018, 0.01288995615295488, 0.01359963525141729, 0.014321891165186378, 0.015181047888625853, 0.01592941522152252, 0.01673874496494045, 0.01751440457689525, 0.01835087734908702, 0.019202544572813795, 0.020070622325609303, 0.02095627718778323, 0.02186061264947246, 0.022737260153569413, 0.023681097053535004, 0.024646250751560458, 0.025633386418693636, 0.02659237614956749, 0.027623542314219474, 0.0286250346734827, 0.029647102596467904, 0.03056454213255984, 0.031680305841655834, 0.03263530150735364, 0.033606764937046466, 0.034593095597664145, 0.03536350794006898, 0.035930760474075646, 0.03631257033147624, 0.03661317474198803, 0.03688385713543919, 0.03738127616234113, 0.037934719347479336, 0.03858163380471939, 0.03921882339006296, 0.03999131852533767, 0.04074980907886149, 0.04127472956039594, 0.04151563832077664, 0.04151964454301027, 0.04123464219442919, 0.04096829512038153, 0.04056460486818273, 0.04028281736824196, 0.04000166841569801, 0.03919762289117317, 0.037812479337396496, 0.03622310391275238, 0.03453579653228067, 0.0330206041779641, 0.031565009966306234, 0.03054064037737075, 0.029904305612678588, 0.029394155816597912, 0.028896840658953926, 0.02825322628704274, 0.027685220830545497, 0.02666364029859006, 0.025486033827772144, 0.02414387260068274, 0.023028867611909868, 0.022681878550084772, 0.02299235797660897, 0.02387546679328945, 0.024738332374206702, 0.025547718436096926, 0.026640938816603423, 0.02759836215880636, 0.028240938725365098, 0.028199955208514017, 0.028168175430310402, 0.02767018559717724, 0.027414861073674215, 0.027239233260695786, 0.0274939869379551, 0.027874761581110984, 0.02868161073982207, 0.029514734605865275, 0.030345172291974937, 0.031248268714928727, 0.032298002681611045, 0.033509628354587276, 0.0348066615601669, 0.03569061118903811, 0.03631377821401384, 0.03654105211474412, 0.03646788532881584, 0.03572808397059345, 0.03427781350345514, 0.03309813106562172, 0.031639416134799855, 0.02970329439236902, 0.027599049067936567, 0.02603054913364457, 0.024090316372098155, 0.02220132238001286, 0.02051452966091278, 0.019044426362309692, 0.017805605247084858, 0.01643252777018217, 0.01523003850809785, 0.01424180324883461, 0.013706552220618947, 0.0130880570946912, 0.012988920737072255, 0.013178248200839212, 0.013386796436950147, 0.01359897371732897, 0.01439195864266014, 0.015495810506657983, 0.016686507754200334, 0.01807173050136072, 0.019341411872889052, 0.020370802976522343, 0.0213787239197115, 0.02262888584538598, 0.02401686851684336, 0.025523335513576738, 0.026670410326906566, 0.02758824337325398, 0.02810647098585074, 0.028219175888028712, 0.02804128716256827, 0.027840212128430745, 0.02799079668741686, 0.027988272685847155, 0.02831306909632167, 0.028434723397990712, 0.0285549391753426, 0.02832607944879636, 0.02800347501499142, 0.027460301198426997, 0.02681840364884072, 0.026203190519756815, 0.02552364346313934, 0.024940794741503684, 0.024553643852497812, 0.024009602077058226, 0.023587486328410737, 0.023053226444370627, 0.02237349941244249, 0.021247392964358097, 0.01948489409103017, 0.01759577829009665, 0.015969918059865678, 0.014849832783247986, 0.014164911869984548, 0.013546042864334782, 0.01328357500957488, 0.012905521640083246, 0.012806686101790404, 0.01256569256360443, 0.01270015008783326, 0.013333718053885597, 0.014364706842779438, 0.015230812921928084, 0.016214173123414017, 0.017422309714956504, 0.01848297873673576, 0.019690103784110968, 0.02062988015396428, 0.021304326954883004, 0.021542023987470748, 0.021445001132587415, 0.02128479356968176, 0.021154257299581803, 0.020548768777841446, 0.020419411659703072, 0.020346908766621045, 0.02018386842926173, 0.020060715556614095, 0.019970155121820186, 0.019905412966441507, 0.019860328269953802, 0.019689549628068632, 0.019110038324468673, 0.018401772510693467, 0.01773443768827515, 0.01691379473734185, 0.0163889904882787, 0.015891976533507178, 0.015695148472402557, 0.015634975895130635, 0.01548249397414641, 0.015250362203767827, 0.01446715870868431, 0.013690714184349355, 0.013111437378948002, 0.01280400987898366, 0.012789088065484542, 0.012885508256999974, 0.012645414791893052, 0.012533763320360268, 0.01300792748125149, 0.014045480441271196, 0.015593406388961941, 0.017496649938682926, 0.01947963017829757, 0.021814960986639112, 0.0244888991790445, 0.027455202671237973, 0.030462142682767764, 0.03347516022004274, 0.03632355277573078, 0.03911728575744543, 0.041489125175428104, 0.043617926344794986, 0.04507509866910146, 0.045973158335007626, 0.046666313335408376, 0.047747911364257295, 0.04910015737076979, 0.051170936172887156, 0.05323921785426519, 0.05484930583024696, 0.05598397968583077, 0.056516639752925084, 0.05678375349578094, 0.05655312215346535, 0.05709318659280136, 0.05753330561326649, 0.05822424761198231, 0.05856641837777238, 0.058663546697002605, 0.05829520111627496, 0.058019458378357286, 0.05786276302771312, 0.057678835712609886, 0.05721489013034267, 0.05620972754199197, 0.05488023496470325, 0.05291870088860013, 0.05085359195424363, 0.04836971777146554, 0.045888993393773454, 0.04332790860019442, 0.040721243397433354, 0.03815348906679705, 0.03609755066086763, 0.03431153121207709, 0.03269994312791247, 0.03113246913067769, 0.029533434333839276, 0.02779284963423818, 0.02581340528028532, 0.023636664296078556, 0.021032966406022018, 0.018298152858289164, 0.015471223173718233, 0.012975006021594128, 0.011476514573927241, 0.011190786613452559, 0.012013514795745658, 0.013192708648177051, 0.0146026096239084, 0.016627808096549106, 0.019288816219412905, 0.022115031993867204, 0.024956066779425322, 0.027947127033299147, 0.030317719296220055, 0.03213024736687776, 0.033908117916643665, 0.035613155393420214, 0.03695858371541455, 0.0370883147011733, 0.035844860180821725, 0.03331269225961453, 0.030127822662769057, 0.026675716455458534, 0.02305094507263966, 0.019294584365168215, 0.016588874620184203, 0.013459760460278334, 0.010513659470637583, 0.008184205378854309, 0.005908681970234855, 0.003908372487361734, 0.002250880846271649, 0.001837561814419065, 0.003902446460586522, 0.00649131804032715, 0.008842266053540701, 0.011337576744963709, 0.013847821453172829, 0.016241515374979285, 0.018506880743639053, 0.020753891025054552, 0.022854281545735794, 0.025177910908837288, 0.027764777035113285, 0.0302577363231247, 0.032552204835272186, 0.033962244268502154, 0.03530995724171245, 0.036795414568091225, 0.03840706162943578, 0.039993850675796264, 0.04133645030179679, 0.04211247094820217, 0.04239213751353172, 0.042192499106345205, 0.04200269786908514, 0.041897190162155235, 0.041830932940717325, 0.04166737666619139, 0.04206882264734189, 0.0426127097658282, 0.042895687146734904, 0.04300135533202284, 0.04249799814293581, 0.041897582995049115, 0.04072077112408416, 0.03927976254850985, 0.037331499513228325, 0.035889992777759706, 0.03456359233645024, 0.033243529781910974, 0.03199033675126687, 0.03059935779738079, 0.029272240636492235, 0.027900707354997015, 0.02654938414970694, 0.02543173352052397, 0.024311103096379235, 0.023065212419431085, 0.021685454855791198, 0.02041159885695607, 0.019056064221564174, 0.017656707279948437, 0.01626614648165674, 0.015012383850973622, 0.013603567963072178, 0.012189757837366814, 0.010674529938407772, 0.009407142987148039, 0.008344525906195775, 0.007439054007672372, 0.0072034584519923735, 0.007775010970036668, 0.009047582903156274, 0.010731538882415681, 0.01253460028234948, 0.014333543563369548, 0.016070624592636203, 0.017817726146123574, 0.019557256660804743, 0.02116824086555951, 0.022529303997840977, 0.023628588936546305, 0.02391411988476377, 0.02359656311707365, 0.022355277074164143, 0.020961866673625245, 0.018393580144489934, 0.015660552711922182, 0.013874328661167971, 0.01254026736778108, 0.011812131260623127, 0.010800298354986543, 0.00961805971638548, 0.008471507575266851, 0.007656757785702683, 0.006719580941926242, 0.0056999472982024405, 0.005125787188458596, 0.00504686530895439, 0.005697178935649704, 0.006245540782853768, 0.0070976650798796875, 0.007900543705723831, 0.008755370167568399, 0.009807746909975117, 0.011209592216881203, 0.01276960312030194, 0.014467251258771754, 0.015865855510978952, 0.01751794577394112, 0.01978728846519214, 0.022540086452385207, 0.024859037758439572, 0.02589623397823137, 0.02611181133516041, 0.026565850619759173, 0.0272557734372972, 0.02776644526036269, 0.02799937699621002, 0.02818388188652303, 0.02806005928616626, 0.028083982827741123, 0.02781538632605852, 0.027763976455106594, 0.028120518002563644, 0.028688559534023904, 0.029389365084960088, 0.030059907204608147, 0.03052096911154336, 0.031053468449087778, 0.03142000488428638, 0.03173833045042581, 0.031892653890475096, 0.03198060527161537, 0.031944507243272385, 0.03180892531117334, 0.03180195743523648, 0.03175983113429147, 0.03185651864929952, 0.032146459060636644, 0.032526908876218445, 0.033087790299913135, 0.03370146462957083, 0.0342847740780508, 0.0344768243549477, 0.03441738754137779, 0.034008301029805295]",0.037331499513228325,0.09659321030469614,0.0018266514965644132,0.037286783184075634,0.0,0.0,0.03380123868842405,0.09659321030469614,0.0018266514965644132,0.037286783184075634,7.5600000000000005,1717635308.2789726,2024-06-06_10-55-08
0.5059,0.07751999999999998,0.45599140687750034,0.408259585313324,0.07533670094880188,0.4201678840630048,0.5059,0.07751999999999998,0.48650344196673323,0.408259585313324,0.07533670094880188,0.4201678840630048,0.035889992777759706,"[0.011315756658919754, 0.012192407496521018, 0.01288995615295488, 0.01359963525141729, 0.014321891165186378, 0.015181047888625853, 0.01592941522152252, 0.01673874496494045, 0.01751440457689525, 0.01835087734908702, 0.019202544572813795, 0.020070622325609303, 0.02095627718778323, 0.02186061264947246, 0.022737260153569413, 0.023681097053535004, 0.024646250751560458, 0.025633386418693636, 0.02659237614956749, 0.027623542314219474, 0.0286250346734827, 0.029647102596467904, 0.03056454213255984, 0.031680305841655834, 0.03263530150735364, 0.033606764937046466, 0.034593095597664145, 0.03536350794006898, 0.035930760474075646, 0.03631257033147624, 0.03661317474198803, 0.03688385713543919, 0.03738127616234113, 0.037934719347479336, 0.03858163380471939, 0.03921882339006296, 0.03999131852533767, 0.04074980907886149, 0.04127472956039594, 0.04151563832077664, 0.04151964454301027, 0.04123464219442919, 0.04096829512038153, 0.04056460486818273, 0.04028281736824196, 0.04000166841569801, 0.03919762289117317, 0.037812479337396496, 0.03622310391275238, 0.03453579653228067, 0.0330206041779641, 0.031565009966306234, 0.03054064037737075, 0.029904305612678588, 0.029394155816597912, 0.028896840658953926, 0.02825322628704274, 0.027685220830545497, 0.02666364029859006, 0.025486033827772144, 0.02414387260068274, 0.023028867611909868, 0.022681878550084772, 0.02299235797660897, 0.02387546679328945, 0.024738332374206702, 0.025547718436096926, 0.026640938816603423, 0.02759836215880636, 0.028240938725365098, 0.028199955208514017, 0.028168175430310402, 0.02767018559717724, 0.027414861073674215, 0.027239233260695786, 0.0274939869379551, 0.027874761581110984, 0.02868161073982207, 0.029514734605865275, 0.030345172291974937, 0.031248268714928727, 0.032298002681611045, 0.033509628354587276, 0.0348066615601669, 0.03569061118903811, 0.03631377821401384, 0.03654105211474412, 0.03646788532881584, 0.03572808397059345, 0.03427781350345514, 0.03309813106562172, 0.031639416134799855, 0.02970329439236902, 0.027599049067936567, 0.02603054913364457, 0.024090316372098155, 0.02220132238001286, 0.02051452966091278, 0.019044426362309692, 0.017805605247084858, 0.01643252777018217, 0.01523003850809785, 0.01424180324883461, 0.013706552220618947, 0.0130880570946912, 0.012988920737072255, 0.013178248200839212, 0.013386796436950147, 0.01359897371732897, 0.01439195864266014, 0.015495810506657983, 0.016686507754200334, 0.01807173050136072, 0.019341411872889052, 0.020370802976522343, 0.0213787239197115, 0.02262888584538598, 0.02401686851684336, 0.025523335513576738, 0.026670410326906566, 0.02758824337325398, 0.02810647098585074, 0.028219175888028712, 0.02804128716256827, 0.027840212128430745, 0.02799079668741686, 0.027988272685847155, 0.02831306909632167, 0.028434723397990712, 0.0285549391753426, 0.02832607944879636, 0.02800347501499142, 0.027460301198426997, 0.02681840364884072, 0.026203190519756815, 0.02552364346313934, 0.024940794741503684, 0.024553643852497812, 0.024009602077058226, 0.023587486328410737, 0.023053226444370627, 0.02237349941244249, 0.021247392964358097, 0.01948489409103017, 0.01759577829009665, 0.015969918059865678, 0.014849832783247986, 0.014164911869984548, 0.013546042864334782, 0.01328357500957488, 0.012905521640083246, 0.012806686101790404, 0.01256569256360443, 0.01270015008783326, 0.013333718053885597, 0.014364706842779438, 0.015230812921928084, 0.016214173123414017, 0.017422309714956504, 0.01848297873673576, 0.019690103784110968, 0.02062988015396428, 0.021304326954883004, 0.021542023987470748, 0.021445001132587415, 0.02128479356968176, 0.021154257299581803, 0.020548768777841446, 0.020419411659703072, 0.020346908766621045, 0.02018386842926173, 0.020060715556614095, 0.019970155121820186, 0.019905412966441507, 0.019860328269953802, 0.019689549628068632, 0.019110038324468673, 0.018401772510693467, 0.01773443768827515, 0.01691379473734185, 0.0163889904882787, 0.015891976533507178, 0.015695148472402557, 0.015634975895130635, 0.01548249397414641, 0.015250362203767827, 0.01446715870868431, 0.013690714184349355, 0.013111437378948002, 0.01280400987898366, 0.012789088065484542, 0.012885508256999974, 0.012645414791893052, 0.012533763320360268, 0.01300792748125149, 0.014045480441271196, 0.015593406388961941, 0.017496649938682926, 0.01947963017829757, 0.021814960986639112, 0.0244888991790445, 0.027455202671237973, 0.030462142682767764, 0.03347516022004274, 0.03632355277573078, 0.03911728575744543, 0.041489125175428104, 0.043617926344794986, 0.04507509866910146, 0.045973158335007626, 0.046666313335408376, 0.047747911364257295, 0.04910015737076979, 0.051170936172887156, 0.05323921785426519, 0.05484930583024696, 0.05598397968583077, 0.056516639752925084, 0.05678375349578094, 0.05655312215346535, 0.05709318659280136, 0.05753330561326649, 0.05822424761198231, 0.05856641837777238, 0.058663546697002605, 0.05829520111627496, 0.058019458378357286, 0.05786276302771312, 0.057678835712609886, 0.05721489013034267, 0.05620972754199197, 0.05488023496470325, 0.05291870088860013, 0.05085359195424363, 0.04836971777146554, 0.045888993393773454, 0.04332790860019442, 0.040721243397433354, 0.03815348906679705, 0.03609755066086763, 0.03431153121207709, 0.03269994312791247, 0.03113246913067769, 0.029533434333839276, 0.02779284963423818, 0.02581340528028532, 0.023636664296078556, 0.021032966406022018, 0.018298152858289164, 0.015471223173718233, 0.012975006021594128, 0.011476514573927241, 0.011190786613452559, 0.012013514795745658, 0.013192708648177051, 0.0146026096239084, 0.016627808096549106, 0.019288816219412905, 0.022115031993867204, 0.024956066779425322, 0.027947127033299147, 0.030317719296220055, 0.03213024736687776, 0.033908117916643665, 0.035613155393420214, 0.03695858371541455, 0.0370883147011733, 0.035844860180821725, 0.03331269225961453, 0.030127822662769057, 0.026675716455458534, 0.02305094507263966, 0.019294584365168215, 0.016588874620184203, 0.013459760460278334, 0.010513659470637583, 0.008184205378854309, 0.005908681970234855, 0.003908372487361734, 0.002250880846271649, 0.001837561814419065, 0.003902446460586522, 0.00649131804032715, 0.008842266053540701, 0.011337576744963709, 0.013847821453172829, 0.016241515374979285, 0.018506880743639053, 0.020753891025054552, 0.022854281545735794, 0.025177910908837288, 0.027764777035113285, 0.0302577363231247, 0.032552204835272186, 0.033962244268502154, 0.03530995724171245, 0.036795414568091225, 0.03840706162943578, 0.039993850675796264, 0.04133645030179679, 0.04211247094820217, 0.04239213751353172, 0.042192499106345205, 0.04200269786908514, 0.041897190162155235, 0.041830932940717325, 0.04166737666619139, 0.04206882264734189, 0.0426127097658282, 0.042895687146734904, 0.04300135533202284, 0.04249799814293581, 0.041897582995049115, 0.04072077112408416, 0.03927976254850985, 0.037331499513228325, 0.035889992777759706, 0.03456359233645024, 0.033243529781910974, 0.03199033675126687, 0.03059935779738079, 0.029272240636492235, 0.027900707354997015, 0.02654938414970694, 0.02543173352052397, 0.024311103096379235, 0.023065212419431085, 0.021685454855791198, 0.02041159885695607, 0.019056064221564174, 0.017656707279948437, 0.01626614648165674, 0.015012383850973622, 0.013603567963072178, 0.012189757837366814, 0.010674529938407772, 0.009407142987148039, 0.008344525906195775, 0.007439054007672372, 0.0072034584519923735, 0.007775010970036668, 0.009047582903156274, 0.010731538882415681, 0.01253460028234948, 0.014333543563369548, 0.016070624592636203, 0.017817726146123574, 0.019557256660804743, 0.02116824086555951, 0.022529303997840977, 0.023628588936546305, 0.02391411988476377, 0.02359656311707365, 0.022355277074164143, 0.020961866673625245, 0.018393580144489934, 0.015660552711922182, 0.013874328661167971, 0.01254026736778108, 0.011812131260623127, 0.010800298354986543, 0.00961805971638548, 0.008471507575266851, 0.007656757785702683, 0.006719580941926242, 0.0056999472982024405, 0.005125787188458596, 0.00504686530895439, 0.005697178935649704, 0.006245540782853768, 0.0070976650798796875, 0.007900543705723831, 0.008755370167568399, 0.009807746909975117, 0.011209592216881203, 0.01276960312030194, 0.014467251258771754, 0.015865855510978952, 0.01751794577394112, 0.01978728846519214, 0.022540086452385207, 0.024859037758439572, 0.02589623397823137, 0.02611181133516041, 0.026565850619759173, 0.0272557734372972, 0.02776644526036269, 0.02799937699621002, 0.02818388188652303, 0.02806005928616626, 0.028083982827741123, 0.02781538632605852, 0.027763976455106594, 0.028120518002563644, 0.028688559534023904, 0.029389365084960088, 0.030059907204608147, 0.03052096911154336, 0.031053468449087778, 0.03142000488428638, 0.03173833045042581, 0.031892653890475096, 0.03198060527161537, 0.031944507243272385, 0.03180892531117334, 0.03180195743523648, 0.03175983113429147, 0.03185651864929952, 0.032146459060636644, 0.032526908876218445, 0.033087790299913135, 0.03370146462957083, 0.0342847740780508, 0.0344768243549477, 0.03441738754137779, 0.034008301029805295]",0.035889992777759706,0.097640414686676,0.002183299051198101,0.03582352281449552,0.0,0.0,0.030512035089232892,0.097640414686676,0.002183299051198101,0.03582352281449552,7.584,1717635308.3030477,2024-06-06_10-55-08
0.5059,0.07824,0.45611605615986217,0.406834534138911,0.07618789322201625,0.4216134363611849,0.5059,0.07824,0.4833102845568076,0.406834534138911,0.07618789322201625,0.4216134363611849,0.03456359233645024,"[0.011315756658919754, 0.012192407496521018, 0.01288995615295488, 0.01359963525141729, 0.014321891165186378, 0.015181047888625853, 0.01592941522152252, 0.01673874496494045, 0.01751440457689525, 0.01835087734908702, 0.019202544572813795, 0.020070622325609303, 0.02095627718778323, 0.02186061264947246, 0.022737260153569413, 0.023681097053535004, 0.024646250751560458, 0.025633386418693636, 0.02659237614956749, 0.027623542314219474, 0.0286250346734827, 0.029647102596467904, 0.03056454213255984, 0.031680305841655834, 0.03263530150735364, 0.033606764937046466, 0.034593095597664145, 0.03536350794006898, 0.035930760474075646, 0.03631257033147624, 0.03661317474198803, 0.03688385713543919, 0.03738127616234113, 0.037934719347479336, 0.03858163380471939, 0.03921882339006296, 0.03999131852533767, 0.04074980907886149, 0.04127472956039594, 0.04151563832077664, 0.04151964454301027, 0.04123464219442919, 0.04096829512038153, 0.04056460486818273, 0.04028281736824196, 0.04000166841569801, 0.03919762289117317, 0.037812479337396496, 0.03622310391275238, 0.03453579653228067, 0.0330206041779641, 0.031565009966306234, 0.03054064037737075, 0.029904305612678588, 0.029394155816597912, 0.028896840658953926, 0.02825322628704274, 0.027685220830545497, 0.02666364029859006, 0.025486033827772144, 0.02414387260068274, 0.023028867611909868, 0.022681878550084772, 0.02299235797660897, 0.02387546679328945, 0.024738332374206702, 0.025547718436096926, 0.026640938816603423, 0.02759836215880636, 0.028240938725365098, 0.028199955208514017, 0.028168175430310402, 0.02767018559717724, 0.027414861073674215, 0.027239233260695786, 0.0274939869379551, 0.027874761581110984, 0.02868161073982207, 0.029514734605865275, 0.030345172291974937, 0.031248268714928727, 0.032298002681611045, 0.033509628354587276, 0.0348066615601669, 0.03569061118903811, 0.03631377821401384, 0.03654105211474412, 0.03646788532881584, 0.03572808397059345, 0.03427781350345514, 0.03309813106562172, 0.031639416134799855, 0.02970329439236902, 0.027599049067936567, 0.02603054913364457, 0.024090316372098155, 0.02220132238001286, 0.02051452966091278, 0.019044426362309692, 0.017805605247084858, 0.01643252777018217, 0.01523003850809785, 0.01424180324883461, 0.013706552220618947, 0.0130880570946912, 0.012988920737072255, 0.013178248200839212, 0.013386796436950147, 0.01359897371732897, 0.01439195864266014, 0.015495810506657983, 0.016686507754200334, 0.01807173050136072, 0.019341411872889052, 0.020370802976522343, 0.0213787239197115, 0.02262888584538598, 0.02401686851684336, 0.025523335513576738, 0.026670410326906566, 0.02758824337325398, 0.02810647098585074, 0.028219175888028712, 0.02804128716256827, 0.027840212128430745, 0.02799079668741686, 0.027988272685847155, 0.02831306909632167, 0.028434723397990712, 0.0285549391753426, 0.02832607944879636, 0.02800347501499142, 0.027460301198426997, 0.02681840364884072, 0.026203190519756815, 0.02552364346313934, 0.024940794741503684, 0.024553643852497812, 0.024009602077058226, 0.023587486328410737, 0.023053226444370627, 0.02237349941244249, 0.021247392964358097, 0.01948489409103017, 0.01759577829009665, 0.015969918059865678, 0.014849832783247986, 0.014164911869984548, 0.013546042864334782, 0.01328357500957488, 0.012905521640083246, 0.012806686101790404, 0.01256569256360443, 0.01270015008783326, 0.013333718053885597, 0.014364706842779438, 0.015230812921928084, 0.016214173123414017, 0.017422309714956504, 0.01848297873673576, 0.019690103784110968, 0.02062988015396428, 0.021304326954883004, 0.021542023987470748, 0.021445001132587415, 0.02128479356968176, 0.021154257299581803, 0.020548768777841446, 0.020419411659703072, 0.020346908766621045, 0.02018386842926173, 0.020060715556614095, 0.019970155121820186, 0.019905412966441507, 0.019860328269953802, 0.019689549628068632, 0.019110038324468673, 0.018401772510693467, 0.01773443768827515, 0.01691379473734185, 0.0163889904882787, 0.015891976533507178, 0.015695148472402557, 0.015634975895130635, 0.01548249397414641, 0.015250362203767827, 0.01446715870868431, 0.013690714184349355, 0.013111437378948002, 0.01280400987898366, 0.012789088065484542, 0.012885508256999974, 0.012645414791893052, 0.012533763320360268, 0.01300792748125149, 0.014045480441271196, 0.015593406388961941, 0.017496649938682926, 0.01947963017829757, 0.021814960986639112, 0.0244888991790445, 0.027455202671237973, 0.030462142682767764, 0.03347516022004274, 0.03632355277573078, 0.03911728575744543, 0.041489125175428104, 0.043617926344794986, 0.04507509866910146, 0.045973158335007626, 0.046666313335408376, 0.047747911364257295, 0.04910015737076979, 0.051170936172887156, 0.05323921785426519, 0.05484930583024696, 0.05598397968583077, 0.056516639752925084, 0.05678375349578094, 0.05655312215346535, 0.05709318659280136, 0.05753330561326649, 0.05822424761198231, 0.05856641837777238, 0.058663546697002605, 0.05829520111627496, 0.058019458378357286, 0.05786276302771312, 0.057678835712609886, 0.05721489013034267, 0.05620972754199197, 0.05488023496470325, 0.05291870088860013, 0.05085359195424363, 0.04836971777146554, 0.045888993393773454, 0.04332790860019442, 0.040721243397433354, 0.03815348906679705, 0.03609755066086763, 0.03431153121207709, 0.03269994312791247, 0.03113246913067769, 0.029533434333839276, 0.02779284963423818, 0.02581340528028532, 0.023636664296078556, 0.021032966406022018, 0.018298152858289164, 0.015471223173718233, 0.012975006021594128, 0.011476514573927241, 0.011190786613452559, 0.012013514795745658, 0.013192708648177051, 0.0146026096239084, 0.016627808096549106, 0.019288816219412905, 0.022115031993867204, 0.024956066779425322, 0.027947127033299147, 0.030317719296220055, 0.03213024736687776, 0.033908117916643665, 0.035613155393420214, 0.03695858371541455, 0.0370883147011733, 0.035844860180821725, 0.03331269225961453, 0.030127822662769057, 0.026675716455458534, 0.02305094507263966, 0.019294584365168215, 0.016588874620184203, 0.013459760460278334, 0.010513659470637583, 0.008184205378854309, 0.005908681970234855, 0.003908372487361734, 0.002250880846271649, 0.001837561814419065, 0.003902446460586522, 0.00649131804032715, 0.008842266053540701, 0.011337576744963709, 0.013847821453172829, 0.016241515374979285, 0.018506880743639053, 0.020753891025054552, 0.022854281545735794, 0.025177910908837288, 0.027764777035113285, 0.0302577363231247, 0.032552204835272186, 0.033962244268502154, 0.03530995724171245, 0.036795414568091225, 0.03840706162943578, 0.039993850675796264, 0.04133645030179679, 0.04211247094820217, 0.04239213751353172, 0.042192499106345205, 0.04200269786908514, 0.041897190162155235, 0.041830932940717325, 0.04166737666619139, 0.04206882264734189, 0.0426127097658282, 0.042895687146734904, 0.04300135533202284, 0.04249799814293581, 0.041897582995049115, 0.04072077112408416, 0.03927976254850985, 0.037331499513228325, 0.035889992777759706, 0.03456359233645024, 0.033243529781910974, 0.03199033675126687, 0.03059935779738079, 0.029272240636492235, 0.027900707354997015, 0.02654938414970694, 0.02543173352052397, 0.024311103096379235, 0.023065212419431085, 0.021685454855791198, 0.02041159885695607, 0.019056064221564174, 0.017656707279948437, 0.01626614648165674, 0.015012383850973622, 0.013603567963072178, 0.012189757837366814, 0.010674529938407772, 0.009407142987148039, 0.008344525906195775, 0.007439054007672372, 0.0072034584519923735, 0.007775010970036668, 0.009047582903156274, 0.010731538882415681, 0.01253460028234948, 0.014333543563369548, 0.016070624592636203, 0.017817726146123574, 0.019557256660804743, 0.02116824086555951, 0.022529303997840977, 0.023628588936546305, 0.02391411988476377, 0.02359656311707365, 0.022355277074164143, 0.020961866673625245, 0.018393580144489934, 0.015660552711922182, 0.013874328661167971, 0.01254026736778108, 0.011812131260623127, 0.010800298354986543, 0.00961805971638548, 0.008471507575266851, 0.007656757785702683, 0.006719580941926242, 0.0056999472982024405, 0.005125787188458596, 0.00504686530895439, 0.005697178935649704, 0.006245540782853768, 0.0070976650798796875, 0.007900543705723831, 0.008755370167568399, 0.009807746909975117, 0.011209592216881203, 0.01276960312030194, 0.014467251258771754, 0.015865855510978952, 0.01751794577394112, 0.01978728846519214, 0.022540086452385207, 0.024859037758439572, 0.02589623397823137, 0.02611181133516041, 0.026565850619759173, 0.0272557734372972, 0.02776644526036269, 0.02799937699621002, 0.02818388188652303, 0.02806005928616626, 0.028083982827741123, 0.02781538632605852, 0.027763976455106594, 0.028120518002563644, 0.028688559534023904, 0.029389365084960088, 0.030059907204608147, 0.03052096911154336, 0.031053468449087778, 0.03142000488428638, 0.03173833045042581, 0.031892653890475096, 0.03198060527161537, 0.031944507243272385, 0.03180892531117334, 0.03180195743523648, 0.03175983113429147, 0.03185651864929952, 0.032146459060636644, 0.032526908876218445, 0.033087790299913135, 0.03370146462957083, 0.0342847740780508, 0.0344768243549477, 0.03441738754137779, 0.034008301029805295]",0.03456359233645024,0.099065465861089,0.0020521067779837587,0.03450261979867725,0.0,0.0,0.027194228396945408,0.099065465861089,0.0020521067779837587,0.03450261979867725,7.6080000000000005,1717635308.3271217,2024-06-06_10-55-08
0.5059,0.07896,0.45611649764038986,0.40554693145068055,0.07709561267504256,0.42292528898111775,0.5059,0.07896,0.47993571315885497,0.40554693145068055,0.07709561267504256,0.42292528898111775,0.033243529781910974,"[0.011315756658919754, 0.012192407496521018, 0.01288995615295488, 0.01359963525141729, 0.014321891165186378, 0.015181047888625853, 0.01592941522152252, 0.01673874496494045, 0.01751440457689525, 0.01835087734908702, 0.019202544572813795, 0.020070622325609303, 0.02095627718778323, 0.02186061264947246, 0.022737260153569413, 0.023681097053535004, 0.024646250751560458, 0.025633386418693636, 0.02659237614956749, 0.027623542314219474, 0.0286250346734827, 0.029647102596467904, 0.03056454213255984, 0.031680305841655834, 0.03263530150735364, 0.033606764937046466, 0.034593095597664145, 0.03536350794006898, 0.035930760474075646, 0.03631257033147624, 0.03661317474198803, 0.03688385713543919, 0.03738127616234113, 0.037934719347479336, 0.03858163380471939, 0.03921882339006296, 0.03999131852533767, 0.04074980907886149, 0.04127472956039594, 0.04151563832077664, 0.04151964454301027, 0.04123464219442919, 0.04096829512038153, 0.04056460486818273, 0.04028281736824196, 0.04000166841569801, 0.03919762289117317, 0.037812479337396496, 0.03622310391275238, 0.03453579653228067, 0.0330206041779641, 0.031565009966306234, 0.03054064037737075, 0.029904305612678588, 0.029394155816597912, 0.028896840658953926, 0.02825322628704274, 0.027685220830545497, 0.02666364029859006, 0.025486033827772144, 0.02414387260068274, 0.023028867611909868, 0.022681878550084772, 0.02299235797660897, 0.02387546679328945, 0.024738332374206702, 0.025547718436096926, 0.026640938816603423, 0.02759836215880636, 0.028240938725365098, 0.028199955208514017, 0.028168175430310402, 0.02767018559717724, 0.027414861073674215, 0.027239233260695786, 0.0274939869379551, 0.027874761581110984, 0.02868161073982207, 0.029514734605865275, 0.030345172291974937, 0.031248268714928727, 0.032298002681611045, 0.033509628354587276, 0.0348066615601669, 0.03569061118903811, 0.03631377821401384, 0.03654105211474412, 0.03646788532881584, 0.03572808397059345, 0.03427781350345514, 0.03309813106562172, 0.031639416134799855, 0.02970329439236902, 0.027599049067936567, 0.02603054913364457, 0.024090316372098155, 0.02220132238001286, 0.02051452966091278, 0.019044426362309692, 0.017805605247084858, 0.01643252777018217, 0.01523003850809785, 0.01424180324883461, 0.013706552220618947, 0.0130880570946912, 0.012988920737072255, 0.013178248200839212, 0.013386796436950147, 0.01359897371732897, 0.01439195864266014, 0.015495810506657983, 0.016686507754200334, 0.01807173050136072, 0.019341411872889052, 0.020370802976522343, 0.0213787239197115, 0.02262888584538598, 0.02401686851684336, 0.025523335513576738, 0.026670410326906566, 0.02758824337325398, 0.02810647098585074, 0.028219175888028712, 0.02804128716256827, 0.027840212128430745, 0.02799079668741686, 0.027988272685847155, 0.02831306909632167, 0.028434723397990712, 0.0285549391753426, 0.02832607944879636, 0.02800347501499142, 0.027460301198426997, 0.02681840364884072, 0.026203190519756815, 0.02552364346313934, 0.024940794741503684, 0.024553643852497812, 0.024009602077058226, 0.023587486328410737, 0.023053226444370627, 0.02237349941244249, 0.021247392964358097, 0.01948489409103017, 0.01759577829009665, 0.015969918059865678, 0.014849832783247986, 0.014164911869984548, 0.013546042864334782, 0.01328357500957488, 0.012905521640083246, 0.012806686101790404, 0.01256569256360443, 0.01270015008783326, 0.013333718053885597, 0.014364706842779438, 0.015230812921928084, 0.016214173123414017, 0.017422309714956504, 0.01848297873673576, 0.019690103784110968, 0.02062988015396428, 0.021304326954883004, 0.021542023987470748, 0.021445001132587415, 0.02128479356968176, 0.021154257299581803, 0.020548768777841446, 0.020419411659703072, 0.020346908766621045, 0.02018386842926173, 0.020060715556614095, 0.019970155121820186, 0.019905412966441507, 0.019860328269953802, 0.019689549628068632, 0.019110038324468673, 0.018401772510693467, 0.01773443768827515, 0.01691379473734185, 0.0163889904882787, 0.015891976533507178, 0.015695148472402557, 0.015634975895130635, 0.01548249397414641, 0.015250362203767827, 0.01446715870868431, 0.013690714184349355, 0.013111437378948002, 0.01280400987898366, 0.012789088065484542, 0.012885508256999974, 0.012645414791893052, 0.012533763320360268, 0.01300792748125149, 0.014045480441271196, 0.015593406388961941, 0.017496649938682926, 0.01947963017829757, 0.021814960986639112, 0.0244888991790445, 0.027455202671237973, 0.030462142682767764, 0.03347516022004274, 0.03632355277573078, 0.03911728575744543, 0.041489125175428104, 0.043617926344794986, 0.04507509866910146, 0.045973158335007626, 0.046666313335408376, 0.047747911364257295, 0.04910015737076979, 0.051170936172887156, 0.05323921785426519, 0.05484930583024696, 0.05598397968583077, 0.056516639752925084, 0.05678375349578094, 0.05655312215346535, 0.05709318659280136, 0.05753330561326649, 0.05822424761198231, 0.05856641837777238, 0.058663546697002605, 0.05829520111627496, 0.058019458378357286, 0.05786276302771312, 0.057678835712609886, 0.05721489013034267, 0.05620972754199197, 0.05488023496470325, 0.05291870088860013, 0.05085359195424363, 0.04836971777146554, 0.045888993393773454, 0.04332790860019442, 0.040721243397433354, 0.03815348906679705, 0.03609755066086763, 0.03431153121207709, 0.03269994312791247, 0.03113246913067769, 0.029533434333839276, 0.02779284963423818, 0.02581340528028532, 0.023636664296078556, 0.021032966406022018, 0.018298152858289164, 0.015471223173718233, 0.012975006021594128, 0.011476514573927241, 0.011190786613452559, 0.012013514795745658, 0.013192708648177051, 0.0146026096239084, 0.016627808096549106, 0.019288816219412905, 0.022115031993867204, 0.024956066779425322, 0.027947127033299147, 0.030317719296220055, 0.03213024736687776, 0.033908117916643665, 0.035613155393420214, 0.03695858371541455, 0.0370883147011733, 0.035844860180821725, 0.03331269225961453, 0.030127822662769057, 0.026675716455458534, 0.02305094507263966, 0.019294584365168215, 0.016588874620184203, 0.013459760460278334, 0.010513659470637583, 0.008184205378854309, 0.005908681970234855, 0.003908372487361734, 0.002250880846271649, 0.001837561814419065, 0.003902446460586522, 0.00649131804032715, 0.008842266053540701, 0.011337576744963709, 0.013847821453172829, 0.016241515374979285, 0.018506880743639053, 0.020753891025054552, 0.022854281545735794, 0.025177910908837288, 0.027764777035113285, 0.0302577363231247, 0.032552204835272186, 0.033962244268502154, 0.03530995724171245, 0.036795414568091225, 0.03840706162943578, 0.039993850675796264, 0.04133645030179679, 0.04211247094820217, 0.04239213751353172, 0.042192499106345205, 0.04200269786908514, 0.041897190162155235, 0.041830932940717325, 0.04166737666619139, 0.04206882264734189, 0.0426127097658282, 0.042895687146734904, 0.04300135533202284, 0.04249799814293581, 0.041897582995049115, 0.04072077112408416, 0.03927976254850985, 0.037331499513228325, 0.035889992777759706, 0.03456359233645024, 0.033243529781910974, 0.03199033675126687, 0.03059935779738079, 0.029272240636492235, 0.027900707354997015, 0.02654938414970694, 0.02543173352052397, 0.024311103096379235, 0.023065212419431085, 0.021685454855791198, 0.02041159885695607, 0.019056064221564174, 0.017656707279948437, 0.01626614648165674, 0.015012383850973622, 0.013603567963072178, 0.012189757837366814, 0.010674529938407772, 0.009407142987148039, 0.008344525906195775, 0.007439054007672372, 0.0072034584519923735, 0.007775010970036668, 0.009047582903156274, 0.010731538882415681, 0.01253460028234948, 0.014333543563369548, 0.016070624592636203, 0.017817726146123574, 0.019557256660804743, 0.02116824086555951, 0.022529303997840977, 0.023628588936546305, 0.02391411988476377, 0.02359656311707365, 0.022355277074164143, 0.020961866673625245, 0.018393580144489934, 0.015660552711922182, 0.013874328661167971, 0.01254026736778108, 0.011812131260623127, 0.010800298354986543, 0.00961805971638548, 0.008471507575266851, 0.007656757785702683, 0.006719580941926242, 0.0056999472982024405, 0.005125787188458596, 0.00504686530895439, 0.005697178935649704, 0.006245540782853768, 0.0070976650798796875, 0.007900543705723831, 0.008755370167568399, 0.009807746909975117, 0.011209592216881203, 0.01276960312030194, 0.014467251258771754, 0.015865855510978952, 0.01751794577394112, 0.01978728846519214, 0.022540086452385207, 0.024859037758439572, 0.02589623397823137, 0.02611181133516041, 0.026565850619759173, 0.0272557734372972, 0.02776644526036269, 0.02799937699621002, 0.02818388188652303, 0.02806005928616626, 0.028083982827741123, 0.02781538632605852, 0.027763976455106594, 0.028120518002563644, 0.028688559534023904, 0.029389365084960088, 0.030059907204608147, 0.03052096911154336, 0.031053468449087778, 0.03142000488428638, 0.03173833045042581, 0.031892653890475096, 0.03198060527161537, 0.031944507243272385, 0.03180892531117334, 0.03180195743523648, 0.03175983113429147, 0.03185651864929952, 0.032146459060636644, 0.032526908876218445, 0.033087790299913135, 0.03370146462957083, 0.0342847740780508, 0.0344768243549477, 0.03441738754137779, 0.034008301029805295]",0.033243529781910974,0.10035306854931947,0.001864387324957445,0.03319120865927211,0.0,0.0,0.02381921551846511,0.10035306854931947,0.001864387324957445,0.03319120865927211,7.632,1717635308.351895,2024-06-06_10-55-08
0.5059,0.07967999999999997,0.4559922380611684,0.4044315695287798,0.07787398628999485,0.424052921225351,0.5059,0.07967999999999997,0.47643644070115326,0.4044315695287798,0.07787398628999485,0.424052921225351,0.03199033675126687,"[0.011315756658919754, 0.012192407496521018, 0.01288995615295488, 0.01359963525141729, 0.014321891165186378, 0.015181047888625853, 0.01592941522152252, 0.01673874496494045, 0.01751440457689525, 0.01835087734908702, 0.019202544572813795, 0.020070622325609303, 0.02095627718778323, 0.02186061264947246, 0.022737260153569413, 0.023681097053535004, 0.024646250751560458, 0.025633386418693636, 0.02659237614956749, 0.027623542314219474, 0.0286250346734827, 0.029647102596467904, 0.03056454213255984, 0.031680305841655834, 0.03263530150735364, 0.033606764937046466, 0.034593095597664145, 0.03536350794006898, 0.035930760474075646, 0.03631257033147624, 0.03661317474198803, 0.03688385713543919, 0.03738127616234113, 0.037934719347479336, 0.03858163380471939, 0.03921882339006296, 0.03999131852533767, 0.04074980907886149, 0.04127472956039594, 0.04151563832077664, 0.04151964454301027, 0.04123464219442919, 0.04096829512038153, 0.04056460486818273, 0.04028281736824196, 0.04000166841569801, 0.03919762289117317, 0.037812479337396496, 0.03622310391275238, 0.03453579653228067, 0.0330206041779641, 0.031565009966306234, 0.03054064037737075, 0.029904305612678588, 0.029394155816597912, 0.028896840658953926, 0.02825322628704274, 0.027685220830545497, 0.02666364029859006, 0.025486033827772144, 0.02414387260068274, 0.023028867611909868, 0.022681878550084772, 0.02299235797660897, 0.02387546679328945, 0.024738332374206702, 0.025547718436096926, 0.026640938816603423, 0.02759836215880636, 0.028240938725365098, 0.028199955208514017, 0.028168175430310402, 0.02767018559717724, 0.027414861073674215, 0.027239233260695786, 0.0274939869379551, 0.027874761581110984, 0.02868161073982207, 0.029514734605865275, 0.030345172291974937, 0.031248268714928727, 0.032298002681611045, 0.033509628354587276, 0.0348066615601669, 0.03569061118903811, 0.03631377821401384, 0.03654105211474412, 0.03646788532881584, 0.03572808397059345, 0.03427781350345514, 0.03309813106562172, 0.031639416134799855, 0.02970329439236902, 0.027599049067936567, 0.02603054913364457, 0.024090316372098155, 0.02220132238001286, 0.02051452966091278, 0.019044426362309692, 0.017805605247084858, 0.01643252777018217, 0.01523003850809785, 0.01424180324883461, 0.013706552220618947, 0.0130880570946912, 0.012988920737072255, 0.013178248200839212, 0.013386796436950147, 0.01359897371732897, 0.01439195864266014, 0.015495810506657983, 0.016686507754200334, 0.01807173050136072, 0.019341411872889052, 0.020370802976522343, 0.0213787239197115, 0.02262888584538598, 0.02401686851684336, 0.025523335513576738, 0.026670410326906566, 0.02758824337325398, 0.02810647098585074, 0.028219175888028712, 0.02804128716256827, 0.027840212128430745, 0.02799079668741686, 0.027988272685847155, 0.02831306909632167, 0.028434723397990712, 0.0285549391753426, 0.02832607944879636, 0.02800347501499142, 0.027460301198426997, 0.02681840364884072, 0.026203190519756815, 0.02552364346313934, 0.024940794741503684, 0.024553643852497812, 0.024009602077058226, 0.023587486328410737, 0.023053226444370627, 0.02237349941244249, 0.021247392964358097, 0.01948489409103017, 0.01759577829009665, 0.015969918059865678, 0.014849832783247986, 0.014164911869984548, 0.013546042864334782, 0.01328357500957488, 0.012905521640083246, 0.012806686101790404, 0.01256569256360443, 0.01270015008783326, 0.013333718053885597, 0.014364706842779438, 0.015230812921928084, 0.016214173123414017, 0.017422309714956504, 0.01848297873673576, 0.019690103784110968, 0.02062988015396428, 0.021304326954883004, 0.021542023987470748, 0.021445001132587415, 0.02128479356968176, 0.021154257299581803, 0.020548768777841446, 0.020419411659703072, 0.020346908766621045, 0.02018386842926173, 0.020060715556614095, 0.019970155121820186, 0.019905412966441507, 0.019860328269953802, 0.019689549628068632, 0.019110038324468673, 0.018401772510693467, 0.01773443768827515, 0.01691379473734185, 0.0163889904882787, 0.015891976533507178, 0.015695148472402557, 0.015634975895130635, 0.01548249397414641, 0.015250362203767827, 0.01446715870868431, 0.013690714184349355, 0.013111437378948002, 0.01280400987898366, 0.012789088065484542, 0.012885508256999974, 0.012645414791893052, 0.012533763320360268, 0.01300792748125149, 0.014045480441271196, 0.015593406388961941, 0.017496649938682926, 0.01947963017829757, 0.021814960986639112, 0.0244888991790445, 0.027455202671237973, 0.030462142682767764, 0.03347516022004274, 0.03632355277573078, 0.03911728575744543, 0.041489125175428104, 0.043617926344794986, 0.04507509866910146, 0.045973158335007626, 0.046666313335408376, 0.047747911364257295, 0.04910015737076979, 0.051170936172887156, 0.05323921785426519, 0.05484930583024696, 0.05598397968583077, 0.056516639752925084, 0.05678375349578094, 0.05655312215346535, 0.05709318659280136, 0.05753330561326649, 0.05822424761198231, 0.05856641837777238, 0.058663546697002605, 0.05829520111627496, 0.058019458378357286, 0.05786276302771312, 0.057678835712609886, 0.05721489013034267, 0.05620972754199197, 0.05488023496470325, 0.05291870088860013, 0.05085359195424363, 0.04836971777146554, 0.045888993393773454, 0.04332790860019442, 0.040721243397433354, 0.03815348906679705, 0.03609755066086763, 0.03431153121207709, 0.03269994312791247, 0.03113246913067769, 0.029533434333839276, 0.02779284963423818, 0.02581340528028532, 0.023636664296078556, 0.021032966406022018, 0.018298152858289164, 0.015471223173718233, 0.012975006021594128, 0.011476514573927241, 0.011190786613452559, 0.012013514795745658, 0.013192708648177051, 0.0146026096239084, 0.016627808096549106, 0.019288816219412905, 0.022115031993867204, 0.024956066779425322, 0.027947127033299147, 0.030317719296220055, 0.03213024736687776, 0.033908117916643665, 0.035613155393420214, 0.03695858371541455, 0.0370883147011733, 0.035844860180821725, 0.03331269225961453, 0.030127822662769057, 0.026675716455458534, 0.02305094507263966, 0.019294584365168215, 0.016588874620184203, 0.013459760460278334, 0.010513659470637583, 0.008184205378854309, 0.005908681970234855, 0.003908372487361734, 0.002250880846271649, 0.001837561814419065, 0.003902446460586522, 0.00649131804032715, 0.008842266053540701, 0.011337576744963709, 0.013847821453172829, 0.016241515374979285, 0.018506880743639053, 0.020753891025054552, 0.022854281545735794, 0.025177910908837288, 0.027764777035113285, 0.0302577363231247, 0.032552204835272186, 0.033962244268502154, 0.03530995724171245, 0.036795414568091225, 0.03840706162943578, 0.039993850675796264, 0.04133645030179679, 0.04211247094820217, 0.04239213751353172, 0.042192499106345205, 0.04200269786908514, 0.041897190162155235, 0.041830932940717325, 0.04166737666619139, 0.04206882264734189, 0.0426127097658282, 0.042895687146734904, 0.04300135533202284, 0.04249799814293581, 0.041897582995049115, 0.04072077112408416, 0.03927976254850985, 0.037331499513228325, 0.035889992777759706, 0.03456359233645024, 0.033243529781910974, 0.03199033675126687, 0.03059935779738079, 0.029272240636492235, 0.027900707354997015, 0.02654938414970694, 0.02543173352052397, 0.024311103096379235, 0.023065212419431085, 0.021685454855791198, 0.02041159885695607, 0.019056064221564174, 0.017656707279948437, 0.01626614648165674, 0.015012383850973622, 0.013603567963072178, 0.012189757837366814, 0.010674529938407772, 0.009407142987148039, 0.008344525906195775, 0.007439054007672372, 0.0072034584519923735, 0.007775010970036668, 0.009047582903156274, 0.010731538882415681, 0.01253460028234948, 0.014333543563369548, 0.016070624592636203, 0.017817726146123574, 0.019557256660804743, 0.02116824086555951, 0.022529303997840977, 0.023628588936546305, 0.02391411988476377, 0.02359656311707365, 0.022355277074164143, 0.020961866673625245, 0.018393580144489934, 0.015660552711922182, 0.013874328661167971, 0.01254026736778108, 0.011812131260623127, 0.010800298354986543, 0.00961805971638548, 0.008471507575266851, 0.007656757785702683, 0.006719580941926242, 0.0056999472982024405, 0.005125787188458596, 0.00504686530895439, 0.005697178935649704, 0.006245540782853768, 0.0070976650798796875, 0.007900543705723831, 0.008755370167568399, 0.009807746909975117, 0.011209592216881203, 0.01276960312030194, 0.014467251258771754, 0.015865855510978952, 0.01751794577394112, 0.01978728846519214, 0.022540086452385207, 0.024859037758439572, 0.02589623397823137, 0.02611181133516041, 0.026565850619759173, 0.0272557734372972, 0.02776644526036269, 0.02799937699621002, 0.02818388188652303, 0.02806005928616626, 0.028083982827741123, 0.02781538632605852, 0.027763976455106594, 0.028120518002563644, 0.028688559534023904, 0.029389365084960088, 0.030059907204608147, 0.03052096911154336, 0.031053468449087778, 0.03142000488428638, 0.03173833045042581, 0.031892653890475096, 0.03198060527161537, 0.031944507243272385, 0.03180892531117334, 0.03180195743523648, 0.03175983113429147, 0.03185651864929952, 0.032146459060636644, 0.032526908876218445, 0.033087790299913135, 0.03370146462957083, 0.0342847740780508, 0.0344768243549477, 0.03441738754137779, 0.034008301029805295]",0.03199033675126687,0.10146843047122023,0.0018060137100051193,0.03193931683581741,0.0,0.0,0.020444202639984865,0.10146843047122023,0.0018060137100051193,0.03193931683581741,7.656,1717635308.375042,2024-06-06_10-55-08
0.5059,0.0804,0.4557434586240713,0.4033751793932948,0.0785491563720076,0.4252001275110959,0.5059,0.0804,0.4728126483855759,0.4033751793932948,0.0785491563720076,0.4252001275110959,0.03059935779738079,"[0.011315756658919754, 0.012192407496521018, 0.01288995615295488, 0.01359963525141729, 0.014321891165186378, 0.015181047888625853, 0.01592941522152252, 0.01673874496494045, 0.01751440457689525, 0.01835087734908702, 0.019202544572813795, 0.020070622325609303, 0.02095627718778323, 0.02186061264947246, 0.022737260153569413, 0.023681097053535004, 0.024646250751560458, 0.025633386418693636, 0.02659237614956749, 0.027623542314219474, 0.0286250346734827, 0.029647102596467904, 0.03056454213255984, 0.031680305841655834, 0.03263530150735364, 0.033606764937046466, 0.034593095597664145, 0.03536350794006898, 0.035930760474075646, 0.03631257033147624, 0.03661317474198803, 0.03688385713543919, 0.03738127616234113, 0.037934719347479336, 0.03858163380471939, 0.03921882339006296, 0.03999131852533767, 0.04074980907886149, 0.04127472956039594, 0.04151563832077664, 0.04151964454301027, 0.04123464219442919, 0.04096829512038153, 0.04056460486818273, 0.04028281736824196, 0.04000166841569801, 0.03919762289117317, 0.037812479337396496, 0.03622310391275238, 0.03453579653228067, 0.0330206041779641, 0.031565009966306234, 0.03054064037737075, 0.029904305612678588, 0.029394155816597912, 0.028896840658953926, 0.02825322628704274, 0.027685220830545497, 0.02666364029859006, 0.025486033827772144, 0.02414387260068274, 0.023028867611909868, 0.022681878550084772, 0.02299235797660897, 0.02387546679328945, 0.024738332374206702, 0.025547718436096926, 0.026640938816603423, 0.02759836215880636, 0.028240938725365098, 0.028199955208514017, 0.028168175430310402, 0.02767018559717724, 0.027414861073674215, 0.027239233260695786, 0.0274939869379551, 0.027874761581110984, 0.02868161073982207, 0.029514734605865275, 0.030345172291974937, 0.031248268714928727, 0.032298002681611045, 0.033509628354587276, 0.0348066615601669, 0.03569061118903811, 0.03631377821401384, 0.03654105211474412, 0.03646788532881584, 0.03572808397059345, 0.03427781350345514, 0.03309813106562172, 0.031639416134799855, 0.02970329439236902, 0.027599049067936567, 0.02603054913364457, 0.024090316372098155, 0.02220132238001286, 0.02051452966091278, 0.019044426362309692, 0.017805605247084858, 0.01643252777018217, 0.01523003850809785, 0.01424180324883461, 0.013706552220618947, 0.0130880570946912, 0.012988920737072255, 0.013178248200839212, 0.013386796436950147, 0.01359897371732897, 0.01439195864266014, 0.015495810506657983, 0.016686507754200334, 0.01807173050136072, 0.019341411872889052, 0.020370802976522343, 0.0213787239197115, 0.02262888584538598, 0.02401686851684336, 0.025523335513576738, 0.026670410326906566, 0.02758824337325398, 0.02810647098585074, 0.028219175888028712, 0.02804128716256827, 0.027840212128430745, 0.02799079668741686, 0.027988272685847155, 0.02831306909632167, 0.028434723397990712, 0.0285549391753426, 0.02832607944879636, 0.02800347501499142, 0.027460301198426997, 0.02681840364884072, 0.026203190519756815, 0.02552364346313934, 0.024940794741503684, 0.024553643852497812, 0.024009602077058226, 0.023587486328410737, 0.023053226444370627, 0.02237349941244249, 0.021247392964358097, 0.01948489409103017, 0.01759577829009665, 0.015969918059865678, 0.014849832783247986, 0.014164911869984548, 0.013546042864334782, 0.01328357500957488, 0.012905521640083246, 0.012806686101790404, 0.01256569256360443, 0.01270015008783326, 0.013333718053885597, 0.014364706842779438, 0.015230812921928084, 0.016214173123414017, 0.017422309714956504, 0.01848297873673576, 0.019690103784110968, 0.02062988015396428, 0.021304326954883004, 0.021542023987470748, 0.021445001132587415, 0.02128479356968176, 0.021154257299581803, 0.020548768777841446, 0.020419411659703072, 0.020346908766621045, 0.02018386842926173, 0.020060715556614095, 0.019970155121820186, 0.019905412966441507, 0.019860328269953802, 0.019689549628068632, 0.019110038324468673, 0.018401772510693467, 0.01773443768827515, 0.01691379473734185, 0.0163889904882787, 0.015891976533507178, 0.015695148472402557, 0.015634975895130635, 0.01548249397414641, 0.015250362203767827, 0.01446715870868431, 0.013690714184349355, 0.013111437378948002, 0.01280400987898366, 0.012789088065484542, 0.012885508256999974, 0.012645414791893052, 0.012533763320360268, 0.01300792748125149, 0.014045480441271196, 0.015593406388961941, 0.017496649938682926, 0.01947963017829757, 0.021814960986639112, 0.0244888991790445, 0.027455202671237973, 0.030462142682767764, 0.03347516022004274, 0.03632355277573078, 0.03911728575744543, 0.041489125175428104, 0.043617926344794986, 0.04507509866910146, 0.045973158335007626, 0.046666313335408376, 0.047747911364257295, 0.04910015737076979, 0.051170936172887156, 0.05323921785426519, 0.05484930583024696, 0.05598397968583077, 0.056516639752925084, 0.05678375349578094, 0.05655312215346535, 0.05709318659280136, 0.05753330561326649, 0.05822424761198231, 0.05856641837777238, 0.058663546697002605, 0.05829520111627496, 0.058019458378357286, 0.05786276302771312, 0.057678835712609886, 0.05721489013034267, 0.05620972754199197, 0.05488023496470325, 0.05291870088860013, 0.05085359195424363, 0.04836971777146554, 0.045888993393773454, 0.04332790860019442, 0.040721243397433354, 0.03815348906679705, 0.03609755066086763, 0.03431153121207709, 0.03269994312791247, 0.03113246913067769, 0.029533434333839276, 0.02779284963423818, 0.02581340528028532, 0.023636664296078556, 0.021032966406022018, 0.018298152858289164, 0.015471223173718233, 0.012975006021594128, 0.011476514573927241, 0.011190786613452559, 0.012013514795745658, 0.013192708648177051, 0.0146026096239084, 0.016627808096549106, 0.019288816219412905, 0.022115031993867204, 0.024956066779425322, 0.027947127033299147, 0.030317719296220055, 0.03213024736687776, 0.033908117916643665, 0.035613155393420214, 0.03695858371541455, 0.0370883147011733, 0.035844860180821725, 0.03331269225961453, 0.030127822662769057, 0.026675716455458534, 0.02305094507263966, 0.019294584365168215, 0.016588874620184203, 0.013459760460278334, 0.010513659470637583, 0.008184205378854309, 0.005908681970234855, 0.003908372487361734, 0.002250880846271649, 0.001837561814419065, 0.003902446460586522, 0.00649131804032715, 0.008842266053540701, 0.011337576744963709, 0.013847821453172829, 0.016241515374979285, 0.018506880743639053, 0.020753891025054552, 0.022854281545735794, 0.025177910908837288, 0.027764777035113285, 0.0302577363231247, 0.032552204835272186, 0.033962244268502154, 0.03530995724171245, 0.036795414568091225, 0.03840706162943578, 0.039993850675796264, 0.04133645030179679, 0.04211247094820217, 0.04239213751353172, 0.042192499106345205, 0.04200269786908514, 0.041897190162155235, 0.041830932940717325, 0.04166737666619139, 0.04206882264734189, 0.0426127097658282, 0.042895687146734904, 0.04300135533202284, 0.04249799814293581, 0.041897582995049115, 0.04072077112408416, 0.03927976254850985, 0.037331499513228325, 0.035889992777759706, 0.03456359233645024, 0.033243529781910974, 0.03199033675126687, 0.03059935779738079, 0.029272240636492235, 0.027900707354997015, 0.02654938414970694, 0.02543173352052397, 0.024311103096379235, 0.023065212419431085, 0.021685454855791198, 0.02041159885695607, 0.019056064221564174, 0.017656707279948437, 0.01626614648165674, 0.015012383850973622, 0.013603567963072178, 0.012189757837366814, 0.010674529938407772, 0.009407142987148039, 0.008344525906195775, 0.007439054007672372, 0.0072034584519923735, 0.007775010970036668, 0.009047582903156274, 0.010731538882415681, 0.01253460028234948, 0.014333543563369548, 0.016070624592636203, 0.017817726146123574, 0.019557256660804743, 0.02116824086555951, 0.022529303997840977, 0.023628588936546305, 0.02391411988476377, 0.02359656311707365, 0.022355277074164143, 0.020961866673625245, 0.018393580144489934, 0.015660552711922182, 0.013874328661167971, 0.01254026736778108, 0.011812131260623127, 0.010800298354986543, 0.00961805971638548, 0.008471507575266851, 0.007656757785702683, 0.006719580941926242, 0.0056999472982024405, 0.005125787188458596, 0.00504686530895439, 0.005697178935649704, 0.006245540782853768, 0.0070976650798796875, 0.007900543705723831, 0.008755370167568399, 0.009807746909975117, 0.011209592216881203, 0.01276960312030194, 0.014467251258771754, 0.015865855510978952, 0.01751794577394112, 0.01978728846519214, 0.022540086452385207, 0.024859037758439572, 0.02589623397823137, 0.02611181133516041, 0.026565850619759173, 0.0272557734372972, 0.02776644526036269, 0.02799937699621002, 0.02818388188652303, 0.02806005928616626, 0.028083982827741123, 0.02781538632605852, 0.027763976455106594, 0.028120518002563644, 0.028688559534023904, 0.029389365084960088, 0.030059907204608147, 0.03052096911154336, 0.031053468449087778, 0.03142000488428638, 0.03173833045042581, 0.031892653890475096, 0.03198060527161537, 0.031944507243272385, 0.03180892531117334, 0.03180195743523648, 0.03175983113429147, 0.03185651864929952, 0.032146459060636644, 0.032526908876218445, 0.033087790299913135, 0.03370146462957083, 0.0342847740780508, 0.0344768243549477, 0.03441738754137779, 0.034008301029805295]",0.03059935779738079,0.1025248206067052,0.001850843627992399,0.030543331112975358,0.0,0.0,0.017069189761504622,0.1025248206067052,0.001850843627992399,0.030543331112975358,7.68,1717635308.3989499,2024-06-06_10-55-08
0.5059,0.08112,0.4553710081461125,0.40249067785563475,0.07910066033194746,0.4261685024456467,0.5059,0.08112,0.46908433856555387,0.40249067785563475,0.07910066033194746,0.4261685024456467,0.029272240636492235,"[0.011315756658919754, 0.012192407496521018, 0.01288995615295488, 0.01359963525141729, 0.014321891165186378, 0.015181047888625853, 0.01592941522152252, 0.01673874496494045, 0.01751440457689525, 0.01835087734908702, 0.019202544572813795, 0.020070622325609303, 0.02095627718778323, 0.02186061264947246, 0.022737260153569413, 0.023681097053535004, 0.024646250751560458, 0.025633386418693636, 0.02659237614956749, 0.027623542314219474, 0.0286250346734827, 0.029647102596467904, 0.03056454213255984, 0.031680305841655834, 0.03263530150735364, 0.033606764937046466, 0.034593095597664145, 0.03536350794006898, 0.035930760474075646, 0.03631257033147624, 0.03661317474198803, 0.03688385713543919, 0.03738127616234113, 0.037934719347479336, 0.03858163380471939, 0.03921882339006296, 0.03999131852533767, 0.04074980907886149, 0.04127472956039594, 0.04151563832077664, 0.04151964454301027, 0.04123464219442919, 0.04096829512038153, 0.04056460486818273, 0.04028281736824196, 0.04000166841569801, 0.03919762289117317, 0.037812479337396496, 0.03622310391275238, 0.03453579653228067, 0.0330206041779641, 0.031565009966306234, 0.03054064037737075, 0.029904305612678588, 0.029394155816597912, 0.028896840658953926, 0.02825322628704274, 0.027685220830545497, 0.02666364029859006, 0.025486033827772144, 0.02414387260068274, 0.023028867611909868, 0.022681878550084772, 0.02299235797660897, 0.02387546679328945, 0.024738332374206702, 0.025547718436096926, 0.026640938816603423, 0.02759836215880636, 0.028240938725365098, 0.028199955208514017, 0.028168175430310402, 0.02767018559717724, 0.027414861073674215, 0.027239233260695786, 0.0274939869379551, 0.027874761581110984, 0.02868161073982207, 0.029514734605865275, 0.030345172291974937, 0.031248268714928727, 0.032298002681611045, 0.033509628354587276, 0.0348066615601669, 0.03569061118903811, 0.03631377821401384, 0.03654105211474412, 0.03646788532881584, 0.03572808397059345, 0.03427781350345514, 0.03309813106562172, 0.031639416134799855, 0.02970329439236902, 0.027599049067936567, 0.02603054913364457, 0.024090316372098155, 0.02220132238001286, 0.02051452966091278, 0.019044426362309692, 0.017805605247084858, 0.01643252777018217, 0.01523003850809785, 0.01424180324883461, 0.013706552220618947, 0.0130880570946912, 0.012988920737072255, 0.013178248200839212, 0.013386796436950147, 0.01359897371732897, 0.01439195864266014, 0.015495810506657983, 0.016686507754200334, 0.01807173050136072, 0.019341411872889052, 0.020370802976522343, 0.0213787239197115, 0.02262888584538598, 0.02401686851684336, 0.025523335513576738, 0.026670410326906566, 0.02758824337325398, 0.02810647098585074, 0.028219175888028712, 0.02804128716256827, 0.027840212128430745, 0.02799079668741686, 0.027988272685847155, 0.02831306909632167, 0.028434723397990712, 0.0285549391753426, 0.02832607944879636, 0.02800347501499142, 0.027460301198426997, 0.02681840364884072, 0.026203190519756815, 0.02552364346313934, 0.024940794741503684, 0.024553643852497812, 0.024009602077058226, 0.023587486328410737, 0.023053226444370627, 0.02237349941244249, 0.021247392964358097, 0.01948489409103017, 0.01759577829009665, 0.015969918059865678, 0.014849832783247986, 0.014164911869984548, 0.013546042864334782, 0.01328357500957488, 0.012905521640083246, 0.012806686101790404, 0.01256569256360443, 0.01270015008783326, 0.013333718053885597, 0.014364706842779438, 0.015230812921928084, 0.016214173123414017, 0.017422309714956504, 0.01848297873673576, 0.019690103784110968, 0.02062988015396428, 0.021304326954883004, 0.021542023987470748, 0.021445001132587415, 0.02128479356968176, 0.021154257299581803, 0.020548768777841446, 0.020419411659703072, 0.020346908766621045, 0.02018386842926173, 0.020060715556614095, 0.019970155121820186, 0.019905412966441507, 0.019860328269953802, 0.019689549628068632, 0.019110038324468673, 0.018401772510693467, 0.01773443768827515, 0.01691379473734185, 0.0163889904882787, 0.015891976533507178, 0.015695148472402557, 0.015634975895130635, 0.01548249397414641, 0.015250362203767827, 0.01446715870868431, 0.013690714184349355, 0.013111437378948002, 0.01280400987898366, 0.012789088065484542, 0.012885508256999974, 0.012645414791893052, 0.012533763320360268, 0.01300792748125149, 0.014045480441271196, 0.015593406388961941, 0.017496649938682926, 0.01947963017829757, 0.021814960986639112, 0.0244888991790445, 0.027455202671237973, 0.030462142682767764, 0.03347516022004274, 0.03632355277573078, 0.03911728575744543, 0.041489125175428104, 0.043617926344794986, 0.04507509866910146, 0.045973158335007626, 0.046666313335408376, 0.047747911364257295, 0.04910015737076979, 0.051170936172887156, 0.05323921785426519, 0.05484930583024696, 0.05598397968583077, 0.056516639752925084, 0.05678375349578094, 0.05655312215346535, 0.05709318659280136, 0.05753330561326649, 0.05822424761198231, 0.05856641837777238, 0.058663546697002605, 0.05829520111627496, 0.058019458378357286, 0.05786276302771312, 0.057678835712609886, 0.05721489013034267, 0.05620972754199197, 0.05488023496470325, 0.05291870088860013, 0.05085359195424363, 0.04836971777146554, 0.045888993393773454, 0.04332790860019442, 0.040721243397433354, 0.03815348906679705, 0.03609755066086763, 0.03431153121207709, 0.03269994312791247, 0.03113246913067769, 0.029533434333839276, 0.02779284963423818, 0.02581340528028532, 0.023636664296078556, 0.021032966406022018, 0.018298152858289164, 0.015471223173718233, 0.012975006021594128, 0.011476514573927241, 0.011190786613452559, 0.012013514795745658, 0.013192708648177051, 0.0146026096239084, 0.016627808096549106, 0.019288816219412905, 0.022115031993867204, 0.024956066779425322, 0.027947127033299147, 0.030317719296220055, 0.03213024736687776, 0.033908117916643665, 0.035613155393420214, 0.03695858371541455, 0.0370883147011733, 0.035844860180821725, 0.03331269225961453, 0.030127822662769057, 0.026675716455458534, 0.02305094507263966, 0.019294584365168215, 0.016588874620184203, 0.013459760460278334, 0.010513659470637583, 0.008184205378854309, 0.005908681970234855, 0.003908372487361734, 0.002250880846271649, 0.001837561814419065, 0.003902446460586522, 0.00649131804032715, 0.008842266053540701, 0.011337576744963709, 0.013847821453172829, 0.016241515374979285, 0.018506880743639053, 0.020753891025054552, 0.022854281545735794, 0.025177910908837288, 0.027764777035113285, 0.0302577363231247, 0.032552204835272186, 0.033962244268502154, 0.03530995724171245, 0.036795414568091225, 0.03840706162943578, 0.039993850675796264, 0.04133645030179679, 0.04211247094820217, 0.04239213751353172, 0.042192499106345205, 0.04200269786908514, 0.041897190162155235, 0.041830932940717325, 0.04166737666619139, 0.04206882264734189, 0.0426127097658282, 0.042895687146734904, 0.04300135533202284, 0.04249799814293581, 0.041897582995049115, 0.04072077112408416, 0.03927976254850985, 0.037331499513228325, 0.035889992777759706, 0.03456359233645024, 0.033243529781910974, 0.03199033675126687, 0.03059935779738079, 0.029272240636492235, 0.027900707354997015, 0.02654938414970694, 0.02543173352052397, 0.024311103096379235, 0.023065212419431085, 0.021685454855791198, 0.02041159885695607, 0.019056064221564174, 0.017656707279948437, 0.01626614648165674, 0.015012383850973622, 0.013603567963072178, 0.012189757837366814, 0.010674529938407772, 0.009407142987148039, 0.008344525906195775, 0.007439054007672372, 0.0072034584519923735, 0.007775010970036668, 0.009047582903156274, 0.010731538882415681, 0.01253460028234948, 0.014333543563369548, 0.016070624592636203, 0.017817726146123574, 0.019557256660804743, 0.02116824086555951, 0.022529303997840977, 0.023628588936546305, 0.02391411988476377, 0.02359656311707365, 0.022355277074164143, 0.020961866673625245, 0.018393580144489934, 0.015660552711922182, 0.013874328661167971, 0.01254026736778108, 0.011812131260623127, 0.010800298354986543, 0.00961805971638548, 0.008471507575266851, 0.007656757785702683, 0.006719580941926242, 0.0056999472982024405, 0.005125787188458596, 0.00504686530895439, 0.005697178935649704, 0.006245540782853768, 0.0070976650798796875, 0.007900543705723831, 0.008755370167568399, 0.009807746909975117, 0.011209592216881203, 0.01276960312030194, 0.014467251258771754, 0.015865855510978952, 0.01751794577394112, 0.01978728846519214, 0.022540086452385207, 0.024859037758439572, 0.02589623397823137, 0.02611181133516041, 0.026565850619759173, 0.0272557734372972, 0.02776644526036269, 0.02799937699621002, 0.02818388188652303, 0.02806005928616626, 0.028083982827741123, 0.02781538632605852, 0.027763976455106594, 0.028120518002563644, 0.028688559534023904, 0.029389365084960088, 0.030059907204608147, 0.03052096911154336, 0.031053468449087778, 0.03142000488428638, 0.03173833045042581, 0.031892653890475096, 0.03198060527161537, 0.031944507243272385, 0.03180892531117334, 0.03180195743523648, 0.03175983113429147, 0.03185651864929952, 0.032146459060636644, 0.032526908876218445, 0.033087790299913135, 0.03370146462957083, 0.0342847740780508, 0.0344768243549477, 0.03441738754137779, 0.034008301029805295]",0.029272240636492235,0.10340932214436527,0.002019339668052539,0.029202505700465786,0.0,0.0,0.013713330419441394,0.10340932214436527,0.002019339668052539,0.029202505700465786,7.704,1717635308.4233909,2024-06-06_10-55-08
0.5059,0.08184,0.45487639261264307,0.401750267914708,0.07949474900647116,0.427074427417957,0.5059,0.08184,0.46532963137210653,0.401750267914708,0.07949474900647116,0.427074427417957,0.027900707354997015,"[0.011315756658919754, 0.012192407496521018, 0.01288995615295488, 0.01359963525141729, 0.014321891165186378, 0.015181047888625853, 0.01592941522152252, 0.01673874496494045, 0.01751440457689525, 0.01835087734908702, 0.019202544572813795, 0.020070622325609303, 0.02095627718778323, 0.02186061264947246, 0.022737260153569413, 0.023681097053535004, 0.024646250751560458, 0.025633386418693636, 0.02659237614956749, 0.027623542314219474, 0.0286250346734827, 0.029647102596467904, 0.03056454213255984, 0.031680305841655834, 0.03263530150735364, 0.033606764937046466, 0.034593095597664145, 0.03536350794006898, 0.035930760474075646, 0.03631257033147624, 0.03661317474198803, 0.03688385713543919, 0.03738127616234113, 0.037934719347479336, 0.03858163380471939, 0.03921882339006296, 0.03999131852533767, 0.04074980907886149, 0.04127472956039594, 0.04151563832077664, 0.04151964454301027, 0.04123464219442919, 0.04096829512038153, 0.04056460486818273, 0.04028281736824196, 0.04000166841569801, 0.03919762289117317, 0.037812479337396496, 0.03622310391275238, 0.03453579653228067, 0.0330206041779641, 0.031565009966306234, 0.03054064037737075, 0.029904305612678588, 0.029394155816597912, 0.028896840658953926, 0.02825322628704274, 0.027685220830545497, 0.02666364029859006, 0.025486033827772144, 0.02414387260068274, 0.023028867611909868, 0.022681878550084772, 0.02299235797660897, 0.02387546679328945, 0.024738332374206702, 0.025547718436096926, 0.026640938816603423, 0.02759836215880636, 0.028240938725365098, 0.028199955208514017, 0.028168175430310402, 0.02767018559717724, 0.027414861073674215, 0.027239233260695786, 0.0274939869379551, 0.027874761581110984, 0.02868161073982207, 0.029514734605865275, 0.030345172291974937, 0.031248268714928727, 0.032298002681611045, 0.033509628354587276, 0.0348066615601669, 0.03569061118903811, 0.03631377821401384, 0.03654105211474412, 0.03646788532881584, 0.03572808397059345, 0.03427781350345514, 0.03309813106562172, 0.031639416134799855, 0.02970329439236902, 0.027599049067936567, 0.02603054913364457, 0.024090316372098155, 0.02220132238001286, 0.02051452966091278, 0.019044426362309692, 0.017805605247084858, 0.01643252777018217, 0.01523003850809785, 0.01424180324883461, 0.013706552220618947, 0.0130880570946912, 0.012988920737072255, 0.013178248200839212, 0.013386796436950147, 0.01359897371732897, 0.01439195864266014, 0.015495810506657983, 0.016686507754200334, 0.01807173050136072, 0.019341411872889052, 0.020370802976522343, 0.0213787239197115, 0.02262888584538598, 0.02401686851684336, 0.025523335513576738, 0.026670410326906566, 0.02758824337325398, 0.02810647098585074, 0.028219175888028712, 0.02804128716256827, 0.027840212128430745, 0.02799079668741686, 0.027988272685847155, 0.02831306909632167, 0.028434723397990712, 0.0285549391753426, 0.02832607944879636, 0.02800347501499142, 0.027460301198426997, 0.02681840364884072, 0.026203190519756815, 0.02552364346313934, 0.024940794741503684, 0.024553643852497812, 0.024009602077058226, 0.023587486328410737, 0.023053226444370627, 0.02237349941244249, 0.021247392964358097, 0.01948489409103017, 0.01759577829009665, 0.015969918059865678, 0.014849832783247986, 0.014164911869984548, 0.013546042864334782, 0.01328357500957488, 0.012905521640083246, 0.012806686101790404, 0.01256569256360443, 0.01270015008783326, 0.013333718053885597, 0.014364706842779438, 0.015230812921928084, 0.016214173123414017, 0.017422309714956504, 0.01848297873673576, 0.019690103784110968, 0.02062988015396428, 0.021304326954883004, 0.021542023987470748, 0.021445001132587415, 0.02128479356968176, 0.021154257299581803, 0.020548768777841446, 0.020419411659703072, 0.020346908766621045, 0.02018386842926173, 0.020060715556614095, 0.019970155121820186, 0.019905412966441507, 0.019860328269953802, 0.019689549628068632, 0.019110038324468673, 0.018401772510693467, 0.01773443768827515, 0.01691379473734185, 0.0163889904882787, 0.015891976533507178, 0.015695148472402557, 0.015634975895130635, 0.01548249397414641, 0.015250362203767827, 0.01446715870868431, 0.013690714184349355, 0.013111437378948002, 0.01280400987898366, 0.012789088065484542, 0.012885508256999974, 0.012645414791893052, 0.012533763320360268, 0.01300792748125149, 0.014045480441271196, 0.015593406388961941, 0.017496649938682926, 0.01947963017829757, 0.021814960986639112, 0.0244888991790445, 0.027455202671237973, 0.030462142682767764, 0.03347516022004274, 0.03632355277573078, 0.03911728575744543, 0.041489125175428104, 0.043617926344794986, 0.04507509866910146, 0.045973158335007626, 0.046666313335408376, 0.047747911364257295, 0.04910015737076979, 0.051170936172887156, 0.05323921785426519, 0.05484930583024696, 0.05598397968583077, 0.056516639752925084, 0.05678375349578094, 0.05655312215346535, 0.05709318659280136, 0.05753330561326649, 0.05822424761198231, 0.05856641837777238, 0.058663546697002605, 0.05829520111627496, 0.058019458378357286, 0.05786276302771312, 0.057678835712609886, 0.05721489013034267, 0.05620972754199197, 0.05488023496470325, 0.05291870088860013, 0.05085359195424363, 0.04836971777146554, 0.045888993393773454, 0.04332790860019442, 0.040721243397433354, 0.03815348906679705, 0.03609755066086763, 0.03431153121207709, 0.03269994312791247, 0.03113246913067769, 0.029533434333839276, 0.02779284963423818, 0.02581340528028532, 0.023636664296078556, 0.021032966406022018, 0.018298152858289164, 0.015471223173718233, 0.012975006021594128, 0.011476514573927241, 0.011190786613452559, 0.012013514795745658, 0.013192708648177051, 0.0146026096239084, 0.016627808096549106, 0.019288816219412905, 0.022115031993867204, 0.024956066779425322, 0.027947127033299147, 0.030317719296220055, 0.03213024736687776, 0.033908117916643665, 0.035613155393420214, 0.03695858371541455, 0.0370883147011733, 0.035844860180821725, 0.03331269225961453, 0.030127822662769057, 0.026675716455458534, 0.02305094507263966, 0.019294584365168215, 0.016588874620184203, 0.013459760460278334, 0.010513659470637583, 0.008184205378854309, 0.005908681970234855, 0.003908372487361734, 0.002250880846271649, 0.001837561814419065, 0.003902446460586522, 0.00649131804032715, 0.008842266053540701, 0.011337576744963709, 0.013847821453172829, 0.016241515374979285, 0.018506880743639053, 0.020753891025054552, 0.022854281545735794, 0.025177910908837288, 0.027764777035113285, 0.0302577363231247, 0.032552204835272186, 0.033962244268502154, 0.03530995724171245, 0.036795414568091225, 0.03840706162943578, 0.039993850675796264, 0.04133645030179679, 0.04211247094820217, 0.04239213751353172, 0.042192499106345205, 0.04200269786908514, 0.041897190162155235, 0.041830932940717325, 0.04166737666619139, 0.04206882264734189, 0.0426127097658282, 0.042895687146734904, 0.04300135533202284, 0.04249799814293581, 0.041897582995049115, 0.04072077112408416, 0.03927976254850985, 0.037331499513228325, 0.035889992777759706, 0.03456359233645024, 0.033243529781910974, 0.03199033675126687, 0.03059935779738079, 0.029272240636492235, 0.027900707354997015, 0.02654938414970694, 0.02543173352052397, 0.024311103096379235, 0.023065212419431085, 0.021685454855791198, 0.02041159885695607, 0.019056064221564174, 0.017656707279948437, 0.01626614648165674, 0.015012383850973622, 0.013603567963072178, 0.012189757837366814, 0.010674529938407772, 0.009407142987148039, 0.008344525906195775, 0.007439054007672372, 0.0072034584519923735, 0.007775010970036668, 0.009047582903156274, 0.010731538882415681, 0.01253460028234948, 0.014333543563369548, 0.016070624592636203, 0.017817726146123574, 0.019557256660804743, 0.02116824086555951, 0.022529303997840977, 0.023628588936546305, 0.02391411988476377, 0.02359656311707365, 0.022355277074164143, 0.020961866673625245, 0.018393580144489934, 0.015660552711922182, 0.013874328661167971, 0.01254026736778108, 0.011812131260623127, 0.010800298354986543, 0.00961805971638548, 0.008471507575266851, 0.007656757785702683, 0.006719580941926242, 0.0056999472982024405, 0.005125787188458596, 0.00504686530895439, 0.005697178935649704, 0.006245540782853768, 0.0070976650798796875, 0.007900543705723831, 0.008755370167568399, 0.009807746909975117, 0.011209592216881203, 0.01276960312030194, 0.014467251258771754, 0.015865855510978952, 0.01751794577394112, 0.01978728846519214, 0.022540086452385207, 0.024859037758439572, 0.02589623397823137, 0.02611181133516041, 0.026565850619759173, 0.0272557734372972, 0.02776644526036269, 0.02799937699621002, 0.02818388188652303, 0.02806005928616626, 0.028083982827741123, 0.02781538632605852, 0.027763976455106594, 0.028120518002563644, 0.028688559534023904, 0.029389365084960088, 0.030059907204608147, 0.03052096911154336, 0.031053468449087778, 0.03142000488428638, 0.03173833045042581, 0.031892653890475096, 0.03198060527161537, 0.031944507243272385, 0.03180892531117334, 0.03180195743523648, 0.03175983113429147, 0.03185651864929952, 0.032146459060636644, 0.032526908876218445, 0.033087790299913135, 0.03370146462957083, 0.0342847740780508, 0.0344768243549477, 0.03441738754137779, 0.034008301029805295]",0.027900707354997015,0.10414973208529199,0.0023452509935288357,0.027801965194686085,0.0,0.0,0.010453238759463468,0.10414973208529199,0.0023452509935288357,0.027801965194686085,7.728000000000001,1717635308.4476125,2024-06-06_10-55-08
0.5059,0.08256,0.4542617612151909,0.40097975704113104,0.08001670373046907,0.4278344752627118,0.5059,0.08256,0.4614549083146764,0.40097975704113104,0.08001670373046907,0.4278344752627118,0.02654938414970694,"[0.011315756658919754, 0.012192407496521018, 0.01288995615295488, 0.01359963525141729, 0.014321891165186378, 0.015181047888625853, 0.01592941522152252, 0.01673874496494045, 0.01751440457689525, 0.01835087734908702, 0.019202544572813795, 0.020070622325609303, 0.02095627718778323, 0.02186061264947246, 0.022737260153569413, 0.023681097053535004, 0.024646250751560458, 0.025633386418693636, 0.02659237614956749, 0.027623542314219474, 0.0286250346734827, 0.029647102596467904, 0.03056454213255984, 0.031680305841655834, 0.03263530150735364, 0.033606764937046466, 0.034593095597664145, 0.03536350794006898, 0.035930760474075646, 0.03631257033147624, 0.03661317474198803, 0.03688385713543919, 0.03738127616234113, 0.037934719347479336, 0.03858163380471939, 0.03921882339006296, 0.03999131852533767, 0.04074980907886149, 0.04127472956039594, 0.04151563832077664, 0.04151964454301027, 0.04123464219442919, 0.04096829512038153, 0.04056460486818273, 0.04028281736824196, 0.04000166841569801, 0.03919762289117317, 0.037812479337396496, 0.03622310391275238, 0.03453579653228067, 0.0330206041779641, 0.031565009966306234, 0.03054064037737075, 0.029904305612678588, 0.029394155816597912, 0.028896840658953926, 0.02825322628704274, 0.027685220830545497, 0.02666364029859006, 0.025486033827772144, 0.02414387260068274, 0.023028867611909868, 0.022681878550084772, 0.02299235797660897, 0.02387546679328945, 0.024738332374206702, 0.025547718436096926, 0.026640938816603423, 0.02759836215880636, 0.028240938725365098, 0.028199955208514017, 0.028168175430310402, 0.02767018559717724, 0.027414861073674215, 0.027239233260695786, 0.0274939869379551, 0.027874761581110984, 0.02868161073982207, 0.029514734605865275, 0.030345172291974937, 0.031248268714928727, 0.032298002681611045, 0.033509628354587276, 0.0348066615601669, 0.03569061118903811, 0.03631377821401384, 0.03654105211474412, 0.03646788532881584, 0.03572808397059345, 0.03427781350345514, 0.03309813106562172, 0.031639416134799855, 0.02970329439236902, 0.027599049067936567, 0.02603054913364457, 0.024090316372098155, 0.02220132238001286, 0.02051452966091278, 0.019044426362309692, 0.017805605247084858, 0.01643252777018217, 0.01523003850809785, 0.01424180324883461, 0.013706552220618947, 0.0130880570946912, 0.012988920737072255, 0.013178248200839212, 0.013386796436950147, 0.01359897371732897, 0.01439195864266014, 0.015495810506657983, 0.016686507754200334, 0.01807173050136072, 0.019341411872889052, 0.020370802976522343, 0.0213787239197115, 0.02262888584538598, 0.02401686851684336, 0.025523335513576738, 0.026670410326906566, 0.02758824337325398, 0.02810647098585074, 0.028219175888028712, 0.02804128716256827, 0.027840212128430745, 0.02799079668741686, 0.027988272685847155, 0.02831306909632167, 0.028434723397990712, 0.0285549391753426, 0.02832607944879636, 0.02800347501499142, 0.027460301198426997, 0.02681840364884072, 0.026203190519756815, 0.02552364346313934, 0.024940794741503684, 0.024553643852497812, 0.024009602077058226, 0.023587486328410737, 0.023053226444370627, 0.02237349941244249, 0.021247392964358097, 0.01948489409103017, 0.01759577829009665, 0.015969918059865678, 0.014849832783247986, 0.014164911869984548, 0.013546042864334782, 0.01328357500957488, 0.012905521640083246, 0.012806686101790404, 0.01256569256360443, 0.01270015008783326, 0.013333718053885597, 0.014364706842779438, 0.015230812921928084, 0.016214173123414017, 0.017422309714956504, 0.01848297873673576, 0.019690103784110968, 0.02062988015396428, 0.021304326954883004, 0.021542023987470748, 0.021445001132587415, 0.02128479356968176, 0.021154257299581803, 0.020548768777841446, 0.020419411659703072, 0.020346908766621045, 0.02018386842926173, 0.020060715556614095, 0.019970155121820186, 0.019905412966441507, 0.019860328269953802, 0.019689549628068632, 0.019110038324468673, 0.018401772510693467, 0.01773443768827515, 0.01691379473734185, 0.0163889904882787, 0.015891976533507178, 0.015695148472402557, 0.015634975895130635, 0.01548249397414641, 0.015250362203767827, 0.01446715870868431, 0.013690714184349355, 0.013111437378948002, 0.01280400987898366, 0.012789088065484542, 0.012885508256999974, 0.012645414791893052, 0.012533763320360268, 0.01300792748125149, 0.014045480441271196, 0.015593406388961941, 0.017496649938682926, 0.01947963017829757, 0.021814960986639112, 0.0244888991790445, 0.027455202671237973, 0.030462142682767764, 0.03347516022004274, 0.03632355277573078, 0.03911728575744543, 0.041489125175428104, 0.043617926344794986, 0.04507509866910146, 0.045973158335007626, 0.046666313335408376, 0.047747911364257295, 0.04910015737076979, 0.051170936172887156, 0.05323921785426519, 0.05484930583024696, 0.05598397968583077, 0.056516639752925084, 0.05678375349578094, 0.05655312215346535, 0.05709318659280136, 0.05753330561326649, 0.05822424761198231, 0.05856641837777238, 0.058663546697002605, 0.05829520111627496, 0.058019458378357286, 0.05786276302771312, 0.057678835712609886, 0.05721489013034267, 0.05620972754199197, 0.05488023496470325, 0.05291870088860013, 0.05085359195424363, 0.04836971777146554, 0.045888993393773454, 0.04332790860019442, 0.040721243397433354, 0.03815348906679705, 0.03609755066086763, 0.03431153121207709, 0.03269994312791247, 0.03113246913067769, 0.029533434333839276, 0.02779284963423818, 0.02581340528028532, 0.023636664296078556, 0.021032966406022018, 0.018298152858289164, 0.015471223173718233, 0.012975006021594128, 0.011476514573927241, 0.011190786613452559, 0.012013514795745658, 0.013192708648177051, 0.0146026096239084, 0.016627808096549106, 0.019288816219412905, 0.022115031993867204, 0.024956066779425322, 0.027947127033299147, 0.030317719296220055, 0.03213024736687776, 0.033908117916643665, 0.035613155393420214, 0.03695858371541455, 0.0370883147011733, 0.035844860180821725, 0.03331269225961453, 0.030127822662769057, 0.026675716455458534, 0.02305094507263966, 0.019294584365168215, 0.016588874620184203, 0.013459760460278334, 0.010513659470637583, 0.008184205378854309, 0.005908681970234855, 0.003908372487361734, 0.002250880846271649, 0.001837561814419065, 0.003902446460586522, 0.00649131804032715, 0.008842266053540701, 0.011337576744963709, 0.013847821453172829, 0.016241515374979285, 0.018506880743639053, 0.020753891025054552, 0.022854281545735794, 0.025177910908837288, 0.027764777035113285, 0.0302577363231247, 0.032552204835272186, 0.033962244268502154, 0.03530995724171245, 0.036795414568091225, 0.03840706162943578, 0.039993850675796264, 0.04133645030179679, 0.04211247094820217, 0.04239213751353172, 0.042192499106345205, 0.04200269786908514, 0.041897190162155235, 0.041830932940717325, 0.04166737666619139, 0.04206882264734189, 0.0426127097658282, 0.042895687146734904, 0.04300135533202284, 0.04249799814293581, 0.041897582995049115, 0.04072077112408416, 0.03927976254850985, 0.037331499513228325, 0.035889992777759706, 0.03456359233645024, 0.033243529781910974, 0.03199033675126687, 0.03059935779738079, 0.029272240636492235, 0.027900707354997015, 0.02654938414970694, 0.02543173352052397, 0.024311103096379235, 0.023065212419431085, 0.021685454855791198, 0.02041159885695607, 0.019056064221564174, 0.017656707279948437, 0.01626614648165674, 0.015012383850973622, 0.013603567963072178, 0.012189757837366814, 0.010674529938407772, 0.009407142987148039, 0.008344525906195775, 0.007439054007672372, 0.0072034584519923735, 0.007775010970036668, 0.009047582903156274, 0.010731538882415681, 0.01253460028234948, 0.014333543563369548, 0.016070624592636203, 0.017817726146123574, 0.019557256660804743, 0.02116824086555951, 0.022529303997840977, 0.023628588936546305, 0.02391411988476377, 0.02359656311707365, 0.022355277074164143, 0.020961866673625245, 0.018393580144489934, 0.015660552711922182, 0.013874328661167971, 0.01254026736778108, 0.011812131260623127, 0.010800298354986543, 0.00961805971638548, 0.008471507575266851, 0.007656757785702683, 0.006719580941926242, 0.0056999472982024405, 0.005125787188458596, 0.00504686530895439, 0.005697178935649704, 0.006245540782853768, 0.0070976650798796875, 0.007900543705723831, 0.008755370167568399, 0.009807746909975117, 0.011209592216881203, 0.01276960312030194, 0.014467251258771754, 0.015865855510978952, 0.01751794577394112, 0.01978728846519214, 0.022540086452385207, 0.024859037758439572, 0.02589623397823137, 0.02611181133516041, 0.026565850619759173, 0.0272557734372972, 0.02776644526036269, 0.02799937699621002, 0.02818388188652303, 0.02806005928616626, 0.028083982827741123, 0.02781538632605852, 0.027763976455106594, 0.028120518002563644, 0.028688559534023904, 0.029389365084960088, 0.030059907204608147, 0.03052096911154336, 0.031053468449087778, 0.03142000488428638, 0.03173833045042581, 0.031892653890475096, 0.03198060527161537, 0.031944507243272385, 0.03180892531117334, 0.03180195743523648, 0.03175983113429147, 0.03185651864929952, 0.032146459060636644, 0.032526908876218445, 0.033087790299913135, 0.03370146462957083, 0.0342847740780508, 0.0344768243549477, 0.03441738754137779, 0.034008301029805295]",0.02654938414970694,0.10492024295886898,0.002543296269530926,0.026427285952479118,0.0,0.0,0.007193147099485486,0.10492024295886898,0.002543296269530926,0.026427285952479118,7.752,1717635308.470931,2024-06-06_10-55-08
0.5059,0.08327999999999999,0.45352988897987223,0.40023479903857906,0.08073849175117848,0.4282254663292739,0.5059,0.08327999999999999,0.4574629444193798,0.40023479903857906,0.08073849175117848,0.4282254663292739,0.02543173352052397,"[0.011315756658919754, 0.012192407496521018, 0.01288995615295488, 0.01359963525141729, 0.014321891165186378, 0.015181047888625853, 0.01592941522152252, 0.01673874496494045, 0.01751440457689525, 0.01835087734908702, 0.019202544572813795, 0.020070622325609303, 0.02095627718778323, 0.02186061264947246, 0.022737260153569413, 0.023681097053535004, 0.024646250751560458, 0.025633386418693636, 0.02659237614956749, 0.027623542314219474, 0.0286250346734827, 0.029647102596467904, 0.03056454213255984, 0.031680305841655834, 0.03263530150735364, 0.033606764937046466, 0.034593095597664145, 0.03536350794006898, 0.035930760474075646, 0.03631257033147624, 0.03661317474198803, 0.03688385713543919, 0.03738127616234113, 0.037934719347479336, 0.03858163380471939, 0.03921882339006296, 0.03999131852533767, 0.04074980907886149, 0.04127472956039594, 0.04151563832077664, 0.04151964454301027, 0.04123464219442919, 0.04096829512038153, 0.04056460486818273, 0.04028281736824196, 0.04000166841569801, 0.03919762289117317, 0.037812479337396496, 0.03622310391275238, 0.03453579653228067, 0.0330206041779641, 0.031565009966306234, 0.03054064037737075, 0.029904305612678588, 0.029394155816597912, 0.028896840658953926, 0.02825322628704274, 0.027685220830545497, 0.02666364029859006, 0.025486033827772144, 0.02414387260068274, 0.023028867611909868, 0.022681878550084772, 0.02299235797660897, 0.02387546679328945, 0.024738332374206702, 0.025547718436096926, 0.026640938816603423, 0.02759836215880636, 0.028240938725365098, 0.028199955208514017, 0.028168175430310402, 0.02767018559717724, 0.027414861073674215, 0.027239233260695786, 0.0274939869379551, 0.027874761581110984, 0.02868161073982207, 0.029514734605865275, 0.030345172291974937, 0.031248268714928727, 0.032298002681611045, 0.033509628354587276, 0.0348066615601669, 0.03569061118903811, 0.03631377821401384, 0.03654105211474412, 0.03646788532881584, 0.03572808397059345, 0.03427781350345514, 0.03309813106562172, 0.031639416134799855, 0.02970329439236902, 0.027599049067936567, 0.02603054913364457, 0.024090316372098155, 0.02220132238001286, 0.02051452966091278, 0.019044426362309692, 0.017805605247084858, 0.01643252777018217, 0.01523003850809785, 0.01424180324883461, 0.013706552220618947, 0.0130880570946912, 0.012988920737072255, 0.013178248200839212, 0.013386796436950147, 0.01359897371732897, 0.01439195864266014, 0.015495810506657983, 0.016686507754200334, 0.01807173050136072, 0.019341411872889052, 0.020370802976522343, 0.0213787239197115, 0.02262888584538598, 0.02401686851684336, 0.025523335513576738, 0.026670410326906566, 0.02758824337325398, 0.02810647098585074, 0.028219175888028712, 0.02804128716256827, 0.027840212128430745, 0.02799079668741686, 0.027988272685847155, 0.02831306909632167, 0.028434723397990712, 0.0285549391753426, 0.02832607944879636, 0.02800347501499142, 0.027460301198426997, 0.02681840364884072, 0.026203190519756815, 0.02552364346313934, 0.024940794741503684, 0.024553643852497812, 0.024009602077058226, 0.023587486328410737, 0.023053226444370627, 0.02237349941244249, 0.021247392964358097, 0.01948489409103017, 0.01759577829009665, 0.015969918059865678, 0.014849832783247986, 0.014164911869984548, 0.013546042864334782, 0.01328357500957488, 0.012905521640083246, 0.012806686101790404, 0.01256569256360443, 0.01270015008783326, 0.013333718053885597, 0.014364706842779438, 0.015230812921928084, 0.016214173123414017, 0.017422309714956504, 0.01848297873673576, 0.019690103784110968, 0.02062988015396428, 0.021304326954883004, 0.021542023987470748, 0.021445001132587415, 0.02128479356968176, 0.021154257299581803, 0.020548768777841446, 0.020419411659703072, 0.020346908766621045, 0.02018386842926173, 0.020060715556614095, 0.019970155121820186, 0.019905412966441507, 0.019860328269953802, 0.019689549628068632, 0.019110038324468673, 0.018401772510693467, 0.01773443768827515, 0.01691379473734185, 0.0163889904882787, 0.015891976533507178, 0.015695148472402557, 0.015634975895130635, 0.01548249397414641, 0.015250362203767827, 0.01446715870868431, 0.013690714184349355, 0.013111437378948002, 0.01280400987898366, 0.012789088065484542, 0.012885508256999974, 0.012645414791893052, 0.012533763320360268, 0.01300792748125149, 0.014045480441271196, 0.015593406388961941, 0.017496649938682926, 0.01947963017829757, 0.021814960986639112, 0.0244888991790445, 0.027455202671237973, 0.030462142682767764, 0.03347516022004274, 0.03632355277573078, 0.03911728575744543, 0.041489125175428104, 0.043617926344794986, 0.04507509866910146, 0.045973158335007626, 0.046666313335408376, 0.047747911364257295, 0.04910015737076979, 0.051170936172887156, 0.05323921785426519, 0.05484930583024696, 0.05598397968583077, 0.056516639752925084, 0.05678375349578094, 0.05655312215346535, 0.05709318659280136, 0.05753330561326649, 0.05822424761198231, 0.05856641837777238, 0.058663546697002605, 0.05829520111627496, 0.058019458378357286, 0.05786276302771312, 0.057678835712609886, 0.05721489013034267, 0.05620972754199197, 0.05488023496470325, 0.05291870088860013, 0.05085359195424363, 0.04836971777146554, 0.045888993393773454, 0.04332790860019442, 0.040721243397433354, 0.03815348906679705, 0.03609755066086763, 0.03431153121207709, 0.03269994312791247, 0.03113246913067769, 0.029533434333839276, 0.02779284963423818, 0.02581340528028532, 0.023636664296078556, 0.021032966406022018, 0.018298152858289164, 0.015471223173718233, 0.012975006021594128, 0.011476514573927241, 0.011190786613452559, 0.012013514795745658, 0.013192708648177051, 0.0146026096239084, 0.016627808096549106, 0.019288816219412905, 0.022115031993867204, 0.024956066779425322, 0.027947127033299147, 0.030317719296220055, 0.03213024736687776, 0.033908117916643665, 0.035613155393420214, 0.03695858371541455, 0.0370883147011733, 0.035844860180821725, 0.03331269225961453, 0.030127822662769057, 0.026675716455458534, 0.02305094507263966, 0.019294584365168215, 0.016588874620184203, 0.013459760460278334, 0.010513659470637583, 0.008184205378854309, 0.005908681970234855, 0.003908372487361734, 0.002250880846271649, 0.001837561814419065, 0.003902446460586522, 0.00649131804032715, 0.008842266053540701, 0.011337576744963709, 0.013847821453172829, 0.016241515374979285, 0.018506880743639053, 0.020753891025054552, 0.022854281545735794, 0.025177910908837288, 0.027764777035113285, 0.0302577363231247, 0.032552204835272186, 0.033962244268502154, 0.03530995724171245, 0.036795414568091225, 0.03840706162943578, 0.039993850675796264, 0.04133645030179679, 0.04211247094820217, 0.04239213751353172, 0.042192499106345205, 0.04200269786908514, 0.041897190162155235, 0.041830932940717325, 0.04166737666619139, 0.04206882264734189, 0.0426127097658282, 0.042895687146734904, 0.04300135533202284, 0.04249799814293581, 0.041897582995049115, 0.04072077112408416, 0.03927976254850985, 0.037331499513228325, 0.035889992777759706, 0.03456359233645024, 0.033243529781910974, 0.03199033675126687, 0.03059935779738079, 0.029272240636492235, 0.027900707354997015, 0.02654938414970694, 0.02543173352052397, 0.024311103096379235, 0.023065212419431085, 0.021685454855791198, 0.02041159885695607, 0.019056064221564174, 0.017656707279948437, 0.01626614648165674, 0.015012383850973622, 0.013603567963072178, 0.012189757837366814, 0.010674529938407772, 0.009407142987148039, 0.008344525906195775, 0.007439054007672372, 0.0072034584519923735, 0.007775010970036668, 0.009047582903156274, 0.010731538882415681, 0.01253460028234948, 0.014333543563369548, 0.016070624592636203, 0.017817726146123574, 0.019557256660804743, 0.02116824086555951, 0.022529303997840977, 0.023628588936546305, 0.02391411988476377, 0.02359656311707365, 0.022355277074164143, 0.020961866673625245, 0.018393580144489934, 0.015660552711922182, 0.013874328661167971, 0.01254026736778108, 0.011812131260623127, 0.010800298354986543, 0.00961805971638548, 0.008471507575266851, 0.007656757785702683, 0.006719580941926242, 0.0056999472982024405, 0.005125787188458596, 0.00504686530895439, 0.005697178935649704, 0.006245540782853768, 0.0070976650798796875, 0.007900543705723831, 0.008755370167568399, 0.009807746909975117, 0.011209592216881203, 0.01276960312030194, 0.014467251258771754, 0.015865855510978952, 0.01751794577394112, 0.01978728846519214, 0.022540086452385207, 0.024859037758439572, 0.02589623397823137, 0.02611181133516041, 0.026565850619759173, 0.0272557734372972, 0.02776644526036269, 0.02799937699621002, 0.02818388188652303, 0.02806005928616626, 0.028083982827741123, 0.02781538632605852, 0.027763976455106594, 0.028120518002563644, 0.028688559534023904, 0.029389365084960088, 0.030059907204608147, 0.03052096911154336, 0.031053468449087778, 0.03142000488428638, 0.03173833045042581, 0.031892653890475096, 0.03198060527161537, 0.031944507243272385, 0.03180892531117334, 0.03180195743523648, 0.03175983113429147, 0.03185651864929952, 0.032146459060636644, 0.032526908876218445, 0.033087790299913135, 0.03370146462957083, 0.0342847740780508, 0.0344768243549477, 0.03441738754137779, 0.034008301029805295]",0.02543173352052397,0.10566520096142096,0.002541508248821517,0.025304422650598346,0.0,0.0,0.00393305543950756,0.10566520096142096,0.002541508248821517,0.025304422650598346,7.776,1717635308.4951952,2024-06-06_10-55-08
0.5059,0.08399999999999999,0.4526841561107297,0.3995178820228566,0.08149250929129279,0.42850271231370785,0.5059,0.08399999999999999,0.4533571198902593,0.3995178820228566,0.08149250929129279,0.42850271231370785,0.024311103096379235,"[0.011315756658919754, 0.012192407496521018, 0.01288995615295488, 0.01359963525141729, 0.014321891165186378, 0.015181047888625853, 0.01592941522152252, 0.01673874496494045, 0.01751440457689525, 0.01835087734908702, 0.019202544572813795, 0.020070622325609303, 0.02095627718778323, 0.02186061264947246, 0.022737260153569413, 0.023681097053535004, 0.024646250751560458, 0.025633386418693636, 0.02659237614956749, 0.027623542314219474, 0.0286250346734827, 0.029647102596467904, 0.03056454213255984, 0.031680305841655834, 0.03263530150735364, 0.033606764937046466, 0.034593095597664145, 0.03536350794006898, 0.035930760474075646, 0.03631257033147624, 0.03661317474198803, 0.03688385713543919, 0.03738127616234113, 0.037934719347479336, 0.03858163380471939, 0.03921882339006296, 0.03999131852533767, 0.04074980907886149, 0.04127472956039594, 0.04151563832077664, 0.04151964454301027, 0.04123464219442919, 0.04096829512038153, 0.04056460486818273, 0.04028281736824196, 0.04000166841569801, 0.03919762289117317, 0.037812479337396496, 0.03622310391275238, 0.03453579653228067, 0.0330206041779641, 0.031565009966306234, 0.03054064037737075, 0.029904305612678588, 0.029394155816597912, 0.028896840658953926, 0.02825322628704274, 0.027685220830545497, 0.02666364029859006, 0.025486033827772144, 0.02414387260068274, 0.023028867611909868, 0.022681878550084772, 0.02299235797660897, 0.02387546679328945, 0.024738332374206702, 0.025547718436096926, 0.026640938816603423, 0.02759836215880636, 0.028240938725365098, 0.028199955208514017, 0.028168175430310402, 0.02767018559717724, 0.027414861073674215, 0.027239233260695786, 0.0274939869379551, 0.027874761581110984, 0.02868161073982207, 0.029514734605865275, 0.030345172291974937, 0.031248268714928727, 0.032298002681611045, 0.033509628354587276, 0.0348066615601669, 0.03569061118903811, 0.03631377821401384, 0.03654105211474412, 0.03646788532881584, 0.03572808397059345, 0.03427781350345514, 0.03309813106562172, 0.031639416134799855, 0.02970329439236902, 0.027599049067936567, 0.02603054913364457, 0.024090316372098155, 0.02220132238001286, 0.02051452966091278, 0.019044426362309692, 0.017805605247084858, 0.01643252777018217, 0.01523003850809785, 0.01424180324883461, 0.013706552220618947, 0.0130880570946912, 0.012988920737072255, 0.013178248200839212, 0.013386796436950147, 0.01359897371732897, 0.01439195864266014, 0.015495810506657983, 0.016686507754200334, 0.01807173050136072, 0.019341411872889052, 0.020370802976522343, 0.0213787239197115, 0.02262888584538598, 0.02401686851684336, 0.025523335513576738, 0.026670410326906566, 0.02758824337325398, 0.02810647098585074, 0.028219175888028712, 0.02804128716256827, 0.027840212128430745, 0.02799079668741686, 0.027988272685847155, 0.02831306909632167, 0.028434723397990712, 0.0285549391753426, 0.02832607944879636, 0.02800347501499142, 0.027460301198426997, 0.02681840364884072, 0.026203190519756815, 0.02552364346313934, 0.024940794741503684, 0.024553643852497812, 0.024009602077058226, 0.023587486328410737, 0.023053226444370627, 0.02237349941244249, 0.021247392964358097, 0.01948489409103017, 0.01759577829009665, 0.015969918059865678, 0.014849832783247986, 0.014164911869984548, 0.013546042864334782, 0.01328357500957488, 0.012905521640083246, 0.012806686101790404, 0.01256569256360443, 0.01270015008783326, 0.013333718053885597, 0.014364706842779438, 0.015230812921928084, 0.016214173123414017, 0.017422309714956504, 0.01848297873673576, 0.019690103784110968, 0.02062988015396428, 0.021304326954883004, 0.021542023987470748, 0.021445001132587415, 0.02128479356968176, 0.021154257299581803, 0.020548768777841446, 0.020419411659703072, 0.020346908766621045, 0.02018386842926173, 0.020060715556614095, 0.019970155121820186, 0.019905412966441507, 0.019860328269953802, 0.019689549628068632, 0.019110038324468673, 0.018401772510693467, 0.01773443768827515, 0.01691379473734185, 0.0163889904882787, 0.015891976533507178, 0.015695148472402557, 0.015634975895130635, 0.01548249397414641, 0.015250362203767827, 0.01446715870868431, 0.013690714184349355, 0.013111437378948002, 0.01280400987898366, 0.012789088065484542, 0.012885508256999974, 0.012645414791893052, 0.012533763320360268, 0.01300792748125149, 0.014045480441271196, 0.015593406388961941, 0.017496649938682926, 0.01947963017829757, 0.021814960986639112, 0.0244888991790445, 0.027455202671237973, 0.030462142682767764, 0.03347516022004274, 0.03632355277573078, 0.03911728575744543, 0.041489125175428104, 0.043617926344794986, 0.04507509866910146, 0.045973158335007626, 0.046666313335408376, 0.047747911364257295, 0.04910015737076979, 0.051170936172887156, 0.05323921785426519, 0.05484930583024696, 0.05598397968583077, 0.056516639752925084, 0.05678375349578094, 0.05655312215346535, 0.05709318659280136, 0.05753330561326649, 0.05822424761198231, 0.05856641837777238, 0.058663546697002605, 0.05829520111627496, 0.058019458378357286, 0.05786276302771312, 0.057678835712609886, 0.05721489013034267, 0.05620972754199197, 0.05488023496470325, 0.05291870088860013, 0.05085359195424363, 0.04836971777146554, 0.045888993393773454, 0.04332790860019442, 0.040721243397433354, 0.03815348906679705, 0.03609755066086763, 0.03431153121207709, 0.03269994312791247, 0.03113246913067769, 0.029533434333839276, 0.02779284963423818, 0.02581340528028532, 0.023636664296078556, 0.021032966406022018, 0.018298152858289164, 0.015471223173718233, 0.012975006021594128, 0.011476514573927241, 0.011190786613452559, 0.012013514795745658, 0.013192708648177051, 0.0146026096239084, 0.016627808096549106, 0.019288816219412905, 0.022115031993867204, 0.024956066779425322, 0.027947127033299147, 0.030317719296220055, 0.03213024736687776, 0.033908117916643665, 0.035613155393420214, 0.03695858371541455, 0.0370883147011733, 0.035844860180821725, 0.03331269225961453, 0.030127822662769057, 0.026675716455458534, 0.02305094507263966, 0.019294584365168215, 0.016588874620184203, 0.013459760460278334, 0.010513659470637583, 0.008184205378854309, 0.005908681970234855, 0.003908372487361734, 0.002250880846271649, 0.001837561814419065, 0.003902446460586522, 0.00649131804032715, 0.008842266053540701, 0.011337576744963709, 0.013847821453172829, 0.016241515374979285, 0.018506880743639053, 0.020753891025054552, 0.022854281545735794, 0.025177910908837288, 0.027764777035113285, 0.0302577363231247, 0.032552204835272186, 0.033962244268502154, 0.03530995724171245, 0.036795414568091225, 0.03840706162943578, 0.039993850675796264, 0.04133645030179679, 0.04211247094820217, 0.04239213751353172, 0.042192499106345205, 0.04200269786908514, 0.041897190162155235, 0.041830932940717325, 0.04166737666619139, 0.04206882264734189, 0.0426127097658282, 0.042895687146734904, 0.04300135533202284, 0.04249799814293581, 0.041897582995049115, 0.04072077112408416, 0.03927976254850985, 0.037331499513228325, 0.035889992777759706, 0.03456359233645024, 0.033243529781910974, 0.03199033675126687, 0.03059935779738079, 0.029272240636492235, 0.027900707354997015, 0.02654938414970694, 0.02543173352052397, 0.024311103096379235, 0.023065212419431085, 0.021685454855791198, 0.02041159885695607, 0.019056064221564174, 0.017656707279948437, 0.01626614648165674, 0.015012383850973622, 0.013603567963072178, 0.012189757837366814, 0.010674529938407772, 0.009407142987148039, 0.008344525906195775, 0.007439054007672372, 0.0072034584519923735, 0.007775010970036668, 0.009047582903156274, 0.010731538882415681, 0.01253460028234948, 0.014333543563369548, 0.016070624592636203, 0.017817726146123574, 0.019557256660804743, 0.02116824086555951, 0.022529303997840977, 0.023628588936546305, 0.02391411988476377, 0.02359656311707365, 0.022355277074164143, 0.020961866673625245, 0.018393580144489934, 0.015660552711922182, 0.013874328661167971, 0.01254026736778108, 0.011812131260623127, 0.010800298354986543, 0.00961805971638548, 0.008471507575266851, 0.007656757785702683, 0.006719580941926242, 0.0056999472982024405, 0.005125787188458596, 0.00504686530895439, 0.005697178935649704, 0.006245540782853768, 0.0070976650798796875, 0.007900543705723831, 0.008755370167568399, 0.009807746909975117, 0.011209592216881203, 0.01276960312030194, 0.014467251258771754, 0.015865855510978952, 0.01751794577394112, 0.01978728846519214, 0.022540086452385207, 0.024859037758439572, 0.02589623397823137, 0.02611181133516041, 0.026565850619759173, 0.0272557734372972, 0.02776644526036269, 0.02799937699621002, 0.02818388188652303, 0.02806005928616626, 0.028083982827741123, 0.02781538632605852, 0.027763976455106594, 0.028120518002563644, 0.028688559534023904, 0.029389365084960088, 0.030059907204608147, 0.03052096911154336, 0.031053468449087778, 0.03142000488428638, 0.03173833045042581, 0.031892653890475096, 0.03198060527161537, 0.031944507243272385, 0.03180892531117334, 0.03180195743523648, 0.03175983113429147, 0.03185651864929952, 0.032146459060636644, 0.032526908876218445, 0.033087790299913135, 0.03370146462957083, 0.0342847740780508, 0.0344768243549477, 0.03441738754137779, 0.034008301029805295]",0.024311103096379235,0.10638211797714342,0.002507490708707205,0.024181443797021862,0.0,0.0,0.0006729637795295784,0.10638211797714342,0.002507490708707205,0.024181443797021862,7.800000000000001,1717635308.5192952,2024-06-06_10-55-08
0.5059,0.08471999999999999,0.4517285241899736,0.39885931702792343,0.0821491593765256,0.4288070320386722,0.5059,0.08471999999999999,0.44940786932175086,0.39885931702792343,0.0821491593765256,0.4288070320386722,0.023065212419431085,"[0.011315756658919754, 0.012192407496521018, 0.01288995615295488, 0.01359963525141729, 0.014321891165186378, 0.015181047888625853, 0.01592941522152252, 0.01673874496494045, 0.01751440457689525, 0.01835087734908702, 0.019202544572813795, 0.020070622325609303, 0.02095627718778323, 0.02186061264947246, 0.022737260153569413, 0.023681097053535004, 0.024646250751560458, 0.025633386418693636, 0.02659237614956749, 0.027623542314219474, 0.0286250346734827, 0.029647102596467904, 0.03056454213255984, 0.031680305841655834, 0.03263530150735364, 0.033606764937046466, 0.034593095597664145, 0.03536350794006898, 0.035930760474075646, 0.03631257033147624, 0.03661317474198803, 0.03688385713543919, 0.03738127616234113, 0.037934719347479336, 0.03858163380471939, 0.03921882339006296, 0.03999131852533767, 0.04074980907886149, 0.04127472956039594, 0.04151563832077664, 0.04151964454301027, 0.04123464219442919, 0.04096829512038153, 0.04056460486818273, 0.04028281736824196, 0.04000166841569801, 0.03919762289117317, 0.037812479337396496, 0.03622310391275238, 0.03453579653228067, 0.0330206041779641, 0.031565009966306234, 0.03054064037737075, 0.029904305612678588, 0.029394155816597912, 0.028896840658953926, 0.02825322628704274, 0.027685220830545497, 0.02666364029859006, 0.025486033827772144, 0.02414387260068274, 0.023028867611909868, 0.022681878550084772, 0.02299235797660897, 0.02387546679328945, 0.024738332374206702, 0.025547718436096926, 0.026640938816603423, 0.02759836215880636, 0.028240938725365098, 0.028199955208514017, 0.028168175430310402, 0.02767018559717724, 0.027414861073674215, 0.027239233260695786, 0.0274939869379551, 0.027874761581110984, 0.02868161073982207, 0.029514734605865275, 0.030345172291974937, 0.031248268714928727, 0.032298002681611045, 0.033509628354587276, 0.0348066615601669, 0.03569061118903811, 0.03631377821401384, 0.03654105211474412, 0.03646788532881584, 0.03572808397059345, 0.03427781350345514, 0.03309813106562172, 0.031639416134799855, 0.02970329439236902, 0.027599049067936567, 0.02603054913364457, 0.024090316372098155, 0.02220132238001286, 0.02051452966091278, 0.019044426362309692, 0.017805605247084858, 0.01643252777018217, 0.01523003850809785, 0.01424180324883461, 0.013706552220618947, 0.0130880570946912, 0.012988920737072255, 0.013178248200839212, 0.013386796436950147, 0.01359897371732897, 0.01439195864266014, 0.015495810506657983, 0.016686507754200334, 0.01807173050136072, 0.019341411872889052, 0.020370802976522343, 0.0213787239197115, 0.02262888584538598, 0.02401686851684336, 0.025523335513576738, 0.026670410326906566, 0.02758824337325398, 0.02810647098585074, 0.028219175888028712, 0.02804128716256827, 0.027840212128430745, 0.02799079668741686, 0.027988272685847155, 0.02831306909632167, 0.028434723397990712, 0.0285549391753426, 0.02832607944879636, 0.02800347501499142, 0.027460301198426997, 0.02681840364884072, 0.026203190519756815, 0.02552364346313934, 0.024940794741503684, 0.024553643852497812, 0.024009602077058226, 0.023587486328410737, 0.023053226444370627, 0.02237349941244249, 0.021247392964358097, 0.01948489409103017, 0.01759577829009665, 0.015969918059865678, 0.014849832783247986, 0.014164911869984548, 0.013546042864334782, 0.01328357500957488, 0.012905521640083246, 0.012806686101790404, 0.01256569256360443, 0.01270015008783326, 0.013333718053885597, 0.014364706842779438, 0.015230812921928084, 0.016214173123414017, 0.017422309714956504, 0.01848297873673576, 0.019690103784110968, 0.02062988015396428, 0.021304326954883004, 0.021542023987470748, 0.021445001132587415, 0.02128479356968176, 0.021154257299581803, 0.020548768777841446, 0.020419411659703072, 0.020346908766621045, 0.02018386842926173, 0.020060715556614095, 0.019970155121820186, 0.019905412966441507, 0.019860328269953802, 0.019689549628068632, 0.019110038324468673, 0.018401772510693467, 0.01773443768827515, 0.01691379473734185, 0.0163889904882787, 0.015891976533507178, 0.015695148472402557, 0.015634975895130635, 0.01548249397414641, 0.015250362203767827, 0.01446715870868431, 0.013690714184349355, 0.013111437378948002, 0.01280400987898366, 0.012789088065484542, 0.012885508256999974, 0.012645414791893052, 0.012533763320360268, 0.01300792748125149, 0.014045480441271196, 0.015593406388961941, 0.017496649938682926, 0.01947963017829757, 0.021814960986639112, 0.0244888991790445, 0.027455202671237973, 0.030462142682767764, 0.03347516022004274, 0.03632355277573078, 0.03911728575744543, 0.041489125175428104, 0.043617926344794986, 0.04507509866910146, 0.045973158335007626, 0.046666313335408376, 0.047747911364257295, 0.04910015737076979, 0.051170936172887156, 0.05323921785426519, 0.05484930583024696, 0.05598397968583077, 0.056516639752925084, 0.05678375349578094, 0.05655312215346535, 0.05709318659280136, 0.05753330561326649, 0.05822424761198231, 0.05856641837777238, 0.058663546697002605, 0.05829520111627496, 0.058019458378357286, 0.05786276302771312, 0.057678835712609886, 0.05721489013034267, 0.05620972754199197, 0.05488023496470325, 0.05291870088860013, 0.05085359195424363, 0.04836971777146554, 0.045888993393773454, 0.04332790860019442, 0.040721243397433354, 0.03815348906679705, 0.03609755066086763, 0.03431153121207709, 0.03269994312791247, 0.03113246913067769, 0.029533434333839276, 0.02779284963423818, 0.02581340528028532, 0.023636664296078556, 0.021032966406022018, 0.018298152858289164, 0.015471223173718233, 0.012975006021594128, 0.011476514573927241, 0.011190786613452559, 0.012013514795745658, 0.013192708648177051, 0.0146026096239084, 0.016627808096549106, 0.019288816219412905, 0.022115031993867204, 0.024956066779425322, 0.027947127033299147, 0.030317719296220055, 0.03213024736687776, 0.033908117916643665, 0.035613155393420214, 0.03695858371541455, 0.0370883147011733, 0.035844860180821725, 0.03331269225961453, 0.030127822662769057, 0.026675716455458534, 0.02305094507263966, 0.019294584365168215, 0.016588874620184203, 0.013459760460278334, 0.010513659470637583, 0.008184205378854309, 0.005908681970234855, 0.003908372487361734, 0.002250880846271649, 0.001837561814419065, 0.003902446460586522, 0.00649131804032715, 0.008842266053540701, 0.011337576744963709, 0.013847821453172829, 0.016241515374979285, 0.018506880743639053, 0.020753891025054552, 0.022854281545735794, 0.025177910908837288, 0.027764777035113285, 0.0302577363231247, 0.032552204835272186, 0.033962244268502154, 0.03530995724171245, 0.036795414568091225, 0.03840706162943578, 0.039993850675796264, 0.04133645030179679, 0.04211247094820217, 0.04239213751353172, 0.042192499106345205, 0.04200269786908514, 0.041897190162155235, 0.041830932940717325, 0.04166737666619139, 0.04206882264734189, 0.0426127097658282, 0.042895687146734904, 0.04300135533202284, 0.04249799814293581, 0.041897582995049115, 0.04072077112408416, 0.03927976254850985, 0.037331499513228325, 0.035889992777759706, 0.03456359233645024, 0.033243529781910974, 0.03199033675126687, 0.03059935779738079, 0.029272240636492235, 0.027900707354997015, 0.02654938414970694, 0.02543173352052397, 0.024311103096379235, 0.023065212419431085, 0.021685454855791198, 0.02041159885695607, 0.019056064221564174, 0.017656707279948437, 0.01626614648165674, 0.015012383850973622, 0.013603567963072178, 0.012189757837366814, 0.010674529938407772, 0.009407142987148039, 0.008344525906195775, 0.007439054007672372, 0.0072034584519923735, 0.007775010970036668, 0.009047582903156274, 0.010731538882415681, 0.01253460028234948, 0.014333543563369548, 0.016070624592636203, 0.017817726146123574, 0.019557256660804743, 0.02116824086555951, 0.022529303997840977, 0.023628588936546305, 0.02391411988476377, 0.02359656311707365, 0.022355277074164143, 0.020961866673625245, 0.018393580144489934, 0.015660552711922182, 0.013874328661167971, 0.01254026736778108, 0.011812131260623127, 0.010800298354986543, 0.00961805971638548, 0.008471507575266851, 0.007656757785702683, 0.006719580941926242, 0.0056999472982024405, 0.005125787188458596, 0.00504686530895439, 0.005697178935649704, 0.006245540782853768, 0.0070976650798796875, 0.007900543705723831, 0.008755370167568399, 0.009807746909975117, 0.011209592216881203, 0.01276960312030194, 0.014467251258771754, 0.015865855510978952, 0.01751794577394112, 0.01978728846519214, 0.022540086452385207, 0.024859037758439572, 0.02589623397823137, 0.02611181133516041, 0.026565850619759173, 0.0272557734372972, 0.02776644526036269, 0.02799937699621002, 0.02818388188652303, 0.02806005928616626, 0.028083982827741123, 0.02781538632605852, 0.027763976455106594, 0.028120518002563644, 0.028688559534023904, 0.029389365084960088, 0.030059907204608147, 0.03052096911154336, 0.031053468449087778, 0.03142000488428638, 0.03173833045042581, 0.031892653890475096, 0.03198060527161537, 0.031944507243272385, 0.03180892531117334, 0.03180195743523648, 0.03175983113429147, 0.03185651864929952, 0.032146459060636644, 0.032526908876218445, 0.033087790299913135, 0.03370146462957083, 0.0342847740780508, 0.0344768243549477, 0.03441738754137779, 0.034008301029805295]",0.023065212419431085,0.10704068297207658,0.002570840623474388,0.022921492151301404,0.0,0.0,0.002320654868222749,0.10704068297207658,0.002570840623474388,0.022921492151301404,7.824,1717635308.543432,2024-06-06_10-55-08
0.5059,0.08544000000000002,0.45066750939381767,0.39831703846105865,0.08261676909922863,0.42916661825918123,0.5059,0.08544000000000002,0.4453532358778426,0.39831703846105865,0.08261676909922863,0.42916661825918123,0.021685454855791198,"[0.011315756658919754, 0.012192407496521018, 0.01288995615295488, 0.01359963525141729, 0.014321891165186378, 0.015181047888625853, 0.01592941522152252, 0.01673874496494045, 0.01751440457689525, 0.01835087734908702, 0.019202544572813795, 0.020070622325609303, 0.02095627718778323, 0.02186061264947246, 0.022737260153569413, 0.023681097053535004, 0.024646250751560458, 0.025633386418693636, 0.02659237614956749, 0.027623542314219474, 0.0286250346734827, 0.029647102596467904, 0.03056454213255984, 0.031680305841655834, 0.03263530150735364, 0.033606764937046466, 0.034593095597664145, 0.03536350794006898, 0.035930760474075646, 0.03631257033147624, 0.03661317474198803, 0.03688385713543919, 0.03738127616234113, 0.037934719347479336, 0.03858163380471939, 0.03921882339006296, 0.03999131852533767, 0.04074980907886149, 0.04127472956039594, 0.04151563832077664, 0.04151964454301027, 0.04123464219442919, 0.04096829512038153, 0.04056460486818273, 0.04028281736824196, 0.04000166841569801, 0.03919762289117317, 0.037812479337396496, 0.03622310391275238, 0.03453579653228067, 0.0330206041779641, 0.031565009966306234, 0.03054064037737075, 0.029904305612678588, 0.029394155816597912, 0.028896840658953926, 0.02825322628704274, 0.027685220830545497, 0.02666364029859006, 0.025486033827772144, 0.02414387260068274, 0.023028867611909868, 0.022681878550084772, 0.02299235797660897, 0.02387546679328945, 0.024738332374206702, 0.025547718436096926, 0.026640938816603423, 0.02759836215880636, 0.028240938725365098, 0.028199955208514017, 0.028168175430310402, 0.02767018559717724, 0.027414861073674215, 0.027239233260695786, 0.0274939869379551, 0.027874761581110984, 0.02868161073982207, 0.029514734605865275, 0.030345172291974937, 0.031248268714928727, 0.032298002681611045, 0.033509628354587276, 0.0348066615601669, 0.03569061118903811, 0.03631377821401384, 0.03654105211474412, 0.03646788532881584, 0.03572808397059345, 0.03427781350345514, 0.03309813106562172, 0.031639416134799855, 0.02970329439236902, 0.027599049067936567, 0.02603054913364457, 0.024090316372098155, 0.02220132238001286, 0.02051452966091278, 0.019044426362309692, 0.017805605247084858, 0.01643252777018217, 0.01523003850809785, 0.01424180324883461, 0.013706552220618947, 0.0130880570946912, 0.012988920737072255, 0.013178248200839212, 0.013386796436950147, 0.01359897371732897, 0.01439195864266014, 0.015495810506657983, 0.016686507754200334, 0.01807173050136072, 0.019341411872889052, 0.020370802976522343, 0.0213787239197115, 0.02262888584538598, 0.02401686851684336, 0.025523335513576738, 0.026670410326906566, 0.02758824337325398, 0.02810647098585074, 0.028219175888028712, 0.02804128716256827, 0.027840212128430745, 0.02799079668741686, 0.027988272685847155, 0.02831306909632167, 0.028434723397990712, 0.0285549391753426, 0.02832607944879636, 0.02800347501499142, 0.027460301198426997, 0.02681840364884072, 0.026203190519756815, 0.02552364346313934, 0.024940794741503684, 0.024553643852497812, 0.024009602077058226, 0.023587486328410737, 0.023053226444370627, 0.02237349941244249, 0.021247392964358097, 0.01948489409103017, 0.01759577829009665, 0.015969918059865678, 0.014849832783247986, 0.014164911869984548, 0.013546042864334782, 0.01328357500957488, 0.012905521640083246, 0.012806686101790404, 0.01256569256360443, 0.01270015008783326, 0.013333718053885597, 0.014364706842779438, 0.015230812921928084, 0.016214173123414017, 0.017422309714956504, 0.01848297873673576, 0.019690103784110968, 0.02062988015396428, 0.021304326954883004, 0.021542023987470748, 0.021445001132587415, 0.02128479356968176, 0.021154257299581803, 0.020548768777841446, 0.020419411659703072, 0.020346908766621045, 0.02018386842926173, 0.020060715556614095, 0.019970155121820186, 0.019905412966441507, 0.019860328269953802, 0.019689549628068632, 0.019110038324468673, 0.018401772510693467, 0.01773443768827515, 0.01691379473734185, 0.0163889904882787, 0.015891976533507178, 0.015695148472402557, 0.015634975895130635, 0.01548249397414641, 0.015250362203767827, 0.01446715870868431, 0.013690714184349355, 0.013111437378948002, 0.01280400987898366, 0.012789088065484542, 0.012885508256999974, 0.012645414791893052, 0.012533763320360268, 0.01300792748125149, 0.014045480441271196, 0.015593406388961941, 0.017496649938682926, 0.01947963017829757, 0.021814960986639112, 0.0244888991790445, 0.027455202671237973, 0.030462142682767764, 0.03347516022004274, 0.03632355277573078, 0.03911728575744543, 0.041489125175428104, 0.043617926344794986, 0.04507509866910146, 0.045973158335007626, 0.046666313335408376, 0.047747911364257295, 0.04910015737076979, 0.051170936172887156, 0.05323921785426519, 0.05484930583024696, 0.05598397968583077, 0.056516639752925084, 0.05678375349578094, 0.05655312215346535, 0.05709318659280136, 0.05753330561326649, 0.05822424761198231, 0.05856641837777238, 0.058663546697002605, 0.05829520111627496, 0.058019458378357286, 0.05786276302771312, 0.057678835712609886, 0.05721489013034267, 0.05620972754199197, 0.05488023496470325, 0.05291870088860013, 0.05085359195424363, 0.04836971777146554, 0.045888993393773454, 0.04332790860019442, 0.040721243397433354, 0.03815348906679705, 0.03609755066086763, 0.03431153121207709, 0.03269994312791247, 0.03113246913067769, 0.029533434333839276, 0.02779284963423818, 0.02581340528028532, 0.023636664296078556, 0.021032966406022018, 0.018298152858289164, 0.015471223173718233, 0.012975006021594128, 0.011476514573927241, 0.011190786613452559, 0.012013514795745658, 0.013192708648177051, 0.0146026096239084, 0.016627808096549106, 0.019288816219412905, 0.022115031993867204, 0.024956066779425322, 0.027947127033299147, 0.030317719296220055, 0.03213024736687776, 0.033908117916643665, 0.035613155393420214, 0.03695858371541455, 0.0370883147011733, 0.035844860180821725, 0.03331269225961453, 0.030127822662769057, 0.026675716455458534, 0.02305094507263966, 0.019294584365168215, 0.016588874620184203, 0.013459760460278334, 0.010513659470637583, 0.008184205378854309, 0.005908681970234855, 0.003908372487361734, 0.002250880846271649, 0.001837561814419065, 0.003902446460586522, 0.00649131804032715, 0.008842266053540701, 0.011337576744963709, 0.013847821453172829, 0.016241515374979285, 0.018506880743639053, 0.020753891025054552, 0.022854281545735794, 0.025177910908837288, 0.027764777035113285, 0.0302577363231247, 0.032552204835272186, 0.033962244268502154, 0.03530995724171245, 0.036795414568091225, 0.03840706162943578, 0.039993850675796264, 0.04133645030179679, 0.04211247094820217, 0.04239213751353172, 0.042192499106345205, 0.04200269786908514, 0.041897190162155235, 0.041830932940717325, 0.04166737666619139, 0.04206882264734189, 0.0426127097658282, 0.042895687146734904, 0.04300135533202284, 0.04249799814293581, 0.041897582995049115, 0.04072077112408416, 0.03927976254850985, 0.037331499513228325, 0.035889992777759706, 0.03456359233645024, 0.033243529781910974, 0.03199033675126687, 0.03059935779738079, 0.029272240636492235, 0.027900707354997015, 0.02654938414970694, 0.02543173352052397, 0.024311103096379235, 0.023065212419431085, 0.021685454855791198, 0.02041159885695607, 0.019056064221564174, 0.017656707279948437, 0.01626614648165674, 0.015012383850973622, 0.013603567963072178, 0.012189757837366814, 0.010674529938407772, 0.009407142987148039, 0.008344525906195775, 0.007439054007672372, 0.0072034584519923735, 0.007775010970036668, 0.009047582903156274, 0.010731538882415681, 0.01253460028234948, 0.014333543563369548, 0.016070624592636203, 0.017817726146123574, 0.019557256660804743, 0.02116824086555951, 0.022529303997840977, 0.023628588936546305, 0.02391411988476377, 0.02359656311707365, 0.022355277074164143, 0.020961866673625245, 0.018393580144489934, 0.015660552711922182, 0.013874328661167971, 0.01254026736778108, 0.011812131260623127, 0.010800298354986543, 0.00961805971638548, 0.008471507575266851, 0.007656757785702683, 0.006719580941926242, 0.0056999472982024405, 0.005125787188458596, 0.00504686530895439, 0.005697178935649704, 0.006245540782853768, 0.0070976650798796875, 0.007900543705723831, 0.008755370167568399, 0.009807746909975117, 0.011209592216881203, 0.01276960312030194, 0.014467251258771754, 0.015865855510978952, 0.01751794577394112, 0.01978728846519214, 0.022540086452385207, 0.024859037758439572, 0.02589623397823137, 0.02611181133516041, 0.026565850619759173, 0.0272557734372972, 0.02776644526036269, 0.02799937699621002, 0.02818388188652303, 0.02806005928616626, 0.028083982827741123, 0.02781538632605852, 0.027763976455106594, 0.028120518002563644, 0.028688559534023904, 0.029389365084960088, 0.030059907204608147, 0.03052096911154336, 0.031053468449087778, 0.03142000488428638, 0.03173833045042581, 0.031892653890475096, 0.03198060527161537, 0.031944507243272385, 0.03180892531117334, 0.03180195743523648, 0.03175983113429147, 0.03185651864929952, 0.032146459060636644, 0.032526908876218445, 0.033087790299913135, 0.03370146462957083, 0.0342847740780508, 0.0344768243549477, 0.03441738754137779, 0.034008301029805295]",0.021685454855791198,0.10758296153894137,0.002823230900771384,0.021500891134636435,0.0,0.0,0.0053142735159750765,0.10758296153894137,0.002823230900771384,0.021500891134636435,7.848000000000001,1717635308.5669577,2024-06-06_10-55-08
0.5059,0.08615999999999999,0.4495061528983251,0.39788763831468765,0.08306298278480079,0.4293308746532537,0.5059,0.08615999999999999,0.44119826073459767,0.39788763831468765,0.08306298278480079,0.4293308746532537,0.02041159885695607,"[0.011315756658919754, 0.012192407496521018, 0.01288995615295488, 0.01359963525141729, 0.014321891165186378, 0.015181047888625853, 0.01592941522152252, 0.01673874496494045, 0.01751440457689525, 0.01835087734908702, 0.019202544572813795, 0.020070622325609303, 0.02095627718778323, 0.02186061264947246, 0.022737260153569413, 0.023681097053535004, 0.024646250751560458, 0.025633386418693636, 0.02659237614956749, 0.027623542314219474, 0.0286250346734827, 0.029647102596467904, 0.03056454213255984, 0.031680305841655834, 0.03263530150735364, 0.033606764937046466, 0.034593095597664145, 0.03536350794006898, 0.035930760474075646, 0.03631257033147624, 0.03661317474198803, 0.03688385713543919, 0.03738127616234113, 0.037934719347479336, 0.03858163380471939, 0.03921882339006296, 0.03999131852533767, 0.04074980907886149, 0.04127472956039594, 0.04151563832077664, 0.04151964454301027, 0.04123464219442919, 0.04096829512038153, 0.04056460486818273, 0.04028281736824196, 0.04000166841569801, 0.03919762289117317, 0.037812479337396496, 0.03622310391275238, 0.03453579653228067, 0.0330206041779641, 0.031565009966306234, 0.03054064037737075, 0.029904305612678588, 0.029394155816597912, 0.028896840658953926, 0.02825322628704274, 0.027685220830545497, 0.02666364029859006, 0.025486033827772144, 0.02414387260068274, 0.023028867611909868, 0.022681878550084772, 0.02299235797660897, 0.02387546679328945, 0.024738332374206702, 0.025547718436096926, 0.026640938816603423, 0.02759836215880636, 0.028240938725365098, 0.028199955208514017, 0.028168175430310402, 0.02767018559717724, 0.027414861073674215, 0.027239233260695786, 0.0274939869379551, 0.027874761581110984, 0.02868161073982207, 0.029514734605865275, 0.030345172291974937, 0.031248268714928727, 0.032298002681611045, 0.033509628354587276, 0.0348066615601669, 0.03569061118903811, 0.03631377821401384, 0.03654105211474412, 0.03646788532881584, 0.03572808397059345, 0.03427781350345514, 0.03309813106562172, 0.031639416134799855, 0.02970329439236902, 0.027599049067936567, 0.02603054913364457, 0.024090316372098155, 0.02220132238001286, 0.02051452966091278, 0.019044426362309692, 0.017805605247084858, 0.01643252777018217, 0.01523003850809785, 0.01424180324883461, 0.013706552220618947, 0.0130880570946912, 0.012988920737072255, 0.013178248200839212, 0.013386796436950147, 0.01359897371732897, 0.01439195864266014, 0.015495810506657983, 0.016686507754200334, 0.01807173050136072, 0.019341411872889052, 0.020370802976522343, 0.0213787239197115, 0.02262888584538598, 0.02401686851684336, 0.025523335513576738, 0.026670410326906566, 0.02758824337325398, 0.02810647098585074, 0.028219175888028712, 0.02804128716256827, 0.027840212128430745, 0.02799079668741686, 0.027988272685847155, 0.02831306909632167, 0.028434723397990712, 0.0285549391753426, 0.02832607944879636, 0.02800347501499142, 0.027460301198426997, 0.02681840364884072, 0.026203190519756815, 0.02552364346313934, 0.024940794741503684, 0.024553643852497812, 0.024009602077058226, 0.023587486328410737, 0.023053226444370627, 0.02237349941244249, 0.021247392964358097, 0.01948489409103017, 0.01759577829009665, 0.015969918059865678, 0.014849832783247986, 0.014164911869984548, 0.013546042864334782, 0.01328357500957488, 0.012905521640083246, 0.012806686101790404, 0.01256569256360443, 0.01270015008783326, 0.013333718053885597, 0.014364706842779438, 0.015230812921928084, 0.016214173123414017, 0.017422309714956504, 0.01848297873673576, 0.019690103784110968, 0.02062988015396428, 0.021304326954883004, 0.021542023987470748, 0.021445001132587415, 0.02128479356968176, 0.021154257299581803, 0.020548768777841446, 0.020419411659703072, 0.020346908766621045, 0.02018386842926173, 0.020060715556614095, 0.019970155121820186, 0.019905412966441507, 0.019860328269953802, 0.019689549628068632, 0.019110038324468673, 0.018401772510693467, 0.01773443768827515, 0.01691379473734185, 0.0163889904882787, 0.015891976533507178, 0.015695148472402557, 0.015634975895130635, 0.01548249397414641, 0.015250362203767827, 0.01446715870868431, 0.013690714184349355, 0.013111437378948002, 0.01280400987898366, 0.012789088065484542, 0.012885508256999974, 0.012645414791893052, 0.012533763320360268, 0.01300792748125149, 0.014045480441271196, 0.015593406388961941, 0.017496649938682926, 0.01947963017829757, 0.021814960986639112, 0.0244888991790445, 0.027455202671237973, 0.030462142682767764, 0.03347516022004274, 0.03632355277573078, 0.03911728575744543, 0.041489125175428104, 0.043617926344794986, 0.04507509866910146, 0.045973158335007626, 0.046666313335408376, 0.047747911364257295, 0.04910015737076979, 0.051170936172887156, 0.05323921785426519, 0.05484930583024696, 0.05598397968583077, 0.056516639752925084, 0.05678375349578094, 0.05655312215346535, 0.05709318659280136, 0.05753330561326649, 0.05822424761198231, 0.05856641837777238, 0.058663546697002605, 0.05829520111627496, 0.058019458378357286, 0.05786276302771312, 0.057678835712609886, 0.05721489013034267, 0.05620972754199197, 0.05488023496470325, 0.05291870088860013, 0.05085359195424363, 0.04836971777146554, 0.045888993393773454, 0.04332790860019442, 0.040721243397433354, 0.03815348906679705, 0.03609755066086763, 0.03431153121207709, 0.03269994312791247, 0.03113246913067769, 0.029533434333839276, 0.02779284963423818, 0.02581340528028532, 0.023636664296078556, 0.021032966406022018, 0.018298152858289164, 0.015471223173718233, 0.012975006021594128, 0.011476514573927241, 0.011190786613452559, 0.012013514795745658, 0.013192708648177051, 0.0146026096239084, 0.016627808096549106, 0.019288816219412905, 0.022115031993867204, 0.024956066779425322, 0.027947127033299147, 0.030317719296220055, 0.03213024736687776, 0.033908117916643665, 0.035613155393420214, 0.03695858371541455, 0.0370883147011733, 0.035844860180821725, 0.03331269225961453, 0.030127822662769057, 0.026675716455458534, 0.02305094507263966, 0.019294584365168215, 0.016588874620184203, 0.013459760460278334, 0.010513659470637583, 0.008184205378854309, 0.005908681970234855, 0.003908372487361734, 0.002250880846271649, 0.001837561814419065, 0.003902446460586522, 0.00649131804032715, 0.008842266053540701, 0.011337576744963709, 0.013847821453172829, 0.016241515374979285, 0.018506880743639053, 0.020753891025054552, 0.022854281545735794, 0.025177910908837288, 0.027764777035113285, 0.0302577363231247, 0.032552204835272186, 0.033962244268502154, 0.03530995724171245, 0.036795414568091225, 0.03840706162943578, 0.039993850675796264, 0.04133645030179679, 0.04211247094820217, 0.04239213751353172, 0.042192499106345205, 0.04200269786908514, 0.041897190162155235, 0.041830932940717325, 0.04166737666619139, 0.04206882264734189, 0.0426127097658282, 0.042895687146734904, 0.04300135533202284, 0.04249799814293581, 0.041897582995049115, 0.04072077112408416, 0.03927976254850985, 0.037331499513228325, 0.035889992777759706, 0.03456359233645024, 0.033243529781910974, 0.03199033675126687, 0.03059935779738079, 0.029272240636492235, 0.027900707354997015, 0.02654938414970694, 0.02543173352052397, 0.024311103096379235, 0.023065212419431085, 0.021685454855791198, 0.02041159885695607, 0.019056064221564174, 0.017656707279948437, 0.01626614648165674, 0.015012383850973622, 0.013603567963072178, 0.012189757837366814, 0.010674529938407772, 0.009407142987148039, 0.008344525906195775, 0.007439054007672372, 0.0072034584519923735, 0.007775010970036668, 0.009047582903156274, 0.010731538882415681, 0.01253460028234948, 0.014333543563369548, 0.016070624592636203, 0.017817726146123574, 0.019557256660804743, 0.02116824086555951, 0.022529303997840977, 0.023628588936546305, 0.02391411988476377, 0.02359656311707365, 0.022355277074164143, 0.020961866673625245, 0.018393580144489934, 0.015660552711922182, 0.013874328661167971, 0.01254026736778108, 0.011812131260623127, 0.010800298354986543, 0.00961805971638548, 0.008471507575266851, 0.007656757785702683, 0.006719580941926242, 0.0056999472982024405, 0.005125787188458596, 0.00504686530895439, 0.005697178935649704, 0.006245540782853768, 0.0070976650798796875, 0.007900543705723831, 0.008755370167568399, 0.009807746909975117, 0.011209592216881203, 0.01276960312030194, 0.014467251258771754, 0.015865855510978952, 0.01751794577394112, 0.01978728846519214, 0.022540086452385207, 0.024859037758439572, 0.02589623397823137, 0.02611181133516041, 0.026565850619759173, 0.0272557734372972, 0.02776644526036269, 0.02799937699621002, 0.02818388188652303, 0.02806005928616626, 0.028083982827741123, 0.02781538632605852, 0.027763976455106594, 0.028120518002563644, 0.028688559534023904, 0.029389365084960088, 0.030059907204608147, 0.03052096911154336, 0.031053468449087778, 0.03142000488428638, 0.03173833045042581, 0.031892653890475096, 0.03198060527161537, 0.031944507243272385, 0.03180892531117334, 0.03180195743523648, 0.03175983113429147, 0.03185651864929952, 0.032146459060636644, 0.032526908876218445, 0.033087790299913135, 0.03370146462957083, 0.0342847740780508, 0.0344768243549477, 0.03441738754137779, 0.034008301029805295]",0.02041159885695607,0.10801236168531236,0.0030970172151991993,0.02017527824507137,0.0,0.0,0.008307892163727404,0.10801236168531236,0.0030970172151991993,0.02017527824507137,7.872,1717635308.5913048,2024-06-06_10-55-08
0.5059,0.08687999999999999,0.44824998866432775,0.39745840998113957,0.08350766139929153,0.4294946983179068,0.5059,0.08687999999999999,0.436948477852848,0.39745840998113957,0.08350766139929153,0.4294946983179068,0.019056064221564174,"[0.011315756658919754, 0.012192407496521018, 0.01288995615295488, 0.01359963525141729, 0.014321891165186378, 0.015181047888625853, 0.01592941522152252, 0.01673874496494045, 0.01751440457689525, 0.01835087734908702, 0.019202544572813795, 0.020070622325609303, 0.02095627718778323, 0.02186061264947246, 0.022737260153569413, 0.023681097053535004, 0.024646250751560458, 0.025633386418693636, 0.02659237614956749, 0.027623542314219474, 0.0286250346734827, 0.029647102596467904, 0.03056454213255984, 0.031680305841655834, 0.03263530150735364, 0.033606764937046466, 0.034593095597664145, 0.03536350794006898, 0.035930760474075646, 0.03631257033147624, 0.03661317474198803, 0.03688385713543919, 0.03738127616234113, 0.037934719347479336, 0.03858163380471939, 0.03921882339006296, 0.03999131852533767, 0.04074980907886149, 0.04127472956039594, 0.04151563832077664, 0.04151964454301027, 0.04123464219442919, 0.04096829512038153, 0.04056460486818273, 0.04028281736824196, 0.04000166841569801, 0.03919762289117317, 0.037812479337396496, 0.03622310391275238, 0.03453579653228067, 0.0330206041779641, 0.031565009966306234, 0.03054064037737075, 0.029904305612678588, 0.029394155816597912, 0.028896840658953926, 0.02825322628704274, 0.027685220830545497, 0.02666364029859006, 0.025486033827772144, 0.02414387260068274, 0.023028867611909868, 0.022681878550084772, 0.02299235797660897, 0.02387546679328945, 0.024738332374206702, 0.025547718436096926, 0.026640938816603423, 0.02759836215880636, 0.028240938725365098, 0.028199955208514017, 0.028168175430310402, 0.02767018559717724, 0.027414861073674215, 0.027239233260695786, 0.0274939869379551, 0.027874761581110984, 0.02868161073982207, 0.029514734605865275, 0.030345172291974937, 0.031248268714928727, 0.032298002681611045, 0.033509628354587276, 0.0348066615601669, 0.03569061118903811, 0.03631377821401384, 0.03654105211474412, 0.03646788532881584, 0.03572808397059345, 0.03427781350345514, 0.03309813106562172, 0.031639416134799855, 0.02970329439236902, 0.027599049067936567, 0.02603054913364457, 0.024090316372098155, 0.02220132238001286, 0.02051452966091278, 0.019044426362309692, 0.017805605247084858, 0.01643252777018217, 0.01523003850809785, 0.01424180324883461, 0.013706552220618947, 0.0130880570946912, 0.012988920737072255, 0.013178248200839212, 0.013386796436950147, 0.01359897371732897, 0.01439195864266014, 0.015495810506657983, 0.016686507754200334, 0.01807173050136072, 0.019341411872889052, 0.020370802976522343, 0.0213787239197115, 0.02262888584538598, 0.02401686851684336, 0.025523335513576738, 0.026670410326906566, 0.02758824337325398, 0.02810647098585074, 0.028219175888028712, 0.02804128716256827, 0.027840212128430745, 0.02799079668741686, 0.027988272685847155, 0.02831306909632167, 0.028434723397990712, 0.0285549391753426, 0.02832607944879636, 0.02800347501499142, 0.027460301198426997, 0.02681840364884072, 0.026203190519756815, 0.02552364346313934, 0.024940794741503684, 0.024553643852497812, 0.024009602077058226, 0.023587486328410737, 0.023053226444370627, 0.02237349941244249, 0.021247392964358097, 0.01948489409103017, 0.01759577829009665, 0.015969918059865678, 0.014849832783247986, 0.014164911869984548, 0.013546042864334782, 0.01328357500957488, 0.012905521640083246, 0.012806686101790404, 0.01256569256360443, 0.01270015008783326, 0.013333718053885597, 0.014364706842779438, 0.015230812921928084, 0.016214173123414017, 0.017422309714956504, 0.01848297873673576, 0.019690103784110968, 0.02062988015396428, 0.021304326954883004, 0.021542023987470748, 0.021445001132587415, 0.02128479356968176, 0.021154257299581803, 0.020548768777841446, 0.020419411659703072, 0.020346908766621045, 0.02018386842926173, 0.020060715556614095, 0.019970155121820186, 0.019905412966441507, 0.019860328269953802, 0.019689549628068632, 0.019110038324468673, 0.018401772510693467, 0.01773443768827515, 0.01691379473734185, 0.0163889904882787, 0.015891976533507178, 0.015695148472402557, 0.015634975895130635, 0.01548249397414641, 0.015250362203767827, 0.01446715870868431, 0.013690714184349355, 0.013111437378948002, 0.01280400987898366, 0.012789088065484542, 0.012885508256999974, 0.012645414791893052, 0.012533763320360268, 0.01300792748125149, 0.014045480441271196, 0.015593406388961941, 0.017496649938682926, 0.01947963017829757, 0.021814960986639112, 0.0244888991790445, 0.027455202671237973, 0.030462142682767764, 0.03347516022004274, 0.03632355277573078, 0.03911728575744543, 0.041489125175428104, 0.043617926344794986, 0.04507509866910146, 0.045973158335007626, 0.046666313335408376, 0.047747911364257295, 0.04910015737076979, 0.051170936172887156, 0.05323921785426519, 0.05484930583024696, 0.05598397968583077, 0.056516639752925084, 0.05678375349578094, 0.05655312215346535, 0.05709318659280136, 0.05753330561326649, 0.05822424761198231, 0.05856641837777238, 0.058663546697002605, 0.05829520111627496, 0.058019458378357286, 0.05786276302771312, 0.057678835712609886, 0.05721489013034267, 0.05620972754199197, 0.05488023496470325, 0.05291870088860013, 0.05085359195424363, 0.04836971777146554, 0.045888993393773454, 0.04332790860019442, 0.040721243397433354, 0.03815348906679705, 0.03609755066086763, 0.03431153121207709, 0.03269994312791247, 0.03113246913067769, 0.029533434333839276, 0.02779284963423818, 0.02581340528028532, 0.023636664296078556, 0.021032966406022018, 0.018298152858289164, 0.015471223173718233, 0.012975006021594128, 0.011476514573927241, 0.011190786613452559, 0.012013514795745658, 0.013192708648177051, 0.0146026096239084, 0.016627808096549106, 0.019288816219412905, 0.022115031993867204, 0.024956066779425322, 0.027947127033299147, 0.030317719296220055, 0.03213024736687776, 0.033908117916643665, 0.035613155393420214, 0.03695858371541455, 0.0370883147011733, 0.035844860180821725, 0.03331269225961453, 0.030127822662769057, 0.026675716455458534, 0.02305094507263966, 0.019294584365168215, 0.016588874620184203, 0.013459760460278334, 0.010513659470637583, 0.008184205378854309, 0.005908681970234855, 0.003908372487361734, 0.002250880846271649, 0.001837561814419065, 0.003902446460586522, 0.00649131804032715, 0.008842266053540701, 0.011337576744963709, 0.013847821453172829, 0.016241515374979285, 0.018506880743639053, 0.020753891025054552, 0.022854281545735794, 0.025177910908837288, 0.027764777035113285, 0.0302577363231247, 0.032552204835272186, 0.033962244268502154, 0.03530995724171245, 0.036795414568091225, 0.03840706162943578, 0.039993850675796264, 0.04133645030179679, 0.04211247094820217, 0.04239213751353172, 0.042192499106345205, 0.04200269786908514, 0.041897190162155235, 0.041830932940717325, 0.04166737666619139, 0.04206882264734189, 0.0426127097658282, 0.042895687146734904, 0.04300135533202284, 0.04249799814293581, 0.041897582995049115, 0.04072077112408416, 0.03927976254850985, 0.037331499513228325, 0.035889992777759706, 0.03456359233645024, 0.033243529781910974, 0.03199033675126687, 0.03059935779738079, 0.029272240636492235, 0.027900707354997015, 0.02654938414970694, 0.02543173352052397, 0.024311103096379235, 0.023065212419431085, 0.021685454855791198, 0.02041159885695607, 0.019056064221564174, 0.017656707279948437, 0.01626614648165674, 0.015012383850973622, 0.013603567963072178, 0.012189757837366814, 0.010674529938407772, 0.009407142987148039, 0.008344525906195775, 0.007439054007672372, 0.0072034584519923735, 0.007775010970036668, 0.009047582903156274, 0.010731538882415681, 0.01253460028234948, 0.014333543563369548, 0.016070624592636203, 0.017817726146123574, 0.019557256660804743, 0.02116824086555951, 0.022529303997840977, 0.023628588936546305, 0.02391411988476377, 0.02359656311707365, 0.022355277074164143, 0.020961866673625245, 0.018393580144489934, 0.015660552711922182, 0.013874328661167971, 0.01254026736778108, 0.011812131260623127, 0.010800298354986543, 0.00961805971638548, 0.008471507575266851, 0.007656757785702683, 0.006719580941926242, 0.0056999472982024405, 0.005125787188458596, 0.00504686530895439, 0.005697178935649704, 0.006245540782853768, 0.0070976650798796875, 0.007900543705723831, 0.008755370167568399, 0.009807746909975117, 0.011209592216881203, 0.01276960312030194, 0.014467251258771754, 0.015865855510978952, 0.01751794577394112, 0.01978728846519214, 0.022540086452385207, 0.024859037758439572, 0.02589623397823137, 0.02611181133516041, 0.026565850619759173, 0.0272557734372972, 0.02776644526036269, 0.02799937699621002, 0.02818388188652303, 0.02806005928616626, 0.028083982827741123, 0.02781538632605852, 0.027763976455106594, 0.028120518002563644, 0.028688559534023904, 0.029389365084960088, 0.030059907204608147, 0.03052096911154336, 0.031053468449087778, 0.03142000488428638, 0.03173833045042581, 0.031892653890475096, 0.03198060527161537, 0.031944507243272385, 0.03180892531117334, 0.03180195743523648, 0.03175983113429147, 0.03185651864929952, 0.032146459060636644, 0.032526908876218445, 0.033087790299913135, 0.03370146462957083, 0.0342847740780508, 0.0344768243549477, 0.03441738754137779, 0.034008301029805295]",0.019056064221564174,0.10844159001886045,0.0033723386007084577,0.018755290346420928,0.0,0.0,0.011301510811479731,0.10844159001886045,0.0033723386007084577,0.018755290346420928,7.896,1717635308.615926,2024-06-06_10-55-08
0.5059,0.08760000000000001,0.44690500880397244,0.39685553924999295,0.08422686371633753,0.42957349809135353,0.5059,0.08760000000000001,0.4329347684847987,0.39685553924999295,0.08422686371633753,0.42957349809135353,0.017656707279948437,"[0.011315756658919754, 0.012192407496521018, 0.01288995615295488, 0.01359963525141729, 0.014321891165186378, 0.015181047888625853, 0.01592941522152252, 0.01673874496494045, 0.01751440457689525, 0.01835087734908702, 0.019202544572813795, 0.020070622325609303, 0.02095627718778323, 0.02186061264947246, 0.022737260153569413, 0.023681097053535004, 0.024646250751560458, 0.025633386418693636, 0.02659237614956749, 0.027623542314219474, 0.0286250346734827, 0.029647102596467904, 0.03056454213255984, 0.031680305841655834, 0.03263530150735364, 0.033606764937046466, 0.034593095597664145, 0.03536350794006898, 0.035930760474075646, 0.03631257033147624, 0.03661317474198803, 0.03688385713543919, 0.03738127616234113, 0.037934719347479336, 0.03858163380471939, 0.03921882339006296, 0.03999131852533767, 0.04074980907886149, 0.04127472956039594, 0.04151563832077664, 0.04151964454301027, 0.04123464219442919, 0.04096829512038153, 0.04056460486818273, 0.04028281736824196, 0.04000166841569801, 0.03919762289117317, 0.037812479337396496, 0.03622310391275238, 0.03453579653228067, 0.0330206041779641, 0.031565009966306234, 0.03054064037737075, 0.029904305612678588, 0.029394155816597912, 0.028896840658953926, 0.02825322628704274, 0.027685220830545497, 0.02666364029859006, 0.025486033827772144, 0.02414387260068274, 0.023028867611909868, 0.022681878550084772, 0.02299235797660897, 0.02387546679328945, 0.024738332374206702, 0.025547718436096926, 0.026640938816603423, 0.02759836215880636, 0.028240938725365098, 0.028199955208514017, 0.028168175430310402, 0.02767018559717724, 0.027414861073674215, 0.027239233260695786, 0.0274939869379551, 0.027874761581110984, 0.02868161073982207, 0.029514734605865275, 0.030345172291974937, 0.031248268714928727, 0.032298002681611045, 0.033509628354587276, 0.0348066615601669, 0.03569061118903811, 0.03631377821401384, 0.03654105211474412, 0.03646788532881584, 0.03572808397059345, 0.03427781350345514, 0.03309813106562172, 0.031639416134799855, 0.02970329439236902, 0.027599049067936567, 0.02603054913364457, 0.024090316372098155, 0.02220132238001286, 0.02051452966091278, 0.019044426362309692, 0.017805605247084858, 0.01643252777018217, 0.01523003850809785, 0.01424180324883461, 0.013706552220618947, 0.0130880570946912, 0.012988920737072255, 0.013178248200839212, 0.013386796436950147, 0.01359897371732897, 0.01439195864266014, 0.015495810506657983, 0.016686507754200334, 0.01807173050136072, 0.019341411872889052, 0.020370802976522343, 0.0213787239197115, 0.02262888584538598, 0.02401686851684336, 0.025523335513576738, 0.026670410326906566, 0.02758824337325398, 0.02810647098585074, 0.028219175888028712, 0.02804128716256827, 0.027840212128430745, 0.02799079668741686, 0.027988272685847155, 0.02831306909632167, 0.028434723397990712, 0.0285549391753426, 0.02832607944879636, 0.02800347501499142, 0.027460301198426997, 0.02681840364884072, 0.026203190519756815, 0.02552364346313934, 0.024940794741503684, 0.024553643852497812, 0.024009602077058226, 0.023587486328410737, 0.023053226444370627, 0.02237349941244249, 0.021247392964358097, 0.01948489409103017, 0.01759577829009665, 0.015969918059865678, 0.014849832783247986, 0.014164911869984548, 0.013546042864334782, 0.01328357500957488, 0.012905521640083246, 0.012806686101790404, 0.01256569256360443, 0.01270015008783326, 0.013333718053885597, 0.014364706842779438, 0.015230812921928084, 0.016214173123414017, 0.017422309714956504, 0.01848297873673576, 0.019690103784110968, 0.02062988015396428, 0.021304326954883004, 0.021542023987470748, 0.021445001132587415, 0.02128479356968176, 0.021154257299581803, 0.020548768777841446, 0.020419411659703072, 0.020346908766621045, 0.02018386842926173, 0.020060715556614095, 0.019970155121820186, 0.019905412966441507, 0.019860328269953802, 0.019689549628068632, 0.019110038324468673, 0.018401772510693467, 0.01773443768827515, 0.01691379473734185, 0.0163889904882787, 0.015891976533507178, 0.015695148472402557, 0.015634975895130635, 0.01548249397414641, 0.015250362203767827, 0.01446715870868431, 0.013690714184349355, 0.013111437378948002, 0.01280400987898366, 0.012789088065484542, 0.012885508256999974, 0.012645414791893052, 0.012533763320360268, 0.01300792748125149, 0.014045480441271196, 0.015593406388961941, 0.017496649938682926, 0.01947963017829757, 0.021814960986639112, 0.0244888991790445, 0.027455202671237973, 0.030462142682767764, 0.03347516022004274, 0.03632355277573078, 0.03911728575744543, 0.041489125175428104, 0.043617926344794986, 0.04507509866910146, 0.045973158335007626, 0.046666313335408376, 0.047747911364257295, 0.04910015737076979, 0.051170936172887156, 0.05323921785426519, 0.05484930583024696, 0.05598397968583077, 0.056516639752925084, 0.05678375349578094, 0.05655312215346535, 0.05709318659280136, 0.05753330561326649, 0.05822424761198231, 0.05856641837777238, 0.058663546697002605, 0.05829520111627496, 0.058019458378357286, 0.05786276302771312, 0.057678835712609886, 0.05721489013034267, 0.05620972754199197, 0.05488023496470325, 0.05291870088860013, 0.05085359195424363, 0.04836971777146554, 0.045888993393773454, 0.04332790860019442, 0.040721243397433354, 0.03815348906679705, 0.03609755066086763, 0.03431153121207709, 0.03269994312791247, 0.03113246913067769, 0.029533434333839276, 0.02779284963423818, 0.02581340528028532, 0.023636664296078556, 0.021032966406022018, 0.018298152858289164, 0.015471223173718233, 0.012975006021594128, 0.011476514573927241, 0.011190786613452559, 0.012013514795745658, 0.013192708648177051, 0.0146026096239084, 0.016627808096549106, 0.019288816219412905, 0.022115031993867204, 0.024956066779425322, 0.027947127033299147, 0.030317719296220055, 0.03213024736687776, 0.033908117916643665, 0.035613155393420214, 0.03695858371541455, 0.0370883147011733, 0.035844860180821725, 0.03331269225961453, 0.030127822662769057, 0.026675716455458534, 0.02305094507263966, 0.019294584365168215, 0.016588874620184203, 0.013459760460278334, 0.010513659470637583, 0.008184205378854309, 0.005908681970234855, 0.003908372487361734, 0.002250880846271649, 0.001837561814419065, 0.003902446460586522, 0.00649131804032715, 0.008842266053540701, 0.011337576744963709, 0.013847821453172829, 0.016241515374979285, 0.018506880743639053, 0.020753891025054552, 0.022854281545735794, 0.025177910908837288, 0.027764777035113285, 0.0302577363231247, 0.032552204835272186, 0.033962244268502154, 0.03530995724171245, 0.036795414568091225, 0.03840706162943578, 0.039993850675796264, 0.04133645030179679, 0.04211247094820217, 0.04239213751353172, 0.042192499106345205, 0.04200269786908514, 0.041897190162155235, 0.041830932940717325, 0.04166737666619139, 0.04206882264734189, 0.0426127097658282, 0.042895687146734904, 0.04300135533202284, 0.04249799814293581, 0.041897582995049115, 0.04072077112408416, 0.03927976254850985, 0.037331499513228325, 0.035889992777759706, 0.03456359233645024, 0.033243529781910974, 0.03199033675126687, 0.03059935779738079, 0.029272240636492235, 0.027900707354997015, 0.02654938414970694, 0.02543173352052397, 0.024311103096379235, 0.023065212419431085, 0.021685454855791198, 0.02041159885695607, 0.019056064221564174, 0.017656707279948437, 0.01626614648165674, 0.015012383850973622, 0.013603567963072178, 0.012189757837366814, 0.010674529938407772, 0.009407142987148039, 0.008344525906195775, 0.007439054007672372, 0.0072034584519923735, 0.007775010970036668, 0.009047582903156274, 0.010731538882415681, 0.01253460028234948, 0.014333543563369548, 0.016070624592636203, 0.017817726146123574, 0.019557256660804743, 0.02116824086555951, 0.022529303997840977, 0.023628588936546305, 0.02391411988476377, 0.02359656311707365, 0.022355277074164143, 0.020961866673625245, 0.018393580144489934, 0.015660552711922182, 0.013874328661167971, 0.01254026736778108, 0.011812131260623127, 0.010800298354986543, 0.00961805971638548, 0.008471507575266851, 0.007656757785702683, 0.006719580941926242, 0.0056999472982024405, 0.005125787188458596, 0.00504686530895439, 0.005697178935649704, 0.006245540782853768, 0.0070976650798796875, 0.007900543705723831, 0.008755370167568399, 0.009807746909975117, 0.011209592216881203, 0.01276960312030194, 0.014467251258771754, 0.015865855510978952, 0.01751794577394112, 0.01978728846519214, 0.022540086452385207, 0.024859037758439572, 0.02589623397823137, 0.02611181133516041, 0.026565850619759173, 0.0272557734372972, 0.02776644526036269, 0.02799937699621002, 0.02818388188652303, 0.02806005928616626, 0.028083982827741123, 0.02781538632605852, 0.027763976455106594, 0.028120518002563644, 0.028688559534023904, 0.029389365084960088, 0.030059907204608147, 0.03052096911154336, 0.031053468449087778, 0.03142000488428638, 0.03173833045042581, 0.031892653890475096, 0.03198060527161537, 0.031944507243272385, 0.03180892531117334, 0.03180195743523648, 0.03175983113429147, 0.03185651864929952, 0.032146459060636644, 0.032526908876218445, 0.033087790299913135, 0.03370146462957083, 0.0342847740780508, 0.0344768243549477, 0.03441738754137779, 0.034008301029805295]",0.017656707279948437,0.10904446075000707,0.003373136283662481,0.017331510712618903,0.0,0.0,0.01397024031917371,0.10904446075000707,0.003373136283662481,0.017331510712618903,7.92,1717635308.6397626,2024-06-06_10-55-08
0.5059,0.08831999999999998,0.4454776267437065,0.39639566007244753,0.08479617469445061,0.4295977597235239,0.5059,0.08831999999999998,0.4289036347448505,0.39639566007244753,0.08479617469445061,0.4295977597235239,0.01626614648165674,"[0.011315756658919754, 0.012192407496521018, 0.01288995615295488, 0.01359963525141729, 0.014321891165186378, 0.015181047888625853, 0.01592941522152252, 0.01673874496494045, 0.01751440457689525, 0.01835087734908702, 0.019202544572813795, 0.020070622325609303, 0.02095627718778323, 0.02186061264947246, 0.022737260153569413, 0.023681097053535004, 0.024646250751560458, 0.025633386418693636, 0.02659237614956749, 0.027623542314219474, 0.0286250346734827, 0.029647102596467904, 0.03056454213255984, 0.031680305841655834, 0.03263530150735364, 0.033606764937046466, 0.034593095597664145, 0.03536350794006898, 0.035930760474075646, 0.03631257033147624, 0.03661317474198803, 0.03688385713543919, 0.03738127616234113, 0.037934719347479336, 0.03858163380471939, 0.03921882339006296, 0.03999131852533767, 0.04074980907886149, 0.04127472956039594, 0.04151563832077664, 0.04151964454301027, 0.04123464219442919, 0.04096829512038153, 0.04056460486818273, 0.04028281736824196, 0.04000166841569801, 0.03919762289117317, 0.037812479337396496, 0.03622310391275238, 0.03453579653228067, 0.0330206041779641, 0.031565009966306234, 0.03054064037737075, 0.029904305612678588, 0.029394155816597912, 0.028896840658953926, 0.02825322628704274, 0.027685220830545497, 0.02666364029859006, 0.025486033827772144, 0.02414387260068274, 0.023028867611909868, 0.022681878550084772, 0.02299235797660897, 0.02387546679328945, 0.024738332374206702, 0.025547718436096926, 0.026640938816603423, 0.02759836215880636, 0.028240938725365098, 0.028199955208514017, 0.028168175430310402, 0.02767018559717724, 0.027414861073674215, 0.027239233260695786, 0.0274939869379551, 0.027874761581110984, 0.02868161073982207, 0.029514734605865275, 0.030345172291974937, 0.031248268714928727, 0.032298002681611045, 0.033509628354587276, 0.0348066615601669, 0.03569061118903811, 0.03631377821401384, 0.03654105211474412, 0.03646788532881584, 0.03572808397059345, 0.03427781350345514, 0.03309813106562172, 0.031639416134799855, 0.02970329439236902, 0.027599049067936567, 0.02603054913364457, 0.024090316372098155, 0.02220132238001286, 0.02051452966091278, 0.019044426362309692, 0.017805605247084858, 0.01643252777018217, 0.01523003850809785, 0.01424180324883461, 0.013706552220618947, 0.0130880570946912, 0.012988920737072255, 0.013178248200839212, 0.013386796436950147, 0.01359897371732897, 0.01439195864266014, 0.015495810506657983, 0.016686507754200334, 0.01807173050136072, 0.019341411872889052, 0.020370802976522343, 0.0213787239197115, 0.02262888584538598, 0.02401686851684336, 0.025523335513576738, 0.026670410326906566, 0.02758824337325398, 0.02810647098585074, 0.028219175888028712, 0.02804128716256827, 0.027840212128430745, 0.02799079668741686, 0.027988272685847155, 0.02831306909632167, 0.028434723397990712, 0.0285549391753426, 0.02832607944879636, 0.02800347501499142, 0.027460301198426997, 0.02681840364884072, 0.026203190519756815, 0.02552364346313934, 0.024940794741503684, 0.024553643852497812, 0.024009602077058226, 0.023587486328410737, 0.023053226444370627, 0.02237349941244249, 0.021247392964358097, 0.01948489409103017, 0.01759577829009665, 0.015969918059865678, 0.014849832783247986, 0.014164911869984548, 0.013546042864334782, 0.01328357500957488, 0.012905521640083246, 0.012806686101790404, 0.01256569256360443, 0.01270015008783326, 0.013333718053885597, 0.014364706842779438, 0.015230812921928084, 0.016214173123414017, 0.017422309714956504, 0.01848297873673576, 0.019690103784110968, 0.02062988015396428, 0.021304326954883004, 0.021542023987470748, 0.021445001132587415, 0.02128479356968176, 0.021154257299581803, 0.020548768777841446, 0.020419411659703072, 0.020346908766621045, 0.02018386842926173, 0.020060715556614095, 0.019970155121820186, 0.019905412966441507, 0.019860328269953802, 0.019689549628068632, 0.019110038324468673, 0.018401772510693467, 0.01773443768827515, 0.01691379473734185, 0.0163889904882787, 0.015891976533507178, 0.015695148472402557, 0.015634975895130635, 0.01548249397414641, 0.015250362203767827, 0.01446715870868431, 0.013690714184349355, 0.013111437378948002, 0.01280400987898366, 0.012789088065484542, 0.012885508256999974, 0.012645414791893052, 0.012533763320360268, 0.01300792748125149, 0.014045480441271196, 0.015593406388961941, 0.017496649938682926, 0.01947963017829757, 0.021814960986639112, 0.0244888991790445, 0.027455202671237973, 0.030462142682767764, 0.03347516022004274, 0.03632355277573078, 0.03911728575744543, 0.041489125175428104, 0.043617926344794986, 0.04507509866910146, 0.045973158335007626, 0.046666313335408376, 0.047747911364257295, 0.04910015737076979, 0.051170936172887156, 0.05323921785426519, 0.05484930583024696, 0.05598397968583077, 0.056516639752925084, 0.05678375349578094, 0.05655312215346535, 0.05709318659280136, 0.05753330561326649, 0.05822424761198231, 0.05856641837777238, 0.058663546697002605, 0.05829520111627496, 0.058019458378357286, 0.05786276302771312, 0.057678835712609886, 0.05721489013034267, 0.05620972754199197, 0.05488023496470325, 0.05291870088860013, 0.05085359195424363, 0.04836971777146554, 0.045888993393773454, 0.04332790860019442, 0.040721243397433354, 0.03815348906679705, 0.03609755066086763, 0.03431153121207709, 0.03269994312791247, 0.03113246913067769, 0.029533434333839276, 0.02779284963423818, 0.02581340528028532, 0.023636664296078556, 0.021032966406022018, 0.018298152858289164, 0.015471223173718233, 0.012975006021594128, 0.011476514573927241, 0.011190786613452559, 0.012013514795745658, 0.013192708648177051, 0.0146026096239084, 0.016627808096549106, 0.019288816219412905, 0.022115031993867204, 0.024956066779425322, 0.027947127033299147, 0.030317719296220055, 0.03213024736687776, 0.033908117916643665, 0.035613155393420214, 0.03695858371541455, 0.0370883147011733, 0.035844860180821725, 0.03331269225961453, 0.030127822662769057, 0.026675716455458534, 0.02305094507263966, 0.019294584365168215, 0.016588874620184203, 0.013459760460278334, 0.010513659470637583, 0.008184205378854309, 0.005908681970234855, 0.003908372487361734, 0.002250880846271649, 0.001837561814419065, 0.003902446460586522, 0.00649131804032715, 0.008842266053540701, 0.011337576744963709, 0.013847821453172829, 0.016241515374979285, 0.018506880743639053, 0.020753891025054552, 0.022854281545735794, 0.025177910908837288, 0.027764777035113285, 0.0302577363231247, 0.032552204835272186, 0.033962244268502154, 0.03530995724171245, 0.036795414568091225, 0.03840706162943578, 0.039993850675796264, 0.04133645030179679, 0.04211247094820217, 0.04239213751353172, 0.042192499106345205, 0.04200269786908514, 0.041897190162155235, 0.041830932940717325, 0.04166737666619139, 0.04206882264734189, 0.0426127097658282, 0.042895687146734904, 0.04300135533202284, 0.04249799814293581, 0.041897582995049115, 0.04072077112408416, 0.03927976254850985, 0.037331499513228325, 0.035889992777759706, 0.03456359233645024, 0.033243529781910974, 0.03199033675126687, 0.03059935779738079, 0.029272240636492235, 0.027900707354997015, 0.02654938414970694, 0.02543173352052397, 0.024311103096379235, 0.023065212419431085, 0.021685454855791198, 0.02041159885695607, 0.019056064221564174, 0.017656707279948437, 0.01626614648165674, 0.015012383850973622, 0.013603567963072178, 0.012189757837366814, 0.010674529938407772, 0.009407142987148039, 0.008344525906195775, 0.007439054007672372, 0.0072034584519923735, 0.007775010970036668, 0.009047582903156274, 0.010731538882415681, 0.01253460028234948, 0.014333543563369548, 0.016070624592636203, 0.017817726146123574, 0.019557256660804743, 0.02116824086555951, 0.022529303997840977, 0.023628588936546305, 0.02391411988476377, 0.02359656311707365, 0.022355277074164143, 0.020961866673625245, 0.018393580144489934, 0.015660552711922182, 0.013874328661167971, 0.01254026736778108, 0.011812131260623127, 0.010800298354986543, 0.00961805971638548, 0.008471507575266851, 0.007656757785702683, 0.006719580941926242, 0.0056999472982024405, 0.005125787188458596, 0.00504686530895439, 0.005697178935649704, 0.006245540782853768, 0.0070976650798796875, 0.007900543705723831, 0.008755370167568399, 0.009807746909975117, 0.011209592216881203, 0.01276960312030194, 0.014467251258771754, 0.015865855510978952, 0.01751794577394112, 0.01978728846519214, 0.022540086452385207, 0.024859037758439572, 0.02589623397823137, 0.02611181133516041, 0.026565850619759173, 0.0272557734372972, 0.02776644526036269, 0.02799937699621002, 0.02818388188652303, 0.02806005928616626, 0.028083982827741123, 0.02781538632605852, 0.027763976455106594, 0.028120518002563644, 0.028688559534023904, 0.029389365084960088, 0.030059907204608147, 0.03052096911154336, 0.031053468449087778, 0.03142000488428638, 0.03173833045042581, 0.031892653890475096, 0.03198060527161537, 0.031944507243272385, 0.03180892531117334, 0.03180195743523648, 0.03175983113429147, 0.03185651864929952, 0.032146459060636644, 0.032526908876218445, 0.033087790299913135, 0.03370146462957083, 0.0342847740780508, 0.0344768243549477, 0.03441738754137779, 0.034008301029805295]",0.01626614648165674,0.10950433992755249,0.003523825305549372,0.015879867020182625,0.0,0.0,0.016573991998856008,0.10950433992755249,0.003523825305549372,0.015879867020182625,7.944,1717635308.6659868,2024-06-06_10-55-08
0.5059,0.08903999999999998,0.4439746384094881,0.39598933889668636,0.08543701506836296,0.42940102634962557,0.5059,0.08903999999999998,0.42479689473094984,0.39598933889668636,0.08543701506836296,0.42940102634962557,0.015012383850973622,"[0.011315756658919754, 0.012192407496521018, 0.01288995615295488, 0.01359963525141729, 0.014321891165186378, 0.015181047888625853, 0.01592941522152252, 0.01673874496494045, 0.01751440457689525, 0.01835087734908702, 0.019202544572813795, 0.020070622325609303, 0.02095627718778323, 0.02186061264947246, 0.022737260153569413, 0.023681097053535004, 0.024646250751560458, 0.025633386418693636, 0.02659237614956749, 0.027623542314219474, 0.0286250346734827, 0.029647102596467904, 0.03056454213255984, 0.031680305841655834, 0.03263530150735364, 0.033606764937046466, 0.034593095597664145, 0.03536350794006898, 0.035930760474075646, 0.03631257033147624, 0.03661317474198803, 0.03688385713543919, 0.03738127616234113, 0.037934719347479336, 0.03858163380471939, 0.03921882339006296, 0.03999131852533767, 0.04074980907886149, 0.04127472956039594, 0.04151563832077664, 0.04151964454301027, 0.04123464219442919, 0.04096829512038153, 0.04056460486818273, 0.04028281736824196, 0.04000166841569801, 0.03919762289117317, 0.037812479337396496, 0.03622310391275238, 0.03453579653228067, 0.0330206041779641, 0.031565009966306234, 0.03054064037737075, 0.029904305612678588, 0.029394155816597912, 0.028896840658953926, 0.02825322628704274, 0.027685220830545497, 0.02666364029859006, 0.025486033827772144, 0.02414387260068274, 0.023028867611909868, 0.022681878550084772, 0.02299235797660897, 0.02387546679328945, 0.024738332374206702, 0.025547718436096926, 0.026640938816603423, 0.02759836215880636, 0.028240938725365098, 0.028199955208514017, 0.028168175430310402, 0.02767018559717724, 0.027414861073674215, 0.027239233260695786, 0.0274939869379551, 0.027874761581110984, 0.02868161073982207, 0.029514734605865275, 0.030345172291974937, 0.031248268714928727, 0.032298002681611045, 0.033509628354587276, 0.0348066615601669, 0.03569061118903811, 0.03631377821401384, 0.03654105211474412, 0.03646788532881584, 0.03572808397059345, 0.03427781350345514, 0.03309813106562172, 0.031639416134799855, 0.02970329439236902, 0.027599049067936567, 0.02603054913364457, 0.024090316372098155, 0.02220132238001286, 0.02051452966091278, 0.019044426362309692, 0.017805605247084858, 0.01643252777018217, 0.01523003850809785, 0.01424180324883461, 0.013706552220618947, 0.0130880570946912, 0.012988920737072255, 0.013178248200839212, 0.013386796436950147, 0.01359897371732897, 0.01439195864266014, 0.015495810506657983, 0.016686507754200334, 0.01807173050136072, 0.019341411872889052, 0.020370802976522343, 0.0213787239197115, 0.02262888584538598, 0.02401686851684336, 0.025523335513576738, 0.026670410326906566, 0.02758824337325398, 0.02810647098585074, 0.028219175888028712, 0.02804128716256827, 0.027840212128430745, 0.02799079668741686, 0.027988272685847155, 0.02831306909632167, 0.028434723397990712, 0.0285549391753426, 0.02832607944879636, 0.02800347501499142, 0.027460301198426997, 0.02681840364884072, 0.026203190519756815, 0.02552364346313934, 0.024940794741503684, 0.024553643852497812, 0.024009602077058226, 0.023587486328410737, 0.023053226444370627, 0.02237349941244249, 0.021247392964358097, 0.01948489409103017, 0.01759577829009665, 0.015969918059865678, 0.014849832783247986, 0.014164911869984548, 0.013546042864334782, 0.01328357500957488, 0.012905521640083246, 0.012806686101790404, 0.01256569256360443, 0.01270015008783326, 0.013333718053885597, 0.014364706842779438, 0.015230812921928084, 0.016214173123414017, 0.017422309714956504, 0.01848297873673576, 0.019690103784110968, 0.02062988015396428, 0.021304326954883004, 0.021542023987470748, 0.021445001132587415, 0.02128479356968176, 0.021154257299581803, 0.020548768777841446, 0.020419411659703072, 0.020346908766621045, 0.02018386842926173, 0.020060715556614095, 0.019970155121820186, 0.019905412966441507, 0.019860328269953802, 0.019689549628068632, 0.019110038324468673, 0.018401772510693467, 0.01773443768827515, 0.01691379473734185, 0.0163889904882787, 0.015891976533507178, 0.015695148472402557, 0.015634975895130635, 0.01548249397414641, 0.015250362203767827, 0.01446715870868431, 0.013690714184349355, 0.013111437378948002, 0.01280400987898366, 0.012789088065484542, 0.012885508256999974, 0.012645414791893052, 0.012533763320360268, 0.01300792748125149, 0.014045480441271196, 0.015593406388961941, 0.017496649938682926, 0.01947963017829757, 0.021814960986639112, 0.0244888991790445, 0.027455202671237973, 0.030462142682767764, 0.03347516022004274, 0.03632355277573078, 0.03911728575744543, 0.041489125175428104, 0.043617926344794986, 0.04507509866910146, 0.045973158335007626, 0.046666313335408376, 0.047747911364257295, 0.04910015737076979, 0.051170936172887156, 0.05323921785426519, 0.05484930583024696, 0.05598397968583077, 0.056516639752925084, 0.05678375349578094, 0.05655312215346535, 0.05709318659280136, 0.05753330561326649, 0.05822424761198231, 0.05856641837777238, 0.058663546697002605, 0.05829520111627496, 0.058019458378357286, 0.05786276302771312, 0.057678835712609886, 0.05721489013034267, 0.05620972754199197, 0.05488023496470325, 0.05291870088860013, 0.05085359195424363, 0.04836971777146554, 0.045888993393773454, 0.04332790860019442, 0.040721243397433354, 0.03815348906679705, 0.03609755066086763, 0.03431153121207709, 0.03269994312791247, 0.03113246913067769, 0.029533434333839276, 0.02779284963423818, 0.02581340528028532, 0.023636664296078556, 0.021032966406022018, 0.018298152858289164, 0.015471223173718233, 0.012975006021594128, 0.011476514573927241, 0.011190786613452559, 0.012013514795745658, 0.013192708648177051, 0.0146026096239084, 0.016627808096549106, 0.019288816219412905, 0.022115031993867204, 0.024956066779425322, 0.027947127033299147, 0.030317719296220055, 0.03213024736687776, 0.033908117916643665, 0.035613155393420214, 0.03695858371541455, 0.0370883147011733, 0.035844860180821725, 0.03331269225961453, 0.030127822662769057, 0.026675716455458534, 0.02305094507263966, 0.019294584365168215, 0.016588874620184203, 0.013459760460278334, 0.010513659470637583, 0.008184205378854309, 0.005908681970234855, 0.003908372487361734, 0.002250880846271649, 0.001837561814419065, 0.003902446460586522, 0.00649131804032715, 0.008842266053540701, 0.011337576744963709, 0.013847821453172829, 0.016241515374979285, 0.018506880743639053, 0.020753891025054552, 0.022854281545735794, 0.025177910908837288, 0.027764777035113285, 0.0302577363231247, 0.032552204835272186, 0.033962244268502154, 0.03530995724171245, 0.036795414568091225, 0.03840706162943578, 0.039993850675796264, 0.04133645030179679, 0.04211247094820217, 0.04239213751353172, 0.042192499106345205, 0.04200269786908514, 0.041897190162155235, 0.041830932940717325, 0.04166737666619139, 0.04206882264734189, 0.0426127097658282, 0.042895687146734904, 0.04300135533202284, 0.04249799814293581, 0.041897582995049115, 0.04072077112408416, 0.03927976254850985, 0.037331499513228325, 0.035889992777759706, 0.03456359233645024, 0.033243529781910974, 0.03199033675126687, 0.03059935779738079, 0.029272240636492235, 0.027900707354997015, 0.02654938414970694, 0.02543173352052397, 0.024311103096379235, 0.023065212419431085, 0.021685454855791198, 0.02041159885695607, 0.019056064221564174, 0.017656707279948437, 0.01626614648165674, 0.015012383850973622, 0.013603567963072178, 0.012189757837366814, 0.010674529938407772, 0.009407142987148039, 0.008344525906195775, 0.007439054007672372, 0.0072034584519923735, 0.007775010970036668, 0.009047582903156274, 0.010731538882415681, 0.01253460028234948, 0.014333543563369548, 0.016070624592636203, 0.017817726146123574, 0.019557256660804743, 0.02116824086555951, 0.022529303997840977, 0.023628588936546305, 0.02391411988476377, 0.02359656311707365, 0.022355277074164143, 0.020961866673625245, 0.018393580144489934, 0.015660552711922182, 0.013874328661167971, 0.01254026736778108, 0.011812131260623127, 0.010800298354986543, 0.00961805971638548, 0.008471507575266851, 0.007656757785702683, 0.006719580941926242, 0.0056999472982024405, 0.005125787188458596, 0.00504686530895439, 0.005697178935649704, 0.006245540782853768, 0.0070976650798796875, 0.007900543705723831, 0.008755370167568399, 0.009807746909975117, 0.011209592216881203, 0.01276960312030194, 0.014467251258771754, 0.015865855510978952, 0.01751794577394112, 0.01978728846519214, 0.022540086452385207, 0.024859037758439572, 0.02589623397823137, 0.02611181133516041, 0.026565850619759173, 0.0272557734372972, 0.02776644526036269, 0.02799937699621002, 0.02818388188652303, 0.02806005928616626, 0.028083982827741123, 0.02781538632605852, 0.027763976455106594, 0.028120518002563644, 0.028688559534023904, 0.029389365084960088, 0.030059907204608147, 0.03052096911154336, 0.031053468449087778, 0.03142000488428638, 0.03173833045042581, 0.031892653890475096, 0.03198060527161537, 0.031944507243272385, 0.03180892531117334, 0.03180195743523648, 0.03175983113429147, 0.03185651864929952, 0.032146459060636644, 0.032526908876218445, 0.033087790299913135, 0.03370146462957083, 0.0342847740780508, 0.0344768243549477, 0.03441738754137779, 0.034008301029805295]",0.015012383850973622,0.10991066110331366,0.003602984931637021,0.014573612059862517,0.0,0.0,0.01917774367853825,0.10991066110331366,0.003602984931637021,0.014573612059862517,7.968,1717635308.6901662,2024-06-06_10-55-08
0.5059,0.08975999999999998,0.4424031816696272,0.3957301916537983,0.0857655787797917,0.42939927224047963,0.5059,0.08975999999999998,0.42062168631140673,0.3957301916537983,0.0857655787797917,0.42939927224047963,0.013603567963072178,"[0.011315756658919754, 0.012192407496521018, 0.01288995615295488, 0.01359963525141729, 0.014321891165186378, 0.015181047888625853, 0.01592941522152252, 0.01673874496494045, 0.01751440457689525, 0.01835087734908702, 0.019202544572813795, 0.020070622325609303, 0.02095627718778323, 0.02186061264947246, 0.022737260153569413, 0.023681097053535004, 0.024646250751560458, 0.025633386418693636, 0.02659237614956749, 0.027623542314219474, 0.0286250346734827, 0.029647102596467904, 0.03056454213255984, 0.031680305841655834, 0.03263530150735364, 0.033606764937046466, 0.034593095597664145, 0.03536350794006898, 0.035930760474075646, 0.03631257033147624, 0.03661317474198803, 0.03688385713543919, 0.03738127616234113, 0.037934719347479336, 0.03858163380471939, 0.03921882339006296, 0.03999131852533767, 0.04074980907886149, 0.04127472956039594, 0.04151563832077664, 0.04151964454301027, 0.04123464219442919, 0.04096829512038153, 0.04056460486818273, 0.04028281736824196, 0.04000166841569801, 0.03919762289117317, 0.037812479337396496, 0.03622310391275238, 0.03453579653228067, 0.0330206041779641, 0.031565009966306234, 0.03054064037737075, 0.029904305612678588, 0.029394155816597912, 0.028896840658953926, 0.02825322628704274, 0.027685220830545497, 0.02666364029859006, 0.025486033827772144, 0.02414387260068274, 0.023028867611909868, 0.022681878550084772, 0.02299235797660897, 0.02387546679328945, 0.024738332374206702, 0.025547718436096926, 0.026640938816603423, 0.02759836215880636, 0.028240938725365098, 0.028199955208514017, 0.028168175430310402, 0.02767018559717724, 0.027414861073674215, 0.027239233260695786, 0.0274939869379551, 0.027874761581110984, 0.02868161073982207, 0.029514734605865275, 0.030345172291974937, 0.031248268714928727, 0.032298002681611045, 0.033509628354587276, 0.0348066615601669, 0.03569061118903811, 0.03631377821401384, 0.03654105211474412, 0.03646788532881584, 0.03572808397059345, 0.03427781350345514, 0.03309813106562172, 0.031639416134799855, 0.02970329439236902, 0.027599049067936567, 0.02603054913364457, 0.024090316372098155, 0.02220132238001286, 0.02051452966091278, 0.019044426362309692, 0.017805605247084858, 0.01643252777018217, 0.01523003850809785, 0.01424180324883461, 0.013706552220618947, 0.0130880570946912, 0.012988920737072255, 0.013178248200839212, 0.013386796436950147, 0.01359897371732897, 0.01439195864266014, 0.015495810506657983, 0.016686507754200334, 0.01807173050136072, 0.019341411872889052, 0.020370802976522343, 0.0213787239197115, 0.02262888584538598, 0.02401686851684336, 0.025523335513576738, 0.026670410326906566, 0.02758824337325398, 0.02810647098585074, 0.028219175888028712, 0.02804128716256827, 0.027840212128430745, 0.02799079668741686, 0.027988272685847155, 0.02831306909632167, 0.028434723397990712, 0.0285549391753426, 0.02832607944879636, 0.02800347501499142, 0.027460301198426997, 0.02681840364884072, 0.026203190519756815, 0.02552364346313934, 0.024940794741503684, 0.024553643852497812, 0.024009602077058226, 0.023587486328410737, 0.023053226444370627, 0.02237349941244249, 0.021247392964358097, 0.01948489409103017, 0.01759577829009665, 0.015969918059865678, 0.014849832783247986, 0.014164911869984548, 0.013546042864334782, 0.01328357500957488, 0.012905521640083246, 0.012806686101790404, 0.01256569256360443, 0.01270015008783326, 0.013333718053885597, 0.014364706842779438, 0.015230812921928084, 0.016214173123414017, 0.017422309714956504, 0.01848297873673576, 0.019690103784110968, 0.02062988015396428, 0.021304326954883004, 0.021542023987470748, 0.021445001132587415, 0.02128479356968176, 0.021154257299581803, 0.020548768777841446, 0.020419411659703072, 0.020346908766621045, 0.02018386842926173, 0.020060715556614095, 0.019970155121820186, 0.019905412966441507, 0.019860328269953802, 0.019689549628068632, 0.019110038324468673, 0.018401772510693467, 0.01773443768827515, 0.01691379473734185, 0.0163889904882787, 0.015891976533507178, 0.015695148472402557, 0.015634975895130635, 0.01548249397414641, 0.015250362203767827, 0.01446715870868431, 0.013690714184349355, 0.013111437378948002, 0.01280400987898366, 0.012789088065484542, 0.012885508256999974, 0.012645414791893052, 0.012533763320360268, 0.01300792748125149, 0.014045480441271196, 0.015593406388961941, 0.017496649938682926, 0.01947963017829757, 0.021814960986639112, 0.0244888991790445, 0.027455202671237973, 0.030462142682767764, 0.03347516022004274, 0.03632355277573078, 0.03911728575744543, 0.041489125175428104, 0.043617926344794986, 0.04507509866910146, 0.045973158335007626, 0.046666313335408376, 0.047747911364257295, 0.04910015737076979, 0.051170936172887156, 0.05323921785426519, 0.05484930583024696, 0.05598397968583077, 0.056516639752925084, 0.05678375349578094, 0.05655312215346535, 0.05709318659280136, 0.05753330561326649, 0.05822424761198231, 0.05856641837777238, 0.058663546697002605, 0.05829520111627496, 0.058019458378357286, 0.05786276302771312, 0.057678835712609886, 0.05721489013034267, 0.05620972754199197, 0.05488023496470325, 0.05291870088860013, 0.05085359195424363, 0.04836971777146554, 0.045888993393773454, 0.04332790860019442, 0.040721243397433354, 0.03815348906679705, 0.03609755066086763, 0.03431153121207709, 0.03269994312791247, 0.03113246913067769, 0.029533434333839276, 0.02779284963423818, 0.02581340528028532, 0.023636664296078556, 0.021032966406022018, 0.018298152858289164, 0.015471223173718233, 0.012975006021594128, 0.011476514573927241, 0.011190786613452559, 0.012013514795745658, 0.013192708648177051, 0.0146026096239084, 0.016627808096549106, 0.019288816219412905, 0.022115031993867204, 0.024956066779425322, 0.027947127033299147, 0.030317719296220055, 0.03213024736687776, 0.033908117916643665, 0.035613155393420214, 0.03695858371541455, 0.0370883147011733, 0.035844860180821725, 0.03331269225961453, 0.030127822662769057, 0.026675716455458534, 0.02305094507263966, 0.019294584365168215, 0.016588874620184203, 0.013459760460278334, 0.010513659470637583, 0.008184205378854309, 0.005908681970234855, 0.003908372487361734, 0.002250880846271649, 0.001837561814419065, 0.003902446460586522, 0.00649131804032715, 0.008842266053540701, 0.011337576744963709, 0.013847821453172829, 0.016241515374979285, 0.018506880743639053, 0.020753891025054552, 0.022854281545735794, 0.025177910908837288, 0.027764777035113285, 0.0302577363231247, 0.032552204835272186, 0.033962244268502154, 0.03530995724171245, 0.036795414568091225, 0.03840706162943578, 0.039993850675796264, 0.04133645030179679, 0.04211247094820217, 0.04239213751353172, 0.042192499106345205, 0.04200269786908514, 0.041897190162155235, 0.041830932940717325, 0.04166737666619139, 0.04206882264734189, 0.0426127097658282, 0.042895687146734904, 0.04300135533202284, 0.04249799814293581, 0.041897582995049115, 0.04072077112408416, 0.03927976254850985, 0.037331499513228325, 0.035889992777759706, 0.03456359233645024, 0.033243529781910974, 0.03199033675126687, 0.03059935779738079, 0.029272240636492235, 0.027900707354997015, 0.02654938414970694, 0.02543173352052397, 0.024311103096379235, 0.023065212419431085, 0.021685454855791198, 0.02041159885695607, 0.019056064221564174, 0.017656707279948437, 0.01626614648165674, 0.015012383850973622, 0.013603567963072178, 0.012189757837366814, 0.010674529938407772, 0.009407142987148039, 0.008344525906195775, 0.007439054007672372, 0.0072034584519923735, 0.007775010970036668, 0.009047582903156274, 0.010731538882415681, 0.01253460028234948, 0.014333543563369548, 0.016070624592636203, 0.017817726146123574, 0.019557256660804743, 0.02116824086555951, 0.022529303997840977, 0.023628588936546305, 0.02391411988476377, 0.02359656311707365, 0.022355277074164143, 0.020961866673625245, 0.018393580144489934, 0.015660552711922182, 0.013874328661167971, 0.01254026736778108, 0.011812131260623127, 0.010800298354986543, 0.00961805971638548, 0.008471507575266851, 0.007656757785702683, 0.006719580941926242, 0.0056999472982024405, 0.005125787188458596, 0.00504686530895439, 0.005697178935649704, 0.006245540782853768, 0.0070976650798796875, 0.007900543705723831, 0.008755370167568399, 0.009807746909975117, 0.011209592216881203, 0.01276960312030194, 0.014467251258771754, 0.015865855510978952, 0.01751794577394112, 0.01978728846519214, 0.022540086452385207, 0.024859037758439572, 0.02589623397823137, 0.02611181133516041, 0.026565850619759173, 0.0272557734372972, 0.02776644526036269, 0.02799937699621002, 0.02818388188652303, 0.02806005928616626, 0.028083982827741123, 0.02781538632605852, 0.027763976455106594, 0.028120518002563644, 0.028688559534023904, 0.029389365084960088, 0.030059907204608147, 0.03052096911154336, 0.031053468449087778, 0.03142000488428638, 0.03173833045042581, 0.031892653890475096, 0.03198060527161537, 0.031944507243272385, 0.03180892531117334, 0.03180195743523648, 0.03175983113429147, 0.03185651864929952, 0.032146459060636644, 0.032526908876218445, 0.033087790299913135, 0.03370146462957083, 0.0342847740780508, 0.0344768243549477, 0.03441738754137779, 0.034008301029805295]",0.013603567963072178,0.11016980834620171,0.00399442122020828,0.013003909429147587,0.0,0.0,0.021781495358220493,0.11016980834620171,0.00399442122020828,0.013003909429147587,7.992,1717635308.71309,2024-06-06_10-55-08
0.5059,0.09047999999999998,0.44077069427888727,0.39547101643805666,0.08609349399969639,0.42939753459290086,0.5059,0.09047999999999998,0.41670398617455234,0.39547101643805666,0.08609349399969639,0.42939753459290086,0.012189757837366814,"[0.011315756658919754, 0.012192407496521018, 0.01288995615295488, 0.01359963525141729, 0.014321891165186378, 0.015181047888625853, 0.01592941522152252, 0.01673874496494045, 0.01751440457689525, 0.01835087734908702, 0.019202544572813795, 0.020070622325609303, 0.02095627718778323, 0.02186061264947246, 0.022737260153569413, 0.023681097053535004, 0.024646250751560458, 0.025633386418693636, 0.02659237614956749, 0.027623542314219474, 0.0286250346734827, 0.029647102596467904, 0.03056454213255984, 0.031680305841655834, 0.03263530150735364, 0.033606764937046466, 0.034593095597664145, 0.03536350794006898, 0.035930760474075646, 0.03631257033147624, 0.03661317474198803, 0.03688385713543919, 0.03738127616234113, 0.037934719347479336, 0.03858163380471939, 0.03921882339006296, 0.03999131852533767, 0.04074980907886149, 0.04127472956039594, 0.04151563832077664, 0.04151964454301027, 0.04123464219442919, 0.04096829512038153, 0.04056460486818273, 0.04028281736824196, 0.04000166841569801, 0.03919762289117317, 0.037812479337396496, 0.03622310391275238, 0.03453579653228067, 0.0330206041779641, 0.031565009966306234, 0.03054064037737075, 0.029904305612678588, 0.029394155816597912, 0.028896840658953926, 0.02825322628704274, 0.027685220830545497, 0.02666364029859006, 0.025486033827772144, 0.02414387260068274, 0.023028867611909868, 0.022681878550084772, 0.02299235797660897, 0.02387546679328945, 0.024738332374206702, 0.025547718436096926, 0.026640938816603423, 0.02759836215880636, 0.028240938725365098, 0.028199955208514017, 0.028168175430310402, 0.02767018559717724, 0.027414861073674215, 0.027239233260695786, 0.0274939869379551, 0.027874761581110984, 0.02868161073982207, 0.029514734605865275, 0.030345172291974937, 0.031248268714928727, 0.032298002681611045, 0.033509628354587276, 0.0348066615601669, 0.03569061118903811, 0.03631377821401384, 0.03654105211474412, 0.03646788532881584, 0.03572808397059345, 0.03427781350345514, 0.03309813106562172, 0.031639416134799855, 0.02970329439236902, 0.027599049067936567, 0.02603054913364457, 0.024090316372098155, 0.02220132238001286, 0.02051452966091278, 0.019044426362309692, 0.017805605247084858, 0.01643252777018217, 0.01523003850809785, 0.01424180324883461, 0.013706552220618947, 0.0130880570946912, 0.012988920737072255, 0.013178248200839212, 0.013386796436950147, 0.01359897371732897, 0.01439195864266014, 0.015495810506657983, 0.016686507754200334, 0.01807173050136072, 0.019341411872889052, 0.020370802976522343, 0.0213787239197115, 0.02262888584538598, 0.02401686851684336, 0.025523335513576738, 0.026670410326906566, 0.02758824337325398, 0.02810647098585074, 0.028219175888028712, 0.02804128716256827, 0.027840212128430745, 0.02799079668741686, 0.027988272685847155, 0.02831306909632167, 0.028434723397990712, 0.0285549391753426, 0.02832607944879636, 0.02800347501499142, 0.027460301198426997, 0.02681840364884072, 0.026203190519756815, 0.02552364346313934, 0.024940794741503684, 0.024553643852497812, 0.024009602077058226, 0.023587486328410737, 0.023053226444370627, 0.02237349941244249, 0.021247392964358097, 0.01948489409103017, 0.01759577829009665, 0.015969918059865678, 0.014849832783247986, 0.014164911869984548, 0.013546042864334782, 0.01328357500957488, 0.012905521640083246, 0.012806686101790404, 0.01256569256360443, 0.01270015008783326, 0.013333718053885597, 0.014364706842779438, 0.015230812921928084, 0.016214173123414017, 0.017422309714956504, 0.01848297873673576, 0.019690103784110968, 0.02062988015396428, 0.021304326954883004, 0.021542023987470748, 0.021445001132587415, 0.02128479356968176, 0.021154257299581803, 0.020548768777841446, 0.020419411659703072, 0.020346908766621045, 0.02018386842926173, 0.020060715556614095, 0.019970155121820186, 0.019905412966441507, 0.019860328269953802, 0.019689549628068632, 0.019110038324468673, 0.018401772510693467, 0.01773443768827515, 0.01691379473734185, 0.0163889904882787, 0.015891976533507178, 0.015695148472402557, 0.015634975895130635, 0.01548249397414641, 0.015250362203767827, 0.01446715870868431, 0.013690714184349355, 0.013111437378948002, 0.01280400987898366, 0.012789088065484542, 0.012885508256999974, 0.012645414791893052, 0.012533763320360268, 0.01300792748125149, 0.014045480441271196, 0.015593406388961941, 0.017496649938682926, 0.01947963017829757, 0.021814960986639112, 0.0244888991790445, 0.027455202671237973, 0.030462142682767764, 0.03347516022004274, 0.03632355277573078, 0.03911728575744543, 0.041489125175428104, 0.043617926344794986, 0.04507509866910146, 0.045973158335007626, 0.046666313335408376, 0.047747911364257295, 0.04910015737076979, 0.051170936172887156, 0.05323921785426519, 0.05484930583024696, 0.05598397968583077, 0.056516639752925084, 0.05678375349578094, 0.05655312215346535, 0.05709318659280136, 0.05753330561326649, 0.05822424761198231, 0.05856641837777238, 0.058663546697002605, 0.05829520111627496, 0.058019458378357286, 0.05786276302771312, 0.057678835712609886, 0.05721489013034267, 0.05620972754199197, 0.05488023496470325, 0.05291870088860013, 0.05085359195424363, 0.04836971777146554, 0.045888993393773454, 0.04332790860019442, 0.040721243397433354, 0.03815348906679705, 0.03609755066086763, 0.03431153121207709, 0.03269994312791247, 0.03113246913067769, 0.029533434333839276, 0.02779284963423818, 0.02581340528028532, 0.023636664296078556, 0.021032966406022018, 0.018298152858289164, 0.015471223173718233, 0.012975006021594128, 0.011476514573927241, 0.011190786613452559, 0.012013514795745658, 0.013192708648177051, 0.0146026096239084, 0.016627808096549106, 0.019288816219412905, 0.022115031993867204, 0.024956066779425322, 0.027947127033299147, 0.030317719296220055, 0.03213024736687776, 0.033908117916643665, 0.035613155393420214, 0.03695858371541455, 0.0370883147011733, 0.035844860180821725, 0.03331269225961453, 0.030127822662769057, 0.026675716455458534, 0.02305094507263966, 0.019294584365168215, 0.016588874620184203, 0.013459760460278334, 0.010513659470637583, 0.008184205378854309, 0.005908681970234855, 0.003908372487361734, 0.002250880846271649, 0.001837561814419065, 0.003902446460586522, 0.00649131804032715, 0.008842266053540701, 0.011337576744963709, 0.013847821453172829, 0.016241515374979285, 0.018506880743639053, 0.020753891025054552, 0.022854281545735794, 0.025177910908837288, 0.027764777035113285, 0.0302577363231247, 0.032552204835272186, 0.033962244268502154, 0.03530995724171245, 0.036795414568091225, 0.03840706162943578, 0.039993850675796264, 0.04133645030179679, 0.04211247094820217, 0.04239213751353172, 0.042192499106345205, 0.04200269786908514, 0.041897190162155235, 0.041830932940717325, 0.04166737666619139, 0.04206882264734189, 0.0426127097658282, 0.042895687146734904, 0.04300135533202284, 0.04249799814293581, 0.041897582995049115, 0.04072077112408416, 0.03927976254850985, 0.037331499513228325, 0.035889992777759706, 0.03456359233645024, 0.033243529781910974, 0.03199033675126687, 0.03059935779738079, 0.029272240636492235, 0.027900707354997015, 0.02654938414970694, 0.02543173352052397, 0.024311103096379235, 0.023065212419431085, 0.021685454855791198, 0.02041159885695607, 0.019056064221564174, 0.017656707279948437, 0.01626614648165674, 0.015012383850973622, 0.013603567963072178, 0.012189757837366814, 0.010674529938407772, 0.009407142987148039, 0.008344525906195775, 0.007439054007672372, 0.0072034584519923735, 0.007775010970036668, 0.009047582903156274, 0.010731538882415681, 0.01253460028234948, 0.014333543563369548, 0.016070624592636203, 0.017817726146123574, 0.019557256660804743, 0.02116824086555951, 0.022529303997840977, 0.023628588936546305, 0.02391411988476377, 0.02359656311707365, 0.022355277074164143, 0.020961866673625245, 0.018393580144489934, 0.015660552711922182, 0.013874328661167971, 0.01254026736778108, 0.011812131260623127, 0.010800298354986543, 0.00961805971638548, 0.008471507575266851, 0.007656757785702683, 0.006719580941926242, 0.0056999472982024405, 0.005125787188458596, 0.00504686530895439, 0.005697178935649704, 0.006245540782853768, 0.0070976650798796875, 0.007900543705723831, 0.008755370167568399, 0.009807746909975117, 0.011209592216881203, 0.01276960312030194, 0.014467251258771754, 0.015865855510978952, 0.01751794577394112, 0.01978728846519214, 0.022540086452385207, 0.024859037758439572, 0.02589623397823137, 0.02611181133516041, 0.026565850619759173, 0.0272557734372972, 0.02776644526036269, 0.02799937699621002, 0.02818388188652303, 0.02806005928616626, 0.028083982827741123, 0.02781538632605852, 0.027763976455106594, 0.028120518002563644, 0.028688559534023904, 0.029389365084960088, 0.030059907204608147, 0.03052096911154336, 0.031053468449087778, 0.03142000488428638, 0.03173833045042581, 0.031892653890475096, 0.03198060527161537, 0.031944507243272385, 0.03180892531117334, 0.03180195743523648, 0.03175983113429147, 0.03185651864929952, 0.032146459060636644, 0.032526908876218445, 0.033087790299913135, 0.03370146462957083, 0.0342847740780508, 0.0344768243549477, 0.03441738754137779, 0.034008301029805295]",0.012189757837366814,0.11042898356194336,0.004386506000303589,0.0113731596859864,0.0,0.0,0.024066708104334922,0.11042898356194336,0.004386506000303589,0.0113731596859864,8.016,1717635308.737174,2024-06-06_10-55-08
0.5059,0.0912,0.43908487057426376,0.395274869075554,0.08616519273228765,0.42967230954216656,0.5059,0.0912,0.41289221919059843,0.395274869075554,0.08616519273228765,0.42967230954216656,0.010674529938407772,"[0.011315756658919754, 0.012192407496521018, 0.01288995615295488, 0.01359963525141729, 0.014321891165186378, 0.015181047888625853, 0.01592941522152252, 0.01673874496494045, 0.01751440457689525, 0.01835087734908702, 0.019202544572813795, 0.020070622325609303, 0.02095627718778323, 0.02186061264947246, 0.022737260153569413, 0.023681097053535004, 0.024646250751560458, 0.025633386418693636, 0.02659237614956749, 0.027623542314219474, 0.0286250346734827, 0.029647102596467904, 0.03056454213255984, 0.031680305841655834, 0.03263530150735364, 0.033606764937046466, 0.034593095597664145, 0.03536350794006898, 0.035930760474075646, 0.03631257033147624, 0.03661317474198803, 0.03688385713543919, 0.03738127616234113, 0.037934719347479336, 0.03858163380471939, 0.03921882339006296, 0.03999131852533767, 0.04074980907886149, 0.04127472956039594, 0.04151563832077664, 0.04151964454301027, 0.04123464219442919, 0.04096829512038153, 0.04056460486818273, 0.04028281736824196, 0.04000166841569801, 0.03919762289117317, 0.037812479337396496, 0.03622310391275238, 0.03453579653228067, 0.0330206041779641, 0.031565009966306234, 0.03054064037737075, 0.029904305612678588, 0.029394155816597912, 0.028896840658953926, 0.02825322628704274, 0.027685220830545497, 0.02666364029859006, 0.025486033827772144, 0.02414387260068274, 0.023028867611909868, 0.022681878550084772, 0.02299235797660897, 0.02387546679328945, 0.024738332374206702, 0.025547718436096926, 0.026640938816603423, 0.02759836215880636, 0.028240938725365098, 0.028199955208514017, 0.028168175430310402, 0.02767018559717724, 0.027414861073674215, 0.027239233260695786, 0.0274939869379551, 0.027874761581110984, 0.02868161073982207, 0.029514734605865275, 0.030345172291974937, 0.031248268714928727, 0.032298002681611045, 0.033509628354587276, 0.0348066615601669, 0.03569061118903811, 0.03631377821401384, 0.03654105211474412, 0.03646788532881584, 0.03572808397059345, 0.03427781350345514, 0.03309813106562172, 0.031639416134799855, 0.02970329439236902, 0.027599049067936567, 0.02603054913364457, 0.024090316372098155, 0.02220132238001286, 0.02051452966091278, 0.019044426362309692, 0.017805605247084858, 0.01643252777018217, 0.01523003850809785, 0.01424180324883461, 0.013706552220618947, 0.0130880570946912, 0.012988920737072255, 0.013178248200839212, 0.013386796436950147, 0.01359897371732897, 0.01439195864266014, 0.015495810506657983, 0.016686507754200334, 0.01807173050136072, 0.019341411872889052, 0.020370802976522343, 0.0213787239197115, 0.02262888584538598, 0.02401686851684336, 0.025523335513576738, 0.026670410326906566, 0.02758824337325398, 0.02810647098585074, 0.028219175888028712, 0.02804128716256827, 0.027840212128430745, 0.02799079668741686, 0.027988272685847155, 0.02831306909632167, 0.028434723397990712, 0.0285549391753426, 0.02832607944879636, 0.02800347501499142, 0.027460301198426997, 0.02681840364884072, 0.026203190519756815, 0.02552364346313934, 0.024940794741503684, 0.024553643852497812, 0.024009602077058226, 0.023587486328410737, 0.023053226444370627, 0.02237349941244249, 0.021247392964358097, 0.01948489409103017, 0.01759577829009665, 0.015969918059865678, 0.014849832783247986, 0.014164911869984548, 0.013546042864334782, 0.01328357500957488, 0.012905521640083246, 0.012806686101790404, 0.01256569256360443, 0.01270015008783326, 0.013333718053885597, 0.014364706842779438, 0.015230812921928084, 0.016214173123414017, 0.017422309714956504, 0.01848297873673576, 0.019690103784110968, 0.02062988015396428, 0.021304326954883004, 0.021542023987470748, 0.021445001132587415, 0.02128479356968176, 0.021154257299581803, 0.020548768777841446, 0.020419411659703072, 0.020346908766621045, 0.02018386842926173, 0.020060715556614095, 0.019970155121820186, 0.019905412966441507, 0.019860328269953802, 0.019689549628068632, 0.019110038324468673, 0.018401772510693467, 0.01773443768827515, 0.01691379473734185, 0.0163889904882787, 0.015891976533507178, 0.015695148472402557, 0.015634975895130635, 0.01548249397414641, 0.015250362203767827, 0.01446715870868431, 0.013690714184349355, 0.013111437378948002, 0.01280400987898366, 0.012789088065484542, 0.012885508256999974, 0.012645414791893052, 0.012533763320360268, 0.01300792748125149, 0.014045480441271196, 0.015593406388961941, 0.017496649938682926, 0.01947963017829757, 0.021814960986639112, 0.0244888991790445, 0.027455202671237973, 0.030462142682767764, 0.03347516022004274, 0.03632355277573078, 0.03911728575744543, 0.041489125175428104, 0.043617926344794986, 0.04507509866910146, 0.045973158335007626, 0.046666313335408376, 0.047747911364257295, 0.04910015737076979, 0.051170936172887156, 0.05323921785426519, 0.05484930583024696, 0.05598397968583077, 0.056516639752925084, 0.05678375349578094, 0.05655312215346535, 0.05709318659280136, 0.05753330561326649, 0.05822424761198231, 0.05856641837777238, 0.058663546697002605, 0.05829520111627496, 0.058019458378357286, 0.05786276302771312, 0.057678835712609886, 0.05721489013034267, 0.05620972754199197, 0.05488023496470325, 0.05291870088860013, 0.05085359195424363, 0.04836971777146554, 0.045888993393773454, 0.04332790860019442, 0.040721243397433354, 0.03815348906679705, 0.03609755066086763, 0.03431153121207709, 0.03269994312791247, 0.03113246913067769, 0.029533434333839276, 0.02779284963423818, 0.02581340528028532, 0.023636664296078556, 0.021032966406022018, 0.018298152858289164, 0.015471223173718233, 0.012975006021594128, 0.011476514573927241, 0.011190786613452559, 0.012013514795745658, 0.013192708648177051, 0.0146026096239084, 0.016627808096549106, 0.019288816219412905, 0.022115031993867204, 0.024956066779425322, 0.027947127033299147, 0.030317719296220055, 0.03213024736687776, 0.033908117916643665, 0.035613155393420214, 0.03695858371541455, 0.0370883147011733, 0.035844860180821725, 0.03331269225961453, 0.030127822662769057, 0.026675716455458534, 0.02305094507263966, 0.019294584365168215, 0.016588874620184203, 0.013459760460278334, 0.010513659470637583, 0.008184205378854309, 0.005908681970234855, 0.003908372487361734, 0.002250880846271649, 0.001837561814419065, 0.003902446460586522, 0.00649131804032715, 0.008842266053540701, 0.011337576744963709, 0.013847821453172829, 0.016241515374979285, 0.018506880743639053, 0.020753891025054552, 0.022854281545735794, 0.025177910908837288, 0.027764777035113285, 0.0302577363231247, 0.032552204835272186, 0.033962244268502154, 0.03530995724171245, 0.036795414568091225, 0.03840706162943578, 0.039993850675796264, 0.04133645030179679, 0.04211247094820217, 0.04239213751353172, 0.042192499106345205, 0.04200269786908514, 0.041897190162155235, 0.041830932940717325, 0.04166737666619139, 0.04206882264734189, 0.0426127097658282, 0.042895687146734904, 0.04300135533202284, 0.04249799814293581, 0.041897582995049115, 0.04072077112408416, 0.03927976254850985, 0.037331499513228325, 0.035889992777759706, 0.03456359233645024, 0.033243529781910974, 0.03199033675126687, 0.03059935779738079, 0.029272240636492235, 0.027900707354997015, 0.02654938414970694, 0.02543173352052397, 0.024311103096379235, 0.023065212419431085, 0.021685454855791198, 0.02041159885695607, 0.019056064221564174, 0.017656707279948437, 0.01626614648165674, 0.015012383850973622, 0.013603567963072178, 0.012189757837366814, 0.010674529938407772, 0.009407142987148039, 0.008344525906195775, 0.007439054007672372, 0.0072034584519923735, 0.007775010970036668, 0.009047582903156274, 0.010731538882415681, 0.01253460028234948, 0.014333543563369548, 0.016070624592636203, 0.017817726146123574, 0.019557256660804743, 0.02116824086555951, 0.022529303997840977, 0.023628588936546305, 0.02391411988476377, 0.02359656311707365, 0.022355277074164143, 0.020961866673625245, 0.018393580144489934, 0.015660552711922182, 0.013874328661167971, 0.01254026736778108, 0.011812131260623127, 0.010800298354986543, 0.00961805971638548, 0.008471507575266851, 0.007656757785702683, 0.006719580941926242, 0.0056999472982024405, 0.005125787188458596, 0.00504686530895439, 0.005697178935649704, 0.006245540782853768, 0.0070976650798796875, 0.007900543705723831, 0.008755370167568399, 0.009807746909975117, 0.011209592216881203, 0.01276960312030194, 0.014467251258771754, 0.015865855510978952, 0.01751794577394112, 0.01978728846519214, 0.022540086452385207, 0.024859037758439572, 0.02589623397823137, 0.02611181133516041, 0.026565850619759173, 0.0272557734372972, 0.02776644526036269, 0.02799937699621002, 0.02818388188652303, 0.02806005928616626, 0.028083982827741123, 0.02781538632605852, 0.027763976455106594, 0.028120518002563644, 0.028688559534023904, 0.029389365084960088, 0.030059907204608147, 0.03052096911154336, 0.031053468449087778, 0.03142000488428638, 0.03173833045042581, 0.031892653890475096, 0.03198060527161537, 0.031944507243272385, 0.03180892531117334, 0.03180195743523648, 0.03175983113429147, 0.03185651864929952, 0.032146459060636644, 0.032526908876218445, 0.033087790299913135, 0.03370146462957083, 0.0342847740780508, 0.0344768243549477, 0.03441738754137779, 0.034008301029805295]",0.010674529938407772,0.11062513092444604,0.0050348072677123545,0.0094125610320972,0.0,0.0,0.026192651383665333,0.11062513092444604,0.0050348072677123545,0.0094125610320972,8.040000000000001,1717635308.7611754,2024-06-06_10-55-08
0.5059,0.09192,0.4373536171781727,0.3950158394806754,0.08649209572537377,0.4296703760413775,0.5059,0.09192,0.409035022515177,0.3950158394806754,0.08649209572537377,0.4296703760413775,0.009407142987148039,"[0.011315756658919754, 0.012192407496521018, 0.01288995615295488, 0.01359963525141729, 0.014321891165186378, 0.015181047888625853, 0.01592941522152252, 0.01673874496494045, 0.01751440457689525, 0.01835087734908702, 0.019202544572813795, 0.020070622325609303, 0.02095627718778323, 0.02186061264947246, 0.022737260153569413, 0.023681097053535004, 0.024646250751560458, 0.025633386418693636, 0.02659237614956749, 0.027623542314219474, 0.0286250346734827, 0.029647102596467904, 0.03056454213255984, 0.031680305841655834, 0.03263530150735364, 0.033606764937046466, 0.034593095597664145, 0.03536350794006898, 0.035930760474075646, 0.03631257033147624, 0.03661317474198803, 0.03688385713543919, 0.03738127616234113, 0.037934719347479336, 0.03858163380471939, 0.03921882339006296, 0.03999131852533767, 0.04074980907886149, 0.04127472956039594, 0.04151563832077664, 0.04151964454301027, 0.04123464219442919, 0.04096829512038153, 0.04056460486818273, 0.04028281736824196, 0.04000166841569801, 0.03919762289117317, 0.037812479337396496, 0.03622310391275238, 0.03453579653228067, 0.0330206041779641, 0.031565009966306234, 0.03054064037737075, 0.029904305612678588, 0.029394155816597912, 0.028896840658953926, 0.02825322628704274, 0.027685220830545497, 0.02666364029859006, 0.025486033827772144, 0.02414387260068274, 0.023028867611909868, 0.022681878550084772, 0.02299235797660897, 0.02387546679328945, 0.024738332374206702, 0.025547718436096926, 0.026640938816603423, 0.02759836215880636, 0.028240938725365098, 0.028199955208514017, 0.028168175430310402, 0.02767018559717724, 0.027414861073674215, 0.027239233260695786, 0.0274939869379551, 0.027874761581110984, 0.02868161073982207, 0.029514734605865275, 0.030345172291974937, 0.031248268714928727, 0.032298002681611045, 0.033509628354587276, 0.0348066615601669, 0.03569061118903811, 0.03631377821401384, 0.03654105211474412, 0.03646788532881584, 0.03572808397059345, 0.03427781350345514, 0.03309813106562172, 0.031639416134799855, 0.02970329439236902, 0.027599049067936567, 0.02603054913364457, 0.024090316372098155, 0.02220132238001286, 0.02051452966091278, 0.019044426362309692, 0.017805605247084858, 0.01643252777018217, 0.01523003850809785, 0.01424180324883461, 0.013706552220618947, 0.0130880570946912, 0.012988920737072255, 0.013178248200839212, 0.013386796436950147, 0.01359897371732897, 0.01439195864266014, 0.015495810506657983, 0.016686507754200334, 0.01807173050136072, 0.019341411872889052, 0.020370802976522343, 0.0213787239197115, 0.02262888584538598, 0.02401686851684336, 0.025523335513576738, 0.026670410326906566, 0.02758824337325398, 0.02810647098585074, 0.028219175888028712, 0.02804128716256827, 0.027840212128430745, 0.02799079668741686, 0.027988272685847155, 0.02831306909632167, 0.028434723397990712, 0.0285549391753426, 0.02832607944879636, 0.02800347501499142, 0.027460301198426997, 0.02681840364884072, 0.026203190519756815, 0.02552364346313934, 0.024940794741503684, 0.024553643852497812, 0.024009602077058226, 0.023587486328410737, 0.023053226444370627, 0.02237349941244249, 0.021247392964358097, 0.01948489409103017, 0.01759577829009665, 0.015969918059865678, 0.014849832783247986, 0.014164911869984548, 0.013546042864334782, 0.01328357500957488, 0.012905521640083246, 0.012806686101790404, 0.01256569256360443, 0.01270015008783326, 0.013333718053885597, 0.014364706842779438, 0.015230812921928084, 0.016214173123414017, 0.017422309714956504, 0.01848297873673576, 0.019690103784110968, 0.02062988015396428, 0.021304326954883004, 0.021542023987470748, 0.021445001132587415, 0.02128479356968176, 0.021154257299581803, 0.020548768777841446, 0.020419411659703072, 0.020346908766621045, 0.02018386842926173, 0.020060715556614095, 0.019970155121820186, 0.019905412966441507, 0.019860328269953802, 0.019689549628068632, 0.019110038324468673, 0.018401772510693467, 0.01773443768827515, 0.01691379473734185, 0.0163889904882787, 0.015891976533507178, 0.015695148472402557, 0.015634975895130635, 0.01548249397414641, 0.015250362203767827, 0.01446715870868431, 0.013690714184349355, 0.013111437378948002, 0.01280400987898366, 0.012789088065484542, 0.012885508256999974, 0.012645414791893052, 0.012533763320360268, 0.01300792748125149, 0.014045480441271196, 0.015593406388961941, 0.017496649938682926, 0.01947963017829757, 0.021814960986639112, 0.0244888991790445, 0.027455202671237973, 0.030462142682767764, 0.03347516022004274, 0.03632355277573078, 0.03911728575744543, 0.041489125175428104, 0.043617926344794986, 0.04507509866910146, 0.045973158335007626, 0.046666313335408376, 0.047747911364257295, 0.04910015737076979, 0.051170936172887156, 0.05323921785426519, 0.05484930583024696, 0.05598397968583077, 0.056516639752925084, 0.05678375349578094, 0.05655312215346535, 0.05709318659280136, 0.05753330561326649, 0.05822424761198231, 0.05856641837777238, 0.058663546697002605, 0.05829520111627496, 0.058019458378357286, 0.05786276302771312, 0.057678835712609886, 0.05721489013034267, 0.05620972754199197, 0.05488023496470325, 0.05291870088860013, 0.05085359195424363, 0.04836971777146554, 0.045888993393773454, 0.04332790860019442, 0.040721243397433354, 0.03815348906679705, 0.03609755066086763, 0.03431153121207709, 0.03269994312791247, 0.03113246913067769, 0.029533434333839276, 0.02779284963423818, 0.02581340528028532, 0.023636664296078556, 0.021032966406022018, 0.018298152858289164, 0.015471223173718233, 0.012975006021594128, 0.011476514573927241, 0.011190786613452559, 0.012013514795745658, 0.013192708648177051, 0.0146026096239084, 0.016627808096549106, 0.019288816219412905, 0.022115031993867204, 0.024956066779425322, 0.027947127033299147, 0.030317719296220055, 0.03213024736687776, 0.033908117916643665, 0.035613155393420214, 0.03695858371541455, 0.0370883147011733, 0.035844860180821725, 0.03331269225961453, 0.030127822662769057, 0.026675716455458534, 0.02305094507263966, 0.019294584365168215, 0.016588874620184203, 0.013459760460278334, 0.010513659470637583, 0.008184205378854309, 0.005908681970234855, 0.003908372487361734, 0.002250880846271649, 0.001837561814419065, 0.003902446460586522, 0.00649131804032715, 0.008842266053540701, 0.011337576744963709, 0.013847821453172829, 0.016241515374979285, 0.018506880743639053, 0.020753891025054552, 0.022854281545735794, 0.025177910908837288, 0.027764777035113285, 0.0302577363231247, 0.032552204835272186, 0.033962244268502154, 0.03530995724171245, 0.036795414568091225, 0.03840706162943578, 0.039993850675796264, 0.04133645030179679, 0.04211247094820217, 0.04239213751353172, 0.042192499106345205, 0.04200269786908514, 0.041897190162155235, 0.041830932940717325, 0.04166737666619139, 0.04206882264734189, 0.0426127097658282, 0.042895687146734904, 0.04300135533202284, 0.04249799814293581, 0.041897582995049115, 0.04072077112408416, 0.03927976254850985, 0.037331499513228325, 0.035889992777759706, 0.03456359233645024, 0.033243529781910974, 0.03199033675126687, 0.03059935779738079, 0.029272240636492235, 0.027900707354997015, 0.02654938414970694, 0.02543173352052397, 0.024311103096379235, 0.023065212419431085, 0.021685454855791198, 0.02041159885695607, 0.019056064221564174, 0.017656707279948437, 0.01626614648165674, 0.015012383850973622, 0.013603567963072178, 0.012189757837366814, 0.010674529938407772, 0.009407142987148039, 0.008344525906195775, 0.007439054007672372, 0.0072034584519923735, 0.007775010970036668, 0.009047582903156274, 0.010731538882415681, 0.01253460028234948, 0.014333543563369548, 0.016070624592636203, 0.017817726146123574, 0.019557256660804743, 0.02116824086555951, 0.022529303997840977, 0.023628588936546305, 0.02391411988476377, 0.02359656311707365, 0.022355277074164143, 0.020961866673625245, 0.018393580144489934, 0.015660552711922182, 0.013874328661167971, 0.01254026736778108, 0.011812131260623127, 0.010800298354986543, 0.00961805971638548, 0.008471507575266851, 0.007656757785702683, 0.006719580941926242, 0.0056999472982024405, 0.005125787188458596, 0.00504686530895439, 0.005697178935649704, 0.006245540782853768, 0.0070976650798796875, 0.007900543705723831, 0.008755370167568399, 0.009807746909975117, 0.011209592216881203, 0.01276960312030194, 0.014467251258771754, 0.015865855510978952, 0.01751794577394112, 0.01978728846519214, 0.022540086452385207, 0.024859037758439572, 0.02589623397823137, 0.02611181133516041, 0.026565850619759173, 0.0272557734372972, 0.02776644526036269, 0.02799937699621002, 0.02818388188652303, 0.02806005928616626, 0.028083982827741123, 0.02781538632605852, 0.027763976455106594, 0.028120518002563644, 0.028688559534023904, 0.029389365084960088, 0.030059907204608147, 0.03052096911154336, 0.031053468449087778, 0.03142000488428638, 0.03173833045042581, 0.031892653890475096, 0.03198060527161537, 0.031944507243272385, 0.03180892531117334, 0.03180195743523648, 0.03175983113429147, 0.03185651864929952, 0.032146459060636644, 0.032526908876218445, 0.033087790299913135, 0.03370146462957083, 0.0342847740780508, 0.0344768243549477, 0.03441738754137779, 0.034008301029805295]",0.009407142987148039,0.11088416051932459,0.005427904274626236,0.007683241136795249,0.0,0.0,0.028318594662995744,0.11088416051932459,0.005427904274626236,0.007683241136795249,8.064,1717635308.7854867,2024-06-06_10-55-08
0.5059,0.09263999999999997,0.4355850079686019,0.3948149192786522,0.08672764038841221,0.4296964498749394,0.5059,0.09263999999999997,0.40514047002627573,0.3948149192786522,0.08672764038841221,0.4296964498749394,0.008344525906195775,"[0.011315756658919754, 0.012192407496521018, 0.01288995615295488, 0.01359963525141729, 0.014321891165186378, 0.015181047888625853, 0.01592941522152252, 0.01673874496494045, 0.01751440457689525, 0.01835087734908702, 0.019202544572813795, 0.020070622325609303, 0.02095627718778323, 0.02186061264947246, 0.022737260153569413, 0.023681097053535004, 0.024646250751560458, 0.025633386418693636, 0.02659237614956749, 0.027623542314219474, 0.0286250346734827, 0.029647102596467904, 0.03056454213255984, 0.031680305841655834, 0.03263530150735364, 0.033606764937046466, 0.034593095597664145, 0.03536350794006898, 0.035930760474075646, 0.03631257033147624, 0.03661317474198803, 0.03688385713543919, 0.03738127616234113, 0.037934719347479336, 0.03858163380471939, 0.03921882339006296, 0.03999131852533767, 0.04074980907886149, 0.04127472956039594, 0.04151563832077664, 0.04151964454301027, 0.04123464219442919, 0.04096829512038153, 0.04056460486818273, 0.04028281736824196, 0.04000166841569801, 0.03919762289117317, 0.037812479337396496, 0.03622310391275238, 0.03453579653228067, 0.0330206041779641, 0.031565009966306234, 0.03054064037737075, 0.029904305612678588, 0.029394155816597912, 0.028896840658953926, 0.02825322628704274, 0.027685220830545497, 0.02666364029859006, 0.025486033827772144, 0.02414387260068274, 0.023028867611909868, 0.022681878550084772, 0.02299235797660897, 0.02387546679328945, 0.024738332374206702, 0.025547718436096926, 0.026640938816603423, 0.02759836215880636, 0.028240938725365098, 0.028199955208514017, 0.028168175430310402, 0.02767018559717724, 0.027414861073674215, 0.027239233260695786, 0.0274939869379551, 0.027874761581110984, 0.02868161073982207, 0.029514734605865275, 0.030345172291974937, 0.031248268714928727, 0.032298002681611045, 0.033509628354587276, 0.0348066615601669, 0.03569061118903811, 0.03631377821401384, 0.03654105211474412, 0.03646788532881584, 0.03572808397059345, 0.03427781350345514, 0.03309813106562172, 0.031639416134799855, 0.02970329439236902, 0.027599049067936567, 0.02603054913364457, 0.024090316372098155, 0.02220132238001286, 0.02051452966091278, 0.019044426362309692, 0.017805605247084858, 0.01643252777018217, 0.01523003850809785, 0.01424180324883461, 0.013706552220618947, 0.0130880570946912, 0.012988920737072255, 0.013178248200839212, 0.013386796436950147, 0.01359897371732897, 0.01439195864266014, 0.015495810506657983, 0.016686507754200334, 0.01807173050136072, 0.019341411872889052, 0.020370802976522343, 0.0213787239197115, 0.02262888584538598, 0.02401686851684336, 0.025523335513576738, 0.026670410326906566, 0.02758824337325398, 0.02810647098585074, 0.028219175888028712, 0.02804128716256827, 0.027840212128430745, 0.02799079668741686, 0.027988272685847155, 0.02831306909632167, 0.028434723397990712, 0.0285549391753426, 0.02832607944879636, 0.02800347501499142, 0.027460301198426997, 0.02681840364884072, 0.026203190519756815, 0.02552364346313934, 0.024940794741503684, 0.024553643852497812, 0.024009602077058226, 0.023587486328410737, 0.023053226444370627, 0.02237349941244249, 0.021247392964358097, 0.01948489409103017, 0.01759577829009665, 0.015969918059865678, 0.014849832783247986, 0.014164911869984548, 0.013546042864334782, 0.01328357500957488, 0.012905521640083246, 0.012806686101790404, 0.01256569256360443, 0.01270015008783326, 0.013333718053885597, 0.014364706842779438, 0.015230812921928084, 0.016214173123414017, 0.017422309714956504, 0.01848297873673576, 0.019690103784110968, 0.02062988015396428, 0.021304326954883004, 0.021542023987470748, 0.021445001132587415, 0.02128479356968176, 0.021154257299581803, 0.020548768777841446, 0.020419411659703072, 0.020346908766621045, 0.02018386842926173, 0.020060715556614095, 0.019970155121820186, 0.019905412966441507, 0.019860328269953802, 0.019689549628068632, 0.019110038324468673, 0.018401772510693467, 0.01773443768827515, 0.01691379473734185, 0.0163889904882787, 0.015891976533507178, 0.015695148472402557, 0.015634975895130635, 0.01548249397414641, 0.015250362203767827, 0.01446715870868431, 0.013690714184349355, 0.013111437378948002, 0.01280400987898366, 0.012789088065484542, 0.012885508256999974, 0.012645414791893052, 0.012533763320360268, 0.01300792748125149, 0.014045480441271196, 0.015593406388961941, 0.017496649938682926, 0.01947963017829757, 0.021814960986639112, 0.0244888991790445, 0.027455202671237973, 0.030462142682767764, 0.03347516022004274, 0.03632355277573078, 0.03911728575744543, 0.041489125175428104, 0.043617926344794986, 0.04507509866910146, 0.045973158335007626, 0.046666313335408376, 0.047747911364257295, 0.04910015737076979, 0.051170936172887156, 0.05323921785426519, 0.05484930583024696, 0.05598397968583077, 0.056516639752925084, 0.05678375349578094, 0.05655312215346535, 0.05709318659280136, 0.05753330561326649, 0.05822424761198231, 0.05856641837777238, 0.058663546697002605, 0.05829520111627496, 0.058019458378357286, 0.05786276302771312, 0.057678835712609886, 0.05721489013034267, 0.05620972754199197, 0.05488023496470325, 0.05291870088860013, 0.05085359195424363, 0.04836971777146554, 0.045888993393773454, 0.04332790860019442, 0.040721243397433354, 0.03815348906679705, 0.03609755066086763, 0.03431153121207709, 0.03269994312791247, 0.03113246913067769, 0.029533434333839276, 0.02779284963423818, 0.02581340528028532, 0.023636664296078556, 0.021032966406022018, 0.018298152858289164, 0.015471223173718233, 0.012975006021594128, 0.011476514573927241, 0.011190786613452559, 0.012013514795745658, 0.013192708648177051, 0.0146026096239084, 0.016627808096549106, 0.019288816219412905, 0.022115031993867204, 0.024956066779425322, 0.027947127033299147, 0.030317719296220055, 0.03213024736687776, 0.033908117916643665, 0.035613155393420214, 0.03695858371541455, 0.0370883147011733, 0.035844860180821725, 0.03331269225961453, 0.030127822662769057, 0.026675716455458534, 0.02305094507263966, 0.019294584365168215, 0.016588874620184203, 0.013459760460278334, 0.010513659470637583, 0.008184205378854309, 0.005908681970234855, 0.003908372487361734, 0.002250880846271649, 0.001837561814419065, 0.003902446460586522, 0.00649131804032715, 0.008842266053540701, 0.011337576744963709, 0.013847821453172829, 0.016241515374979285, 0.018506880743639053, 0.020753891025054552, 0.022854281545735794, 0.025177910908837288, 0.027764777035113285, 0.0302577363231247, 0.032552204835272186, 0.033962244268502154, 0.03530995724171245, 0.036795414568091225, 0.03840706162943578, 0.039993850675796264, 0.04133645030179679, 0.04211247094820217, 0.04239213751353172, 0.042192499106345205, 0.04200269786908514, 0.041897190162155235, 0.041830932940717325, 0.04166737666619139, 0.04206882264734189, 0.0426127097658282, 0.042895687146734904, 0.04300135533202284, 0.04249799814293581, 0.041897582995049115, 0.04072077112408416, 0.03927976254850985, 0.037331499513228325, 0.035889992777759706, 0.03456359233645024, 0.033243529781910974, 0.03199033675126687, 0.03059935779738079, 0.029272240636492235, 0.027900707354997015, 0.02654938414970694, 0.02543173352052397, 0.024311103096379235, 0.023065212419431085, 0.021685454855791198, 0.02041159885695607, 0.019056064221564174, 0.017656707279948437, 0.01626614648165674, 0.015012383850973622, 0.013603567963072178, 0.012189757837366814, 0.010674529938407772, 0.009407142987148039, 0.008344525906195775, 0.007439054007672372, 0.0072034584519923735, 0.007775010970036668, 0.009047582903156274, 0.010731538882415681, 0.01253460028234948, 0.014333543563369548, 0.016070624592636203, 0.017817726146123574, 0.019557256660804743, 0.02116824086555951, 0.022529303997840977, 0.023628588936546305, 0.02391411988476377, 0.02359656311707365, 0.022355277074164143, 0.020961866673625245, 0.018393580144489934, 0.015660552711922182, 0.013874328661167971, 0.01254026736778108, 0.011812131260623127, 0.010800298354986543, 0.00961805971638548, 0.008471507575266851, 0.007656757785702683, 0.006719580941926242, 0.0056999472982024405, 0.005125787188458596, 0.00504686530895439, 0.005697178935649704, 0.006245540782853768, 0.0070976650798796875, 0.007900543705723831, 0.008755370167568399, 0.009807746909975117, 0.011209592216881203, 0.01276960312030194, 0.014467251258771754, 0.015865855510978952, 0.01751794577394112, 0.01978728846519214, 0.022540086452385207, 0.024859037758439572, 0.02589623397823137, 0.02611181133516041, 0.026565850619759173, 0.0272557734372972, 0.02776644526036269, 0.02799937699621002, 0.02818388188652303, 0.02806005928616626, 0.028083982827741123, 0.02781538632605852, 0.027763976455106594, 0.028120518002563644, 0.028688559534023904, 0.029389365084960088, 0.030059907204608147, 0.03052096911154336, 0.031053468449087778, 0.03142000488428638, 0.03173833045042581, 0.031892653890475096, 0.03198060527161537, 0.031944507243272385, 0.03180892531117334, 0.03180195743523648, 0.03175983113429147, 0.03185651864929952, 0.032146459060636644, 0.032526908876218445, 0.033087790299913135, 0.03370146462957083, 0.0342847740780508, 0.0344768243549477, 0.03441738754137779, 0.034008301029805295]",0.008344525906195775,0.11108508072134782,0.005912359611587759,0.00588855809366251,0.0,0.0,0.030444537942326155,0.11108508072134782,0.005912359611587759,0.00588855809366251,8.088,1717635308.8091912,2024-06-06_10-55-08
0.5059,0.09336,0.4337872385780983,0.3944763660921484,0.08694287747936627,0.43002425265143823,0.5059,0.09336,0.40148599427829496,0.3944763660921484,0.08694287747936627,0.43002425265143823,0.007439054007672372,"[0.011315756658919754, 0.012192407496521018, 0.01288995615295488, 0.01359963525141729, 0.014321891165186378, 0.015181047888625853, 0.01592941522152252, 0.01673874496494045, 0.01751440457689525, 0.01835087734908702, 0.019202544572813795, 0.020070622325609303, 0.02095627718778323, 0.02186061264947246, 0.022737260153569413, 0.023681097053535004, 0.024646250751560458, 0.025633386418693636, 0.02659237614956749, 0.027623542314219474, 0.0286250346734827, 0.029647102596467904, 0.03056454213255984, 0.031680305841655834, 0.03263530150735364, 0.033606764937046466, 0.034593095597664145, 0.03536350794006898, 0.035930760474075646, 0.03631257033147624, 0.03661317474198803, 0.03688385713543919, 0.03738127616234113, 0.037934719347479336, 0.03858163380471939, 0.03921882339006296, 0.03999131852533767, 0.04074980907886149, 0.04127472956039594, 0.04151563832077664, 0.04151964454301027, 0.04123464219442919, 0.04096829512038153, 0.04056460486818273, 0.04028281736824196, 0.04000166841569801, 0.03919762289117317, 0.037812479337396496, 0.03622310391275238, 0.03453579653228067, 0.0330206041779641, 0.031565009966306234, 0.03054064037737075, 0.029904305612678588, 0.029394155816597912, 0.028896840658953926, 0.02825322628704274, 0.027685220830545497, 0.02666364029859006, 0.025486033827772144, 0.02414387260068274, 0.023028867611909868, 0.022681878550084772, 0.02299235797660897, 0.02387546679328945, 0.024738332374206702, 0.025547718436096926, 0.026640938816603423, 0.02759836215880636, 0.028240938725365098, 0.028199955208514017, 0.028168175430310402, 0.02767018559717724, 0.027414861073674215, 0.027239233260695786, 0.0274939869379551, 0.027874761581110984, 0.02868161073982207, 0.029514734605865275, 0.030345172291974937, 0.031248268714928727, 0.032298002681611045, 0.033509628354587276, 0.0348066615601669, 0.03569061118903811, 0.03631377821401384, 0.03654105211474412, 0.03646788532881584, 0.03572808397059345, 0.03427781350345514, 0.03309813106562172, 0.031639416134799855, 0.02970329439236902, 0.027599049067936567, 0.02603054913364457, 0.024090316372098155, 0.02220132238001286, 0.02051452966091278, 0.019044426362309692, 0.017805605247084858, 0.01643252777018217, 0.01523003850809785, 0.01424180324883461, 0.013706552220618947, 0.0130880570946912, 0.012988920737072255, 0.013178248200839212, 0.013386796436950147, 0.01359897371732897, 0.01439195864266014, 0.015495810506657983, 0.016686507754200334, 0.01807173050136072, 0.019341411872889052, 0.020370802976522343, 0.0213787239197115, 0.02262888584538598, 0.02401686851684336, 0.025523335513576738, 0.026670410326906566, 0.02758824337325398, 0.02810647098585074, 0.028219175888028712, 0.02804128716256827, 0.027840212128430745, 0.02799079668741686, 0.027988272685847155, 0.02831306909632167, 0.028434723397990712, 0.0285549391753426, 0.02832607944879636, 0.02800347501499142, 0.027460301198426997, 0.02681840364884072, 0.026203190519756815, 0.02552364346313934, 0.024940794741503684, 0.024553643852497812, 0.024009602077058226, 0.023587486328410737, 0.023053226444370627, 0.02237349941244249, 0.021247392964358097, 0.01948489409103017, 0.01759577829009665, 0.015969918059865678, 0.014849832783247986, 0.014164911869984548, 0.013546042864334782, 0.01328357500957488, 0.012905521640083246, 0.012806686101790404, 0.01256569256360443, 0.01270015008783326, 0.013333718053885597, 0.014364706842779438, 0.015230812921928084, 0.016214173123414017, 0.017422309714956504, 0.01848297873673576, 0.019690103784110968, 0.02062988015396428, 0.021304326954883004, 0.021542023987470748, 0.021445001132587415, 0.02128479356968176, 0.021154257299581803, 0.020548768777841446, 0.020419411659703072, 0.020346908766621045, 0.02018386842926173, 0.020060715556614095, 0.019970155121820186, 0.019905412966441507, 0.019860328269953802, 0.019689549628068632, 0.019110038324468673, 0.018401772510693467, 0.01773443768827515, 0.01691379473734185, 0.0163889904882787, 0.015891976533507178, 0.015695148472402557, 0.015634975895130635, 0.01548249397414641, 0.015250362203767827, 0.01446715870868431, 0.013690714184349355, 0.013111437378948002, 0.01280400987898366, 0.012789088065484542, 0.012885508256999974, 0.012645414791893052, 0.012533763320360268, 0.01300792748125149, 0.014045480441271196, 0.015593406388961941, 0.017496649938682926, 0.01947963017829757, 0.021814960986639112, 0.0244888991790445, 0.027455202671237973, 0.030462142682767764, 0.03347516022004274, 0.03632355277573078, 0.03911728575744543, 0.041489125175428104, 0.043617926344794986, 0.04507509866910146, 0.045973158335007626, 0.046666313335408376, 0.047747911364257295, 0.04910015737076979, 0.051170936172887156, 0.05323921785426519, 0.05484930583024696, 0.05598397968583077, 0.056516639752925084, 0.05678375349578094, 0.05655312215346535, 0.05709318659280136, 0.05753330561326649, 0.05822424761198231, 0.05856641837777238, 0.058663546697002605, 0.05829520111627496, 0.058019458378357286, 0.05786276302771312, 0.057678835712609886, 0.05721489013034267, 0.05620972754199197, 0.05488023496470325, 0.05291870088860013, 0.05085359195424363, 0.04836971777146554, 0.045888993393773454, 0.04332790860019442, 0.040721243397433354, 0.03815348906679705, 0.03609755066086763, 0.03431153121207709, 0.03269994312791247, 0.03113246913067769, 0.029533434333839276, 0.02779284963423818, 0.02581340528028532, 0.023636664296078556, 0.021032966406022018, 0.018298152858289164, 0.015471223173718233, 0.012975006021594128, 0.011476514573927241, 0.011190786613452559, 0.012013514795745658, 0.013192708648177051, 0.0146026096239084, 0.016627808096549106, 0.019288816219412905, 0.022115031993867204, 0.024956066779425322, 0.027947127033299147, 0.030317719296220055, 0.03213024736687776, 0.033908117916643665, 0.035613155393420214, 0.03695858371541455, 0.0370883147011733, 0.035844860180821725, 0.03331269225961453, 0.030127822662769057, 0.026675716455458534, 0.02305094507263966, 0.019294584365168215, 0.016588874620184203, 0.013459760460278334, 0.010513659470637583, 0.008184205378854309, 0.005908681970234855, 0.003908372487361734, 0.002250880846271649, 0.001837561814419065, 0.003902446460586522, 0.00649131804032715, 0.008842266053540701, 0.011337576744963709, 0.013847821453172829, 0.016241515374979285, 0.018506880743639053, 0.020753891025054552, 0.022854281545735794, 0.025177910908837288, 0.027764777035113285, 0.0302577363231247, 0.032552204835272186, 0.033962244268502154, 0.03530995724171245, 0.036795414568091225, 0.03840706162943578, 0.039993850675796264, 0.04133645030179679, 0.04211247094820217, 0.04239213751353172, 0.042192499106345205, 0.04200269786908514, 0.041897190162155235, 0.041830932940717325, 0.04166737666619139, 0.04206882264734189, 0.0426127097658282, 0.042895687146734904, 0.04300135533202284, 0.04249799814293581, 0.041897582995049115, 0.04072077112408416, 0.03927976254850985, 0.037331499513228325, 0.035889992777759706, 0.03456359233645024, 0.033243529781910974, 0.03199033675126687, 0.03059935779738079, 0.029272240636492235, 0.027900707354997015, 0.02654938414970694, 0.02543173352052397, 0.024311103096379235, 0.023065212419431085, 0.021685454855791198, 0.02041159885695607, 0.019056064221564174, 0.017656707279948437, 0.01626614648165674, 0.015012383850973622, 0.013603567963072178, 0.012189757837366814, 0.010674529938407772, 0.009407142987148039, 0.008344525906195775, 0.007439054007672372, 0.0072034584519923735, 0.007775010970036668, 0.009047582903156274, 0.010731538882415681, 0.01253460028234948, 0.014333543563369548, 0.016070624592636203, 0.017817726146123574, 0.019557256660804743, 0.02116824086555951, 0.022529303997840977, 0.023628588936546305, 0.02391411988476377, 0.02359656311707365, 0.022355277074164143, 0.020961866673625245, 0.018393580144489934, 0.015660552711922182, 0.013874328661167971, 0.01254026736778108, 0.011812131260623127, 0.010800298354986543, 0.00961805971638548, 0.008471507575266851, 0.007656757785702683, 0.006719580941926242, 0.0056999472982024405, 0.005125787188458596, 0.00504686530895439, 0.005697178935649704, 0.006245540782853768, 0.0070976650798796875, 0.007900543705723831, 0.008755370167568399, 0.009807746909975117, 0.011209592216881203, 0.01276960312030194, 0.014467251258771754, 0.015865855510978952, 0.01751794577394112, 0.01978728846519214, 0.022540086452385207, 0.024859037758439572, 0.02589623397823137, 0.02611181133516041, 0.026565850619759173, 0.0272557734372972, 0.02776644526036269, 0.02799937699621002, 0.02818388188652303, 0.02806005928616626, 0.028083982827741123, 0.02781538632605852, 0.027763976455106594, 0.028120518002563644, 0.028688559534023904, 0.029389365084960088, 0.030059907204608147, 0.03052096911154336, 0.031053468449087778, 0.03142000488428638, 0.03173833045042581, 0.031892653890475096, 0.03198060527161537, 0.031944507243272385, 0.03180892531117334, 0.03180195743523648, 0.03175983113429147, 0.03185651864929952, 0.032146459060636644, 0.032526908876218445, 0.033087790299913135, 0.03370146462957083, 0.0342847740780508, 0.0344768243549477, 0.03441738754137779, 0.034008301029805295]",0.007439054007672372,0.1114236339078516,0.006417122520633728,0.0037629859266600785,0.0,0.0,0.032301244299803356,0.1114236339078516,0.006417122520633728,0.0037629859266600785,8.112,1717635308.8352678,2024-06-06_10-55-08
0.5059,0.09408,0.4319685806842572,0.39416941113632387,0.0870301456252072,0.43048892972413344,0.5059,0.09408,0.3980798669488298,0.39416941113632387,0.0870301456252072,0.43048892972413344,0.0072034584519923735,"[0.011315756658919754, 0.012192407496521018, 0.01288995615295488, 0.01359963525141729, 0.014321891165186378, 0.015181047888625853, 0.01592941522152252, 0.01673874496494045, 0.01751440457689525, 0.01835087734908702, 0.019202544572813795, 0.020070622325609303, 0.02095627718778323, 0.02186061264947246, 0.022737260153569413, 0.023681097053535004, 0.024646250751560458, 0.025633386418693636, 0.02659237614956749, 0.027623542314219474, 0.0286250346734827, 0.029647102596467904, 0.03056454213255984, 0.031680305841655834, 0.03263530150735364, 0.033606764937046466, 0.034593095597664145, 0.03536350794006898, 0.035930760474075646, 0.03631257033147624, 0.03661317474198803, 0.03688385713543919, 0.03738127616234113, 0.037934719347479336, 0.03858163380471939, 0.03921882339006296, 0.03999131852533767, 0.04074980907886149, 0.04127472956039594, 0.04151563832077664, 0.04151964454301027, 0.04123464219442919, 0.04096829512038153, 0.04056460486818273, 0.04028281736824196, 0.04000166841569801, 0.03919762289117317, 0.037812479337396496, 0.03622310391275238, 0.03453579653228067, 0.0330206041779641, 0.031565009966306234, 0.03054064037737075, 0.029904305612678588, 0.029394155816597912, 0.028896840658953926, 0.02825322628704274, 0.027685220830545497, 0.02666364029859006, 0.025486033827772144, 0.02414387260068274, 0.023028867611909868, 0.022681878550084772, 0.02299235797660897, 0.02387546679328945, 0.024738332374206702, 0.025547718436096926, 0.026640938816603423, 0.02759836215880636, 0.028240938725365098, 0.028199955208514017, 0.028168175430310402, 0.02767018559717724, 0.027414861073674215, 0.027239233260695786, 0.0274939869379551, 0.027874761581110984, 0.02868161073982207, 0.029514734605865275, 0.030345172291974937, 0.031248268714928727, 0.032298002681611045, 0.033509628354587276, 0.0348066615601669, 0.03569061118903811, 0.03631377821401384, 0.03654105211474412, 0.03646788532881584, 0.03572808397059345, 0.03427781350345514, 0.03309813106562172, 0.031639416134799855, 0.02970329439236902, 0.027599049067936567, 0.02603054913364457, 0.024090316372098155, 0.02220132238001286, 0.02051452966091278, 0.019044426362309692, 0.017805605247084858, 0.01643252777018217, 0.01523003850809785, 0.01424180324883461, 0.013706552220618947, 0.0130880570946912, 0.012988920737072255, 0.013178248200839212, 0.013386796436950147, 0.01359897371732897, 0.01439195864266014, 0.015495810506657983, 0.016686507754200334, 0.01807173050136072, 0.019341411872889052, 0.020370802976522343, 0.0213787239197115, 0.02262888584538598, 0.02401686851684336, 0.025523335513576738, 0.026670410326906566, 0.02758824337325398, 0.02810647098585074, 0.028219175888028712, 0.02804128716256827, 0.027840212128430745, 0.02799079668741686, 0.027988272685847155, 0.02831306909632167, 0.028434723397990712, 0.0285549391753426, 0.02832607944879636, 0.02800347501499142, 0.027460301198426997, 0.02681840364884072, 0.026203190519756815, 0.02552364346313934, 0.024940794741503684, 0.024553643852497812, 0.024009602077058226, 0.023587486328410737, 0.023053226444370627, 0.02237349941244249, 0.021247392964358097, 0.01948489409103017, 0.01759577829009665, 0.015969918059865678, 0.014849832783247986, 0.014164911869984548, 0.013546042864334782, 0.01328357500957488, 0.012905521640083246, 0.012806686101790404, 0.01256569256360443, 0.01270015008783326, 0.013333718053885597, 0.014364706842779438, 0.015230812921928084, 0.016214173123414017, 0.017422309714956504, 0.01848297873673576, 0.019690103784110968, 0.02062988015396428, 0.021304326954883004, 0.021542023987470748, 0.021445001132587415, 0.02128479356968176, 0.021154257299581803, 0.020548768777841446, 0.020419411659703072, 0.020346908766621045, 0.02018386842926173, 0.020060715556614095, 0.019970155121820186, 0.019905412966441507, 0.019860328269953802, 0.019689549628068632, 0.019110038324468673, 0.018401772510693467, 0.01773443768827515, 0.01691379473734185, 0.0163889904882787, 0.015891976533507178, 0.015695148472402557, 0.015634975895130635, 0.01548249397414641, 0.015250362203767827, 0.01446715870868431, 0.013690714184349355, 0.013111437378948002, 0.01280400987898366, 0.012789088065484542, 0.012885508256999974, 0.012645414791893052, 0.012533763320360268, 0.01300792748125149, 0.014045480441271196, 0.015593406388961941, 0.017496649938682926, 0.01947963017829757, 0.021814960986639112, 0.0244888991790445, 0.027455202671237973, 0.030462142682767764, 0.03347516022004274, 0.03632355277573078, 0.03911728575744543, 0.041489125175428104, 0.043617926344794986, 0.04507509866910146, 0.045973158335007626, 0.046666313335408376, 0.047747911364257295, 0.04910015737076979, 0.051170936172887156, 0.05323921785426519, 0.05484930583024696, 0.05598397968583077, 0.056516639752925084, 0.05678375349578094, 0.05655312215346535, 0.05709318659280136, 0.05753330561326649, 0.05822424761198231, 0.05856641837777238, 0.058663546697002605, 0.05829520111627496, 0.058019458378357286, 0.05786276302771312, 0.057678835712609886, 0.05721489013034267, 0.05620972754199197, 0.05488023496470325, 0.05291870088860013, 0.05085359195424363, 0.04836971777146554, 0.045888993393773454, 0.04332790860019442, 0.040721243397433354, 0.03815348906679705, 0.03609755066086763, 0.03431153121207709, 0.03269994312791247, 0.03113246913067769, 0.029533434333839276, 0.02779284963423818, 0.02581340528028532, 0.023636664296078556, 0.021032966406022018, 0.018298152858289164, 0.015471223173718233, 0.012975006021594128, 0.011476514573927241, 0.011190786613452559, 0.012013514795745658, 0.013192708648177051, 0.0146026096239084, 0.016627808096549106, 0.019288816219412905, 0.022115031993867204, 0.024956066779425322, 0.027947127033299147, 0.030317719296220055, 0.03213024736687776, 0.033908117916643665, 0.035613155393420214, 0.03695858371541455, 0.0370883147011733, 0.035844860180821725, 0.03331269225961453, 0.030127822662769057, 0.026675716455458534, 0.02305094507263966, 0.019294584365168215, 0.016588874620184203, 0.013459760460278334, 0.010513659470637583, 0.008184205378854309, 0.005908681970234855, 0.003908372487361734, 0.002250880846271649, 0.001837561814419065, 0.003902446460586522, 0.00649131804032715, 0.008842266053540701, 0.011337576744963709, 0.013847821453172829, 0.016241515374979285, 0.018506880743639053, 0.020753891025054552, 0.022854281545735794, 0.025177910908837288, 0.027764777035113285, 0.0302577363231247, 0.032552204835272186, 0.033962244268502154, 0.03530995724171245, 0.036795414568091225, 0.03840706162943578, 0.039993850675796264, 0.04133645030179679, 0.04211247094820217, 0.04239213751353172, 0.042192499106345205, 0.04200269786908514, 0.041897190162155235, 0.041830932940717325, 0.04166737666619139, 0.04206882264734189, 0.0426127097658282, 0.042895687146734904, 0.04300135533202284, 0.04249799814293581, 0.041897582995049115, 0.04072077112408416, 0.03927976254850985, 0.037331499513228325, 0.035889992777759706, 0.03456359233645024, 0.033243529781910974, 0.03199033675126687, 0.03059935779738079, 0.029272240636492235, 0.027900707354997015, 0.02654938414970694, 0.02543173352052397, 0.024311103096379235, 0.023065212419431085, 0.021685454855791198, 0.02041159885695607, 0.019056064221564174, 0.017656707279948437, 0.01626614648165674, 0.015012383850973622, 0.013603567963072178, 0.012189757837366814, 0.010674529938407772, 0.009407142987148039, 0.008344525906195775, 0.007439054007672372, 0.0072034584519923735, 0.007775010970036668, 0.009047582903156274, 0.010731538882415681, 0.01253460028234948, 0.014333543563369548, 0.016070624592636203, 0.017817726146123574, 0.019557256660804743, 0.02116824086555951, 0.022529303997840977, 0.023628588936546305, 0.02391411988476377, 0.02359656311707365, 0.022355277074164143, 0.020961866673625245, 0.018393580144489934, 0.015660552711922182, 0.013874328661167971, 0.01254026736778108, 0.011812131260623127, 0.010800298354986543, 0.00961805971638548, 0.008471507575266851, 0.007656757785702683, 0.006719580941926242, 0.0056999472982024405, 0.005125787188458596, 0.00504686530895439, 0.005697178935649704, 0.006245540782853768, 0.0070976650798796875, 0.007900543705723831, 0.008755370167568399, 0.009807746909975117, 0.011209592216881203, 0.01276960312030194, 0.014467251258771754, 0.015865855510978952, 0.01751794577394112, 0.01978728846519214, 0.022540086452385207, 0.024859037758439572, 0.02589623397823137, 0.02611181133516041, 0.026565850619759173, 0.0272557734372972, 0.02776644526036269, 0.02799937699621002, 0.02818388188652303, 0.02806005928616626, 0.028083982827741123, 0.02781538632605852, 0.027763976455106594, 0.028120518002563644, 0.028688559534023904, 0.029389365084960088, 0.030059907204608147, 0.03052096911154336, 0.031053468449087778, 0.03142000488428638, 0.03173833045042581, 0.031892653890475096, 0.03198060527161537, 0.031944507243272385, 0.03180892531117334, 0.03180195743523648, 0.03175983113429147, 0.03185651864929952, 0.032146459060636644, 0.032526908876218445, 0.033087790299913135, 0.03370146462957083, 0.0342847740780508, 0.0344768243549477, 0.03441738754137779, 0.034008301029805295]",0.0072034584519923735,0.11173058886367615,0.007049854374792802,0.0014796509601237573,0.0,0.0,0.0338887137354274,0.11173058886367615,0.007049854374792802,0.0014796509601237573,8.136,1717635308.8573413,2024-06-06_10-55-08
0.5059,0.09479999999999997,0.43013733635366563,0.3938357392579832,0.08708015167423919,0.43106185645157535,0.5059,0.09479999999999997,0.39466115318261424,0.3938357392579832,0.08708015167423919,0.43106185645157535,0.007775010970036668,"[0.011315756658919754, 0.012192407496521018, 0.01288995615295488, 0.01359963525141729, 0.014321891165186378, 0.015181047888625853, 0.01592941522152252, 0.01673874496494045, 0.01751440457689525, 0.01835087734908702, 0.019202544572813795, 0.020070622325609303, 0.02095627718778323, 0.02186061264947246, 0.022737260153569413, 0.023681097053535004, 0.024646250751560458, 0.025633386418693636, 0.02659237614956749, 0.027623542314219474, 0.0286250346734827, 0.029647102596467904, 0.03056454213255984, 0.031680305841655834, 0.03263530150735364, 0.033606764937046466, 0.034593095597664145, 0.03536350794006898, 0.035930760474075646, 0.03631257033147624, 0.03661317474198803, 0.03688385713543919, 0.03738127616234113, 0.037934719347479336, 0.03858163380471939, 0.03921882339006296, 0.03999131852533767, 0.04074980907886149, 0.04127472956039594, 0.04151563832077664, 0.04151964454301027, 0.04123464219442919, 0.04096829512038153, 0.04056460486818273, 0.04028281736824196, 0.04000166841569801, 0.03919762289117317, 0.037812479337396496, 0.03622310391275238, 0.03453579653228067, 0.0330206041779641, 0.031565009966306234, 0.03054064037737075, 0.029904305612678588, 0.029394155816597912, 0.028896840658953926, 0.02825322628704274, 0.027685220830545497, 0.02666364029859006, 0.025486033827772144, 0.02414387260068274, 0.023028867611909868, 0.022681878550084772, 0.02299235797660897, 0.02387546679328945, 0.024738332374206702, 0.025547718436096926, 0.026640938816603423, 0.02759836215880636, 0.028240938725365098, 0.028199955208514017, 0.028168175430310402, 0.02767018559717724, 0.027414861073674215, 0.027239233260695786, 0.0274939869379551, 0.027874761581110984, 0.02868161073982207, 0.029514734605865275, 0.030345172291974937, 0.031248268714928727, 0.032298002681611045, 0.033509628354587276, 0.0348066615601669, 0.03569061118903811, 0.03631377821401384, 0.03654105211474412, 0.03646788532881584, 0.03572808397059345, 0.03427781350345514, 0.03309813106562172, 0.031639416134799855, 0.02970329439236902, 0.027599049067936567, 0.02603054913364457, 0.024090316372098155, 0.02220132238001286, 0.02051452966091278, 0.019044426362309692, 0.017805605247084858, 0.01643252777018217, 0.01523003850809785, 0.01424180324883461, 0.013706552220618947, 0.0130880570946912, 0.012988920737072255, 0.013178248200839212, 0.013386796436950147, 0.01359897371732897, 0.01439195864266014, 0.015495810506657983, 0.016686507754200334, 0.01807173050136072, 0.019341411872889052, 0.020370802976522343, 0.0213787239197115, 0.02262888584538598, 0.02401686851684336, 0.025523335513576738, 0.026670410326906566, 0.02758824337325398, 0.02810647098585074, 0.028219175888028712, 0.02804128716256827, 0.027840212128430745, 0.02799079668741686, 0.027988272685847155, 0.02831306909632167, 0.028434723397990712, 0.0285549391753426, 0.02832607944879636, 0.02800347501499142, 0.027460301198426997, 0.02681840364884072, 0.026203190519756815, 0.02552364346313934, 0.024940794741503684, 0.024553643852497812, 0.024009602077058226, 0.023587486328410737, 0.023053226444370627, 0.02237349941244249, 0.021247392964358097, 0.01948489409103017, 0.01759577829009665, 0.015969918059865678, 0.014849832783247986, 0.014164911869984548, 0.013546042864334782, 0.01328357500957488, 0.012905521640083246, 0.012806686101790404, 0.01256569256360443, 0.01270015008783326, 0.013333718053885597, 0.014364706842779438, 0.015230812921928084, 0.016214173123414017, 0.017422309714956504, 0.01848297873673576, 0.019690103784110968, 0.02062988015396428, 0.021304326954883004, 0.021542023987470748, 0.021445001132587415, 0.02128479356968176, 0.021154257299581803, 0.020548768777841446, 0.020419411659703072, 0.020346908766621045, 0.02018386842926173, 0.020060715556614095, 0.019970155121820186, 0.019905412966441507, 0.019860328269953802, 0.019689549628068632, 0.019110038324468673, 0.018401772510693467, 0.01773443768827515, 0.01691379473734185, 0.0163889904882787, 0.015891976533507178, 0.015695148472402557, 0.015634975895130635, 0.01548249397414641, 0.015250362203767827, 0.01446715870868431, 0.013690714184349355, 0.013111437378948002, 0.01280400987898366, 0.012789088065484542, 0.012885508256999974, 0.012645414791893052, 0.012533763320360268, 0.01300792748125149, 0.014045480441271196, 0.015593406388961941, 0.017496649938682926, 0.01947963017829757, 0.021814960986639112, 0.0244888991790445, 0.027455202671237973, 0.030462142682767764, 0.03347516022004274, 0.03632355277573078, 0.03911728575744543, 0.041489125175428104, 0.043617926344794986, 0.04507509866910146, 0.045973158335007626, 0.046666313335408376, 0.047747911364257295, 0.04910015737076979, 0.051170936172887156, 0.05323921785426519, 0.05484930583024696, 0.05598397968583077, 0.056516639752925084, 0.05678375349578094, 0.05655312215346535, 0.05709318659280136, 0.05753330561326649, 0.05822424761198231, 0.05856641837777238, 0.058663546697002605, 0.05829520111627496, 0.058019458378357286, 0.05786276302771312, 0.057678835712609886, 0.05721489013034267, 0.05620972754199197, 0.05488023496470325, 0.05291870088860013, 0.05085359195424363, 0.04836971777146554, 0.045888993393773454, 0.04332790860019442, 0.040721243397433354, 0.03815348906679705, 0.03609755066086763, 0.03431153121207709, 0.03269994312791247, 0.03113246913067769, 0.029533434333839276, 0.02779284963423818, 0.02581340528028532, 0.023636664296078556, 0.021032966406022018, 0.018298152858289164, 0.015471223173718233, 0.012975006021594128, 0.011476514573927241, 0.011190786613452559, 0.012013514795745658, 0.013192708648177051, 0.0146026096239084, 0.016627808096549106, 0.019288816219412905, 0.022115031993867204, 0.024956066779425322, 0.027947127033299147, 0.030317719296220055, 0.03213024736687776, 0.033908117916643665, 0.035613155393420214, 0.03695858371541455, 0.0370883147011733, 0.035844860180821725, 0.03331269225961453, 0.030127822662769057, 0.026675716455458534, 0.02305094507263966, 0.019294584365168215, 0.016588874620184203, 0.013459760460278334, 0.010513659470637583, 0.008184205378854309, 0.005908681970234855, 0.003908372487361734, 0.002250880846271649, 0.001837561814419065, 0.003902446460586522, 0.00649131804032715, 0.008842266053540701, 0.011337576744963709, 0.013847821453172829, 0.016241515374979285, 0.018506880743639053, 0.020753891025054552, 0.022854281545735794, 0.025177910908837288, 0.027764777035113285, 0.0302577363231247, 0.032552204835272186, 0.033962244268502154, 0.03530995724171245, 0.036795414568091225, 0.03840706162943578, 0.039993850675796264, 0.04133645030179679, 0.04211247094820217, 0.04239213751353172, 0.042192499106345205, 0.04200269786908514, 0.041897190162155235, 0.041830932940717325, 0.04166737666619139, 0.04206882264734189, 0.0426127097658282, 0.042895687146734904, 0.04300135533202284, 0.04249799814293581, 0.041897582995049115, 0.04072077112408416, 0.03927976254850985, 0.037331499513228325, 0.035889992777759706, 0.03456359233645024, 0.033243529781910974, 0.03199033675126687, 0.03059935779738079, 0.029272240636492235, 0.027900707354997015, 0.02654938414970694, 0.02543173352052397, 0.024311103096379235, 0.023065212419431085, 0.021685454855791198, 0.02041159885695607, 0.019056064221564174, 0.017656707279948437, 0.01626614648165674, 0.015012383850973622, 0.013603567963072178, 0.012189757837366814, 0.010674529938407772, 0.009407142987148039, 0.008344525906195775, 0.007439054007672372, 0.0072034584519923735, 0.007775010970036668, 0.009047582903156274, 0.010731538882415681, 0.01253460028234948, 0.014333543563369548, 0.016070624592636203, 0.017817726146123574, 0.019557256660804743, 0.02116824086555951, 0.022529303997840977, 0.023628588936546305, 0.02391411988476377, 0.02359656311707365, 0.022355277074164143, 0.020961866673625245, 0.018393580144489934, 0.015660552711922182, 0.013874328661167971, 0.01254026736778108, 0.011812131260623127, 0.010800298354986543, 0.00961805971638548, 0.008471507575266851, 0.007656757785702683, 0.006719580941926242, 0.0056999472982024405, 0.005125787188458596, 0.00504686530895439, 0.005697178935649704, 0.006245540782853768, 0.0070976650798796875, 0.007900543705723831, 0.008755370167568399, 0.009807746909975117, 0.011209592216881203, 0.01276960312030194, 0.014467251258771754, 0.015865855510978952, 0.01751794577394112, 0.01978728846519214, 0.022540086452385207, 0.024859037758439572, 0.02589623397823137, 0.02611181133516041, 0.026565850619759173, 0.0272557734372972, 0.02776644526036269, 0.02799937699621002, 0.02818388188652303, 0.02806005928616626, 0.028083982827741123, 0.02781538632605852, 0.027763976455106594, 0.028120518002563644, 0.028688559534023904, 0.029389365084960088, 0.030059907204608147, 0.03052096911154336, 0.031053468449087778, 0.03142000488428638, 0.03173833045042581, 0.031892653890475096, 0.03198060527161537, 0.031944507243272385, 0.03180892531117334, 0.03180195743523648, 0.03175983113429147, 0.03185651864929952, 0.032146459060636644, 0.032526908876218445, 0.033087790299913135, 0.03370146462957083, 0.0342847740780508, 0.0344768243549477, 0.03441738754137779, 0.034008301029805295]",0.007775010970036668,0.11206426074201681,0.007719848325760781,0.0009245200979097201,0.0,0.0,0.03547618317105139,0.11206426074201681,0.007719848325760781,0.0009245200979097201,8.16,1717635308.8812013,2024-06-06_10-55-08
0.5059,0.09551999999999997,0.4283017926990463,0.39358642407520406,0.08707641729514067,0.4315521261428158,0.5059,0.09551999999999997,0.3912381400923709,0.39358642407520406,0.08707641729514067,0.4315521261428158,0.009047582903156274,"[0.011315756658919754, 0.012192407496521018, 0.01288995615295488, 0.01359963525141729, 0.014321891165186378, 0.015181047888625853, 0.01592941522152252, 0.01673874496494045, 0.01751440457689525, 0.01835087734908702, 0.019202544572813795, 0.020070622325609303, 0.02095627718778323, 0.02186061264947246, 0.022737260153569413, 0.023681097053535004, 0.024646250751560458, 0.025633386418693636, 0.02659237614956749, 0.027623542314219474, 0.0286250346734827, 0.029647102596467904, 0.03056454213255984, 0.031680305841655834, 0.03263530150735364, 0.033606764937046466, 0.034593095597664145, 0.03536350794006898, 0.035930760474075646, 0.03631257033147624, 0.03661317474198803, 0.03688385713543919, 0.03738127616234113, 0.037934719347479336, 0.03858163380471939, 0.03921882339006296, 0.03999131852533767, 0.04074980907886149, 0.04127472956039594, 0.04151563832077664, 0.04151964454301027, 0.04123464219442919, 0.04096829512038153, 0.04056460486818273, 0.04028281736824196, 0.04000166841569801, 0.03919762289117317, 0.037812479337396496, 0.03622310391275238, 0.03453579653228067, 0.0330206041779641, 0.031565009966306234, 0.03054064037737075, 0.029904305612678588, 0.029394155816597912, 0.028896840658953926, 0.02825322628704274, 0.027685220830545497, 0.02666364029859006, 0.025486033827772144, 0.02414387260068274, 0.023028867611909868, 0.022681878550084772, 0.02299235797660897, 0.02387546679328945, 0.024738332374206702, 0.025547718436096926, 0.026640938816603423, 0.02759836215880636, 0.028240938725365098, 0.028199955208514017, 0.028168175430310402, 0.02767018559717724, 0.027414861073674215, 0.027239233260695786, 0.0274939869379551, 0.027874761581110984, 0.02868161073982207, 0.029514734605865275, 0.030345172291974937, 0.031248268714928727, 0.032298002681611045, 0.033509628354587276, 0.0348066615601669, 0.03569061118903811, 0.03631377821401384, 0.03654105211474412, 0.03646788532881584, 0.03572808397059345, 0.03427781350345514, 0.03309813106562172, 0.031639416134799855, 0.02970329439236902, 0.027599049067936567, 0.02603054913364457, 0.024090316372098155, 0.02220132238001286, 0.02051452966091278, 0.019044426362309692, 0.017805605247084858, 0.01643252777018217, 0.01523003850809785, 0.01424180324883461, 0.013706552220618947, 0.0130880570946912, 0.012988920737072255, 0.013178248200839212, 0.013386796436950147, 0.01359897371732897, 0.01439195864266014, 0.015495810506657983, 0.016686507754200334, 0.01807173050136072, 0.019341411872889052, 0.020370802976522343, 0.0213787239197115, 0.02262888584538598, 0.02401686851684336, 0.025523335513576738, 0.026670410326906566, 0.02758824337325398, 0.02810647098585074, 0.028219175888028712, 0.02804128716256827, 0.027840212128430745, 0.02799079668741686, 0.027988272685847155, 0.02831306909632167, 0.028434723397990712, 0.0285549391753426, 0.02832607944879636, 0.02800347501499142, 0.027460301198426997, 0.02681840364884072, 0.026203190519756815, 0.02552364346313934, 0.024940794741503684, 0.024553643852497812, 0.024009602077058226, 0.023587486328410737, 0.023053226444370627, 0.02237349941244249, 0.021247392964358097, 0.01948489409103017, 0.01759577829009665, 0.015969918059865678, 0.014849832783247986, 0.014164911869984548, 0.013546042864334782, 0.01328357500957488, 0.012905521640083246, 0.012806686101790404, 0.01256569256360443, 0.01270015008783326, 0.013333718053885597, 0.014364706842779438, 0.015230812921928084, 0.016214173123414017, 0.017422309714956504, 0.01848297873673576, 0.019690103784110968, 0.02062988015396428, 0.021304326954883004, 0.021542023987470748, 0.021445001132587415, 0.02128479356968176, 0.021154257299581803, 0.020548768777841446, 0.020419411659703072, 0.020346908766621045, 0.02018386842926173, 0.020060715556614095, 0.019970155121820186, 0.019905412966441507, 0.019860328269953802, 0.019689549628068632, 0.019110038324468673, 0.018401772510693467, 0.01773443768827515, 0.01691379473734185, 0.0163889904882787, 0.015891976533507178, 0.015695148472402557, 0.015634975895130635, 0.01548249397414641, 0.015250362203767827, 0.01446715870868431, 0.013690714184349355, 0.013111437378948002, 0.01280400987898366, 0.012789088065484542, 0.012885508256999974, 0.012645414791893052, 0.012533763320360268, 0.01300792748125149, 0.014045480441271196, 0.015593406388961941, 0.017496649938682926, 0.01947963017829757, 0.021814960986639112, 0.0244888991790445, 0.027455202671237973, 0.030462142682767764, 0.03347516022004274, 0.03632355277573078, 0.03911728575744543, 0.041489125175428104, 0.043617926344794986, 0.04507509866910146, 0.045973158335007626, 0.046666313335408376, 0.047747911364257295, 0.04910015737076979, 0.051170936172887156, 0.05323921785426519, 0.05484930583024696, 0.05598397968583077, 0.056516639752925084, 0.05678375349578094, 0.05655312215346535, 0.05709318659280136, 0.05753330561326649, 0.05822424761198231, 0.05856641837777238, 0.058663546697002605, 0.05829520111627496, 0.058019458378357286, 0.05786276302771312, 0.057678835712609886, 0.05721489013034267, 0.05620972754199197, 0.05488023496470325, 0.05291870088860013, 0.05085359195424363, 0.04836971777146554, 0.045888993393773454, 0.04332790860019442, 0.040721243397433354, 0.03815348906679705, 0.03609755066086763, 0.03431153121207709, 0.03269994312791247, 0.03113246913067769, 0.029533434333839276, 0.02779284963423818, 0.02581340528028532, 0.023636664296078556, 0.021032966406022018, 0.018298152858289164, 0.015471223173718233, 0.012975006021594128, 0.011476514573927241, 0.011190786613452559, 0.012013514795745658, 0.013192708648177051, 0.0146026096239084, 0.016627808096549106, 0.019288816219412905, 0.022115031993867204, 0.024956066779425322, 0.027947127033299147, 0.030317719296220055, 0.03213024736687776, 0.033908117916643665, 0.035613155393420214, 0.03695858371541455, 0.0370883147011733, 0.035844860180821725, 0.03331269225961453, 0.030127822662769057, 0.026675716455458534, 0.02305094507263966, 0.019294584365168215, 0.016588874620184203, 0.013459760460278334, 0.010513659470637583, 0.008184205378854309, 0.005908681970234855, 0.003908372487361734, 0.002250880846271649, 0.001837561814419065, 0.003902446460586522, 0.00649131804032715, 0.008842266053540701, 0.011337576744963709, 0.013847821453172829, 0.016241515374979285, 0.018506880743639053, 0.020753891025054552, 0.022854281545735794, 0.025177910908837288, 0.027764777035113285, 0.0302577363231247, 0.032552204835272186, 0.033962244268502154, 0.03530995724171245, 0.036795414568091225, 0.03840706162943578, 0.039993850675796264, 0.04133645030179679, 0.04211247094820217, 0.04239213751353172, 0.042192499106345205, 0.04200269786908514, 0.041897190162155235, 0.041830932940717325, 0.04166737666619139, 0.04206882264734189, 0.0426127097658282, 0.042895687146734904, 0.04300135533202284, 0.04249799814293581, 0.041897582995049115, 0.04072077112408416, 0.03927976254850985, 0.037331499513228325, 0.035889992777759706, 0.03456359233645024, 0.033243529781910974, 0.03199033675126687, 0.03059935779738079, 0.029272240636492235, 0.027900707354997015, 0.02654938414970694, 0.02543173352052397, 0.024311103096379235, 0.023065212419431085, 0.021685454855791198, 0.02041159885695607, 0.019056064221564174, 0.017656707279948437, 0.01626614648165674, 0.015012383850973622, 0.013603567963072178, 0.012189757837366814, 0.010674529938407772, 0.009407142987148039, 0.008344525906195775, 0.007439054007672372, 0.0072034584519923735, 0.007775010970036668, 0.009047582903156274, 0.010731538882415681, 0.01253460028234948, 0.014333543563369548, 0.016070624592636203, 0.017817726146123574, 0.019557256660804743, 0.02116824086555951, 0.022529303997840977, 0.023628588936546305, 0.02391411988476377, 0.02359656311707365, 0.022355277074164143, 0.020961866673625245, 0.018393580144489934, 0.015660552711922182, 0.013874328661167971, 0.01254026736778108, 0.011812131260623127, 0.010800298354986543, 0.00961805971638548, 0.008471507575266851, 0.007656757785702683, 0.006719580941926242, 0.0056999472982024405, 0.005125787188458596, 0.00504686530895439, 0.005697178935649704, 0.006245540782853768, 0.0070976650798796875, 0.007900543705723831, 0.008755370167568399, 0.009807746909975117, 0.011209592216881203, 0.01276960312030194, 0.014467251258771754, 0.015865855510978952, 0.01751794577394112, 0.01978728846519214, 0.022540086452385207, 0.024859037758439572, 0.02589623397823137, 0.02611181133516041, 0.026565850619759173, 0.0272557734372972, 0.02776644526036269, 0.02799937699621002, 0.02818388188652303, 0.02806005928616626, 0.028083982827741123, 0.02781538632605852, 0.027763976455106594, 0.028120518002563644, 0.028688559534023904, 0.029389365084960088, 0.030059907204608147, 0.03052096911154336, 0.031053468449087778, 0.03142000488428638, 0.03173833045042581, 0.031892653890475096, 0.03198060527161537, 0.031944507243272385, 0.03180892531117334, 0.03180195743523648, 0.03175983113429147, 0.03185651864929952, 0.032146459060636644, 0.032526908876218445, 0.033087790299913135, 0.03370146462957083, 0.0342847740780508, 0.0344768243549477, 0.03441738754137779, 0.034008301029805295]",0.009047582903156274,0.11231357592479596,0.008443582704859301,0.0032503334437695153,0.0,0.0,0.03706365260667538,0.11231357592479596,0.008443582704859301,0.0032503334437695153,8.184000000000001,1717635308.9053497,2024-06-06_10-55-08
0.5059,0.09623999999999999,0.4264701771056391,0.39342141808800535,0.087019232203139,0.431960474731558,0.5059,0.09623999999999999,0.38800336976979893,0.39342141808800535,0.087019232203139,0.431960474731558,0.010731538882415681,"[0.011315756658919754, 0.012192407496521018, 0.01288995615295488, 0.01359963525141729, 0.014321891165186378, 0.015181047888625853, 0.01592941522152252, 0.01673874496494045, 0.01751440457689525, 0.01835087734908702, 0.019202544572813795, 0.020070622325609303, 0.02095627718778323, 0.02186061264947246, 0.022737260153569413, 0.023681097053535004, 0.024646250751560458, 0.025633386418693636, 0.02659237614956749, 0.027623542314219474, 0.0286250346734827, 0.029647102596467904, 0.03056454213255984, 0.031680305841655834, 0.03263530150735364, 0.033606764937046466, 0.034593095597664145, 0.03536350794006898, 0.035930760474075646, 0.03631257033147624, 0.03661317474198803, 0.03688385713543919, 0.03738127616234113, 0.037934719347479336, 0.03858163380471939, 0.03921882339006296, 0.03999131852533767, 0.04074980907886149, 0.04127472956039594, 0.04151563832077664, 0.04151964454301027, 0.04123464219442919, 0.04096829512038153, 0.04056460486818273, 0.04028281736824196, 0.04000166841569801, 0.03919762289117317, 0.037812479337396496, 0.03622310391275238, 0.03453579653228067, 0.0330206041779641, 0.031565009966306234, 0.03054064037737075, 0.029904305612678588, 0.029394155816597912, 0.028896840658953926, 0.02825322628704274, 0.027685220830545497, 0.02666364029859006, 0.025486033827772144, 0.02414387260068274, 0.023028867611909868, 0.022681878550084772, 0.02299235797660897, 0.02387546679328945, 0.024738332374206702, 0.025547718436096926, 0.026640938816603423, 0.02759836215880636, 0.028240938725365098, 0.028199955208514017, 0.028168175430310402, 0.02767018559717724, 0.027414861073674215, 0.027239233260695786, 0.0274939869379551, 0.027874761581110984, 0.02868161073982207, 0.029514734605865275, 0.030345172291974937, 0.031248268714928727, 0.032298002681611045, 0.033509628354587276, 0.0348066615601669, 0.03569061118903811, 0.03631377821401384, 0.03654105211474412, 0.03646788532881584, 0.03572808397059345, 0.03427781350345514, 0.03309813106562172, 0.031639416134799855, 0.02970329439236902, 0.027599049067936567, 0.02603054913364457, 0.024090316372098155, 0.02220132238001286, 0.02051452966091278, 0.019044426362309692, 0.017805605247084858, 0.01643252777018217, 0.01523003850809785, 0.01424180324883461, 0.013706552220618947, 0.0130880570946912, 0.012988920737072255, 0.013178248200839212, 0.013386796436950147, 0.01359897371732897, 0.01439195864266014, 0.015495810506657983, 0.016686507754200334, 0.01807173050136072, 0.019341411872889052, 0.020370802976522343, 0.0213787239197115, 0.02262888584538598, 0.02401686851684336, 0.025523335513576738, 0.026670410326906566, 0.02758824337325398, 0.02810647098585074, 0.028219175888028712, 0.02804128716256827, 0.027840212128430745, 0.02799079668741686, 0.027988272685847155, 0.02831306909632167, 0.028434723397990712, 0.0285549391753426, 0.02832607944879636, 0.02800347501499142, 0.027460301198426997, 0.02681840364884072, 0.026203190519756815, 0.02552364346313934, 0.024940794741503684, 0.024553643852497812, 0.024009602077058226, 0.023587486328410737, 0.023053226444370627, 0.02237349941244249, 0.021247392964358097, 0.01948489409103017, 0.01759577829009665, 0.015969918059865678, 0.014849832783247986, 0.014164911869984548, 0.013546042864334782, 0.01328357500957488, 0.012905521640083246, 0.012806686101790404, 0.01256569256360443, 0.01270015008783326, 0.013333718053885597, 0.014364706842779438, 0.015230812921928084, 0.016214173123414017, 0.017422309714956504, 0.01848297873673576, 0.019690103784110968, 0.02062988015396428, 0.021304326954883004, 0.021542023987470748, 0.021445001132587415, 0.02128479356968176, 0.021154257299581803, 0.020548768777841446, 0.020419411659703072, 0.020346908766621045, 0.02018386842926173, 0.020060715556614095, 0.019970155121820186, 0.019905412966441507, 0.019860328269953802, 0.019689549628068632, 0.019110038324468673, 0.018401772510693467, 0.01773443768827515, 0.01691379473734185, 0.0163889904882787, 0.015891976533507178, 0.015695148472402557, 0.015634975895130635, 0.01548249397414641, 0.015250362203767827, 0.01446715870868431, 0.013690714184349355, 0.013111437378948002, 0.01280400987898366, 0.012789088065484542, 0.012885508256999974, 0.012645414791893052, 0.012533763320360268, 0.01300792748125149, 0.014045480441271196, 0.015593406388961941, 0.017496649938682926, 0.01947963017829757, 0.021814960986639112, 0.0244888991790445, 0.027455202671237973, 0.030462142682767764, 0.03347516022004274, 0.03632355277573078, 0.03911728575744543, 0.041489125175428104, 0.043617926344794986, 0.04507509866910146, 0.045973158335007626, 0.046666313335408376, 0.047747911364257295, 0.04910015737076979, 0.051170936172887156, 0.05323921785426519, 0.05484930583024696, 0.05598397968583077, 0.056516639752925084, 0.05678375349578094, 0.05655312215346535, 0.05709318659280136, 0.05753330561326649, 0.05822424761198231, 0.05856641837777238, 0.058663546697002605, 0.05829520111627496, 0.058019458378357286, 0.05786276302771312, 0.057678835712609886, 0.05721489013034267, 0.05620972754199197, 0.05488023496470325, 0.05291870088860013, 0.05085359195424363, 0.04836971777146554, 0.045888993393773454, 0.04332790860019442, 0.040721243397433354, 0.03815348906679705, 0.03609755066086763, 0.03431153121207709, 0.03269994312791247, 0.03113246913067769, 0.029533434333839276, 0.02779284963423818, 0.02581340528028532, 0.023636664296078556, 0.021032966406022018, 0.018298152858289164, 0.015471223173718233, 0.012975006021594128, 0.011476514573927241, 0.011190786613452559, 0.012013514795745658, 0.013192708648177051, 0.0146026096239084, 0.016627808096549106, 0.019288816219412905, 0.022115031993867204, 0.024956066779425322, 0.027947127033299147, 0.030317719296220055, 0.03213024736687776, 0.033908117916643665, 0.035613155393420214, 0.03695858371541455, 0.0370883147011733, 0.035844860180821725, 0.03331269225961453, 0.030127822662769057, 0.026675716455458534, 0.02305094507263966, 0.019294584365168215, 0.016588874620184203, 0.013459760460278334, 0.010513659470637583, 0.008184205378854309, 0.005908681970234855, 0.003908372487361734, 0.002250880846271649, 0.001837561814419065, 0.003902446460586522, 0.00649131804032715, 0.008842266053540701, 0.011337576744963709, 0.013847821453172829, 0.016241515374979285, 0.018506880743639053, 0.020753891025054552, 0.022854281545735794, 0.025177910908837288, 0.027764777035113285, 0.0302577363231247, 0.032552204835272186, 0.033962244268502154, 0.03530995724171245, 0.036795414568091225, 0.03840706162943578, 0.039993850675796264, 0.04133645030179679, 0.04211247094820217, 0.04239213751353172, 0.042192499106345205, 0.04200269786908514, 0.041897190162155235, 0.041830932940717325, 0.04166737666619139, 0.04206882264734189, 0.0426127097658282, 0.042895687146734904, 0.04300135533202284, 0.04249799814293581, 0.041897582995049115, 0.04072077112408416, 0.03927976254850985, 0.037331499513228325, 0.035889992777759706, 0.03456359233645024, 0.033243529781910974, 0.03199033675126687, 0.03059935779738079, 0.029272240636492235, 0.027900707354997015, 0.02654938414970694, 0.02543173352052397, 0.024311103096379235, 0.023065212419431085, 0.021685454855791198, 0.02041159885695607, 0.019056064221564174, 0.017656707279948437, 0.01626614648165674, 0.015012383850973622, 0.013603567963072178, 0.012189757837366814, 0.010674529938407772, 0.009407142987148039, 0.008344525906195775, 0.007439054007672372, 0.0072034584519923735, 0.007775010970036668, 0.009047582903156274, 0.010731538882415681, 0.01253460028234948, 0.014333543563369548, 0.016070624592636203, 0.017817726146123574, 0.019557256660804743, 0.02116824086555951, 0.022529303997840977, 0.023628588936546305, 0.02391411988476377, 0.02359656311707365, 0.022355277074164143, 0.020961866673625245, 0.018393580144489934, 0.015660552711922182, 0.013874328661167971, 0.01254026736778108, 0.011812131260623127, 0.010800298354986543, 0.00961805971638548, 0.008471507575266851, 0.007656757785702683, 0.006719580941926242, 0.0056999472982024405, 0.005125787188458596, 0.00504686530895439, 0.005697178935649704, 0.006245540782853768, 0.0070976650798796875, 0.007900543705723831, 0.008755370167568399, 0.009807746909975117, 0.011209592216881203, 0.01276960312030194, 0.014467251258771754, 0.015865855510978952, 0.01751794577394112, 0.01978728846519214, 0.022540086452385207, 0.024859037758439572, 0.02589623397823137, 0.02611181133516041, 0.026565850619759173, 0.0272557734372972, 0.02776644526036269, 0.02799937699621002, 0.02818388188652303, 0.02806005928616626, 0.028083982827741123, 0.02781538632605852, 0.027763976455106594, 0.028120518002563644, 0.028688559534023904, 0.029389365084960088, 0.030059907204608147, 0.03052096911154336, 0.031053468449087778, 0.03142000488428638, 0.03173833045042581, 0.031892653890475096, 0.03198060527161537, 0.031944507243272385, 0.03180892531117334, 0.03180195743523648, 0.03175983113429147, 0.03185651864929952, 0.032146459060636644, 0.032526908876218445, 0.033087790299913135, 0.03370146462957083, 0.0342847740780508, 0.0344768243549477, 0.03441738754137779, 0.034008301029805295]",0.010731538882415681,0.11247858191199467,0.009220767796860999,0.005490297625918905,0.0,0.0,0.03846680733584018,0.11247858191199467,0.009220767796860999,0.005490297625918905,8.208,1717635308.9305475,2024-06-06_10-55-08
0.5059,0.09696000000000002,0.42465061327771647,0.3932831014130502,0.08699883891453654,0.43225925797094034,0.5059,0.09696000000000002,0.3851492806256299,0.3932831014130502,0.08699883891453654,0.43225925797094034,0.01253460028234948,"[0.011315756658919754, 0.012192407496521018, 0.01288995615295488, 0.01359963525141729, 0.014321891165186378, 0.015181047888625853, 0.01592941522152252, 0.01673874496494045, 0.01751440457689525, 0.01835087734908702, 0.019202544572813795, 0.020070622325609303, 0.02095627718778323, 0.02186061264947246, 0.022737260153569413, 0.023681097053535004, 0.024646250751560458, 0.025633386418693636, 0.02659237614956749, 0.027623542314219474, 0.0286250346734827, 0.029647102596467904, 0.03056454213255984, 0.031680305841655834, 0.03263530150735364, 0.033606764937046466, 0.034593095597664145, 0.03536350794006898, 0.035930760474075646, 0.03631257033147624, 0.03661317474198803, 0.03688385713543919, 0.03738127616234113, 0.037934719347479336, 0.03858163380471939, 0.03921882339006296, 0.03999131852533767, 0.04074980907886149, 0.04127472956039594, 0.04151563832077664, 0.04151964454301027, 0.04123464219442919, 0.04096829512038153, 0.04056460486818273, 0.04028281736824196, 0.04000166841569801, 0.03919762289117317, 0.037812479337396496, 0.03622310391275238, 0.03453579653228067, 0.0330206041779641, 0.031565009966306234, 0.03054064037737075, 0.029904305612678588, 0.029394155816597912, 0.028896840658953926, 0.02825322628704274, 0.027685220830545497, 0.02666364029859006, 0.025486033827772144, 0.02414387260068274, 0.023028867611909868, 0.022681878550084772, 0.02299235797660897, 0.02387546679328945, 0.024738332374206702, 0.025547718436096926, 0.026640938816603423, 0.02759836215880636, 0.028240938725365098, 0.028199955208514017, 0.028168175430310402, 0.02767018559717724, 0.027414861073674215, 0.027239233260695786, 0.0274939869379551, 0.027874761581110984, 0.02868161073982207, 0.029514734605865275, 0.030345172291974937, 0.031248268714928727, 0.032298002681611045, 0.033509628354587276, 0.0348066615601669, 0.03569061118903811, 0.03631377821401384, 0.03654105211474412, 0.03646788532881584, 0.03572808397059345, 0.03427781350345514, 0.03309813106562172, 0.031639416134799855, 0.02970329439236902, 0.027599049067936567, 0.02603054913364457, 0.024090316372098155, 0.02220132238001286, 0.02051452966091278, 0.019044426362309692, 0.017805605247084858, 0.01643252777018217, 0.01523003850809785, 0.01424180324883461, 0.013706552220618947, 0.0130880570946912, 0.012988920737072255, 0.013178248200839212, 0.013386796436950147, 0.01359897371732897, 0.01439195864266014, 0.015495810506657983, 0.016686507754200334, 0.01807173050136072, 0.019341411872889052, 0.020370802976522343, 0.0213787239197115, 0.02262888584538598, 0.02401686851684336, 0.025523335513576738, 0.026670410326906566, 0.02758824337325398, 0.02810647098585074, 0.028219175888028712, 0.02804128716256827, 0.027840212128430745, 0.02799079668741686, 0.027988272685847155, 0.02831306909632167, 0.028434723397990712, 0.0285549391753426, 0.02832607944879636, 0.02800347501499142, 0.027460301198426997, 0.02681840364884072, 0.026203190519756815, 0.02552364346313934, 0.024940794741503684, 0.024553643852497812, 0.024009602077058226, 0.023587486328410737, 0.023053226444370627, 0.02237349941244249, 0.021247392964358097, 0.01948489409103017, 0.01759577829009665, 0.015969918059865678, 0.014849832783247986, 0.014164911869984548, 0.013546042864334782, 0.01328357500957488, 0.012905521640083246, 0.012806686101790404, 0.01256569256360443, 0.01270015008783326, 0.013333718053885597, 0.014364706842779438, 0.015230812921928084, 0.016214173123414017, 0.017422309714956504, 0.01848297873673576, 0.019690103784110968, 0.02062988015396428, 0.021304326954883004, 0.021542023987470748, 0.021445001132587415, 0.02128479356968176, 0.021154257299581803, 0.020548768777841446, 0.020419411659703072, 0.020346908766621045, 0.02018386842926173, 0.020060715556614095, 0.019970155121820186, 0.019905412966441507, 0.019860328269953802, 0.019689549628068632, 0.019110038324468673, 0.018401772510693467, 0.01773443768827515, 0.01691379473734185, 0.0163889904882787, 0.015891976533507178, 0.015695148472402557, 0.015634975895130635, 0.01548249397414641, 0.015250362203767827, 0.01446715870868431, 0.013690714184349355, 0.013111437378948002, 0.01280400987898366, 0.012789088065484542, 0.012885508256999974, 0.012645414791893052, 0.012533763320360268, 0.01300792748125149, 0.014045480441271196, 0.015593406388961941, 0.017496649938682926, 0.01947963017829757, 0.021814960986639112, 0.0244888991790445, 0.027455202671237973, 0.030462142682767764, 0.03347516022004274, 0.03632355277573078, 0.03911728575744543, 0.041489125175428104, 0.043617926344794986, 0.04507509866910146, 0.045973158335007626, 0.046666313335408376, 0.047747911364257295, 0.04910015737076979, 0.051170936172887156, 0.05323921785426519, 0.05484930583024696, 0.05598397968583077, 0.056516639752925084, 0.05678375349578094, 0.05655312215346535, 0.05709318659280136, 0.05753330561326649, 0.05822424761198231, 0.05856641837777238, 0.058663546697002605, 0.05829520111627496, 0.058019458378357286, 0.05786276302771312, 0.057678835712609886, 0.05721489013034267, 0.05620972754199197, 0.05488023496470325, 0.05291870088860013, 0.05085359195424363, 0.04836971777146554, 0.045888993393773454, 0.04332790860019442, 0.040721243397433354, 0.03815348906679705, 0.03609755066086763, 0.03431153121207709, 0.03269994312791247, 0.03113246913067769, 0.029533434333839276, 0.02779284963423818, 0.02581340528028532, 0.023636664296078556, 0.021032966406022018, 0.018298152858289164, 0.015471223173718233, 0.012975006021594128, 0.011476514573927241, 0.011190786613452559, 0.012013514795745658, 0.013192708648177051, 0.0146026096239084, 0.016627808096549106, 0.019288816219412905, 0.022115031993867204, 0.024956066779425322, 0.027947127033299147, 0.030317719296220055, 0.03213024736687776, 0.033908117916643665, 0.035613155393420214, 0.03695858371541455, 0.0370883147011733, 0.035844860180821725, 0.03331269225961453, 0.030127822662769057, 0.026675716455458534, 0.02305094507263966, 0.019294584365168215, 0.016588874620184203, 0.013459760460278334, 0.010513659470637583, 0.008184205378854309, 0.005908681970234855, 0.003908372487361734, 0.002250880846271649, 0.001837561814419065, 0.003902446460586522, 0.00649131804032715, 0.008842266053540701, 0.011337576744963709, 0.013847821453172829, 0.016241515374979285, 0.018506880743639053, 0.020753891025054552, 0.022854281545735794, 0.025177910908837288, 0.027764777035113285, 0.0302577363231247, 0.032552204835272186, 0.033962244268502154, 0.03530995724171245, 0.036795414568091225, 0.03840706162943578, 0.039993850675796264, 0.04133645030179679, 0.04211247094820217, 0.04239213751353172, 0.042192499106345205, 0.04200269786908514, 0.041897190162155235, 0.041830932940717325, 0.04166737666619139, 0.04206882264734189, 0.0426127097658282, 0.042895687146734904, 0.04300135533202284, 0.04249799814293581, 0.041897582995049115, 0.04072077112408416, 0.03927976254850985, 0.037331499513228325, 0.035889992777759706, 0.03456359233645024, 0.033243529781910974, 0.03199033675126687, 0.03059935779738079, 0.029272240636492235, 0.027900707354997015, 0.02654938414970694, 0.02543173352052397, 0.024311103096379235, 0.023065212419431085, 0.021685454855791198, 0.02041159885695607, 0.019056064221564174, 0.017656707279948437, 0.01626614648165674, 0.015012383850973622, 0.013603567963072178, 0.012189757837366814, 0.010674529938407772, 0.009407142987148039, 0.008344525906195775, 0.007439054007672372, 0.0072034584519923735, 0.007775010970036668, 0.009047582903156274, 0.010731538882415681, 0.01253460028234948, 0.014333543563369548, 0.016070624592636203, 0.017817726146123574, 0.019557256660804743, 0.02116824086555951, 0.022529303997840977, 0.023628588936546305, 0.02391411988476377, 0.02359656311707365, 0.022355277074164143, 0.020961866673625245, 0.018393580144489934, 0.015660552711922182, 0.013874328661167971, 0.01254026736778108, 0.011812131260623127, 0.010800298354986543, 0.00961805971638548, 0.008471507575266851, 0.007656757785702683, 0.006719580941926242, 0.0056999472982024405, 0.005125787188458596, 0.00504686530895439, 0.005697178935649704, 0.006245540782853768, 0.0070976650798796875, 0.007900543705723831, 0.008755370167568399, 0.009807746909975117, 0.011209592216881203, 0.01276960312030194, 0.014467251258771754, 0.015865855510978952, 0.01751794577394112, 0.01978728846519214, 0.022540086452385207, 0.024859037758439572, 0.02589623397823137, 0.02611181133516041, 0.026565850619759173, 0.0272557734372972, 0.02776644526036269, 0.02799937699621002, 0.02818388188652303, 0.02806005928616626, 0.028083982827741123, 0.02781538632605852, 0.027763976455106594, 0.028120518002563644, 0.028688559534023904, 0.029389365084960088, 0.030059907204608147, 0.03052096911154336, 0.031053468449087778, 0.03142000488428638, 0.03173833045042581, 0.031892653890475096, 0.03198060527161537, 0.031944507243272385, 0.03180892531117334, 0.03180195743523648, 0.03175983113429147, 0.03185651864929952, 0.032146459060636644, 0.032526908876218445, 0.033087790299913135, 0.03370146462957083, 0.0342847740780508, 0.0344768243549477, 0.03441738754137779, 0.034008301029805295]",0.01253460028234948,0.11261689858694984,0.00996116108546348,0.007608644693223865,0.0,0.0,0.03950133265208655,0.11261689858694984,0.00996116108546348,0.007608644693223865,8.232000000000001,1717635308.9531205,2024-06-06_10-55-08
0.5059,0.09767999999999999,0.422851078349556,0.3932561679133004,0.08696201229324313,0.43236817930524735,0.5059,0.09767999999999999,0.382315220381223,0.3932561679133004,0.08696201229324313,0.43236817930524735,0.014333543563369548,"[0.011315756658919754, 0.012192407496521018, 0.01288995615295488, 0.01359963525141729, 0.014321891165186378, 0.015181047888625853, 0.01592941522152252, 0.01673874496494045, 0.01751440457689525, 0.01835087734908702, 0.019202544572813795, 0.020070622325609303, 0.02095627718778323, 0.02186061264947246, 0.022737260153569413, 0.023681097053535004, 0.024646250751560458, 0.025633386418693636, 0.02659237614956749, 0.027623542314219474, 0.0286250346734827, 0.029647102596467904, 0.03056454213255984, 0.031680305841655834, 0.03263530150735364, 0.033606764937046466, 0.034593095597664145, 0.03536350794006898, 0.035930760474075646, 0.03631257033147624, 0.03661317474198803, 0.03688385713543919, 0.03738127616234113, 0.037934719347479336, 0.03858163380471939, 0.03921882339006296, 0.03999131852533767, 0.04074980907886149, 0.04127472956039594, 0.04151563832077664, 0.04151964454301027, 0.04123464219442919, 0.04096829512038153, 0.04056460486818273, 0.04028281736824196, 0.04000166841569801, 0.03919762289117317, 0.037812479337396496, 0.03622310391275238, 0.03453579653228067, 0.0330206041779641, 0.031565009966306234, 0.03054064037737075, 0.029904305612678588, 0.029394155816597912, 0.028896840658953926, 0.02825322628704274, 0.027685220830545497, 0.02666364029859006, 0.025486033827772144, 0.02414387260068274, 0.023028867611909868, 0.022681878550084772, 0.02299235797660897, 0.02387546679328945, 0.024738332374206702, 0.025547718436096926, 0.026640938816603423, 0.02759836215880636, 0.028240938725365098, 0.028199955208514017, 0.028168175430310402, 0.02767018559717724, 0.027414861073674215, 0.027239233260695786, 0.0274939869379551, 0.027874761581110984, 0.02868161073982207, 0.029514734605865275, 0.030345172291974937, 0.031248268714928727, 0.032298002681611045, 0.033509628354587276, 0.0348066615601669, 0.03569061118903811, 0.03631377821401384, 0.03654105211474412, 0.03646788532881584, 0.03572808397059345, 0.03427781350345514, 0.03309813106562172, 0.031639416134799855, 0.02970329439236902, 0.027599049067936567, 0.02603054913364457, 0.024090316372098155, 0.02220132238001286, 0.02051452966091278, 0.019044426362309692, 0.017805605247084858, 0.01643252777018217, 0.01523003850809785, 0.01424180324883461, 0.013706552220618947, 0.0130880570946912, 0.012988920737072255, 0.013178248200839212, 0.013386796436950147, 0.01359897371732897, 0.01439195864266014, 0.015495810506657983, 0.016686507754200334, 0.01807173050136072, 0.019341411872889052, 0.020370802976522343, 0.0213787239197115, 0.02262888584538598, 0.02401686851684336, 0.025523335513576738, 0.026670410326906566, 0.02758824337325398, 0.02810647098585074, 0.028219175888028712, 0.02804128716256827, 0.027840212128430745, 0.02799079668741686, 0.027988272685847155, 0.02831306909632167, 0.028434723397990712, 0.0285549391753426, 0.02832607944879636, 0.02800347501499142, 0.027460301198426997, 0.02681840364884072, 0.026203190519756815, 0.02552364346313934, 0.024940794741503684, 0.024553643852497812, 0.024009602077058226, 0.023587486328410737, 0.023053226444370627, 0.02237349941244249, 0.021247392964358097, 0.01948489409103017, 0.01759577829009665, 0.015969918059865678, 0.014849832783247986, 0.014164911869984548, 0.013546042864334782, 0.01328357500957488, 0.012905521640083246, 0.012806686101790404, 0.01256569256360443, 0.01270015008783326, 0.013333718053885597, 0.014364706842779438, 0.015230812921928084, 0.016214173123414017, 0.017422309714956504, 0.01848297873673576, 0.019690103784110968, 0.02062988015396428, 0.021304326954883004, 0.021542023987470748, 0.021445001132587415, 0.02128479356968176, 0.021154257299581803, 0.020548768777841446, 0.020419411659703072, 0.020346908766621045, 0.02018386842926173, 0.020060715556614095, 0.019970155121820186, 0.019905412966441507, 0.019860328269953802, 0.019689549628068632, 0.019110038324468673, 0.018401772510693467, 0.01773443768827515, 0.01691379473734185, 0.0163889904882787, 0.015891976533507178, 0.015695148472402557, 0.015634975895130635, 0.01548249397414641, 0.015250362203767827, 0.01446715870868431, 0.013690714184349355, 0.013111437378948002, 0.01280400987898366, 0.012789088065484542, 0.012885508256999974, 0.012645414791893052, 0.012533763320360268, 0.01300792748125149, 0.014045480441271196, 0.015593406388961941, 0.017496649938682926, 0.01947963017829757, 0.021814960986639112, 0.0244888991790445, 0.027455202671237973, 0.030462142682767764, 0.03347516022004274, 0.03632355277573078, 0.03911728575744543, 0.041489125175428104, 0.043617926344794986, 0.04507509866910146, 0.045973158335007626, 0.046666313335408376, 0.047747911364257295, 0.04910015737076979, 0.051170936172887156, 0.05323921785426519, 0.05484930583024696, 0.05598397968583077, 0.056516639752925084, 0.05678375349578094, 0.05655312215346535, 0.05709318659280136, 0.05753330561326649, 0.05822424761198231, 0.05856641837777238, 0.058663546697002605, 0.05829520111627496, 0.058019458378357286, 0.05786276302771312, 0.057678835712609886, 0.05721489013034267, 0.05620972754199197, 0.05488023496470325, 0.05291870088860013, 0.05085359195424363, 0.04836971777146554, 0.045888993393773454, 0.04332790860019442, 0.040721243397433354, 0.03815348906679705, 0.03609755066086763, 0.03431153121207709, 0.03269994312791247, 0.03113246913067769, 0.029533434333839276, 0.02779284963423818, 0.02581340528028532, 0.023636664296078556, 0.021032966406022018, 0.018298152858289164, 0.015471223173718233, 0.012975006021594128, 0.011476514573927241, 0.011190786613452559, 0.012013514795745658, 0.013192708648177051, 0.0146026096239084, 0.016627808096549106, 0.019288816219412905, 0.022115031993867204, 0.024956066779425322, 0.027947127033299147, 0.030317719296220055, 0.03213024736687776, 0.033908117916643665, 0.035613155393420214, 0.03695858371541455, 0.0370883147011733, 0.035844860180821725, 0.03331269225961453, 0.030127822662769057, 0.026675716455458534, 0.02305094507263966, 0.019294584365168215, 0.016588874620184203, 0.013459760460278334, 0.010513659470637583, 0.008184205378854309, 0.005908681970234855, 0.003908372487361734, 0.002250880846271649, 0.001837561814419065, 0.003902446460586522, 0.00649131804032715, 0.008842266053540701, 0.011337576744963709, 0.013847821453172829, 0.016241515374979285, 0.018506880743639053, 0.020753891025054552, 0.022854281545735794, 0.025177910908837288, 0.027764777035113285, 0.0302577363231247, 0.032552204835272186, 0.033962244268502154, 0.03530995724171245, 0.036795414568091225, 0.03840706162943578, 0.039993850675796264, 0.04133645030179679, 0.04211247094820217, 0.04239213751353172, 0.042192499106345205, 0.04200269786908514, 0.041897190162155235, 0.041830932940717325, 0.04166737666619139, 0.04206882264734189, 0.0426127097658282, 0.042895687146734904, 0.04300135533202284, 0.04249799814293581, 0.041897582995049115, 0.04072077112408416, 0.03927976254850985, 0.037331499513228325, 0.035889992777759706, 0.03456359233645024, 0.033243529781910974, 0.03199033675126687, 0.03059935779738079, 0.029272240636492235, 0.027900707354997015, 0.02654938414970694, 0.02543173352052397, 0.024311103096379235, 0.023065212419431085, 0.021685454855791198, 0.02041159885695607, 0.019056064221564174, 0.017656707279948437, 0.01626614648165674, 0.015012383850973622, 0.013603567963072178, 0.012189757837366814, 0.010674529938407772, 0.009407142987148039, 0.008344525906195775, 0.007439054007672372, 0.0072034584519923735, 0.007775010970036668, 0.009047582903156274, 0.010731538882415681, 0.01253460028234948, 0.014333543563369548, 0.016070624592636203, 0.017817726146123574, 0.019557256660804743, 0.02116824086555951, 0.022529303997840977, 0.023628588936546305, 0.02391411988476377, 0.02359656311707365, 0.022355277074164143, 0.020961866673625245, 0.018393580144489934, 0.015660552711922182, 0.013874328661167971, 0.01254026736778108, 0.011812131260623127, 0.010800298354986543, 0.00961805971638548, 0.008471507575266851, 0.007656757785702683, 0.006719580941926242, 0.0056999472982024405, 0.005125787188458596, 0.00504686530895439, 0.005697178935649704, 0.006245540782853768, 0.0070976650798796875, 0.007900543705723831, 0.008755370167568399, 0.009807746909975117, 0.011209592216881203, 0.01276960312030194, 0.014467251258771754, 0.015865855510978952, 0.01751794577394112, 0.01978728846519214, 0.022540086452385207, 0.024859037758439572, 0.02589623397823137, 0.02611181133516041, 0.026565850619759173, 0.0272557734372972, 0.02776644526036269, 0.02799937699621002, 0.02818388188652303, 0.02806005928616626, 0.028083982827741123, 0.02781538632605852, 0.027763976455106594, 0.028120518002563644, 0.028688559534023904, 0.029389365084960088, 0.030059907204608147, 0.03052096911154336, 0.031053468449087778, 0.03142000488428638, 0.03173833045042581, 0.031892653890475096, 0.03198060527161537, 0.031944507243272385, 0.03180892531117334, 0.03180195743523648, 0.03175983113429147, 0.03185651864929952, 0.032146459060636644, 0.032526908876218445, 0.033087790299913135, 0.03370146462957083, 0.0342847740780508, 0.0344768243549477, 0.03441738754137779, 0.034008301029805295]",0.014333543563369548,0.11264383208669959,0.01071798770675686,0.00951710095569136,0.0,0.0,0.04053585796833298,0.11264383208669959,0.01071798770675686,0.00951710095569136,8.256,1717635308.9769683,2024-06-06_10-55-08
0.5059,0.09839999999999999,0.4210793612972572,0.3932561679133004,0.08696201229324313,0.43236817930524735,0.5059,0.09839999999999999,0.3795089780126778,0.3932561679133004,0.08696201229324313,0.43236817930524735,0.016070624592636203,"[0.011315756658919754, 0.012192407496521018, 0.01288995615295488, 0.01359963525141729, 0.014321891165186378, 0.015181047888625853, 0.01592941522152252, 0.01673874496494045, 0.01751440457689525, 0.01835087734908702, 0.019202544572813795, 0.020070622325609303, 0.02095627718778323, 0.02186061264947246, 0.022737260153569413, 0.023681097053535004, 0.024646250751560458, 0.025633386418693636, 0.02659237614956749, 0.027623542314219474, 0.0286250346734827, 0.029647102596467904, 0.03056454213255984, 0.031680305841655834, 0.03263530150735364, 0.033606764937046466, 0.034593095597664145, 0.03536350794006898, 0.035930760474075646, 0.03631257033147624, 0.03661317474198803, 0.03688385713543919, 0.03738127616234113, 0.037934719347479336, 0.03858163380471939, 0.03921882339006296, 0.03999131852533767, 0.04074980907886149, 0.04127472956039594, 0.04151563832077664, 0.04151964454301027, 0.04123464219442919, 0.04096829512038153, 0.04056460486818273, 0.04028281736824196, 0.04000166841569801, 0.03919762289117317, 0.037812479337396496, 0.03622310391275238, 0.03453579653228067, 0.0330206041779641, 0.031565009966306234, 0.03054064037737075, 0.029904305612678588, 0.029394155816597912, 0.028896840658953926, 0.02825322628704274, 0.027685220830545497, 0.02666364029859006, 0.025486033827772144, 0.02414387260068274, 0.023028867611909868, 0.022681878550084772, 0.02299235797660897, 0.02387546679328945, 0.024738332374206702, 0.025547718436096926, 0.026640938816603423, 0.02759836215880636, 0.028240938725365098, 0.028199955208514017, 0.028168175430310402, 0.02767018559717724, 0.027414861073674215, 0.027239233260695786, 0.0274939869379551, 0.027874761581110984, 0.02868161073982207, 0.029514734605865275, 0.030345172291974937, 0.031248268714928727, 0.032298002681611045, 0.033509628354587276, 0.0348066615601669, 0.03569061118903811, 0.03631377821401384, 0.03654105211474412, 0.03646788532881584, 0.03572808397059345, 0.03427781350345514, 0.03309813106562172, 0.031639416134799855, 0.02970329439236902, 0.027599049067936567, 0.02603054913364457, 0.024090316372098155, 0.02220132238001286, 0.02051452966091278, 0.019044426362309692, 0.017805605247084858, 0.01643252777018217, 0.01523003850809785, 0.01424180324883461, 0.013706552220618947, 0.0130880570946912, 0.012988920737072255, 0.013178248200839212, 0.013386796436950147, 0.01359897371732897, 0.01439195864266014, 0.015495810506657983, 0.016686507754200334, 0.01807173050136072, 0.019341411872889052, 0.020370802976522343, 0.0213787239197115, 0.02262888584538598, 0.02401686851684336, 0.025523335513576738, 0.026670410326906566, 0.02758824337325398, 0.02810647098585074, 0.028219175888028712, 0.02804128716256827, 0.027840212128430745, 0.02799079668741686, 0.027988272685847155, 0.02831306909632167, 0.028434723397990712, 0.0285549391753426, 0.02832607944879636, 0.02800347501499142, 0.027460301198426997, 0.02681840364884072, 0.026203190519756815, 0.02552364346313934, 0.024940794741503684, 0.024553643852497812, 0.024009602077058226, 0.023587486328410737, 0.023053226444370627, 0.02237349941244249, 0.021247392964358097, 0.01948489409103017, 0.01759577829009665, 0.015969918059865678, 0.014849832783247986, 0.014164911869984548, 0.013546042864334782, 0.01328357500957488, 0.012905521640083246, 0.012806686101790404, 0.01256569256360443, 0.01270015008783326, 0.013333718053885597, 0.014364706842779438, 0.015230812921928084, 0.016214173123414017, 0.017422309714956504, 0.01848297873673576, 0.019690103784110968, 0.02062988015396428, 0.021304326954883004, 0.021542023987470748, 0.021445001132587415, 0.02128479356968176, 0.021154257299581803, 0.020548768777841446, 0.020419411659703072, 0.020346908766621045, 0.02018386842926173, 0.020060715556614095, 0.019970155121820186, 0.019905412966441507, 0.019860328269953802, 0.019689549628068632, 0.019110038324468673, 0.018401772510693467, 0.01773443768827515, 0.01691379473734185, 0.0163889904882787, 0.015891976533507178, 0.015695148472402557, 0.015634975895130635, 0.01548249397414641, 0.015250362203767827, 0.01446715870868431, 0.013690714184349355, 0.013111437378948002, 0.01280400987898366, 0.012789088065484542, 0.012885508256999974, 0.012645414791893052, 0.012533763320360268, 0.01300792748125149, 0.014045480441271196, 0.015593406388961941, 0.017496649938682926, 0.01947963017829757, 0.021814960986639112, 0.0244888991790445, 0.027455202671237973, 0.030462142682767764, 0.03347516022004274, 0.03632355277573078, 0.03911728575744543, 0.041489125175428104, 0.043617926344794986, 0.04507509866910146, 0.045973158335007626, 0.046666313335408376, 0.047747911364257295, 0.04910015737076979, 0.051170936172887156, 0.05323921785426519, 0.05484930583024696, 0.05598397968583077, 0.056516639752925084, 0.05678375349578094, 0.05655312215346535, 0.05709318659280136, 0.05753330561326649, 0.05822424761198231, 0.05856641837777238, 0.058663546697002605, 0.05829520111627496, 0.058019458378357286, 0.05786276302771312, 0.057678835712609886, 0.05721489013034267, 0.05620972754199197, 0.05488023496470325, 0.05291870088860013, 0.05085359195424363, 0.04836971777146554, 0.045888993393773454, 0.04332790860019442, 0.040721243397433354, 0.03815348906679705, 0.03609755066086763, 0.03431153121207709, 0.03269994312791247, 0.03113246913067769, 0.029533434333839276, 0.02779284963423818, 0.02581340528028532, 0.023636664296078556, 0.021032966406022018, 0.018298152858289164, 0.015471223173718233, 0.012975006021594128, 0.011476514573927241, 0.011190786613452559, 0.012013514795745658, 0.013192708648177051, 0.0146026096239084, 0.016627808096549106, 0.019288816219412905, 0.022115031993867204, 0.024956066779425322, 0.027947127033299147, 0.030317719296220055, 0.03213024736687776, 0.033908117916643665, 0.035613155393420214, 0.03695858371541455, 0.0370883147011733, 0.035844860180821725, 0.03331269225961453, 0.030127822662769057, 0.026675716455458534, 0.02305094507263966, 0.019294584365168215, 0.016588874620184203, 0.013459760460278334, 0.010513659470637583, 0.008184205378854309, 0.005908681970234855, 0.003908372487361734, 0.002250880846271649, 0.001837561814419065, 0.003902446460586522, 0.00649131804032715, 0.008842266053540701, 0.011337576744963709, 0.013847821453172829, 0.016241515374979285, 0.018506880743639053, 0.020753891025054552, 0.022854281545735794, 0.025177910908837288, 0.027764777035113285, 0.0302577363231247, 0.032552204835272186, 0.033962244268502154, 0.03530995724171245, 0.036795414568091225, 0.03840706162943578, 0.039993850675796264, 0.04133645030179679, 0.04211247094820217, 0.04239213751353172, 0.042192499106345205, 0.04200269786908514, 0.041897190162155235, 0.041830932940717325, 0.04166737666619139, 0.04206882264734189, 0.0426127097658282, 0.042895687146734904, 0.04300135533202284, 0.04249799814293581, 0.041897582995049115, 0.04072077112408416, 0.03927976254850985, 0.037331499513228325, 0.035889992777759706, 0.03456359233645024, 0.033243529781910974, 0.03199033675126687, 0.03059935779738079, 0.029272240636492235, 0.027900707354997015, 0.02654938414970694, 0.02543173352052397, 0.024311103096379235, 0.023065212419431085, 0.021685454855791198, 0.02041159885695607, 0.019056064221564174, 0.017656707279948437, 0.01626614648165674, 0.015012383850973622, 0.013603567963072178, 0.012189757837366814, 0.010674529938407772, 0.009407142987148039, 0.008344525906195775, 0.007439054007672372, 0.0072034584519923735, 0.007775010970036668, 0.009047582903156274, 0.010731538882415681, 0.01253460028234948, 0.014333543563369548, 0.016070624592636203, 0.017817726146123574, 0.019557256660804743, 0.02116824086555951, 0.022529303997840977, 0.023628588936546305, 0.02391411988476377, 0.02359656311707365, 0.022355277074164143, 0.020961866673625245, 0.018393580144489934, 0.015660552711922182, 0.013874328661167971, 0.01254026736778108, 0.011812131260623127, 0.010800298354986543, 0.00961805971638548, 0.008471507575266851, 0.007656757785702683, 0.006719580941926242, 0.0056999472982024405, 0.005125787188458596, 0.00504686530895439, 0.005697178935649704, 0.006245540782853768, 0.0070976650798796875, 0.007900543705723831, 0.008755370167568399, 0.009807746909975117, 0.011209592216881203, 0.01276960312030194, 0.014467251258771754, 0.015865855510978952, 0.01751794577394112, 0.01978728846519214, 0.022540086452385207, 0.024859037758439572, 0.02589623397823137, 0.02611181133516041, 0.026565850619759173, 0.0272557734372972, 0.02776644526036269, 0.02799937699621002, 0.02818388188652303, 0.02806005928616626, 0.028083982827741123, 0.02781538632605852, 0.027763976455106594, 0.028120518002563644, 0.028688559534023904, 0.029389365084960088, 0.030059907204608147, 0.03052096911154336, 0.031053468449087778, 0.03142000488428638, 0.03173833045042581, 0.031892653890475096, 0.03198060527161537, 0.031944507243272385, 0.03180892531117334, 0.03180195743523648, 0.03175983113429147, 0.03185651864929952, 0.032146459060636644, 0.032526908876218445, 0.033087790299913135, 0.03370146462957083, 0.0342847740780508, 0.0344768243549477, 0.03441738754137779, 0.034008301029805295]",0.016070624592636203,0.11264383208669959,0.011437987706756858,0.011288818007990142,0.0,0.0,0.041570383284579404,0.11264383208669959,0.011437987706756858,0.011288818007990142,8.28,1717635309.0012898,2024-06-06_10-55-09
0.5059,0.09912000000000001,0.4193430228785243,0.3932561679133004,0.08696201229324313,0.43236817930524735,0.5059,0.09912000000000001,0.3768258771569018,0.3932561679133004,0.08696201229324313,0.43236817930524735,0.017817726146123574,"[0.011315756658919754, 0.012192407496521018, 0.01288995615295488, 0.01359963525141729, 0.014321891165186378, 0.015181047888625853, 0.01592941522152252, 0.01673874496494045, 0.01751440457689525, 0.01835087734908702, 0.019202544572813795, 0.020070622325609303, 0.02095627718778323, 0.02186061264947246, 0.022737260153569413, 0.023681097053535004, 0.024646250751560458, 0.025633386418693636, 0.02659237614956749, 0.027623542314219474, 0.0286250346734827, 0.029647102596467904, 0.03056454213255984, 0.031680305841655834, 0.03263530150735364, 0.033606764937046466, 0.034593095597664145, 0.03536350794006898, 0.035930760474075646, 0.03631257033147624, 0.03661317474198803, 0.03688385713543919, 0.03738127616234113, 0.037934719347479336, 0.03858163380471939, 0.03921882339006296, 0.03999131852533767, 0.04074980907886149, 0.04127472956039594, 0.04151563832077664, 0.04151964454301027, 0.04123464219442919, 0.04096829512038153, 0.04056460486818273, 0.04028281736824196, 0.04000166841569801, 0.03919762289117317, 0.037812479337396496, 0.03622310391275238, 0.03453579653228067, 0.0330206041779641, 0.031565009966306234, 0.03054064037737075, 0.029904305612678588, 0.029394155816597912, 0.028896840658953926, 0.02825322628704274, 0.027685220830545497, 0.02666364029859006, 0.025486033827772144, 0.02414387260068274, 0.023028867611909868, 0.022681878550084772, 0.02299235797660897, 0.02387546679328945, 0.024738332374206702, 0.025547718436096926, 0.026640938816603423, 0.02759836215880636, 0.028240938725365098, 0.028199955208514017, 0.028168175430310402, 0.02767018559717724, 0.027414861073674215, 0.027239233260695786, 0.0274939869379551, 0.027874761581110984, 0.02868161073982207, 0.029514734605865275, 0.030345172291974937, 0.031248268714928727, 0.032298002681611045, 0.033509628354587276, 0.0348066615601669, 0.03569061118903811, 0.03631377821401384, 0.03654105211474412, 0.03646788532881584, 0.03572808397059345, 0.03427781350345514, 0.03309813106562172, 0.031639416134799855, 0.02970329439236902, 0.027599049067936567, 0.02603054913364457, 0.024090316372098155, 0.02220132238001286, 0.02051452966091278, 0.019044426362309692, 0.017805605247084858, 0.01643252777018217, 0.01523003850809785, 0.01424180324883461, 0.013706552220618947, 0.0130880570946912, 0.012988920737072255, 0.013178248200839212, 0.013386796436950147, 0.01359897371732897, 0.01439195864266014, 0.015495810506657983, 0.016686507754200334, 0.01807173050136072, 0.019341411872889052, 0.020370802976522343, 0.0213787239197115, 0.02262888584538598, 0.02401686851684336, 0.025523335513576738, 0.026670410326906566, 0.02758824337325398, 0.02810647098585074, 0.028219175888028712, 0.02804128716256827, 0.027840212128430745, 0.02799079668741686, 0.027988272685847155, 0.02831306909632167, 0.028434723397990712, 0.0285549391753426, 0.02832607944879636, 0.02800347501499142, 0.027460301198426997, 0.02681840364884072, 0.026203190519756815, 0.02552364346313934, 0.024940794741503684, 0.024553643852497812, 0.024009602077058226, 0.023587486328410737, 0.023053226444370627, 0.02237349941244249, 0.021247392964358097, 0.01948489409103017, 0.01759577829009665, 0.015969918059865678, 0.014849832783247986, 0.014164911869984548, 0.013546042864334782, 0.01328357500957488, 0.012905521640083246, 0.012806686101790404, 0.01256569256360443, 0.01270015008783326, 0.013333718053885597, 0.014364706842779438, 0.015230812921928084, 0.016214173123414017, 0.017422309714956504, 0.01848297873673576, 0.019690103784110968, 0.02062988015396428, 0.021304326954883004, 0.021542023987470748, 0.021445001132587415, 0.02128479356968176, 0.021154257299581803, 0.020548768777841446, 0.020419411659703072, 0.020346908766621045, 0.02018386842926173, 0.020060715556614095, 0.019970155121820186, 0.019905412966441507, 0.019860328269953802, 0.019689549628068632, 0.019110038324468673, 0.018401772510693467, 0.01773443768827515, 0.01691379473734185, 0.0163889904882787, 0.015891976533507178, 0.015695148472402557, 0.015634975895130635, 0.01548249397414641, 0.015250362203767827, 0.01446715870868431, 0.013690714184349355, 0.013111437378948002, 0.01280400987898366, 0.012789088065484542, 0.012885508256999974, 0.012645414791893052, 0.012533763320360268, 0.01300792748125149, 0.014045480441271196, 0.015593406388961941, 0.017496649938682926, 0.01947963017829757, 0.021814960986639112, 0.0244888991790445, 0.027455202671237973, 0.030462142682767764, 0.03347516022004274, 0.03632355277573078, 0.03911728575744543, 0.041489125175428104, 0.043617926344794986, 0.04507509866910146, 0.045973158335007626, 0.046666313335408376, 0.047747911364257295, 0.04910015737076979, 0.051170936172887156, 0.05323921785426519, 0.05484930583024696, 0.05598397968583077, 0.056516639752925084, 0.05678375349578094, 0.05655312215346535, 0.05709318659280136, 0.05753330561326649, 0.05822424761198231, 0.05856641837777238, 0.058663546697002605, 0.05829520111627496, 0.058019458378357286, 0.05786276302771312, 0.057678835712609886, 0.05721489013034267, 0.05620972754199197, 0.05488023496470325, 0.05291870088860013, 0.05085359195424363, 0.04836971777146554, 0.045888993393773454, 0.04332790860019442, 0.040721243397433354, 0.03815348906679705, 0.03609755066086763, 0.03431153121207709, 0.03269994312791247, 0.03113246913067769, 0.029533434333839276, 0.02779284963423818, 0.02581340528028532, 0.023636664296078556, 0.021032966406022018, 0.018298152858289164, 0.015471223173718233, 0.012975006021594128, 0.011476514573927241, 0.011190786613452559, 0.012013514795745658, 0.013192708648177051, 0.0146026096239084, 0.016627808096549106, 0.019288816219412905, 0.022115031993867204, 0.024956066779425322, 0.027947127033299147, 0.030317719296220055, 0.03213024736687776, 0.033908117916643665, 0.035613155393420214, 0.03695858371541455, 0.0370883147011733, 0.035844860180821725, 0.03331269225961453, 0.030127822662769057, 0.026675716455458534, 0.02305094507263966, 0.019294584365168215, 0.016588874620184203, 0.013459760460278334, 0.010513659470637583, 0.008184205378854309, 0.005908681970234855, 0.003908372487361734, 0.002250880846271649, 0.001837561814419065, 0.003902446460586522, 0.00649131804032715, 0.008842266053540701, 0.011337576744963709, 0.013847821453172829, 0.016241515374979285, 0.018506880743639053, 0.020753891025054552, 0.022854281545735794, 0.025177910908837288, 0.027764777035113285, 0.0302577363231247, 0.032552204835272186, 0.033962244268502154, 0.03530995724171245, 0.036795414568091225, 0.03840706162943578, 0.039993850675796264, 0.04133645030179679, 0.04211247094820217, 0.04239213751353172, 0.042192499106345205, 0.04200269786908514, 0.041897190162155235, 0.041830932940717325, 0.04166737666619139, 0.04206882264734189, 0.0426127097658282, 0.042895687146734904, 0.04300135533202284, 0.04249799814293581, 0.041897582995049115, 0.04072077112408416, 0.03927976254850985, 0.037331499513228325, 0.035889992777759706, 0.03456359233645024, 0.033243529781910974, 0.03199033675126687, 0.03059935779738079, 0.029272240636492235, 0.027900707354997015, 0.02654938414970694, 0.02543173352052397, 0.024311103096379235, 0.023065212419431085, 0.021685454855791198, 0.02041159885695607, 0.019056064221564174, 0.017656707279948437, 0.01626614648165674, 0.015012383850973622, 0.013603567963072178, 0.012189757837366814, 0.010674529938407772, 0.009407142987148039, 0.008344525906195775, 0.007439054007672372, 0.0072034584519923735, 0.007775010970036668, 0.009047582903156274, 0.010731538882415681, 0.01253460028234948, 0.014333543563369548, 0.016070624592636203, 0.017817726146123574, 0.019557256660804743, 0.02116824086555951, 0.022529303997840977, 0.023628588936546305, 0.02391411988476377, 0.02359656311707365, 0.022355277074164143, 0.020961866673625245, 0.018393580144489934, 0.015660552711922182, 0.013874328661167971, 0.01254026736778108, 0.011812131260623127, 0.010800298354986543, 0.00961805971638548, 0.008471507575266851, 0.007656757785702683, 0.006719580941926242, 0.0056999472982024405, 0.005125787188458596, 0.00504686530895439, 0.005697178935649704, 0.006245540782853768, 0.0070976650798796875, 0.007900543705723831, 0.008755370167568399, 0.009807746909975117, 0.011209592216881203, 0.01276960312030194, 0.014467251258771754, 0.015865855510978952, 0.01751794577394112, 0.01978728846519214, 0.022540086452385207, 0.024859037758439572, 0.02589623397823137, 0.02611181133516041, 0.026565850619759173, 0.0272557734372972, 0.02776644526036269, 0.02799937699621002, 0.02818388188652303, 0.02806005928616626, 0.028083982827741123, 0.02781538632605852, 0.027763976455106594, 0.028120518002563644, 0.028688559534023904, 0.029389365084960088, 0.030059907204608147, 0.03052096911154336, 0.031053468449087778, 0.03142000488428638, 0.03173833045042581, 0.031892653890475096, 0.03198060527161537, 0.031944507243272385, 0.03180892531117334, 0.03180195743523648, 0.03175983113429147, 0.03185651864929952, 0.032146459060636644, 0.032526908876218445, 0.033087790299913135, 0.03370146462957083, 0.0342847740780508, 0.0344768243549477, 0.03441738754137779, 0.034008301029805295]",0.017817726146123574,0.11264383208669959,0.012157987706756884,0.013025156426723028,0.0,0.0,0.04251714572162252,0.11264383208669959,0.012157987706756884,0.013025156426723028,8.304,1717635309.0258527,2024-06-06_10-55-09
0.5059,0.09983999999999998,0.4176493573170171,0.3932561679133004,0.08696201229324313,0.43236817930524735,0.5059,0.09983999999999998,0.3746242635543678,0.3932561679133004,0.08696201229324313,0.43236817930524735,0.019557256660804743,"[0.011315756658919754, 0.012192407496521018, 0.01288995615295488, 0.01359963525141729, 0.014321891165186378, 0.015181047888625853, 0.01592941522152252, 0.01673874496494045, 0.01751440457689525, 0.01835087734908702, 0.019202544572813795, 0.020070622325609303, 0.02095627718778323, 0.02186061264947246, 0.022737260153569413, 0.023681097053535004, 0.024646250751560458, 0.025633386418693636, 0.02659237614956749, 0.027623542314219474, 0.0286250346734827, 0.029647102596467904, 0.03056454213255984, 0.031680305841655834, 0.03263530150735364, 0.033606764937046466, 0.034593095597664145, 0.03536350794006898, 0.035930760474075646, 0.03631257033147624, 0.03661317474198803, 0.03688385713543919, 0.03738127616234113, 0.037934719347479336, 0.03858163380471939, 0.03921882339006296, 0.03999131852533767, 0.04074980907886149, 0.04127472956039594, 0.04151563832077664, 0.04151964454301027, 0.04123464219442919, 0.04096829512038153, 0.04056460486818273, 0.04028281736824196, 0.04000166841569801, 0.03919762289117317, 0.037812479337396496, 0.03622310391275238, 0.03453579653228067, 0.0330206041779641, 0.031565009966306234, 0.03054064037737075, 0.029904305612678588, 0.029394155816597912, 0.028896840658953926, 0.02825322628704274, 0.027685220830545497, 0.02666364029859006, 0.025486033827772144, 0.02414387260068274, 0.023028867611909868, 0.022681878550084772, 0.02299235797660897, 0.02387546679328945, 0.024738332374206702, 0.025547718436096926, 0.026640938816603423, 0.02759836215880636, 0.028240938725365098, 0.028199955208514017, 0.028168175430310402, 0.02767018559717724, 0.027414861073674215, 0.027239233260695786, 0.0274939869379551, 0.027874761581110984, 0.02868161073982207, 0.029514734605865275, 0.030345172291974937, 0.031248268714928727, 0.032298002681611045, 0.033509628354587276, 0.0348066615601669, 0.03569061118903811, 0.03631377821401384, 0.03654105211474412, 0.03646788532881584, 0.03572808397059345, 0.03427781350345514, 0.03309813106562172, 0.031639416134799855, 0.02970329439236902, 0.027599049067936567, 0.02603054913364457, 0.024090316372098155, 0.02220132238001286, 0.02051452966091278, 0.019044426362309692, 0.017805605247084858, 0.01643252777018217, 0.01523003850809785, 0.01424180324883461, 0.013706552220618947, 0.0130880570946912, 0.012988920737072255, 0.013178248200839212, 0.013386796436950147, 0.01359897371732897, 0.01439195864266014, 0.015495810506657983, 0.016686507754200334, 0.01807173050136072, 0.019341411872889052, 0.020370802976522343, 0.0213787239197115, 0.02262888584538598, 0.02401686851684336, 0.025523335513576738, 0.026670410326906566, 0.02758824337325398, 0.02810647098585074, 0.028219175888028712, 0.02804128716256827, 0.027840212128430745, 0.02799079668741686, 0.027988272685847155, 0.02831306909632167, 0.028434723397990712, 0.0285549391753426, 0.02832607944879636, 0.02800347501499142, 0.027460301198426997, 0.02681840364884072, 0.026203190519756815, 0.02552364346313934, 0.024940794741503684, 0.024553643852497812, 0.024009602077058226, 0.023587486328410737, 0.023053226444370627, 0.02237349941244249, 0.021247392964358097, 0.01948489409103017, 0.01759577829009665, 0.015969918059865678, 0.014849832783247986, 0.014164911869984548, 0.013546042864334782, 0.01328357500957488, 0.012905521640083246, 0.012806686101790404, 0.01256569256360443, 0.01270015008783326, 0.013333718053885597, 0.014364706842779438, 0.015230812921928084, 0.016214173123414017, 0.017422309714956504, 0.01848297873673576, 0.019690103784110968, 0.02062988015396428, 0.021304326954883004, 0.021542023987470748, 0.021445001132587415, 0.02128479356968176, 0.021154257299581803, 0.020548768777841446, 0.020419411659703072, 0.020346908766621045, 0.02018386842926173, 0.020060715556614095, 0.019970155121820186, 0.019905412966441507, 0.019860328269953802, 0.019689549628068632, 0.019110038324468673, 0.018401772510693467, 0.01773443768827515, 0.01691379473734185, 0.0163889904882787, 0.015891976533507178, 0.015695148472402557, 0.015634975895130635, 0.01548249397414641, 0.015250362203767827, 0.01446715870868431, 0.013690714184349355, 0.013111437378948002, 0.01280400987898366, 0.012789088065484542, 0.012885508256999974, 0.012645414791893052, 0.012533763320360268, 0.01300792748125149, 0.014045480441271196, 0.015593406388961941, 0.017496649938682926, 0.01947963017829757, 0.021814960986639112, 0.0244888991790445, 0.027455202671237973, 0.030462142682767764, 0.03347516022004274, 0.03632355277573078, 0.03911728575744543, 0.041489125175428104, 0.043617926344794986, 0.04507509866910146, 0.045973158335007626, 0.046666313335408376, 0.047747911364257295, 0.04910015737076979, 0.051170936172887156, 0.05323921785426519, 0.05484930583024696, 0.05598397968583077, 0.056516639752925084, 0.05678375349578094, 0.05655312215346535, 0.05709318659280136, 0.05753330561326649, 0.05822424761198231, 0.05856641837777238, 0.058663546697002605, 0.05829520111627496, 0.058019458378357286, 0.05786276302771312, 0.057678835712609886, 0.05721489013034267, 0.05620972754199197, 0.05488023496470325, 0.05291870088860013, 0.05085359195424363, 0.04836971777146554, 0.045888993393773454, 0.04332790860019442, 0.040721243397433354, 0.03815348906679705, 0.03609755066086763, 0.03431153121207709, 0.03269994312791247, 0.03113246913067769, 0.029533434333839276, 0.02779284963423818, 0.02581340528028532, 0.023636664296078556, 0.021032966406022018, 0.018298152858289164, 0.015471223173718233, 0.012975006021594128, 0.011476514573927241, 0.011190786613452559, 0.012013514795745658, 0.013192708648177051, 0.0146026096239084, 0.016627808096549106, 0.019288816219412905, 0.022115031993867204, 0.024956066779425322, 0.027947127033299147, 0.030317719296220055, 0.03213024736687776, 0.033908117916643665, 0.035613155393420214, 0.03695858371541455, 0.0370883147011733, 0.035844860180821725, 0.03331269225961453, 0.030127822662769057, 0.026675716455458534, 0.02305094507263966, 0.019294584365168215, 0.016588874620184203, 0.013459760460278334, 0.010513659470637583, 0.008184205378854309, 0.005908681970234855, 0.003908372487361734, 0.002250880846271649, 0.001837561814419065, 0.003902446460586522, 0.00649131804032715, 0.008842266053540701, 0.011337576744963709, 0.013847821453172829, 0.016241515374979285, 0.018506880743639053, 0.020753891025054552, 0.022854281545735794, 0.025177910908837288, 0.027764777035113285, 0.0302577363231247, 0.032552204835272186, 0.033962244268502154, 0.03530995724171245, 0.036795414568091225, 0.03840706162943578, 0.039993850675796264, 0.04133645030179679, 0.04211247094820217, 0.04239213751353172, 0.042192499106345205, 0.04200269786908514, 0.041897190162155235, 0.041830932940717325, 0.04166737666619139, 0.04206882264734189, 0.0426127097658282, 0.042895687146734904, 0.04300135533202284, 0.04249799814293581, 0.041897582995049115, 0.04072077112408416, 0.03927976254850985, 0.037331499513228325, 0.035889992777759706, 0.03456359233645024, 0.033243529781910974, 0.03199033675126687, 0.03059935779738079, 0.029272240636492235, 0.027900707354997015, 0.02654938414970694, 0.02543173352052397, 0.024311103096379235, 0.023065212419431085, 0.021685454855791198, 0.02041159885695607, 0.019056064221564174, 0.017656707279948437, 0.01626614648165674, 0.015012383850973622, 0.013603567963072178, 0.012189757837366814, 0.010674529938407772, 0.009407142987148039, 0.008344525906195775, 0.007439054007672372, 0.0072034584519923735, 0.007775010970036668, 0.009047582903156274, 0.010731538882415681, 0.01253460028234948, 0.014333543563369548, 0.016070624592636203, 0.017817726146123574, 0.019557256660804743, 0.02116824086555951, 0.022529303997840977, 0.023628588936546305, 0.02391411988476377, 0.02359656311707365, 0.022355277074164143, 0.020961866673625245, 0.018393580144489934, 0.015660552711922182, 0.013874328661167971, 0.01254026736778108, 0.011812131260623127, 0.010800298354986543, 0.00961805971638548, 0.008471507575266851, 0.007656757785702683, 0.006719580941926242, 0.0056999472982024405, 0.005125787188458596, 0.00504686530895439, 0.005697178935649704, 0.006245540782853768, 0.0070976650798796875, 0.007900543705723831, 0.008755370167568399, 0.009807746909975117, 0.011209592216881203, 0.01276960312030194, 0.014467251258771754, 0.015865855510978952, 0.01751794577394112, 0.01978728846519214, 0.022540086452385207, 0.024859037758439572, 0.02589623397823137, 0.02611181133516041, 0.026565850619759173, 0.0272557734372972, 0.02776644526036269, 0.02799937699621002, 0.02818388188652303, 0.02806005928616626, 0.028083982827741123, 0.02781538632605852, 0.027763976455106594, 0.028120518002563644, 0.028688559534023904, 0.029389365084960088, 0.030059907204608147, 0.03052096911154336, 0.031053468449087778, 0.03142000488428638, 0.03173833045042581, 0.031892653890475096, 0.03198060527161537, 0.031944507243272385, 0.03180892531117334, 0.03180195743523648, 0.03175983113429147, 0.03185651864929952, 0.032146459060636644, 0.032526908876218445, 0.033087790299913135, 0.03370146462957083, 0.0342847740780508, 0.0344768243549477, 0.03441738754137779, 0.034008301029805295]",0.019557256660804743,0.11264383208669959,0.012877987706756855,0.014718821988230268,0.0,0.0,0.04302509376264929,0.11264383208669959,0.012877987706756855,0.014718821988230268,8.328,1717635309.0504844,2024-06-06_10-55-09
0.5059,0.10055999999999995,0.41600535593615323,0.3932831014130502,0.08699883891453654,0.43225925797094034,0.5059,0.10055999999999995,0.37247231413247717,0.3932831014130502,0.08699883891453654,0.43225925797094034,0.02116824086555951,"[0.011315756658919754, 0.012192407496521018, 0.01288995615295488, 0.01359963525141729, 0.014321891165186378, 0.015181047888625853, 0.01592941522152252, 0.01673874496494045, 0.01751440457689525, 0.01835087734908702, 0.019202544572813795, 0.020070622325609303, 0.02095627718778323, 0.02186061264947246, 0.022737260153569413, 0.023681097053535004, 0.024646250751560458, 0.025633386418693636, 0.02659237614956749, 0.027623542314219474, 0.0286250346734827, 0.029647102596467904, 0.03056454213255984, 0.031680305841655834, 0.03263530150735364, 0.033606764937046466, 0.034593095597664145, 0.03536350794006898, 0.035930760474075646, 0.03631257033147624, 0.03661317474198803, 0.03688385713543919, 0.03738127616234113, 0.037934719347479336, 0.03858163380471939, 0.03921882339006296, 0.03999131852533767, 0.04074980907886149, 0.04127472956039594, 0.04151563832077664, 0.04151964454301027, 0.04123464219442919, 0.04096829512038153, 0.04056460486818273, 0.04028281736824196, 0.04000166841569801, 0.03919762289117317, 0.037812479337396496, 0.03622310391275238, 0.03453579653228067, 0.0330206041779641, 0.031565009966306234, 0.03054064037737075, 0.029904305612678588, 0.029394155816597912, 0.028896840658953926, 0.02825322628704274, 0.027685220830545497, 0.02666364029859006, 0.025486033827772144, 0.02414387260068274, 0.023028867611909868, 0.022681878550084772, 0.02299235797660897, 0.02387546679328945, 0.024738332374206702, 0.025547718436096926, 0.026640938816603423, 0.02759836215880636, 0.028240938725365098, 0.028199955208514017, 0.028168175430310402, 0.02767018559717724, 0.027414861073674215, 0.027239233260695786, 0.0274939869379551, 0.027874761581110984, 0.02868161073982207, 0.029514734605865275, 0.030345172291974937, 0.031248268714928727, 0.032298002681611045, 0.033509628354587276, 0.0348066615601669, 0.03569061118903811, 0.03631377821401384, 0.03654105211474412, 0.03646788532881584, 0.03572808397059345, 0.03427781350345514, 0.03309813106562172, 0.031639416134799855, 0.02970329439236902, 0.027599049067936567, 0.02603054913364457, 0.024090316372098155, 0.02220132238001286, 0.02051452966091278, 0.019044426362309692, 0.017805605247084858, 0.01643252777018217, 0.01523003850809785, 0.01424180324883461, 0.013706552220618947, 0.0130880570946912, 0.012988920737072255, 0.013178248200839212, 0.013386796436950147, 0.01359897371732897, 0.01439195864266014, 0.015495810506657983, 0.016686507754200334, 0.01807173050136072, 0.019341411872889052, 0.020370802976522343, 0.0213787239197115, 0.02262888584538598, 0.02401686851684336, 0.025523335513576738, 0.026670410326906566, 0.02758824337325398, 0.02810647098585074, 0.028219175888028712, 0.02804128716256827, 0.027840212128430745, 0.02799079668741686, 0.027988272685847155, 0.02831306909632167, 0.028434723397990712, 0.0285549391753426, 0.02832607944879636, 0.02800347501499142, 0.027460301198426997, 0.02681840364884072, 0.026203190519756815, 0.02552364346313934, 0.024940794741503684, 0.024553643852497812, 0.024009602077058226, 0.023587486328410737, 0.023053226444370627, 0.02237349941244249, 0.021247392964358097, 0.01948489409103017, 0.01759577829009665, 0.015969918059865678, 0.014849832783247986, 0.014164911869984548, 0.013546042864334782, 0.01328357500957488, 0.012905521640083246, 0.012806686101790404, 0.01256569256360443, 0.01270015008783326, 0.013333718053885597, 0.014364706842779438, 0.015230812921928084, 0.016214173123414017, 0.017422309714956504, 0.01848297873673576, 0.019690103784110968, 0.02062988015396428, 0.021304326954883004, 0.021542023987470748, 0.021445001132587415, 0.02128479356968176, 0.021154257299581803, 0.020548768777841446, 0.020419411659703072, 0.020346908766621045, 0.02018386842926173, 0.020060715556614095, 0.019970155121820186, 0.019905412966441507, 0.019860328269953802, 0.019689549628068632, 0.019110038324468673, 0.018401772510693467, 0.01773443768827515, 0.01691379473734185, 0.0163889904882787, 0.015891976533507178, 0.015695148472402557, 0.015634975895130635, 0.01548249397414641, 0.015250362203767827, 0.01446715870868431, 0.013690714184349355, 0.013111437378948002, 0.01280400987898366, 0.012789088065484542, 0.012885508256999974, 0.012645414791893052, 0.012533763320360268, 0.01300792748125149, 0.014045480441271196, 0.015593406388961941, 0.017496649938682926, 0.01947963017829757, 0.021814960986639112, 0.0244888991790445, 0.027455202671237973, 0.030462142682767764, 0.03347516022004274, 0.03632355277573078, 0.03911728575744543, 0.041489125175428104, 0.043617926344794986, 0.04507509866910146, 0.045973158335007626, 0.046666313335408376, 0.047747911364257295, 0.04910015737076979, 0.051170936172887156, 0.05323921785426519, 0.05484930583024696, 0.05598397968583077, 0.056516639752925084, 0.05678375349578094, 0.05655312215346535, 0.05709318659280136, 0.05753330561326649, 0.05822424761198231, 0.05856641837777238, 0.058663546697002605, 0.05829520111627496, 0.058019458378357286, 0.05786276302771312, 0.057678835712609886, 0.05721489013034267, 0.05620972754199197, 0.05488023496470325, 0.05291870088860013, 0.05085359195424363, 0.04836971777146554, 0.045888993393773454, 0.04332790860019442, 0.040721243397433354, 0.03815348906679705, 0.03609755066086763, 0.03431153121207709, 0.03269994312791247, 0.03113246913067769, 0.029533434333839276, 0.02779284963423818, 0.02581340528028532, 0.023636664296078556, 0.021032966406022018, 0.018298152858289164, 0.015471223173718233, 0.012975006021594128, 0.011476514573927241, 0.011190786613452559, 0.012013514795745658, 0.013192708648177051, 0.0146026096239084, 0.016627808096549106, 0.019288816219412905, 0.022115031993867204, 0.024956066779425322, 0.027947127033299147, 0.030317719296220055, 0.03213024736687776, 0.033908117916643665, 0.035613155393420214, 0.03695858371541455, 0.0370883147011733, 0.035844860180821725, 0.03331269225961453, 0.030127822662769057, 0.026675716455458534, 0.02305094507263966, 0.019294584365168215, 0.016588874620184203, 0.013459760460278334, 0.010513659470637583, 0.008184205378854309, 0.005908681970234855, 0.003908372487361734, 0.002250880846271649, 0.001837561814419065, 0.003902446460586522, 0.00649131804032715, 0.008842266053540701, 0.011337576744963709, 0.013847821453172829, 0.016241515374979285, 0.018506880743639053, 0.020753891025054552, 0.022854281545735794, 0.025177910908837288, 0.027764777035113285, 0.0302577363231247, 0.032552204835272186, 0.033962244268502154, 0.03530995724171245, 0.036795414568091225, 0.03840706162943578, 0.039993850675796264, 0.04133645030179679, 0.04211247094820217, 0.04239213751353172, 0.042192499106345205, 0.04200269786908514, 0.041897190162155235, 0.041830932940717325, 0.04166737666619139, 0.04206882264734189, 0.0426127097658282, 0.042895687146734904, 0.04300135533202284, 0.04249799814293581, 0.041897582995049115, 0.04072077112408416, 0.03927976254850985, 0.037331499513228325, 0.035889992777759706, 0.03456359233645024, 0.033243529781910974, 0.03199033675126687, 0.03059935779738079, 0.029272240636492235, 0.027900707354997015, 0.02654938414970694, 0.02543173352052397, 0.024311103096379235, 0.023065212419431085, 0.021685454855791198, 0.02041159885695607, 0.019056064221564174, 0.017656707279948437, 0.01626614648165674, 0.015012383850973622, 0.013603567963072178, 0.012189757837366814, 0.010674529938407772, 0.009407142987148039, 0.008344525906195775, 0.007439054007672372, 0.0072034584519923735, 0.007775010970036668, 0.009047582903156274, 0.010731538882415681, 0.01253460028234948, 0.014333543563369548, 0.016070624592636203, 0.017817726146123574, 0.019557256660804743, 0.02116824086555951, 0.022529303997840977, 0.023628588936546305, 0.02391411988476377, 0.02359656311707365, 0.022355277074164143, 0.020961866673625245, 0.018393580144489934, 0.015660552711922182, 0.013874328661167971, 0.01254026736778108, 0.011812131260623127, 0.010800298354986543, 0.00961805971638548, 0.008471507575266851, 0.007656757785702683, 0.006719580941926242, 0.0056999472982024405, 0.005125787188458596, 0.00504686530895439, 0.005697178935649704, 0.006245540782853768, 0.0070976650798796875, 0.007900543705723831, 0.008755370167568399, 0.009807746909975117, 0.011209592216881203, 0.01276960312030194, 0.014467251258771754, 0.015865855510978952, 0.01751794577394112, 0.01978728846519214, 0.022540086452385207, 0.024859037758439572, 0.02589623397823137, 0.02611181133516041, 0.026565850619759173, 0.0272557734372972, 0.02776644526036269, 0.02799937699621002, 0.02818388188652303, 0.02806005928616626, 0.028083982827741123, 0.02781538632605852, 0.027763976455106594, 0.028120518002563644, 0.028688559534023904, 0.029389365084960088, 0.030059907204608147, 0.03052096911154336, 0.031053468449087778, 0.03142000488428638, 0.03173833045042581, 0.031892653890475096, 0.03198060527161537, 0.031944507243272385, 0.03180892531117334, 0.03180195743523648, 0.03175983113429147, 0.03185651864929952, 0.032146459060636644, 0.032526908876218445, 0.033087790299913135, 0.03370146462957083, 0.0342847740780508, 0.0344768243549477, 0.03441738754137779, 0.034008301029805295]",0.02116824086555951,0.11261689858694984,0.013561161085463416,0.016253902034787104,0.0,0.0,0.043533041803676065,0.11261689858694984,0.013561161085463416,0.016253902034787104,8.352,1717635309.073031,2024-06-06_10-55-09
0.5059,0.10127999999999995,0.4144176729344104,0.393363738484938,0.08710933429420316,0.43193228889028246,0.5059,0.10127999999999995,0.37037668308970756,0.393363738484938,0.08710933429420316,0.43193228889028246,0.022529303997840977,"[0.011315756658919754, 0.012192407496521018, 0.01288995615295488, 0.01359963525141729, 0.014321891165186378, 0.015181047888625853, 0.01592941522152252, 0.01673874496494045, 0.01751440457689525, 0.01835087734908702, 0.019202544572813795, 0.020070622325609303, 0.02095627718778323, 0.02186061264947246, 0.022737260153569413, 0.023681097053535004, 0.024646250751560458, 0.025633386418693636, 0.02659237614956749, 0.027623542314219474, 0.0286250346734827, 0.029647102596467904, 0.03056454213255984, 0.031680305841655834, 0.03263530150735364, 0.033606764937046466, 0.034593095597664145, 0.03536350794006898, 0.035930760474075646, 0.03631257033147624, 0.03661317474198803, 0.03688385713543919, 0.03738127616234113, 0.037934719347479336, 0.03858163380471939, 0.03921882339006296, 0.03999131852533767, 0.04074980907886149, 0.04127472956039594, 0.04151563832077664, 0.04151964454301027, 0.04123464219442919, 0.04096829512038153, 0.04056460486818273, 0.04028281736824196, 0.04000166841569801, 0.03919762289117317, 0.037812479337396496, 0.03622310391275238, 0.03453579653228067, 0.0330206041779641, 0.031565009966306234, 0.03054064037737075, 0.029904305612678588, 0.029394155816597912, 0.028896840658953926, 0.02825322628704274, 0.027685220830545497, 0.02666364029859006, 0.025486033827772144, 0.02414387260068274, 0.023028867611909868, 0.022681878550084772, 0.02299235797660897, 0.02387546679328945, 0.024738332374206702, 0.025547718436096926, 0.026640938816603423, 0.02759836215880636, 0.028240938725365098, 0.028199955208514017, 0.028168175430310402, 0.02767018559717724, 0.027414861073674215, 0.027239233260695786, 0.0274939869379551, 0.027874761581110984, 0.02868161073982207, 0.029514734605865275, 0.030345172291974937, 0.031248268714928727, 0.032298002681611045, 0.033509628354587276, 0.0348066615601669, 0.03569061118903811, 0.03631377821401384, 0.03654105211474412, 0.03646788532881584, 0.03572808397059345, 0.03427781350345514, 0.03309813106562172, 0.031639416134799855, 0.02970329439236902, 0.027599049067936567, 0.02603054913364457, 0.024090316372098155, 0.02220132238001286, 0.02051452966091278, 0.019044426362309692, 0.017805605247084858, 0.01643252777018217, 0.01523003850809785, 0.01424180324883461, 0.013706552220618947, 0.0130880570946912, 0.012988920737072255, 0.013178248200839212, 0.013386796436950147, 0.01359897371732897, 0.01439195864266014, 0.015495810506657983, 0.016686507754200334, 0.01807173050136072, 0.019341411872889052, 0.020370802976522343, 0.0213787239197115, 0.02262888584538598, 0.02401686851684336, 0.025523335513576738, 0.026670410326906566, 0.02758824337325398, 0.02810647098585074, 0.028219175888028712, 0.02804128716256827, 0.027840212128430745, 0.02799079668741686, 0.027988272685847155, 0.02831306909632167, 0.028434723397990712, 0.0285549391753426, 0.02832607944879636, 0.02800347501499142, 0.027460301198426997, 0.02681840364884072, 0.026203190519756815, 0.02552364346313934, 0.024940794741503684, 0.024553643852497812, 0.024009602077058226, 0.023587486328410737, 0.023053226444370627, 0.02237349941244249, 0.021247392964358097, 0.01948489409103017, 0.01759577829009665, 0.015969918059865678, 0.014849832783247986, 0.014164911869984548, 0.013546042864334782, 0.01328357500957488, 0.012905521640083246, 0.012806686101790404, 0.01256569256360443, 0.01270015008783326, 0.013333718053885597, 0.014364706842779438, 0.015230812921928084, 0.016214173123414017, 0.017422309714956504, 0.01848297873673576, 0.019690103784110968, 0.02062988015396428, 0.021304326954883004, 0.021542023987470748, 0.021445001132587415, 0.02128479356968176, 0.021154257299581803, 0.020548768777841446, 0.020419411659703072, 0.020346908766621045, 0.02018386842926173, 0.020060715556614095, 0.019970155121820186, 0.019905412966441507, 0.019860328269953802, 0.019689549628068632, 0.019110038324468673, 0.018401772510693467, 0.01773443768827515, 0.01691379473734185, 0.0163889904882787, 0.015891976533507178, 0.015695148472402557, 0.015634975895130635, 0.01548249397414641, 0.015250362203767827, 0.01446715870868431, 0.013690714184349355, 0.013111437378948002, 0.01280400987898366, 0.012789088065484542, 0.012885508256999974, 0.012645414791893052, 0.012533763320360268, 0.01300792748125149, 0.014045480441271196, 0.015593406388961941, 0.017496649938682926, 0.01947963017829757, 0.021814960986639112, 0.0244888991790445, 0.027455202671237973, 0.030462142682767764, 0.03347516022004274, 0.03632355277573078, 0.03911728575744543, 0.041489125175428104, 0.043617926344794986, 0.04507509866910146, 0.045973158335007626, 0.046666313335408376, 0.047747911364257295, 0.04910015737076979, 0.051170936172887156, 0.05323921785426519, 0.05484930583024696, 0.05598397968583077, 0.056516639752925084, 0.05678375349578094, 0.05655312215346535, 0.05709318659280136, 0.05753330561326649, 0.05822424761198231, 0.05856641837777238, 0.058663546697002605, 0.05829520111627496, 0.058019458378357286, 0.05786276302771312, 0.057678835712609886, 0.05721489013034267, 0.05620972754199197, 0.05488023496470325, 0.05291870088860013, 0.05085359195424363, 0.04836971777146554, 0.045888993393773454, 0.04332790860019442, 0.040721243397433354, 0.03815348906679705, 0.03609755066086763, 0.03431153121207709, 0.03269994312791247, 0.03113246913067769, 0.029533434333839276, 0.02779284963423818, 0.02581340528028532, 0.023636664296078556, 0.021032966406022018, 0.018298152858289164, 0.015471223173718233, 0.012975006021594128, 0.011476514573927241, 0.011190786613452559, 0.012013514795745658, 0.013192708648177051, 0.0146026096239084, 0.016627808096549106, 0.019288816219412905, 0.022115031993867204, 0.024956066779425322, 0.027947127033299147, 0.030317719296220055, 0.03213024736687776, 0.033908117916643665, 0.035613155393420214, 0.03695858371541455, 0.0370883147011733, 0.035844860180821725, 0.03331269225961453, 0.030127822662769057, 0.026675716455458534, 0.02305094507263966, 0.019294584365168215, 0.016588874620184203, 0.013459760460278334, 0.010513659470637583, 0.008184205378854309, 0.005908681970234855, 0.003908372487361734, 0.002250880846271649, 0.001837561814419065, 0.003902446460586522, 0.00649131804032715, 0.008842266053540701, 0.011337576744963709, 0.013847821453172829, 0.016241515374979285, 0.018506880743639053, 0.020753891025054552, 0.022854281545735794, 0.025177910908837288, 0.027764777035113285, 0.0302577363231247, 0.032552204835272186, 0.033962244268502154, 0.03530995724171245, 0.036795414568091225, 0.03840706162943578, 0.039993850675796264, 0.04133645030179679, 0.04211247094820217, 0.04239213751353172, 0.042192499106345205, 0.04200269786908514, 0.041897190162155235, 0.041830932940717325, 0.04166737666619139, 0.04206882264734189, 0.0426127097658282, 0.042895687146734904, 0.04300135533202284, 0.04249799814293581, 0.041897582995049115, 0.04072077112408416, 0.03927976254850985, 0.037331499513228325, 0.035889992777759706, 0.03456359233645024, 0.033243529781910974, 0.03199033675126687, 0.03059935779738079, 0.029272240636492235, 0.027900707354997015, 0.02654938414970694, 0.02543173352052397, 0.024311103096379235, 0.023065212419431085, 0.021685454855791198, 0.02041159885695607, 0.019056064221564174, 0.017656707279948437, 0.01626614648165674, 0.015012383850973622, 0.013603567963072178, 0.012189757837366814, 0.010674529938407772, 0.009407142987148039, 0.008344525906195775, 0.007439054007672372, 0.0072034584519923735, 0.007775010970036668, 0.009047582903156274, 0.010731538882415681, 0.01253460028234948, 0.014333543563369548, 0.016070624592636203, 0.017817726146123574, 0.019557256660804743, 0.02116824086555951, 0.022529303997840977, 0.023628588936546305, 0.02391411988476377, 0.02359656311707365, 0.022355277074164143, 0.020961866673625245, 0.018393580144489934, 0.015660552711922182, 0.013874328661167971, 0.01254026736778108, 0.011812131260623127, 0.010800298354986543, 0.00961805971638548, 0.008471507575266851, 0.007656757785702683, 0.006719580941926242, 0.0056999472982024405, 0.005125787188458596, 0.00504686530895439, 0.005697178935649704, 0.006245540782853768, 0.0070976650798796875, 0.007900543705723831, 0.008755370167568399, 0.009807746909975117, 0.011209592216881203, 0.01276960312030194, 0.014467251258771754, 0.015865855510978952, 0.01751794577394112, 0.01978728846519214, 0.022540086452385207, 0.024859037758439572, 0.02589623397823137, 0.02611181133516041, 0.026565850619759173, 0.0272557734372972, 0.02776644526036269, 0.02799937699621002, 0.02818388188652303, 0.02806005928616626, 0.028083982827741123, 0.02781538632605852, 0.027763976455106594, 0.028120518002563644, 0.028688559534023904, 0.029389365084960088, 0.030059907204608147, 0.03052096911154336, 0.031053468449087778, 0.03142000488428638, 0.03173833045042581, 0.031892653890475096, 0.03198060527161537, 0.031944507243272385, 0.03180892531117334, 0.03180195743523648, 0.03175983113429147, 0.03185651864929952, 0.032146459060636644, 0.032526908876218445, 0.033087790299913135, 0.03370146462957083, 0.0342847740780508, 0.0344768243549477, 0.03441738754137779, 0.034008301029805295]",0.022529303997840977,0.11253626151506202,0.014170665705796795,0.01751461595587206,0.0,0.0,0.04404098984470284,0.11253626151506202,0.014170665705796795,0.01751461595587206,8.376,1717635309.0978494,2024-06-06_10-55-09
0.5059,0.10200000000000001,0.41289259348029245,0.39349758739336216,0.08729354457796573,0.43138665696163686,0.5059,0.10200000000000001,0.36834365559456284,0.39349758739336216,0.08729354457796573,0.43138665696163686,0.023628588936546305,"[0.011315756658919754, 0.012192407496521018, 0.01288995615295488, 0.01359963525141729, 0.014321891165186378, 0.015181047888625853, 0.01592941522152252, 0.01673874496494045, 0.01751440457689525, 0.01835087734908702, 0.019202544572813795, 0.020070622325609303, 0.02095627718778323, 0.02186061264947246, 0.022737260153569413, 0.023681097053535004, 0.024646250751560458, 0.025633386418693636, 0.02659237614956749, 0.027623542314219474, 0.0286250346734827, 0.029647102596467904, 0.03056454213255984, 0.031680305841655834, 0.03263530150735364, 0.033606764937046466, 0.034593095597664145, 0.03536350794006898, 0.035930760474075646, 0.03631257033147624, 0.03661317474198803, 0.03688385713543919, 0.03738127616234113, 0.037934719347479336, 0.03858163380471939, 0.03921882339006296, 0.03999131852533767, 0.04074980907886149, 0.04127472956039594, 0.04151563832077664, 0.04151964454301027, 0.04123464219442919, 0.04096829512038153, 0.04056460486818273, 0.04028281736824196, 0.04000166841569801, 0.03919762289117317, 0.037812479337396496, 0.03622310391275238, 0.03453579653228067, 0.0330206041779641, 0.031565009966306234, 0.03054064037737075, 0.029904305612678588, 0.029394155816597912, 0.028896840658953926, 0.02825322628704274, 0.027685220830545497, 0.02666364029859006, 0.025486033827772144, 0.02414387260068274, 0.023028867611909868, 0.022681878550084772, 0.02299235797660897, 0.02387546679328945, 0.024738332374206702, 0.025547718436096926, 0.026640938816603423, 0.02759836215880636, 0.028240938725365098, 0.028199955208514017, 0.028168175430310402, 0.02767018559717724, 0.027414861073674215, 0.027239233260695786, 0.0274939869379551, 0.027874761581110984, 0.02868161073982207, 0.029514734605865275, 0.030345172291974937, 0.031248268714928727, 0.032298002681611045, 0.033509628354587276, 0.0348066615601669, 0.03569061118903811, 0.03631377821401384, 0.03654105211474412, 0.03646788532881584, 0.03572808397059345, 0.03427781350345514, 0.03309813106562172, 0.031639416134799855, 0.02970329439236902, 0.027599049067936567, 0.02603054913364457, 0.024090316372098155, 0.02220132238001286, 0.02051452966091278, 0.019044426362309692, 0.017805605247084858, 0.01643252777018217, 0.01523003850809785, 0.01424180324883461, 0.013706552220618947, 0.0130880570946912, 0.012988920737072255, 0.013178248200839212, 0.013386796436950147, 0.01359897371732897, 0.01439195864266014, 0.015495810506657983, 0.016686507754200334, 0.01807173050136072, 0.019341411872889052, 0.020370802976522343, 0.0213787239197115, 0.02262888584538598, 0.02401686851684336, 0.025523335513576738, 0.026670410326906566, 0.02758824337325398, 0.02810647098585074, 0.028219175888028712, 0.02804128716256827, 0.027840212128430745, 0.02799079668741686, 0.027988272685847155, 0.02831306909632167, 0.028434723397990712, 0.0285549391753426, 0.02832607944879636, 0.02800347501499142, 0.027460301198426997, 0.02681840364884072, 0.026203190519756815, 0.02552364346313934, 0.024940794741503684, 0.024553643852497812, 0.024009602077058226, 0.023587486328410737, 0.023053226444370627, 0.02237349941244249, 0.021247392964358097, 0.01948489409103017, 0.01759577829009665, 0.015969918059865678, 0.014849832783247986, 0.014164911869984548, 0.013546042864334782, 0.01328357500957488, 0.012905521640083246, 0.012806686101790404, 0.01256569256360443, 0.01270015008783326, 0.013333718053885597, 0.014364706842779438, 0.015230812921928084, 0.016214173123414017, 0.017422309714956504, 0.01848297873673576, 0.019690103784110968, 0.02062988015396428, 0.021304326954883004, 0.021542023987470748, 0.021445001132587415, 0.02128479356968176, 0.021154257299581803, 0.020548768777841446, 0.020419411659703072, 0.020346908766621045, 0.02018386842926173, 0.020060715556614095, 0.019970155121820186, 0.019905412966441507, 0.019860328269953802, 0.019689549628068632, 0.019110038324468673, 0.018401772510693467, 0.01773443768827515, 0.01691379473734185, 0.0163889904882787, 0.015891976533507178, 0.015695148472402557, 0.015634975895130635, 0.01548249397414641, 0.015250362203767827, 0.01446715870868431, 0.013690714184349355, 0.013111437378948002, 0.01280400987898366, 0.012789088065484542, 0.012885508256999974, 0.012645414791893052, 0.012533763320360268, 0.01300792748125149, 0.014045480441271196, 0.015593406388961941, 0.017496649938682926, 0.01947963017829757, 0.021814960986639112, 0.0244888991790445, 0.027455202671237973, 0.030462142682767764, 0.03347516022004274, 0.03632355277573078, 0.03911728575744543, 0.041489125175428104, 0.043617926344794986, 0.04507509866910146, 0.045973158335007626, 0.046666313335408376, 0.047747911364257295, 0.04910015737076979, 0.051170936172887156, 0.05323921785426519, 0.05484930583024696, 0.05598397968583077, 0.056516639752925084, 0.05678375349578094, 0.05655312215346535, 0.05709318659280136, 0.05753330561326649, 0.05822424761198231, 0.05856641837777238, 0.058663546697002605, 0.05829520111627496, 0.058019458378357286, 0.05786276302771312, 0.057678835712609886, 0.05721489013034267, 0.05620972754199197, 0.05488023496470325, 0.05291870088860013, 0.05085359195424363, 0.04836971777146554, 0.045888993393773454, 0.04332790860019442, 0.040721243397433354, 0.03815348906679705, 0.03609755066086763, 0.03431153121207709, 0.03269994312791247, 0.03113246913067769, 0.029533434333839276, 0.02779284963423818, 0.02581340528028532, 0.023636664296078556, 0.021032966406022018, 0.018298152858289164, 0.015471223173718233, 0.012975006021594128, 0.011476514573927241, 0.011190786613452559, 0.012013514795745658, 0.013192708648177051, 0.0146026096239084, 0.016627808096549106, 0.019288816219412905, 0.022115031993867204, 0.024956066779425322, 0.027947127033299147, 0.030317719296220055, 0.03213024736687776, 0.033908117916643665, 0.035613155393420214, 0.03695858371541455, 0.0370883147011733, 0.035844860180821725, 0.03331269225961453, 0.030127822662769057, 0.026675716455458534, 0.02305094507263966, 0.019294584365168215, 0.016588874620184203, 0.013459760460278334, 0.010513659470637583, 0.008184205378854309, 0.005908681970234855, 0.003908372487361734, 0.002250880846271649, 0.001837561814419065, 0.003902446460586522, 0.00649131804032715, 0.008842266053540701, 0.011337576744963709, 0.013847821453172829, 0.016241515374979285, 0.018506880743639053, 0.020753891025054552, 0.022854281545735794, 0.025177910908837288, 0.027764777035113285, 0.0302577363231247, 0.032552204835272186, 0.033962244268502154, 0.03530995724171245, 0.036795414568091225, 0.03840706162943578, 0.039993850675796264, 0.04133645030179679, 0.04211247094820217, 0.04239213751353172, 0.042192499106345205, 0.04200269786908514, 0.041897190162155235, 0.041830932940717325, 0.04166737666619139, 0.04206882264734189, 0.0426127097658282, 0.042895687146734904, 0.04300135533202284, 0.04249799814293581, 0.041897582995049115, 0.04072077112408416, 0.03927976254850985, 0.037331499513228325, 0.035889992777759706, 0.03456359233645024, 0.033243529781910974, 0.03199033675126687, 0.03059935779738079, 0.029272240636492235, 0.027900707354997015, 0.02654938414970694, 0.02543173352052397, 0.024311103096379235, 0.023065212419431085, 0.021685454855791198, 0.02041159885695607, 0.019056064221564174, 0.017656707279948437, 0.01626614648165674, 0.015012383850973622, 0.013603567963072178, 0.012189757837366814, 0.010674529938407772, 0.009407142987148039, 0.008344525906195775, 0.007439054007672372, 0.0072034584519923735, 0.007775010970036668, 0.009047582903156274, 0.010731538882415681, 0.01253460028234948, 0.014333543563369548, 0.016070624592636203, 0.017817726146123574, 0.019557256660804743, 0.02116824086555951, 0.022529303997840977, 0.023628588936546305, 0.02391411988476377, 0.02359656311707365, 0.022355277074164143, 0.020961866673625245, 0.018393580144489934, 0.015660552711922182, 0.013874328661167971, 0.01254026736778108, 0.011812131260623127, 0.010800298354986543, 0.00961805971638548, 0.008471507575266851, 0.007656757785702683, 0.006719580941926242, 0.0056999472982024405, 0.005125787188458596, 0.00504686530895439, 0.005697178935649704, 0.006245540782853768, 0.0070976650798796875, 0.007900543705723831, 0.008755370167568399, 0.009807746909975117, 0.011209592216881203, 0.01276960312030194, 0.014467251258771754, 0.015865855510978952, 0.01751794577394112, 0.01978728846519214, 0.022540086452385207, 0.024859037758439572, 0.02589623397823137, 0.02611181133516041, 0.026565850619759173, 0.0272557734372972, 0.02776644526036269, 0.02799937699621002, 0.02818388188652303, 0.02806005928616626, 0.028083982827741123, 0.02781538632605852, 0.027763976455106594, 0.028120518002563644, 0.028688559534023904, 0.029389365084960088, 0.030059907204608147, 0.03052096911154336, 0.031053468449087778, 0.03142000488428638, 0.03173833045042581, 0.031892653890475096, 0.03198060527161537, 0.031944507243272385, 0.03180892531117334, 0.03180195743523648, 0.03175983113429147, 0.03185651864929952, 0.032146459060636644, 0.032526908876218445, 0.033087790299913135, 0.03370146462957083, 0.0342847740780508, 0.0344768243549477, 0.03441738754137779, 0.034008301029805295]",0.023628588936546305,0.11240241260663786,0.014706455422034276,0.018494063481344414,0.0,0.0,0.04454893788572961,0.11240241260663786,0.014706455422034276,0.018494063481344414,8.4,1717635309.1212585,2024-06-06_10-55-09
0.5059,0.10272,0.41143600429029076,0.3938160226016604,0.08773590641113516,0.43007365621275656,0.5059,0.10272,0.3668390661402982,0.3938160226016604,0.08773590641113516,0.43007365621275656,0.02391411988476377,"[0.011315756658919754, 0.012192407496521018, 0.01288995615295488, 0.01359963525141729, 0.014321891165186378, 0.015181047888625853, 0.01592941522152252, 0.01673874496494045, 0.01751440457689525, 0.01835087734908702, 0.019202544572813795, 0.020070622325609303, 0.02095627718778323, 0.02186061264947246, 0.022737260153569413, 0.023681097053535004, 0.024646250751560458, 0.025633386418693636, 0.02659237614956749, 0.027623542314219474, 0.0286250346734827, 0.029647102596467904, 0.03056454213255984, 0.031680305841655834, 0.03263530150735364, 0.033606764937046466, 0.034593095597664145, 0.03536350794006898, 0.035930760474075646, 0.03631257033147624, 0.03661317474198803, 0.03688385713543919, 0.03738127616234113, 0.037934719347479336, 0.03858163380471939, 0.03921882339006296, 0.03999131852533767, 0.04074980907886149, 0.04127472956039594, 0.04151563832077664, 0.04151964454301027, 0.04123464219442919, 0.04096829512038153, 0.04056460486818273, 0.04028281736824196, 0.04000166841569801, 0.03919762289117317, 0.037812479337396496, 0.03622310391275238, 0.03453579653228067, 0.0330206041779641, 0.031565009966306234, 0.03054064037737075, 0.029904305612678588, 0.029394155816597912, 0.028896840658953926, 0.02825322628704274, 0.027685220830545497, 0.02666364029859006, 0.025486033827772144, 0.02414387260068274, 0.023028867611909868, 0.022681878550084772, 0.02299235797660897, 0.02387546679328945, 0.024738332374206702, 0.025547718436096926, 0.026640938816603423, 0.02759836215880636, 0.028240938725365098, 0.028199955208514017, 0.028168175430310402, 0.02767018559717724, 0.027414861073674215, 0.027239233260695786, 0.0274939869379551, 0.027874761581110984, 0.02868161073982207, 0.029514734605865275, 0.030345172291974937, 0.031248268714928727, 0.032298002681611045, 0.033509628354587276, 0.0348066615601669, 0.03569061118903811, 0.03631377821401384, 0.03654105211474412, 0.03646788532881584, 0.03572808397059345, 0.03427781350345514, 0.03309813106562172, 0.031639416134799855, 0.02970329439236902, 0.027599049067936567, 0.02603054913364457, 0.024090316372098155, 0.02220132238001286, 0.02051452966091278, 0.019044426362309692, 0.017805605247084858, 0.01643252777018217, 0.01523003850809785, 0.01424180324883461, 0.013706552220618947, 0.0130880570946912, 0.012988920737072255, 0.013178248200839212, 0.013386796436950147, 0.01359897371732897, 0.01439195864266014, 0.015495810506657983, 0.016686507754200334, 0.01807173050136072, 0.019341411872889052, 0.020370802976522343, 0.0213787239197115, 0.02262888584538598, 0.02401686851684336, 0.025523335513576738, 0.026670410326906566, 0.02758824337325398, 0.02810647098585074, 0.028219175888028712, 0.02804128716256827, 0.027840212128430745, 0.02799079668741686, 0.027988272685847155, 0.02831306909632167, 0.028434723397990712, 0.0285549391753426, 0.02832607944879636, 0.02800347501499142, 0.027460301198426997, 0.02681840364884072, 0.026203190519756815, 0.02552364346313934, 0.024940794741503684, 0.024553643852497812, 0.024009602077058226, 0.023587486328410737, 0.023053226444370627, 0.02237349941244249, 0.021247392964358097, 0.01948489409103017, 0.01759577829009665, 0.015969918059865678, 0.014849832783247986, 0.014164911869984548, 0.013546042864334782, 0.01328357500957488, 0.012905521640083246, 0.012806686101790404, 0.01256569256360443, 0.01270015008783326, 0.013333718053885597, 0.014364706842779438, 0.015230812921928084, 0.016214173123414017, 0.017422309714956504, 0.01848297873673576, 0.019690103784110968, 0.02062988015396428, 0.021304326954883004, 0.021542023987470748, 0.021445001132587415, 0.02128479356968176, 0.021154257299581803, 0.020548768777841446, 0.020419411659703072, 0.020346908766621045, 0.02018386842926173, 0.020060715556614095, 0.019970155121820186, 0.019905412966441507, 0.019860328269953802, 0.019689549628068632, 0.019110038324468673, 0.018401772510693467, 0.01773443768827515, 0.01691379473734185, 0.0163889904882787, 0.015891976533507178, 0.015695148472402557, 0.015634975895130635, 0.01548249397414641, 0.015250362203767827, 0.01446715870868431, 0.013690714184349355, 0.013111437378948002, 0.01280400987898366, 0.012789088065484542, 0.012885508256999974, 0.012645414791893052, 0.012533763320360268, 0.01300792748125149, 0.014045480441271196, 0.015593406388961941, 0.017496649938682926, 0.01947963017829757, 0.021814960986639112, 0.0244888991790445, 0.027455202671237973, 0.030462142682767764, 0.03347516022004274, 0.03632355277573078, 0.03911728575744543, 0.041489125175428104, 0.043617926344794986, 0.04507509866910146, 0.045973158335007626, 0.046666313335408376, 0.047747911364257295, 0.04910015737076979, 0.051170936172887156, 0.05323921785426519, 0.05484930583024696, 0.05598397968583077, 0.056516639752925084, 0.05678375349578094, 0.05655312215346535, 0.05709318659280136, 0.05753330561326649, 0.05822424761198231, 0.05856641837777238, 0.058663546697002605, 0.05829520111627496, 0.058019458378357286, 0.05786276302771312, 0.057678835712609886, 0.05721489013034267, 0.05620972754199197, 0.05488023496470325, 0.05291870088860013, 0.05085359195424363, 0.04836971777146554, 0.045888993393773454, 0.04332790860019442, 0.040721243397433354, 0.03815348906679705, 0.03609755066086763, 0.03431153121207709, 0.03269994312791247, 0.03113246913067769, 0.029533434333839276, 0.02779284963423818, 0.02581340528028532, 0.023636664296078556, 0.021032966406022018, 0.018298152858289164, 0.015471223173718233, 0.012975006021594128, 0.011476514573927241, 0.011190786613452559, 0.012013514795745658, 0.013192708648177051, 0.0146026096239084, 0.016627808096549106, 0.019288816219412905, 0.022115031993867204, 0.024956066779425322, 0.027947127033299147, 0.030317719296220055, 0.03213024736687776, 0.033908117916643665, 0.035613155393420214, 0.03695858371541455, 0.0370883147011733, 0.035844860180821725, 0.03331269225961453, 0.030127822662769057, 0.026675716455458534, 0.02305094507263966, 0.019294584365168215, 0.016588874620184203, 0.013459760460278334, 0.010513659470637583, 0.008184205378854309, 0.005908681970234855, 0.003908372487361734, 0.002250880846271649, 0.001837561814419065, 0.003902446460586522, 0.00649131804032715, 0.008842266053540701, 0.011337576744963709, 0.013847821453172829, 0.016241515374979285, 0.018506880743639053, 0.020753891025054552, 0.022854281545735794, 0.025177910908837288, 0.027764777035113285, 0.0302577363231247, 0.032552204835272186, 0.033962244268502154, 0.03530995724171245, 0.036795414568091225, 0.03840706162943578, 0.039993850675796264, 0.04133645030179679, 0.04211247094820217, 0.04239213751353172, 0.042192499106345205, 0.04200269786908514, 0.041897190162155235, 0.041830932940717325, 0.04166737666619139, 0.04206882264734189, 0.0426127097658282, 0.042895687146734904, 0.04300135533202284, 0.04249799814293581, 0.041897582995049115, 0.04072077112408416, 0.03927976254850985, 0.037331499513228325, 0.035889992777759706, 0.03456359233645024, 0.033243529781910974, 0.03199033675126687, 0.03059935779738079, 0.029272240636492235, 0.027900707354997015, 0.02654938414970694, 0.02543173352052397, 0.024311103096379235, 0.023065212419431085, 0.021685454855791198, 0.02041159885695607, 0.019056064221564174, 0.017656707279948437, 0.01626614648165674, 0.015012383850973622, 0.013603567963072178, 0.012189757837366814, 0.010674529938407772, 0.009407142987148039, 0.008344525906195775, 0.007439054007672372, 0.0072034584519923735, 0.007775010970036668, 0.009047582903156274, 0.010731538882415681, 0.01253460028234948, 0.014333543563369548, 0.016070624592636203, 0.017817726146123574, 0.019557256660804743, 0.02116824086555951, 0.022529303997840977, 0.023628588936546305, 0.02391411988476377, 0.02359656311707365, 0.022355277074164143, 0.020961866673625245, 0.018393580144489934, 0.015660552711922182, 0.013874328661167971, 0.01254026736778108, 0.011812131260623127, 0.010800298354986543, 0.00961805971638548, 0.008471507575266851, 0.007656757785702683, 0.006719580941926242, 0.0056999472982024405, 0.005125787188458596, 0.00504686530895439, 0.005697178935649704, 0.006245540782853768, 0.0070976650798796875, 0.007900543705723831, 0.008755370167568399, 0.009807746909975117, 0.011209592216881203, 0.01276960312030194, 0.014467251258771754, 0.015865855510978952, 0.01751794577394112, 0.01978728846519214, 0.022540086452385207, 0.024859037758439572, 0.02589623397823137, 0.02611181133516041, 0.026565850619759173, 0.0272557734372972, 0.02776644526036269, 0.02799937699621002, 0.02818388188652303, 0.02806005928616626, 0.028083982827741123, 0.02781538632605852, 0.027763976455106594, 0.028120518002563644, 0.028688559534023904, 0.029389365084960088, 0.030059907204608147, 0.03052096911154336, 0.031053468449087778, 0.03142000488428638, 0.03173833045042581, 0.031892653890475096, 0.03198060527161537, 0.031944507243272385, 0.03180892531117334, 0.03180195743523648, 0.03175983113429147, 0.03185651864929952, 0.032146459060636644, 0.032526908876218445, 0.033087790299913135, 0.03370146462957083, 0.0342847740780508, 0.0344768243549477, 0.03441738754137779, 0.034008301029805295]",0.02391411988476377,0.11208397739833964,0.01498409358886485,0.018637651922465803,0.0,0.0,0.04459693814999255,0.11208397739833964,0.01498409358886485,0.018637651922465803,8.424,1717635309.1448934,2024-06-06_10-55-09
0.5059,0.10344,0.4100533668374698,0.39426029932002943,0.08836318824307968,0.42820515843456647,0.5059,0.10344,0.3654084284232143,0.39426029932002943,0.08836318824307968,0.42820515843456647,0.02359656311707365,"[0.011315756658919754, 0.012192407496521018, 0.01288995615295488, 0.01359963525141729, 0.014321891165186378, 0.015181047888625853, 0.01592941522152252, 0.01673874496494045, 0.01751440457689525, 0.01835087734908702, 0.019202544572813795, 0.020070622325609303, 0.02095627718778323, 0.02186061264947246, 0.022737260153569413, 0.023681097053535004, 0.024646250751560458, 0.025633386418693636, 0.02659237614956749, 0.027623542314219474, 0.0286250346734827, 0.029647102596467904, 0.03056454213255984, 0.031680305841655834, 0.03263530150735364, 0.033606764937046466, 0.034593095597664145, 0.03536350794006898, 0.035930760474075646, 0.03631257033147624, 0.03661317474198803, 0.03688385713543919, 0.03738127616234113, 0.037934719347479336, 0.03858163380471939, 0.03921882339006296, 0.03999131852533767, 0.04074980907886149, 0.04127472956039594, 0.04151563832077664, 0.04151964454301027, 0.04123464219442919, 0.04096829512038153, 0.04056460486818273, 0.04028281736824196, 0.04000166841569801, 0.03919762289117317, 0.037812479337396496, 0.03622310391275238, 0.03453579653228067, 0.0330206041779641, 0.031565009966306234, 0.03054064037737075, 0.029904305612678588, 0.029394155816597912, 0.028896840658953926, 0.02825322628704274, 0.027685220830545497, 0.02666364029859006, 0.025486033827772144, 0.02414387260068274, 0.023028867611909868, 0.022681878550084772, 0.02299235797660897, 0.02387546679328945, 0.024738332374206702, 0.025547718436096926, 0.026640938816603423, 0.02759836215880636, 0.028240938725365098, 0.028199955208514017, 0.028168175430310402, 0.02767018559717724, 0.027414861073674215, 0.027239233260695786, 0.0274939869379551, 0.027874761581110984, 0.02868161073982207, 0.029514734605865275, 0.030345172291974937, 0.031248268714928727, 0.032298002681611045, 0.033509628354587276, 0.0348066615601669, 0.03569061118903811, 0.03631377821401384, 0.03654105211474412, 0.03646788532881584, 0.03572808397059345, 0.03427781350345514, 0.03309813106562172, 0.031639416134799855, 0.02970329439236902, 0.027599049067936567, 0.02603054913364457, 0.024090316372098155, 0.02220132238001286, 0.02051452966091278, 0.019044426362309692, 0.017805605247084858, 0.01643252777018217, 0.01523003850809785, 0.01424180324883461, 0.013706552220618947, 0.0130880570946912, 0.012988920737072255, 0.013178248200839212, 0.013386796436950147, 0.01359897371732897, 0.01439195864266014, 0.015495810506657983, 0.016686507754200334, 0.01807173050136072, 0.019341411872889052, 0.020370802976522343, 0.0213787239197115, 0.02262888584538598, 0.02401686851684336, 0.025523335513576738, 0.026670410326906566, 0.02758824337325398, 0.02810647098585074, 0.028219175888028712, 0.02804128716256827, 0.027840212128430745, 0.02799079668741686, 0.027988272685847155, 0.02831306909632167, 0.028434723397990712, 0.0285549391753426, 0.02832607944879636, 0.02800347501499142, 0.027460301198426997, 0.02681840364884072, 0.026203190519756815, 0.02552364346313934, 0.024940794741503684, 0.024553643852497812, 0.024009602077058226, 0.023587486328410737, 0.023053226444370627, 0.02237349941244249, 0.021247392964358097, 0.01948489409103017, 0.01759577829009665, 0.015969918059865678, 0.014849832783247986, 0.014164911869984548, 0.013546042864334782, 0.01328357500957488, 0.012905521640083246, 0.012806686101790404, 0.01256569256360443, 0.01270015008783326, 0.013333718053885597, 0.014364706842779438, 0.015230812921928084, 0.016214173123414017, 0.017422309714956504, 0.01848297873673576, 0.019690103784110968, 0.02062988015396428, 0.021304326954883004, 0.021542023987470748, 0.021445001132587415, 0.02128479356968176, 0.021154257299581803, 0.020548768777841446, 0.020419411659703072, 0.020346908766621045, 0.02018386842926173, 0.020060715556614095, 0.019970155121820186, 0.019905412966441507, 0.019860328269953802, 0.019689549628068632, 0.019110038324468673, 0.018401772510693467, 0.01773443768827515, 0.01691379473734185, 0.0163889904882787, 0.015891976533507178, 0.015695148472402557, 0.015634975895130635, 0.01548249397414641, 0.015250362203767827, 0.01446715870868431, 0.013690714184349355, 0.013111437378948002, 0.01280400987898366, 0.012789088065484542, 0.012885508256999974, 0.012645414791893052, 0.012533763320360268, 0.01300792748125149, 0.014045480441271196, 0.015593406388961941, 0.017496649938682926, 0.01947963017829757, 0.021814960986639112, 0.0244888991790445, 0.027455202671237973, 0.030462142682767764, 0.03347516022004274, 0.03632355277573078, 0.03911728575744543, 0.041489125175428104, 0.043617926344794986, 0.04507509866910146, 0.045973158335007626, 0.046666313335408376, 0.047747911364257295, 0.04910015737076979, 0.051170936172887156, 0.05323921785426519, 0.05484930583024696, 0.05598397968583077, 0.056516639752925084, 0.05678375349578094, 0.05655312215346535, 0.05709318659280136, 0.05753330561326649, 0.05822424761198231, 0.05856641837777238, 0.058663546697002605, 0.05829520111627496, 0.058019458378357286, 0.05786276302771312, 0.057678835712609886, 0.05721489013034267, 0.05620972754199197, 0.05488023496470325, 0.05291870088860013, 0.05085359195424363, 0.04836971777146554, 0.045888993393773454, 0.04332790860019442, 0.040721243397433354, 0.03815348906679705, 0.03609755066086763, 0.03431153121207709, 0.03269994312791247, 0.03113246913067769, 0.029533434333839276, 0.02779284963423818, 0.02581340528028532, 0.023636664296078556, 0.021032966406022018, 0.018298152858289164, 0.015471223173718233, 0.012975006021594128, 0.011476514573927241, 0.011190786613452559, 0.012013514795745658, 0.013192708648177051, 0.0146026096239084, 0.016627808096549106, 0.019288816219412905, 0.022115031993867204, 0.024956066779425322, 0.027947127033299147, 0.030317719296220055, 0.03213024736687776, 0.033908117916643665, 0.035613155393420214, 0.03695858371541455, 0.0370883147011733, 0.035844860180821725, 0.03331269225961453, 0.030127822662769057, 0.026675716455458534, 0.02305094507263966, 0.019294584365168215, 0.016588874620184203, 0.013459760460278334, 0.010513659470637583, 0.008184205378854309, 0.005908681970234855, 0.003908372487361734, 0.002250880846271649, 0.001837561814419065, 0.003902446460586522, 0.00649131804032715, 0.008842266053540701, 0.011337576744963709, 0.013847821453172829, 0.016241515374979285, 0.018506880743639053, 0.020753891025054552, 0.022854281545735794, 0.025177910908837288, 0.027764777035113285, 0.0302577363231247, 0.032552204835272186, 0.033962244268502154, 0.03530995724171245, 0.036795414568091225, 0.03840706162943578, 0.039993850675796264, 0.04133645030179679, 0.04211247094820217, 0.04239213751353172, 0.042192499106345205, 0.04200269786908514, 0.041897190162155235, 0.041830932940717325, 0.04166737666619139, 0.04206882264734189, 0.0426127097658282, 0.042895687146734904, 0.04300135533202284, 0.04249799814293581, 0.041897582995049115, 0.04072077112408416, 0.03927976254850985, 0.037331499513228325, 0.035889992777759706, 0.03456359233645024, 0.033243529781910974, 0.03199033675126687, 0.03059935779738079, 0.029272240636492235, 0.027900707354997015, 0.02654938414970694, 0.02543173352052397, 0.024311103096379235, 0.023065212419431085, 0.021685454855791198, 0.02041159885695607, 0.019056064221564174, 0.017656707279948437, 0.01626614648165674, 0.015012383850973622, 0.013603567963072178, 0.012189757837366814, 0.010674529938407772, 0.009407142987148039, 0.008344525906195775, 0.007439054007672372, 0.0072034584519923735, 0.007775010970036668, 0.009047582903156274, 0.010731538882415681, 0.01253460028234948, 0.014333543563369548, 0.016070624592636203, 0.017817726146123574, 0.019557256660804743, 0.02116824086555951, 0.022529303997840977, 0.023628588936546305, 0.02391411988476377, 0.02359656311707365, 0.022355277074164143, 0.020961866673625245, 0.018393580144489934, 0.015660552711922182, 0.013874328661167971, 0.01254026736778108, 0.011812131260623127, 0.010800298354986543, 0.00961805971638548, 0.008471507575266851, 0.007656757785702683, 0.006719580941926242, 0.0056999472982024405, 0.005125787188458596, 0.00504686530895439, 0.005697178935649704, 0.006245540782853768, 0.0070976650798796875, 0.007900543705723831, 0.008755370167568399, 0.009807746909975117, 0.011209592216881203, 0.01276960312030194, 0.014467251258771754, 0.015865855510978952, 0.01751794577394112, 0.01978728846519214, 0.022540086452385207, 0.024859037758439572, 0.02589623397823137, 0.02611181133516041, 0.026565850619759173, 0.0272557734372972, 0.02776644526036269, 0.02799937699621002, 0.02818388188652303, 0.02806005928616626, 0.028083982827741123, 0.02781538632605852, 0.027763976455106594, 0.028120518002563644, 0.028688559534023904, 0.029389365084960088, 0.030059907204608147, 0.03052096911154336, 0.031053468449087778, 0.03142000488428638, 0.03173833045042581, 0.031892653890475096, 0.03198060527161537, 0.031944507243272385, 0.03180892531117334, 0.03180195743523648, 0.03175983113429147, 0.03185651864929952, 0.032146459060636644, 0.032526908876218445, 0.033087790299913135, 0.03370146462957083, 0.0342847740780508, 0.0344768243549477, 0.03441738754137779, 0.034008301029805295]",0.02359656311707365,0.11163970067997059,0.015076811756920327,0.018151791597096678,0.0,0.0,0.044644938414255486,0.11163970067997059,0.015076811756920327,0.018151791597096678,8.448,1717635309.1689339,2024-06-06_10-55-09
0.5059,0.10416,0.4087496933218295,0.39489884933323305,0.08928688038100532,0.42543947240549995,0.5059,0.10416,0.36405675464331116,0.39489884933323305,0.08928688038100532,0.42543947240549995,0.022355277074164143,"[0.011315756658919754, 0.012192407496521018, 0.01288995615295488, 0.01359963525141729, 0.014321891165186378, 0.015181047888625853, 0.01592941522152252, 0.01673874496494045, 0.01751440457689525, 0.01835087734908702, 0.019202544572813795, 0.020070622325609303, 0.02095627718778323, 0.02186061264947246, 0.022737260153569413, 0.023681097053535004, 0.024646250751560458, 0.025633386418693636, 0.02659237614956749, 0.027623542314219474, 0.0286250346734827, 0.029647102596467904, 0.03056454213255984, 0.031680305841655834, 0.03263530150735364, 0.033606764937046466, 0.034593095597664145, 0.03536350794006898, 0.035930760474075646, 0.03631257033147624, 0.03661317474198803, 0.03688385713543919, 0.03738127616234113, 0.037934719347479336, 0.03858163380471939, 0.03921882339006296, 0.03999131852533767, 0.04074980907886149, 0.04127472956039594, 0.04151563832077664, 0.04151964454301027, 0.04123464219442919, 0.04096829512038153, 0.04056460486818273, 0.04028281736824196, 0.04000166841569801, 0.03919762289117317, 0.037812479337396496, 0.03622310391275238, 0.03453579653228067, 0.0330206041779641, 0.031565009966306234, 0.03054064037737075, 0.029904305612678588, 0.029394155816597912, 0.028896840658953926, 0.02825322628704274, 0.027685220830545497, 0.02666364029859006, 0.025486033827772144, 0.02414387260068274, 0.023028867611909868, 0.022681878550084772, 0.02299235797660897, 0.02387546679328945, 0.024738332374206702, 0.025547718436096926, 0.026640938816603423, 0.02759836215880636, 0.028240938725365098, 0.028199955208514017, 0.028168175430310402, 0.02767018559717724, 0.027414861073674215, 0.027239233260695786, 0.0274939869379551, 0.027874761581110984, 0.02868161073982207, 0.029514734605865275, 0.030345172291974937, 0.031248268714928727, 0.032298002681611045, 0.033509628354587276, 0.0348066615601669, 0.03569061118903811, 0.03631377821401384, 0.03654105211474412, 0.03646788532881584, 0.03572808397059345, 0.03427781350345514, 0.03309813106562172, 0.031639416134799855, 0.02970329439236902, 0.027599049067936567, 0.02603054913364457, 0.024090316372098155, 0.02220132238001286, 0.02051452966091278, 0.019044426362309692, 0.017805605247084858, 0.01643252777018217, 0.01523003850809785, 0.01424180324883461, 0.013706552220618947, 0.0130880570946912, 0.012988920737072255, 0.013178248200839212, 0.013386796436950147, 0.01359897371732897, 0.01439195864266014, 0.015495810506657983, 0.016686507754200334, 0.01807173050136072, 0.019341411872889052, 0.020370802976522343, 0.0213787239197115, 0.02262888584538598, 0.02401686851684336, 0.025523335513576738, 0.026670410326906566, 0.02758824337325398, 0.02810647098585074, 0.028219175888028712, 0.02804128716256827, 0.027840212128430745, 0.02799079668741686, 0.027988272685847155, 0.02831306909632167, 0.028434723397990712, 0.0285549391753426, 0.02832607944879636, 0.02800347501499142, 0.027460301198426997, 0.02681840364884072, 0.026203190519756815, 0.02552364346313934, 0.024940794741503684, 0.024553643852497812, 0.024009602077058226, 0.023587486328410737, 0.023053226444370627, 0.02237349941244249, 0.021247392964358097, 0.01948489409103017, 0.01759577829009665, 0.015969918059865678, 0.014849832783247986, 0.014164911869984548, 0.013546042864334782, 0.01328357500957488, 0.012905521640083246, 0.012806686101790404, 0.01256569256360443, 0.01270015008783326, 0.013333718053885597, 0.014364706842779438, 0.015230812921928084, 0.016214173123414017, 0.017422309714956504, 0.01848297873673576, 0.019690103784110968, 0.02062988015396428, 0.021304326954883004, 0.021542023987470748, 0.021445001132587415, 0.02128479356968176, 0.021154257299581803, 0.020548768777841446, 0.020419411659703072, 0.020346908766621045, 0.02018386842926173, 0.020060715556614095, 0.019970155121820186, 0.019905412966441507, 0.019860328269953802, 0.019689549628068632, 0.019110038324468673, 0.018401772510693467, 0.01773443768827515, 0.01691379473734185, 0.0163889904882787, 0.015891976533507178, 0.015695148472402557, 0.015634975895130635, 0.01548249397414641, 0.015250362203767827, 0.01446715870868431, 0.013690714184349355, 0.013111437378948002, 0.01280400987898366, 0.012789088065484542, 0.012885508256999974, 0.012645414791893052, 0.012533763320360268, 0.01300792748125149, 0.014045480441271196, 0.015593406388961941, 0.017496649938682926, 0.01947963017829757, 0.021814960986639112, 0.0244888991790445, 0.027455202671237973, 0.030462142682767764, 0.03347516022004274, 0.03632355277573078, 0.03911728575744543, 0.041489125175428104, 0.043617926344794986, 0.04507509866910146, 0.045973158335007626, 0.046666313335408376, 0.047747911364257295, 0.04910015737076979, 0.051170936172887156, 0.05323921785426519, 0.05484930583024696, 0.05598397968583077, 0.056516639752925084, 0.05678375349578094, 0.05655312215346535, 0.05709318659280136, 0.05753330561326649, 0.05822424761198231, 0.05856641837777238, 0.058663546697002605, 0.05829520111627496, 0.058019458378357286, 0.05786276302771312, 0.057678835712609886, 0.05721489013034267, 0.05620972754199197, 0.05488023496470325, 0.05291870088860013, 0.05085359195424363, 0.04836971777146554, 0.045888993393773454, 0.04332790860019442, 0.040721243397433354, 0.03815348906679705, 0.03609755066086763, 0.03431153121207709, 0.03269994312791247, 0.03113246913067769, 0.029533434333839276, 0.02779284963423818, 0.02581340528028532, 0.023636664296078556, 0.021032966406022018, 0.018298152858289164, 0.015471223173718233, 0.012975006021594128, 0.011476514573927241, 0.011190786613452559, 0.012013514795745658, 0.013192708648177051, 0.0146026096239084, 0.016627808096549106, 0.019288816219412905, 0.022115031993867204, 0.024956066779425322, 0.027947127033299147, 0.030317719296220055, 0.03213024736687776, 0.033908117916643665, 0.035613155393420214, 0.03695858371541455, 0.0370883147011733, 0.035844860180821725, 0.03331269225961453, 0.030127822662769057, 0.026675716455458534, 0.02305094507263966, 0.019294584365168215, 0.016588874620184203, 0.013459760460278334, 0.010513659470637583, 0.008184205378854309, 0.005908681970234855, 0.003908372487361734, 0.002250880846271649, 0.001837561814419065, 0.003902446460586522, 0.00649131804032715, 0.008842266053540701, 0.011337576744963709, 0.013847821453172829, 0.016241515374979285, 0.018506880743639053, 0.020753891025054552, 0.022854281545735794, 0.025177910908837288, 0.027764777035113285, 0.0302577363231247, 0.032552204835272186, 0.033962244268502154, 0.03530995724171245, 0.036795414568091225, 0.03840706162943578, 0.039993850675796264, 0.04133645030179679, 0.04211247094820217, 0.04239213751353172, 0.042192499106345205, 0.04200269786908514, 0.041897190162155235, 0.041830932940717325, 0.04166737666619139, 0.04206882264734189, 0.0426127097658282, 0.042895687146734904, 0.04300135533202284, 0.04249799814293581, 0.041897582995049115, 0.04072077112408416, 0.03927976254850985, 0.037331499513228325, 0.035889992777759706, 0.03456359233645024, 0.033243529781910974, 0.03199033675126687, 0.03059935779738079, 0.029272240636492235, 0.027900707354997015, 0.02654938414970694, 0.02543173352052397, 0.024311103096379235, 0.023065212419431085, 0.021685454855791198, 0.02041159885695607, 0.019056064221564174, 0.017656707279948437, 0.01626614648165674, 0.015012383850973622, 0.013603567963072178, 0.012189757837366814, 0.010674529938407772, 0.009407142987148039, 0.008344525906195775, 0.007439054007672372, 0.0072034584519923735, 0.007775010970036668, 0.009047582903156274, 0.010731538882415681, 0.01253460028234948, 0.014333543563369548, 0.016070624592636203, 0.017817726146123574, 0.019557256660804743, 0.02116824086555951, 0.022529303997840977, 0.023628588936546305, 0.02391411988476377, 0.02359656311707365, 0.022355277074164143, 0.020961866673625245, 0.018393580144489934, 0.015660552711922182, 0.013874328661167971, 0.01254026736778108, 0.011812131260623127, 0.010800298354986543, 0.00961805971638548, 0.008471507575266851, 0.007656757785702683, 0.006719580941926242, 0.0056999472982024405, 0.005125787188458596, 0.00504686530895439, 0.005697178935649704, 0.006245540782853768, 0.0070976650798796875, 0.007900543705723831, 0.008755370167568399, 0.009807746909975117, 0.011209592216881203, 0.01276960312030194, 0.014467251258771754, 0.015865855510978952, 0.01751794577394112, 0.01978728846519214, 0.022540086452385207, 0.024859037758439572, 0.02589623397823137, 0.02611181133516041, 0.026565850619759173, 0.0272557734372972, 0.02776644526036269, 0.02799937699621002, 0.02818388188652303, 0.02806005928616626, 0.028083982827741123, 0.02781538632605852, 0.027763976455106594, 0.028120518002563644, 0.028688559534023904, 0.029389365084960088, 0.030059907204608147, 0.03052096911154336, 0.031053468449087778, 0.03142000488428638, 0.03173833045042581, 0.031892653890475096, 0.03198060527161537, 0.031944507243272385, 0.03180892531117334, 0.03180195743523648, 0.03175983113429147, 0.03185651864929952, 0.032146459060636644, 0.032526908876218445, 0.033087790299913135, 0.03370146462957083, 0.0342847740780508, 0.0344768243549477, 0.03441738754137779, 0.034008301029805295]",0.022355277074164143,0.11100115066676697,0.014873119618994679,0.016689779083670475,0.0,0.0,0.04469293867851831,0.11100115066676697,0.014873119618994679,0.016689779083670475,8.472,1717635309.1933038,2024-06-06_10-55-09
0.5059,0.10488,0.4075295255164582,0.3955438851598582,0.09024895549365645,0.4225406011306917,0.5059,0.10488,0.36278858657367696,0.3955438851598582,0.09024895549365645,0.4225406011306917,0.020961866673625245,"[0.011315756658919754, 0.012192407496521018, 0.01288995615295488, 0.01359963525141729, 0.014321891165186378, 0.015181047888625853, 0.01592941522152252, 0.01673874496494045, 0.01751440457689525, 0.01835087734908702, 0.019202544572813795, 0.020070622325609303, 0.02095627718778323, 0.02186061264947246, 0.022737260153569413, 0.023681097053535004, 0.024646250751560458, 0.025633386418693636, 0.02659237614956749, 0.027623542314219474, 0.0286250346734827, 0.029647102596467904, 0.03056454213255984, 0.031680305841655834, 0.03263530150735364, 0.033606764937046466, 0.034593095597664145, 0.03536350794006898, 0.035930760474075646, 0.03631257033147624, 0.03661317474198803, 0.03688385713543919, 0.03738127616234113, 0.037934719347479336, 0.03858163380471939, 0.03921882339006296, 0.03999131852533767, 0.04074980907886149, 0.04127472956039594, 0.04151563832077664, 0.04151964454301027, 0.04123464219442919, 0.04096829512038153, 0.04056460486818273, 0.04028281736824196, 0.04000166841569801, 0.03919762289117317, 0.037812479337396496, 0.03622310391275238, 0.03453579653228067, 0.0330206041779641, 0.031565009966306234, 0.03054064037737075, 0.029904305612678588, 0.029394155816597912, 0.028896840658953926, 0.02825322628704274, 0.027685220830545497, 0.02666364029859006, 0.025486033827772144, 0.02414387260068274, 0.023028867611909868, 0.022681878550084772, 0.02299235797660897, 0.02387546679328945, 0.024738332374206702, 0.025547718436096926, 0.026640938816603423, 0.02759836215880636, 0.028240938725365098, 0.028199955208514017, 0.028168175430310402, 0.02767018559717724, 0.027414861073674215, 0.027239233260695786, 0.0274939869379551, 0.027874761581110984, 0.02868161073982207, 0.029514734605865275, 0.030345172291974937, 0.031248268714928727, 0.032298002681611045, 0.033509628354587276, 0.0348066615601669, 0.03569061118903811, 0.03631377821401384, 0.03654105211474412, 0.03646788532881584, 0.03572808397059345, 0.03427781350345514, 0.03309813106562172, 0.031639416134799855, 0.02970329439236902, 0.027599049067936567, 0.02603054913364457, 0.024090316372098155, 0.02220132238001286, 0.02051452966091278, 0.019044426362309692, 0.017805605247084858, 0.01643252777018217, 0.01523003850809785, 0.01424180324883461, 0.013706552220618947, 0.0130880570946912, 0.012988920737072255, 0.013178248200839212, 0.013386796436950147, 0.01359897371732897, 0.01439195864266014, 0.015495810506657983, 0.016686507754200334, 0.01807173050136072, 0.019341411872889052, 0.020370802976522343, 0.0213787239197115, 0.02262888584538598, 0.02401686851684336, 0.025523335513576738, 0.026670410326906566, 0.02758824337325398, 0.02810647098585074, 0.028219175888028712, 0.02804128716256827, 0.027840212128430745, 0.02799079668741686, 0.027988272685847155, 0.02831306909632167, 0.028434723397990712, 0.0285549391753426, 0.02832607944879636, 0.02800347501499142, 0.027460301198426997, 0.02681840364884072, 0.026203190519756815, 0.02552364346313934, 0.024940794741503684, 0.024553643852497812, 0.024009602077058226, 0.023587486328410737, 0.023053226444370627, 0.02237349941244249, 0.021247392964358097, 0.01948489409103017, 0.01759577829009665, 0.015969918059865678, 0.014849832783247986, 0.014164911869984548, 0.013546042864334782, 0.01328357500957488, 0.012905521640083246, 0.012806686101790404, 0.01256569256360443, 0.01270015008783326, 0.013333718053885597, 0.014364706842779438, 0.015230812921928084, 0.016214173123414017, 0.017422309714956504, 0.01848297873673576, 0.019690103784110968, 0.02062988015396428, 0.021304326954883004, 0.021542023987470748, 0.021445001132587415, 0.02128479356968176, 0.021154257299581803, 0.020548768777841446, 0.020419411659703072, 0.020346908766621045, 0.02018386842926173, 0.020060715556614095, 0.019970155121820186, 0.019905412966441507, 0.019860328269953802, 0.019689549628068632, 0.019110038324468673, 0.018401772510693467, 0.01773443768827515, 0.01691379473734185, 0.0163889904882787, 0.015891976533507178, 0.015695148472402557, 0.015634975895130635, 0.01548249397414641, 0.015250362203767827, 0.01446715870868431, 0.013690714184349355, 0.013111437378948002, 0.01280400987898366, 0.012789088065484542, 0.012885508256999974, 0.012645414791893052, 0.012533763320360268, 0.01300792748125149, 0.014045480441271196, 0.015593406388961941, 0.017496649938682926, 0.01947963017829757, 0.021814960986639112, 0.0244888991790445, 0.027455202671237973, 0.030462142682767764, 0.03347516022004274, 0.03632355277573078, 0.03911728575744543, 0.041489125175428104, 0.043617926344794986, 0.04507509866910146, 0.045973158335007626, 0.046666313335408376, 0.047747911364257295, 0.04910015737076979, 0.051170936172887156, 0.05323921785426519, 0.05484930583024696, 0.05598397968583077, 0.056516639752925084, 0.05678375349578094, 0.05655312215346535, 0.05709318659280136, 0.05753330561326649, 0.05822424761198231, 0.05856641837777238, 0.058663546697002605, 0.05829520111627496, 0.058019458378357286, 0.05786276302771312, 0.057678835712609886, 0.05721489013034267, 0.05620972754199197, 0.05488023496470325, 0.05291870088860013, 0.05085359195424363, 0.04836971777146554, 0.045888993393773454, 0.04332790860019442, 0.040721243397433354, 0.03815348906679705, 0.03609755066086763, 0.03431153121207709, 0.03269994312791247, 0.03113246913067769, 0.029533434333839276, 0.02779284963423818, 0.02581340528028532, 0.023636664296078556, 0.021032966406022018, 0.018298152858289164, 0.015471223173718233, 0.012975006021594128, 0.011476514573927241, 0.011190786613452559, 0.012013514795745658, 0.013192708648177051, 0.0146026096239084, 0.016627808096549106, 0.019288816219412905, 0.022115031993867204, 0.024956066779425322, 0.027947127033299147, 0.030317719296220055, 0.03213024736687776, 0.033908117916643665, 0.035613155393420214, 0.03695858371541455, 0.0370883147011733, 0.035844860180821725, 0.03331269225961453, 0.030127822662769057, 0.026675716455458534, 0.02305094507263966, 0.019294584365168215, 0.016588874620184203, 0.013459760460278334, 0.010513659470637583, 0.008184205378854309, 0.005908681970234855, 0.003908372487361734, 0.002250880846271649, 0.001837561814419065, 0.003902446460586522, 0.00649131804032715, 0.008842266053540701, 0.011337576744963709, 0.013847821453172829, 0.016241515374979285, 0.018506880743639053, 0.020753891025054552, 0.022854281545735794, 0.025177910908837288, 0.027764777035113285, 0.0302577363231247, 0.032552204835272186, 0.033962244268502154, 0.03530995724171245, 0.036795414568091225, 0.03840706162943578, 0.039993850675796264, 0.04133645030179679, 0.04211247094820217, 0.04239213751353172, 0.042192499106345205, 0.04200269786908514, 0.041897190162155235, 0.041830932940717325, 0.04166737666619139, 0.04206882264734189, 0.0426127097658282, 0.042895687146734904, 0.04300135533202284, 0.04249799814293581, 0.041897582995049115, 0.04072077112408416, 0.03927976254850985, 0.037331499513228325, 0.035889992777759706, 0.03456359233645024, 0.033243529781910974, 0.03199033675126687, 0.03059935779738079, 0.029272240636492235, 0.027900707354997015, 0.02654938414970694, 0.02543173352052397, 0.024311103096379235, 0.023065212419431085, 0.021685454855791198, 0.02041159885695607, 0.019056064221564174, 0.017656707279948437, 0.01626614648165674, 0.015012383850973622, 0.013603567963072178, 0.012189757837366814, 0.010674529938407772, 0.009407142987148039, 0.008344525906195775, 0.007439054007672372, 0.0072034584519923735, 0.007775010970036668, 0.009047582903156274, 0.010731538882415681, 0.01253460028234948, 0.014333543563369548, 0.016070624592636203, 0.017817726146123574, 0.019557256660804743, 0.02116824086555951, 0.022529303997840977, 0.023628588936546305, 0.02391411988476377, 0.02359656311707365, 0.022355277074164143, 0.020961866673625245, 0.018393580144489934, 0.015660552711922182, 0.013874328661167971, 0.01254026736778108, 0.011812131260623127, 0.010800298354986543, 0.00961805971638548, 0.008471507575266851, 0.007656757785702683, 0.006719580941926242, 0.0056999472982024405, 0.005125787188458596, 0.00504686530895439, 0.005697178935649704, 0.006245540782853768, 0.0070976650798796875, 0.007900543705723831, 0.008755370167568399, 0.009807746909975117, 0.011209592216881203, 0.01276960312030194, 0.014467251258771754, 0.015865855510978952, 0.01751794577394112, 0.01978728846519214, 0.022540086452385207, 0.024859037758439572, 0.02589623397823137, 0.02611181133516041, 0.026565850619759173, 0.0272557734372972, 0.02776644526036269, 0.02799937699621002, 0.02818388188652303, 0.02806005928616626, 0.028083982827741123, 0.02781538632605852, 0.027763976455106594, 0.028120518002563644, 0.028688559534023904, 0.029389365084960088, 0.030059907204608147, 0.03052096911154336, 0.031053468449087778, 0.03142000488428638, 0.03173833045042581, 0.031892653890475096, 0.03198060527161537, 0.031944507243272385, 0.03180892531117334, 0.03180195743523648, 0.03175983113429147, 0.03185651864929952, 0.032146459060636644, 0.032526908876218445, 0.033087790299913135, 0.03370146462957083, 0.0342847740780508, 0.0344768243549477, 0.03441738754137779, 0.034008301029805295]",0.020961866673625245,0.1103561148401418,0.014631044506343546,0.015011075614233482,0.0,0.0,0.04474093894278125,0.1103561148401418,0.014631044506343546,0.015011075614233482,8.496,1717635309.2194498,2024-06-06_10-55-09
0.5059,0.1056,0.40639691658577237,0.3964466810074822,0.091711342798147,0.4184563109180426,0.5059,0.1056,0.3619237132935767,0.3964466810074822,0.091711342798147,0.4184563109180426,0.018393580144489934,"[0.011315756658919754, 0.012192407496521018, 0.01288995615295488, 0.01359963525141729, 0.014321891165186378, 0.015181047888625853, 0.01592941522152252, 0.01673874496494045, 0.01751440457689525, 0.01835087734908702, 0.019202544572813795, 0.020070622325609303, 0.02095627718778323, 0.02186061264947246, 0.022737260153569413, 0.023681097053535004, 0.024646250751560458, 0.025633386418693636, 0.02659237614956749, 0.027623542314219474, 0.0286250346734827, 0.029647102596467904, 0.03056454213255984, 0.031680305841655834, 0.03263530150735364, 0.033606764937046466, 0.034593095597664145, 0.03536350794006898, 0.035930760474075646, 0.03631257033147624, 0.03661317474198803, 0.03688385713543919, 0.03738127616234113, 0.037934719347479336, 0.03858163380471939, 0.03921882339006296, 0.03999131852533767, 0.04074980907886149, 0.04127472956039594, 0.04151563832077664, 0.04151964454301027, 0.04123464219442919, 0.04096829512038153, 0.04056460486818273, 0.04028281736824196, 0.04000166841569801, 0.03919762289117317, 0.037812479337396496, 0.03622310391275238, 0.03453579653228067, 0.0330206041779641, 0.031565009966306234, 0.03054064037737075, 0.029904305612678588, 0.029394155816597912, 0.028896840658953926, 0.02825322628704274, 0.027685220830545497, 0.02666364029859006, 0.025486033827772144, 0.02414387260068274, 0.023028867611909868, 0.022681878550084772, 0.02299235797660897, 0.02387546679328945, 0.024738332374206702, 0.025547718436096926, 0.026640938816603423, 0.02759836215880636, 0.028240938725365098, 0.028199955208514017, 0.028168175430310402, 0.02767018559717724, 0.027414861073674215, 0.027239233260695786, 0.0274939869379551, 0.027874761581110984, 0.02868161073982207, 0.029514734605865275, 0.030345172291974937, 0.031248268714928727, 0.032298002681611045, 0.033509628354587276, 0.0348066615601669, 0.03569061118903811, 0.03631377821401384, 0.03654105211474412, 0.03646788532881584, 0.03572808397059345, 0.03427781350345514, 0.03309813106562172, 0.031639416134799855, 0.02970329439236902, 0.027599049067936567, 0.02603054913364457, 0.024090316372098155, 0.02220132238001286, 0.02051452966091278, 0.019044426362309692, 0.017805605247084858, 0.01643252777018217, 0.01523003850809785, 0.01424180324883461, 0.013706552220618947, 0.0130880570946912, 0.012988920737072255, 0.013178248200839212, 0.013386796436950147, 0.01359897371732897, 0.01439195864266014, 0.015495810506657983, 0.016686507754200334, 0.01807173050136072, 0.019341411872889052, 0.020370802976522343, 0.0213787239197115, 0.02262888584538598, 0.02401686851684336, 0.025523335513576738, 0.026670410326906566, 0.02758824337325398, 0.02810647098585074, 0.028219175888028712, 0.02804128716256827, 0.027840212128430745, 0.02799079668741686, 0.027988272685847155, 0.02831306909632167, 0.028434723397990712, 0.0285549391753426, 0.02832607944879636, 0.02800347501499142, 0.027460301198426997, 0.02681840364884072, 0.026203190519756815, 0.02552364346313934, 0.024940794741503684, 0.024553643852497812, 0.024009602077058226, 0.023587486328410737, 0.023053226444370627, 0.02237349941244249, 0.021247392964358097, 0.01948489409103017, 0.01759577829009665, 0.015969918059865678, 0.014849832783247986, 0.014164911869984548, 0.013546042864334782, 0.01328357500957488, 0.012905521640083246, 0.012806686101790404, 0.01256569256360443, 0.01270015008783326, 0.013333718053885597, 0.014364706842779438, 0.015230812921928084, 0.016214173123414017, 0.017422309714956504, 0.01848297873673576, 0.019690103784110968, 0.02062988015396428, 0.021304326954883004, 0.021542023987470748, 0.021445001132587415, 0.02128479356968176, 0.021154257299581803, 0.020548768777841446, 0.020419411659703072, 0.020346908766621045, 0.02018386842926173, 0.020060715556614095, 0.019970155121820186, 0.019905412966441507, 0.019860328269953802, 0.019689549628068632, 0.019110038324468673, 0.018401772510693467, 0.01773443768827515, 0.01691379473734185, 0.0163889904882787, 0.015891976533507178, 0.015695148472402557, 0.015634975895130635, 0.01548249397414641, 0.015250362203767827, 0.01446715870868431, 0.013690714184349355, 0.013111437378948002, 0.01280400987898366, 0.012789088065484542, 0.012885508256999974, 0.012645414791893052, 0.012533763320360268, 0.01300792748125149, 0.014045480441271196, 0.015593406388961941, 0.017496649938682926, 0.01947963017829757, 0.021814960986639112, 0.0244888991790445, 0.027455202671237973, 0.030462142682767764, 0.03347516022004274, 0.03632355277573078, 0.03911728575744543, 0.041489125175428104, 0.043617926344794986, 0.04507509866910146, 0.045973158335007626, 0.046666313335408376, 0.047747911364257295, 0.04910015737076979, 0.051170936172887156, 0.05323921785426519, 0.05484930583024696, 0.05598397968583077, 0.056516639752925084, 0.05678375349578094, 0.05655312215346535, 0.05709318659280136, 0.05753330561326649, 0.05822424761198231, 0.05856641837777238, 0.058663546697002605, 0.05829520111627496, 0.058019458378357286, 0.05786276302771312, 0.057678835712609886, 0.05721489013034267, 0.05620972754199197, 0.05488023496470325, 0.05291870088860013, 0.05085359195424363, 0.04836971777146554, 0.045888993393773454, 0.04332790860019442, 0.040721243397433354, 0.03815348906679705, 0.03609755066086763, 0.03431153121207709, 0.03269994312791247, 0.03113246913067769, 0.029533434333839276, 0.02779284963423818, 0.02581340528028532, 0.023636664296078556, 0.021032966406022018, 0.018298152858289164, 0.015471223173718233, 0.012975006021594128, 0.011476514573927241, 0.011190786613452559, 0.012013514795745658, 0.013192708648177051, 0.0146026096239084, 0.016627808096549106, 0.019288816219412905, 0.022115031993867204, 0.024956066779425322, 0.027947127033299147, 0.030317719296220055, 0.03213024736687776, 0.033908117916643665, 0.035613155393420214, 0.03695858371541455, 0.0370883147011733, 0.035844860180821725, 0.03331269225961453, 0.030127822662769057, 0.026675716455458534, 0.02305094507263966, 0.019294584365168215, 0.016588874620184203, 0.013459760460278334, 0.010513659470637583, 0.008184205378854309, 0.005908681970234855, 0.003908372487361734, 0.002250880846271649, 0.001837561814419065, 0.003902446460586522, 0.00649131804032715, 0.008842266053540701, 0.011337576744963709, 0.013847821453172829, 0.016241515374979285, 0.018506880743639053, 0.020753891025054552, 0.022854281545735794, 0.025177910908837288, 0.027764777035113285, 0.0302577363231247, 0.032552204835272186, 0.033962244268502154, 0.03530995724171245, 0.036795414568091225, 0.03840706162943578, 0.039993850675796264, 0.04133645030179679, 0.04211247094820217, 0.04239213751353172, 0.042192499106345205, 0.04200269786908514, 0.041897190162155235, 0.041830932940717325, 0.04166737666619139, 0.04206882264734189, 0.0426127097658282, 0.042895687146734904, 0.04300135533202284, 0.04249799814293581, 0.041897582995049115, 0.04072077112408416, 0.03927976254850985, 0.037331499513228325, 0.035889992777759706, 0.03456359233645024, 0.033243529781910974, 0.03199033675126687, 0.03059935779738079, 0.029272240636492235, 0.027900707354997015, 0.02654938414970694, 0.02543173352052397, 0.024311103096379235, 0.023065212419431085, 0.021685454855791198, 0.02041159885695607, 0.019056064221564174, 0.017656707279948437, 0.01626614648165674, 0.015012383850973622, 0.013603567963072178, 0.012189757837366814, 0.010674529938407772, 0.009407142987148039, 0.008344525906195775, 0.007439054007672372, 0.0072034584519923735, 0.007775010970036668, 0.009047582903156274, 0.010731538882415681, 0.01253460028234948, 0.014333543563369548, 0.016070624592636203, 0.017817726146123574, 0.019557256660804743, 0.02116824086555951, 0.022529303997840977, 0.023628588936546305, 0.02391411988476377, 0.02359656311707365, 0.022355277074164143, 0.020961866673625245, 0.018393580144489934, 0.015660552711922182, 0.013874328661167971, 0.01254026736778108, 0.011812131260623127, 0.010800298354986543, 0.00961805971638548, 0.008471507575266851, 0.007656757785702683, 0.006719580941926242, 0.0056999472982024405, 0.005125787188458596, 0.00504686530895439, 0.005697178935649704, 0.006245540782853768, 0.0070976650798796875, 0.007900543705723831, 0.008755370167568399, 0.009807746909975117, 0.011209592216881203, 0.01276960312030194, 0.014467251258771754, 0.015865855510978952, 0.01751794577394112, 0.01978728846519214, 0.022540086452385207, 0.024859037758439572, 0.02589623397823137, 0.02611181133516041, 0.026565850619759173, 0.0272557734372972, 0.02776644526036269, 0.02799937699621002, 0.02818388188652303, 0.02806005928616626, 0.028083982827741123, 0.02781538632605852, 0.027763976455106594, 0.028120518002563644, 0.028688559534023904, 0.029389365084960088, 0.030059907204608147, 0.03052096911154336, 0.031053468449087778, 0.03142000488428638, 0.03173833045042581, 0.031892653890475096, 0.03198060527161537, 0.031944507243272385, 0.03180892531117334, 0.03180195743523648, 0.03175983113429147, 0.03185651864929952, 0.032146459060636644, 0.032526908876218445, 0.033087790299913135, 0.03370146462957083, 0.0342847740780508, 0.0344768243549477, 0.03441738754137779, 0.034008301029805295]",0.018393580144489934,0.10945331899251781,0.013888657201853005,0.012059394332270212,0.0,0.0,0.04447320329219567,0.10945331899251781,0.013888657201853005,0.012059394332270212,8.52,1717635309.2410007,2024-06-06_10-55-09
0.5059,0.10632,0.40535541595396396,0.3973558369700855,0.09319690495418206,0.4139016015160333,0.5059,0.10632,0.3612130954953235,0.3973558369700855,0.09319690495418206,0.4139016015160333,0.015660552711922182,"[0.011315756658919754, 0.012192407496521018, 0.01288995615295488, 0.01359963525141729, 0.014321891165186378, 0.015181047888625853, 0.01592941522152252, 0.01673874496494045, 0.01751440457689525, 0.01835087734908702, 0.019202544572813795, 0.020070622325609303, 0.02095627718778323, 0.02186061264947246, 0.022737260153569413, 0.023681097053535004, 0.024646250751560458, 0.025633386418693636, 0.02659237614956749, 0.027623542314219474, 0.0286250346734827, 0.029647102596467904, 0.03056454213255984, 0.031680305841655834, 0.03263530150735364, 0.033606764937046466, 0.034593095597664145, 0.03536350794006898, 0.035930760474075646, 0.03631257033147624, 0.03661317474198803, 0.03688385713543919, 0.03738127616234113, 0.037934719347479336, 0.03858163380471939, 0.03921882339006296, 0.03999131852533767, 0.04074980907886149, 0.04127472956039594, 0.04151563832077664, 0.04151964454301027, 0.04123464219442919, 0.04096829512038153, 0.04056460486818273, 0.04028281736824196, 0.04000166841569801, 0.03919762289117317, 0.037812479337396496, 0.03622310391275238, 0.03453579653228067, 0.0330206041779641, 0.031565009966306234, 0.03054064037737075, 0.029904305612678588, 0.029394155816597912, 0.028896840658953926, 0.02825322628704274, 0.027685220830545497, 0.02666364029859006, 0.025486033827772144, 0.02414387260068274, 0.023028867611909868, 0.022681878550084772, 0.02299235797660897, 0.02387546679328945, 0.024738332374206702, 0.025547718436096926, 0.026640938816603423, 0.02759836215880636, 0.028240938725365098, 0.028199955208514017, 0.028168175430310402, 0.02767018559717724, 0.027414861073674215, 0.027239233260695786, 0.0274939869379551, 0.027874761581110984, 0.02868161073982207, 0.029514734605865275, 0.030345172291974937, 0.031248268714928727, 0.032298002681611045, 0.033509628354587276, 0.0348066615601669, 0.03569061118903811, 0.03631377821401384, 0.03654105211474412, 0.03646788532881584, 0.03572808397059345, 0.03427781350345514, 0.03309813106562172, 0.031639416134799855, 0.02970329439236902, 0.027599049067936567, 0.02603054913364457, 0.024090316372098155, 0.02220132238001286, 0.02051452966091278, 0.019044426362309692, 0.017805605247084858, 0.01643252777018217, 0.01523003850809785, 0.01424180324883461, 0.013706552220618947, 0.0130880570946912, 0.012988920737072255, 0.013178248200839212, 0.013386796436950147, 0.01359897371732897, 0.01439195864266014, 0.015495810506657983, 0.016686507754200334, 0.01807173050136072, 0.019341411872889052, 0.020370802976522343, 0.0213787239197115, 0.02262888584538598, 0.02401686851684336, 0.025523335513576738, 0.026670410326906566, 0.02758824337325398, 0.02810647098585074, 0.028219175888028712, 0.02804128716256827, 0.027840212128430745, 0.02799079668741686, 0.027988272685847155, 0.02831306909632167, 0.028434723397990712, 0.0285549391753426, 0.02832607944879636, 0.02800347501499142, 0.027460301198426997, 0.02681840364884072, 0.026203190519756815, 0.02552364346313934, 0.024940794741503684, 0.024553643852497812, 0.024009602077058226, 0.023587486328410737, 0.023053226444370627, 0.02237349941244249, 0.021247392964358097, 0.01948489409103017, 0.01759577829009665, 0.015969918059865678, 0.014849832783247986, 0.014164911869984548, 0.013546042864334782, 0.01328357500957488, 0.012905521640083246, 0.012806686101790404, 0.01256569256360443, 0.01270015008783326, 0.013333718053885597, 0.014364706842779438, 0.015230812921928084, 0.016214173123414017, 0.017422309714956504, 0.01848297873673576, 0.019690103784110968, 0.02062988015396428, 0.021304326954883004, 0.021542023987470748, 0.021445001132587415, 0.02128479356968176, 0.021154257299581803, 0.020548768777841446, 0.020419411659703072, 0.020346908766621045, 0.02018386842926173, 0.020060715556614095, 0.019970155121820186, 0.019905412966441507, 0.019860328269953802, 0.019689549628068632, 0.019110038324468673, 0.018401772510693467, 0.01773443768827515, 0.01691379473734185, 0.0163889904882787, 0.015891976533507178, 0.015695148472402557, 0.015634975895130635, 0.01548249397414641, 0.015250362203767827, 0.01446715870868431, 0.013690714184349355, 0.013111437378948002, 0.01280400987898366, 0.012789088065484542, 0.012885508256999974, 0.012645414791893052, 0.012533763320360268, 0.01300792748125149, 0.014045480441271196, 0.015593406388961941, 0.017496649938682926, 0.01947963017829757, 0.021814960986639112, 0.0244888991790445, 0.027455202671237973, 0.030462142682767764, 0.03347516022004274, 0.03632355277573078, 0.03911728575744543, 0.041489125175428104, 0.043617926344794986, 0.04507509866910146, 0.045973158335007626, 0.046666313335408376, 0.047747911364257295, 0.04910015737076979, 0.051170936172887156, 0.05323921785426519, 0.05484930583024696, 0.05598397968583077, 0.056516639752925084, 0.05678375349578094, 0.05655312215346535, 0.05709318659280136, 0.05753330561326649, 0.05822424761198231, 0.05856641837777238, 0.058663546697002605, 0.05829520111627496, 0.058019458378357286, 0.05786276302771312, 0.057678835712609886, 0.05721489013034267, 0.05620972754199197, 0.05488023496470325, 0.05291870088860013, 0.05085359195424363, 0.04836971777146554, 0.045888993393773454, 0.04332790860019442, 0.040721243397433354, 0.03815348906679705, 0.03609755066086763, 0.03431153121207709, 0.03269994312791247, 0.03113246913067769, 0.029533434333839276, 0.02779284963423818, 0.02581340528028532, 0.023636664296078556, 0.021032966406022018, 0.018298152858289164, 0.015471223173718233, 0.012975006021594128, 0.011476514573927241, 0.011190786613452559, 0.012013514795745658, 0.013192708648177051, 0.0146026096239084, 0.016627808096549106, 0.019288816219412905, 0.022115031993867204, 0.024956066779425322, 0.027947127033299147, 0.030317719296220055, 0.03213024736687776, 0.033908117916643665, 0.035613155393420214, 0.03695858371541455, 0.0370883147011733, 0.035844860180821725, 0.03331269225961453, 0.030127822662769057, 0.026675716455458534, 0.02305094507263966, 0.019294584365168215, 0.016588874620184203, 0.013459760460278334, 0.010513659470637583, 0.008184205378854309, 0.005908681970234855, 0.003908372487361734, 0.002250880846271649, 0.001837561814419065, 0.003902446460586522, 0.00649131804032715, 0.008842266053540701, 0.011337576744963709, 0.013847821453172829, 0.016241515374979285, 0.018506880743639053, 0.020753891025054552, 0.022854281545735794, 0.025177910908837288, 0.027764777035113285, 0.0302577363231247, 0.032552204835272186, 0.033962244268502154, 0.03530995724171245, 0.036795414568091225, 0.03840706162943578, 0.039993850675796264, 0.04133645030179679, 0.04211247094820217, 0.04239213751353172, 0.042192499106345205, 0.04200269786908514, 0.041897190162155235, 0.041830932940717325, 0.04166737666619139, 0.04206882264734189, 0.0426127097658282, 0.042895687146734904, 0.04300135533202284, 0.04249799814293581, 0.041897582995049115, 0.04072077112408416, 0.03927976254850985, 0.037331499513228325, 0.035889992777759706, 0.03456359233645024, 0.033243529781910974, 0.03199033675126687, 0.03059935779738079, 0.029272240636492235, 0.027900707354997015, 0.02654938414970694, 0.02543173352052397, 0.024311103096379235, 0.023065212419431085, 0.021685454855791198, 0.02041159885695607, 0.019056064221564174, 0.017656707279948437, 0.01626614648165674, 0.015012383850973622, 0.013603567963072178, 0.012189757837366814, 0.010674529938407772, 0.009407142987148039, 0.008344525906195775, 0.007439054007672372, 0.0072034584519923735, 0.007775010970036668, 0.009047582903156274, 0.010731538882415681, 0.01253460028234948, 0.014333543563369548, 0.016070624592636203, 0.017817726146123574, 0.019557256660804743, 0.02116824086555951, 0.022529303997840977, 0.023628588936546305, 0.02391411988476377, 0.02359656311707365, 0.022355277074164143, 0.020961866673625245, 0.018393580144489934, 0.015660552711922182, 0.013874328661167971, 0.01254026736778108, 0.011812131260623127, 0.010800298354986543, 0.00961805971638548, 0.008471507575266851, 0.007656757785702683, 0.006719580941926242, 0.0056999472982024405, 0.005125787188458596, 0.00504686530895439, 0.005697178935649704, 0.006245540782853768, 0.0070976650798796875, 0.007900543705723831, 0.008755370167568399, 0.009807746909975117, 0.011209592216881203, 0.01276960312030194, 0.014467251258771754, 0.015865855510978952, 0.01751794577394112, 0.01978728846519214, 0.022540086452385207, 0.024859037758439572, 0.02589623397823137, 0.02611181133516041, 0.026565850619759173, 0.0272557734372972, 0.02776644526036269, 0.02799937699621002, 0.02818388188652303, 0.02806005928616626, 0.028083982827741123, 0.02781538632605852, 0.027763976455106594, 0.028120518002563644, 0.028688559534023904, 0.029389365084960088, 0.030059907204608147, 0.03052096911154336, 0.031053468449087778, 0.03142000488428638, 0.03173833045042581, 0.031892653890475096, 0.03198060527161537, 0.031944507243272385, 0.03180892531117334, 0.03180195743523648, 0.03175983113429147, 0.03185651864929952, 0.032146459060636644, 0.032526908876218445, 0.033087790299913135, 0.03370146462957083, 0.0342847740780508, 0.0344768243549477, 0.03441738754137779, 0.034008301029805295]",0.015660552711922182,0.10854416302991454,0.013123095045817934,0.00854618556206932,0.0,0.0,0.04414232045864047,0.10854416302991454,0.013123095045817934,0.00854618556206932,8.544,1717635309.2650836,2024-06-06_10-55-09
0.5059,0.10703999999999994,0.40440805728325036,0.3980674591026026,0.09447863422521288,0.4102994990142798,0.5059,0.10703999999999994,0.36059661965816514,0.3980674591026026,0.09447863422521288,0.4102994990142798,0.013874328661167971,"[0.011315756658919754, 0.012192407496521018, 0.01288995615295488, 0.01359963525141729, 0.014321891165186378, 0.015181047888625853, 0.01592941522152252, 0.01673874496494045, 0.01751440457689525, 0.01835087734908702, 0.019202544572813795, 0.020070622325609303, 0.02095627718778323, 0.02186061264947246, 0.022737260153569413, 0.023681097053535004, 0.024646250751560458, 0.025633386418693636, 0.02659237614956749, 0.027623542314219474, 0.0286250346734827, 0.029647102596467904, 0.03056454213255984, 0.031680305841655834, 0.03263530150735364, 0.033606764937046466, 0.034593095597664145, 0.03536350794006898, 0.035930760474075646, 0.03631257033147624, 0.03661317474198803, 0.03688385713543919, 0.03738127616234113, 0.037934719347479336, 0.03858163380471939, 0.03921882339006296, 0.03999131852533767, 0.04074980907886149, 0.04127472956039594, 0.04151563832077664, 0.04151964454301027, 0.04123464219442919, 0.04096829512038153, 0.04056460486818273, 0.04028281736824196, 0.04000166841569801, 0.03919762289117317, 0.037812479337396496, 0.03622310391275238, 0.03453579653228067, 0.0330206041779641, 0.031565009966306234, 0.03054064037737075, 0.029904305612678588, 0.029394155816597912, 0.028896840658953926, 0.02825322628704274, 0.027685220830545497, 0.02666364029859006, 0.025486033827772144, 0.02414387260068274, 0.023028867611909868, 0.022681878550084772, 0.02299235797660897, 0.02387546679328945, 0.024738332374206702, 0.025547718436096926, 0.026640938816603423, 0.02759836215880636, 0.028240938725365098, 0.028199955208514017, 0.028168175430310402, 0.02767018559717724, 0.027414861073674215, 0.027239233260695786, 0.0274939869379551, 0.027874761581110984, 0.02868161073982207, 0.029514734605865275, 0.030345172291974937, 0.031248268714928727, 0.032298002681611045, 0.033509628354587276, 0.0348066615601669, 0.03569061118903811, 0.03631377821401384, 0.03654105211474412, 0.03646788532881584, 0.03572808397059345, 0.03427781350345514, 0.03309813106562172, 0.031639416134799855, 0.02970329439236902, 0.027599049067936567, 0.02603054913364457, 0.024090316372098155, 0.02220132238001286, 0.02051452966091278, 0.019044426362309692, 0.017805605247084858, 0.01643252777018217, 0.01523003850809785, 0.01424180324883461, 0.013706552220618947, 0.0130880570946912, 0.012988920737072255, 0.013178248200839212, 0.013386796436950147, 0.01359897371732897, 0.01439195864266014, 0.015495810506657983, 0.016686507754200334, 0.01807173050136072, 0.019341411872889052, 0.020370802976522343, 0.0213787239197115, 0.02262888584538598, 0.02401686851684336, 0.025523335513576738, 0.026670410326906566, 0.02758824337325398, 0.02810647098585074, 0.028219175888028712, 0.02804128716256827, 0.027840212128430745, 0.02799079668741686, 0.027988272685847155, 0.02831306909632167, 0.028434723397990712, 0.0285549391753426, 0.02832607944879636, 0.02800347501499142, 0.027460301198426997, 0.02681840364884072, 0.026203190519756815, 0.02552364346313934, 0.024940794741503684, 0.024553643852497812, 0.024009602077058226, 0.023587486328410737, 0.023053226444370627, 0.02237349941244249, 0.021247392964358097, 0.01948489409103017, 0.01759577829009665, 0.015969918059865678, 0.014849832783247986, 0.014164911869984548, 0.013546042864334782, 0.01328357500957488, 0.012905521640083246, 0.012806686101790404, 0.01256569256360443, 0.01270015008783326, 0.013333718053885597, 0.014364706842779438, 0.015230812921928084, 0.016214173123414017, 0.017422309714956504, 0.01848297873673576, 0.019690103784110968, 0.02062988015396428, 0.021304326954883004, 0.021542023987470748, 0.021445001132587415, 0.02128479356968176, 0.021154257299581803, 0.020548768777841446, 0.020419411659703072, 0.020346908766621045, 0.02018386842926173, 0.020060715556614095, 0.019970155121820186, 0.019905412966441507, 0.019860328269953802, 0.019689549628068632, 0.019110038324468673, 0.018401772510693467, 0.01773443768827515, 0.01691379473734185, 0.0163889904882787, 0.015891976533507178, 0.015695148472402557, 0.015634975895130635, 0.01548249397414641, 0.015250362203767827, 0.01446715870868431, 0.013690714184349355, 0.013111437378948002, 0.01280400987898366, 0.012789088065484542, 0.012885508256999974, 0.012645414791893052, 0.012533763320360268, 0.01300792748125149, 0.014045480441271196, 0.015593406388961941, 0.017496649938682926, 0.01947963017829757, 0.021814960986639112, 0.0244888991790445, 0.027455202671237973, 0.030462142682767764, 0.03347516022004274, 0.03632355277573078, 0.03911728575744543, 0.041489125175428104, 0.043617926344794986, 0.04507509866910146, 0.045973158335007626, 0.046666313335408376, 0.047747911364257295, 0.04910015737076979, 0.051170936172887156, 0.05323921785426519, 0.05484930583024696, 0.05598397968583077, 0.056516639752925084, 0.05678375349578094, 0.05655312215346535, 0.05709318659280136, 0.05753330561326649, 0.05822424761198231, 0.05856641837777238, 0.058663546697002605, 0.05829520111627496, 0.058019458378357286, 0.05786276302771312, 0.057678835712609886, 0.05721489013034267, 0.05620972754199197, 0.05488023496470325, 0.05291870088860013, 0.05085359195424363, 0.04836971777146554, 0.045888993393773454, 0.04332790860019442, 0.040721243397433354, 0.03815348906679705, 0.03609755066086763, 0.03431153121207709, 0.03269994312791247, 0.03113246913067769, 0.029533434333839276, 0.02779284963423818, 0.02581340528028532, 0.023636664296078556, 0.021032966406022018, 0.018298152858289164, 0.015471223173718233, 0.012975006021594128, 0.011476514573927241, 0.011190786613452559, 0.012013514795745658, 0.013192708648177051, 0.0146026096239084, 0.016627808096549106, 0.019288816219412905, 0.022115031993867204, 0.024956066779425322, 0.027947127033299147, 0.030317719296220055, 0.03213024736687776, 0.033908117916643665, 0.035613155393420214, 0.03695858371541455, 0.0370883147011733, 0.035844860180821725, 0.03331269225961453, 0.030127822662769057, 0.026675716455458534, 0.02305094507263966, 0.019294584365168215, 0.016588874620184203, 0.013459760460278334, 0.010513659470637583, 0.008184205378854309, 0.005908681970234855, 0.003908372487361734, 0.002250880846271649, 0.001837561814419065, 0.003902446460586522, 0.00649131804032715, 0.008842266053540701, 0.011337576744963709, 0.013847821453172829, 0.016241515374979285, 0.018506880743639053, 0.020753891025054552, 0.022854281545735794, 0.025177910908837288, 0.027764777035113285, 0.0302577363231247, 0.032552204835272186, 0.033962244268502154, 0.03530995724171245, 0.036795414568091225, 0.03840706162943578, 0.039993850675796264, 0.04133645030179679, 0.04211247094820217, 0.04239213751353172, 0.042192499106345205, 0.04200269786908514, 0.041897190162155235, 0.041830932940717325, 0.04166737666619139, 0.04206882264734189, 0.0426127097658282, 0.042895687146734904, 0.04300135533202284, 0.04249799814293581, 0.041897582995049115, 0.04072077112408416, 0.03927976254850985, 0.037331499513228325, 0.035889992777759706, 0.03456359233645024, 0.033243529781910974, 0.03199033675126687, 0.03059935779738079, 0.029272240636492235, 0.027900707354997015, 0.02654938414970694, 0.02543173352052397, 0.024311103096379235, 0.023065212419431085, 0.021685454855791198, 0.02041159885695607, 0.019056064221564174, 0.017656707279948437, 0.01626614648165674, 0.015012383850973622, 0.013603567963072178, 0.012189757837366814, 0.010674529938407772, 0.009407142987148039, 0.008344525906195775, 0.007439054007672372, 0.0072034584519923735, 0.007775010970036668, 0.009047582903156274, 0.010731538882415681, 0.01253460028234948, 0.014333543563369548, 0.016070624592636203, 0.017817726146123574, 0.019557256660804743, 0.02116824086555951, 0.022529303997840977, 0.023628588936546305, 0.02391411988476377, 0.02359656311707365, 0.022355277074164143, 0.020961866673625245, 0.018393580144489934, 0.015660552711922182, 0.013874328661167971, 0.01254026736778108, 0.011812131260623127, 0.010800298354986543, 0.00961805971638548, 0.008471507575266851, 0.007656757785702683, 0.006719580941926242, 0.0056999472982024405, 0.005125787188458596, 0.00504686530895439, 0.005697178935649704, 0.006245540782853768, 0.0070976650798796875, 0.007900543705723831, 0.008755370167568399, 0.009807746909975117, 0.011209592216881203, 0.01276960312030194, 0.014467251258771754, 0.015865855510978952, 0.01751794577394112, 0.01978728846519214, 0.022540086452385207, 0.024859037758439572, 0.02589623397823137, 0.02611181133516041, 0.026565850619759173, 0.0272557734372972, 0.02776644526036269, 0.02799937699621002, 0.02818388188652303, 0.02806005928616626, 0.028083982827741123, 0.02781538632605852, 0.027763976455106594, 0.028120518002563644, 0.028688559534023904, 0.029389365084960088, 0.030059907204608147, 0.03052096911154336, 0.031053468449087778, 0.03142000488428638, 0.03173833045042581, 0.031892653890475096, 0.03198060527161537, 0.031944507243272385, 0.03180892531117334, 0.03180195743523648, 0.03175983113429147, 0.03185651864929952, 0.032146459060636644, 0.032526908876218445, 0.033087790299913135, 0.03370146462957083, 0.0342847740780508, 0.0344768243549477, 0.03441738754137779, 0.034008301029805295]",0.013874328661167971,0.10783254089739741,0.012561365774787059,0.0058914417310294565,0.0,0.0,0.043811437625085214,0.10783254089739741,0.012561365774787059,0.0058914417310294565,8.568,1717635309.2912414,2024-06-06_10-55-09
0.5059,0.10776,0.4035573496027412,0.39870807762383764,0.09585149669226126,0.40748747105442823,0.5059,0.10776,0.36007679481121124,0.39870807762383764,0.09585149669226126,0.40748747105442823,0.01254026736778108,"[0.011315756658919754, 0.012192407496521018, 0.01288995615295488, 0.01359963525141729, 0.014321891165186378, 0.015181047888625853, 0.01592941522152252, 0.01673874496494045, 0.01751440457689525, 0.01835087734908702, 0.019202544572813795, 0.020070622325609303, 0.02095627718778323, 0.02186061264947246, 0.022737260153569413, 0.023681097053535004, 0.024646250751560458, 0.025633386418693636, 0.02659237614956749, 0.027623542314219474, 0.0286250346734827, 0.029647102596467904, 0.03056454213255984, 0.031680305841655834, 0.03263530150735364, 0.033606764937046466, 0.034593095597664145, 0.03536350794006898, 0.035930760474075646, 0.03631257033147624, 0.03661317474198803, 0.03688385713543919, 0.03738127616234113, 0.037934719347479336, 0.03858163380471939, 0.03921882339006296, 0.03999131852533767, 0.04074980907886149, 0.04127472956039594, 0.04151563832077664, 0.04151964454301027, 0.04123464219442919, 0.04096829512038153, 0.04056460486818273, 0.04028281736824196, 0.04000166841569801, 0.03919762289117317, 0.037812479337396496, 0.03622310391275238, 0.03453579653228067, 0.0330206041779641, 0.031565009966306234, 0.03054064037737075, 0.029904305612678588, 0.029394155816597912, 0.028896840658953926, 0.02825322628704274, 0.027685220830545497, 0.02666364029859006, 0.025486033827772144, 0.02414387260068274, 0.023028867611909868, 0.022681878550084772, 0.02299235797660897, 0.02387546679328945, 0.024738332374206702, 0.025547718436096926, 0.026640938816603423, 0.02759836215880636, 0.028240938725365098, 0.028199955208514017, 0.028168175430310402, 0.02767018559717724, 0.027414861073674215, 0.027239233260695786, 0.0274939869379551, 0.027874761581110984, 0.02868161073982207, 0.029514734605865275, 0.030345172291974937, 0.031248268714928727, 0.032298002681611045, 0.033509628354587276, 0.0348066615601669, 0.03569061118903811, 0.03631377821401384, 0.03654105211474412, 0.03646788532881584, 0.03572808397059345, 0.03427781350345514, 0.03309813106562172, 0.031639416134799855, 0.02970329439236902, 0.027599049067936567, 0.02603054913364457, 0.024090316372098155, 0.02220132238001286, 0.02051452966091278, 0.019044426362309692, 0.017805605247084858, 0.01643252777018217, 0.01523003850809785, 0.01424180324883461, 0.013706552220618947, 0.0130880570946912, 0.012988920737072255, 0.013178248200839212, 0.013386796436950147, 0.01359897371732897, 0.01439195864266014, 0.015495810506657983, 0.016686507754200334, 0.01807173050136072, 0.019341411872889052, 0.020370802976522343, 0.0213787239197115, 0.02262888584538598, 0.02401686851684336, 0.025523335513576738, 0.026670410326906566, 0.02758824337325398, 0.02810647098585074, 0.028219175888028712, 0.02804128716256827, 0.027840212128430745, 0.02799079668741686, 0.027988272685847155, 0.02831306909632167, 0.028434723397990712, 0.0285549391753426, 0.02832607944879636, 0.02800347501499142, 0.027460301198426997, 0.02681840364884072, 0.026203190519756815, 0.02552364346313934, 0.024940794741503684, 0.024553643852497812, 0.024009602077058226, 0.023587486328410737, 0.023053226444370627, 0.02237349941244249, 0.021247392964358097, 0.01948489409103017, 0.01759577829009665, 0.015969918059865678, 0.014849832783247986, 0.014164911869984548, 0.013546042864334782, 0.01328357500957488, 0.012905521640083246, 0.012806686101790404, 0.01256569256360443, 0.01270015008783326, 0.013333718053885597, 0.014364706842779438, 0.015230812921928084, 0.016214173123414017, 0.017422309714956504, 0.01848297873673576, 0.019690103784110968, 0.02062988015396428, 0.021304326954883004, 0.021542023987470748, 0.021445001132587415, 0.02128479356968176, 0.021154257299581803, 0.020548768777841446, 0.020419411659703072, 0.020346908766621045, 0.02018386842926173, 0.020060715556614095, 0.019970155121820186, 0.019905412966441507, 0.019860328269953802, 0.019689549628068632, 0.019110038324468673, 0.018401772510693467, 0.01773443768827515, 0.01691379473734185, 0.0163889904882787, 0.015891976533507178, 0.015695148472402557, 0.015634975895130635, 0.01548249397414641, 0.015250362203767827, 0.01446715870868431, 0.013690714184349355, 0.013111437378948002, 0.01280400987898366, 0.012789088065484542, 0.012885508256999974, 0.012645414791893052, 0.012533763320360268, 0.01300792748125149, 0.014045480441271196, 0.015593406388961941, 0.017496649938682926, 0.01947963017829757, 0.021814960986639112, 0.0244888991790445, 0.027455202671237973, 0.030462142682767764, 0.03347516022004274, 0.03632355277573078, 0.03911728575744543, 0.041489125175428104, 0.043617926344794986, 0.04507509866910146, 0.045973158335007626, 0.046666313335408376, 0.047747911364257295, 0.04910015737076979, 0.051170936172887156, 0.05323921785426519, 0.05484930583024696, 0.05598397968583077, 0.056516639752925084, 0.05678375349578094, 0.05655312215346535, 0.05709318659280136, 0.05753330561326649, 0.05822424761198231, 0.05856641837777238, 0.058663546697002605, 0.05829520111627496, 0.058019458378357286, 0.05786276302771312, 0.057678835712609886, 0.05721489013034267, 0.05620972754199197, 0.05488023496470325, 0.05291870088860013, 0.05085359195424363, 0.04836971777146554, 0.045888993393773454, 0.04332790860019442, 0.040721243397433354, 0.03815348906679705, 0.03609755066086763, 0.03431153121207709, 0.03269994312791247, 0.03113246913067769, 0.029533434333839276, 0.02779284963423818, 0.02581340528028532, 0.023636664296078556, 0.021032966406022018, 0.018298152858289164, 0.015471223173718233, 0.012975006021594128, 0.011476514573927241, 0.011190786613452559, 0.012013514795745658, 0.013192708648177051, 0.0146026096239084, 0.016627808096549106, 0.019288816219412905, 0.022115031993867204, 0.024956066779425322, 0.027947127033299147, 0.030317719296220055, 0.03213024736687776, 0.033908117916643665, 0.035613155393420214, 0.03695858371541455, 0.0370883147011733, 0.035844860180821725, 0.03331269225961453, 0.030127822662769057, 0.026675716455458534, 0.02305094507263966, 0.019294584365168215, 0.016588874620184203, 0.013459760460278334, 0.010513659470637583, 0.008184205378854309, 0.005908681970234855, 0.003908372487361734, 0.002250880846271649, 0.001837561814419065, 0.003902446460586522, 0.00649131804032715, 0.008842266053540701, 0.011337576744963709, 0.013847821453172829, 0.016241515374979285, 0.018506880743639053, 0.020753891025054552, 0.022854281545735794, 0.025177910908837288, 0.027764777035113285, 0.0302577363231247, 0.032552204835272186, 0.033962244268502154, 0.03530995724171245, 0.036795414568091225, 0.03840706162943578, 0.039993850675796264, 0.04133645030179679, 0.04211247094820217, 0.04239213751353172, 0.042192499106345205, 0.04200269786908514, 0.041897190162155235, 0.041830932940717325, 0.04166737666619139, 0.04206882264734189, 0.0426127097658282, 0.042895687146734904, 0.04300135533202284, 0.04249799814293581, 0.041897582995049115, 0.04072077112408416, 0.03927976254850985, 0.037331499513228325, 0.035889992777759706, 0.03456359233645024, 0.033243529781910974, 0.03199033675126687, 0.03059935779738079, 0.029272240636492235, 0.027900707354997015, 0.02654938414970694, 0.02543173352052397, 0.024311103096379235, 0.023065212419431085, 0.021685454855791198, 0.02041159885695607, 0.019056064221564174, 0.017656707279948437, 0.01626614648165674, 0.015012383850973622, 0.013603567963072178, 0.012189757837366814, 0.010674529938407772, 0.009407142987148039, 0.008344525906195775, 0.007439054007672372, 0.0072034584519923735, 0.007775010970036668, 0.009047582903156274, 0.010731538882415681, 0.01253460028234948, 0.014333543563369548, 0.016070624592636203, 0.017817726146123574, 0.019557256660804743, 0.02116824086555951, 0.022529303997840977, 0.023628588936546305, 0.02391411988476377, 0.02359656311707365, 0.022355277074164143, 0.020961866673625245, 0.018393580144489934, 0.015660552711922182, 0.013874328661167971, 0.01254026736778108, 0.011812131260623127, 0.010800298354986543, 0.00961805971638548, 0.008471507575266851, 0.007656757785702683, 0.006719580941926242, 0.0056999472982024405, 0.005125787188458596, 0.00504686530895439, 0.005697178935649704, 0.006245540782853768, 0.0070976650798796875, 0.007900543705723831, 0.008755370167568399, 0.009807746909975117, 0.011209592216881203, 0.01276960312030194, 0.014467251258771754, 0.015865855510978952, 0.01751794577394112, 0.01978728846519214, 0.022540086452385207, 0.024859037758439572, 0.02589623397823137, 0.02611181133516041, 0.026565850619759173, 0.0272557734372972, 0.02776644526036269, 0.02799937699621002, 0.02818388188652303, 0.02806005928616626, 0.028083982827741123, 0.02781538632605852, 0.027763976455106594, 0.028120518002563644, 0.028688559534023904, 0.029389365084960088, 0.030059907204608147, 0.03052096911154336, 0.031053468449087778, 0.03142000488428638, 0.03173833045042581, 0.031892653890475096, 0.03198060527161537, 0.031944507243272385, 0.03180892531117334, 0.03180195743523648, 0.03175983113429147, 0.03185651864929952, 0.032146459060636644, 0.032526908876218445, 0.033087790299913135, 0.03370146462957083, 0.0342847740780508, 0.0344768243549477, 0.03441738754137779, 0.034008301029805295]",0.01254026736778108,0.10719192237616237,0.011908503307738738,0.00393012145168703,0.0,0.0,0.04348055479152996,0.10719192237616237,0.011908503307738738,0.00393012145168703,8.591999999999999,1717635309.3136427,2024-06-06_10-55-09
0.5059,0.10848,0.40280527160983093,0.3991915040648466,0.0970205492078207,0.40567013329232304,0.5059,0.10848,0.35985818331928565,0.3991915040648466,0.0970205492078207,0.40567013329232304,0.011812131260623127,"[0.011315756658919754, 0.012192407496521018, 0.01288995615295488, 0.01359963525141729, 0.014321891165186378, 0.015181047888625853, 0.01592941522152252, 0.01673874496494045, 0.01751440457689525, 0.01835087734908702, 0.019202544572813795, 0.020070622325609303, 0.02095627718778323, 0.02186061264947246, 0.022737260153569413, 0.023681097053535004, 0.024646250751560458, 0.025633386418693636, 0.02659237614956749, 0.027623542314219474, 0.0286250346734827, 0.029647102596467904, 0.03056454213255984, 0.031680305841655834, 0.03263530150735364, 0.033606764937046466, 0.034593095597664145, 0.03536350794006898, 0.035930760474075646, 0.03631257033147624, 0.03661317474198803, 0.03688385713543919, 0.03738127616234113, 0.037934719347479336, 0.03858163380471939, 0.03921882339006296, 0.03999131852533767, 0.04074980907886149, 0.04127472956039594, 0.04151563832077664, 0.04151964454301027, 0.04123464219442919, 0.04096829512038153, 0.04056460486818273, 0.04028281736824196, 0.04000166841569801, 0.03919762289117317, 0.037812479337396496, 0.03622310391275238, 0.03453579653228067, 0.0330206041779641, 0.031565009966306234, 0.03054064037737075, 0.029904305612678588, 0.029394155816597912, 0.028896840658953926, 0.02825322628704274, 0.027685220830545497, 0.02666364029859006, 0.025486033827772144, 0.02414387260068274, 0.023028867611909868, 0.022681878550084772, 0.02299235797660897, 0.02387546679328945, 0.024738332374206702, 0.025547718436096926, 0.026640938816603423, 0.02759836215880636, 0.028240938725365098, 0.028199955208514017, 0.028168175430310402, 0.02767018559717724, 0.027414861073674215, 0.027239233260695786, 0.0274939869379551, 0.027874761581110984, 0.02868161073982207, 0.029514734605865275, 0.030345172291974937, 0.031248268714928727, 0.032298002681611045, 0.033509628354587276, 0.0348066615601669, 0.03569061118903811, 0.03631377821401384, 0.03654105211474412, 0.03646788532881584, 0.03572808397059345, 0.03427781350345514, 0.03309813106562172, 0.031639416134799855, 0.02970329439236902, 0.027599049067936567, 0.02603054913364457, 0.024090316372098155, 0.02220132238001286, 0.02051452966091278, 0.019044426362309692, 0.017805605247084858, 0.01643252777018217, 0.01523003850809785, 0.01424180324883461, 0.013706552220618947, 0.0130880570946912, 0.012988920737072255, 0.013178248200839212, 0.013386796436950147, 0.01359897371732897, 0.01439195864266014, 0.015495810506657983, 0.016686507754200334, 0.01807173050136072, 0.019341411872889052, 0.020370802976522343, 0.0213787239197115, 0.02262888584538598, 0.02401686851684336, 0.025523335513576738, 0.026670410326906566, 0.02758824337325398, 0.02810647098585074, 0.028219175888028712, 0.02804128716256827, 0.027840212128430745, 0.02799079668741686, 0.027988272685847155, 0.02831306909632167, 0.028434723397990712, 0.0285549391753426, 0.02832607944879636, 0.02800347501499142, 0.027460301198426997, 0.02681840364884072, 0.026203190519756815, 0.02552364346313934, 0.024940794741503684, 0.024553643852497812, 0.024009602077058226, 0.023587486328410737, 0.023053226444370627, 0.02237349941244249, 0.021247392964358097, 0.01948489409103017, 0.01759577829009665, 0.015969918059865678, 0.014849832783247986, 0.014164911869984548, 0.013546042864334782, 0.01328357500957488, 0.012905521640083246, 0.012806686101790404, 0.01256569256360443, 0.01270015008783326, 0.013333718053885597, 0.014364706842779438, 0.015230812921928084, 0.016214173123414017, 0.017422309714956504, 0.01848297873673576, 0.019690103784110968, 0.02062988015396428, 0.021304326954883004, 0.021542023987470748, 0.021445001132587415, 0.02128479356968176, 0.021154257299581803, 0.020548768777841446, 0.020419411659703072, 0.020346908766621045, 0.02018386842926173, 0.020060715556614095, 0.019970155121820186, 0.019905412966441507, 0.019860328269953802, 0.019689549628068632, 0.019110038324468673, 0.018401772510693467, 0.01773443768827515, 0.01691379473734185, 0.0163889904882787, 0.015891976533507178, 0.015695148472402557, 0.015634975895130635, 0.01548249397414641, 0.015250362203767827, 0.01446715870868431, 0.013690714184349355, 0.013111437378948002, 0.01280400987898366, 0.012789088065484542, 0.012885508256999974, 0.012645414791893052, 0.012533763320360268, 0.01300792748125149, 0.014045480441271196, 0.015593406388961941, 0.017496649938682926, 0.01947963017829757, 0.021814960986639112, 0.0244888991790445, 0.027455202671237973, 0.030462142682767764, 0.03347516022004274, 0.03632355277573078, 0.03911728575744543, 0.041489125175428104, 0.043617926344794986, 0.04507509866910146, 0.045973158335007626, 0.046666313335408376, 0.047747911364257295, 0.04910015737076979, 0.051170936172887156, 0.05323921785426519, 0.05484930583024696, 0.05598397968583077, 0.056516639752925084, 0.05678375349578094, 0.05655312215346535, 0.05709318659280136, 0.05753330561326649, 0.05822424761198231, 0.05856641837777238, 0.058663546697002605, 0.05829520111627496, 0.058019458378357286, 0.05786276302771312, 0.057678835712609886, 0.05721489013034267, 0.05620972754199197, 0.05488023496470325, 0.05291870088860013, 0.05085359195424363, 0.04836971777146554, 0.045888993393773454, 0.04332790860019442, 0.040721243397433354, 0.03815348906679705, 0.03609755066086763, 0.03431153121207709, 0.03269994312791247, 0.03113246913067769, 0.029533434333839276, 0.02779284963423818, 0.02581340528028532, 0.023636664296078556, 0.021032966406022018, 0.018298152858289164, 0.015471223173718233, 0.012975006021594128, 0.011476514573927241, 0.011190786613452559, 0.012013514795745658, 0.013192708648177051, 0.0146026096239084, 0.016627808096549106, 0.019288816219412905, 0.022115031993867204, 0.024956066779425322, 0.027947127033299147, 0.030317719296220055, 0.03213024736687776, 0.033908117916643665, 0.035613155393420214, 0.03695858371541455, 0.0370883147011733, 0.035844860180821725, 0.03331269225961453, 0.030127822662769057, 0.026675716455458534, 0.02305094507263966, 0.019294584365168215, 0.016588874620184203, 0.013459760460278334, 0.010513659470637583, 0.008184205378854309, 0.005908681970234855, 0.003908372487361734, 0.002250880846271649, 0.001837561814419065, 0.003902446460586522, 0.00649131804032715, 0.008842266053540701, 0.011337576744963709, 0.013847821453172829, 0.016241515374979285, 0.018506880743639053, 0.020753891025054552, 0.022854281545735794, 0.025177910908837288, 0.027764777035113285, 0.0302577363231247, 0.032552204835272186, 0.033962244268502154, 0.03530995724171245, 0.036795414568091225, 0.03840706162943578, 0.039993850675796264, 0.04133645030179679, 0.04211247094820217, 0.04239213751353172, 0.042192499106345205, 0.04200269786908514, 0.041897190162155235, 0.041830932940717325, 0.04166737666619139, 0.04206882264734189, 0.0426127097658282, 0.042895687146734904, 0.04300135533202284, 0.04249799814293581, 0.041897582995049115, 0.04072077112408416, 0.03927976254850985, 0.037331499513228325, 0.035889992777759706, 0.03456359233645024, 0.033243529781910974, 0.03199033675126687, 0.03059935779738079, 0.029272240636492235, 0.027900707354997015, 0.02654938414970694, 0.02543173352052397, 0.024311103096379235, 0.023065212419431085, 0.021685454855791198, 0.02041159885695607, 0.019056064221564174, 0.017656707279948437, 0.01626614648165674, 0.015012383850973622, 0.013603567963072178, 0.012189757837366814, 0.010674529938407772, 0.009407142987148039, 0.008344525906195775, 0.007439054007672372, 0.0072034584519923735, 0.007775010970036668, 0.009047582903156274, 0.010731538882415681, 0.01253460028234948, 0.014333543563369548, 0.016070624592636203, 0.017817726146123574, 0.019557256660804743, 0.02116824086555951, 0.022529303997840977, 0.023628588936546305, 0.02391411988476377, 0.02359656311707365, 0.022355277074164143, 0.020961866673625245, 0.018393580144489934, 0.015660552711922182, 0.013874328661167971, 0.01254026736778108, 0.011812131260623127, 0.010800298354986543, 0.00961805971638548, 0.008471507575266851, 0.007656757785702683, 0.006719580941926242, 0.0056999472982024405, 0.005125787188458596, 0.00504686530895439, 0.005697178935649704, 0.006245540782853768, 0.0070976650798796875, 0.007900543705723831, 0.008755370167568399, 0.009807746909975117, 0.011209592216881203, 0.01276960312030194, 0.014467251258771754, 0.015865855510978952, 0.01751794577394112, 0.01978728846519214, 0.022540086452385207, 0.024859037758439572, 0.02589623397823137, 0.02611181133516041, 0.026565850619759173, 0.0272557734372972, 0.02776644526036269, 0.02799937699621002, 0.02818388188652303, 0.02806005928616626, 0.028083982827741123, 0.02781538632605852, 0.027763976455106594, 0.028120518002563644, 0.028688559534023904, 0.029389365084960088, 0.030059907204608147, 0.03052096911154336, 0.031053468449087778, 0.03142000488428638, 0.03173833045042581, 0.031892653890475096, 0.03198060527161537, 0.031944507243272385, 0.03180892531117334, 0.03180195743523648, 0.03175983113429147, 0.03185651864929952, 0.032146459060636644, 0.032526908876218445, 0.033087790299913135, 0.03370146462957083, 0.0342847740780508, 0.0344768243549477, 0.03441738754137779, 0.034008301029805295]",0.011812131260623127,0.10670849593515341,0.01145945079217929,0.0028648616824921147,0.0,0.0,0.04294708829054528,0.10670849593515341,0.01145945079217929,0.0028648616824921147,8.616,1717635309.3370266,2024-06-06_10-55-09
0.5059,0.10919999999999999,0.4021532691470931,0.3997505914274648,0.09867162378353218,0.4045615338338001,0.5059,0.10919999999999999,0.35984093919124716,0.3997505914274648,0.09867162378353218,0.4045615338338001,0.010800298354986543,"[0.011315756658919754, 0.012192407496521018, 0.01288995615295488, 0.01359963525141729, 0.014321891165186378, 0.015181047888625853, 0.01592941522152252, 0.01673874496494045, 0.01751440457689525, 0.01835087734908702, 0.019202544572813795, 0.020070622325609303, 0.02095627718778323, 0.02186061264947246, 0.022737260153569413, 0.023681097053535004, 0.024646250751560458, 0.025633386418693636, 0.02659237614956749, 0.027623542314219474, 0.0286250346734827, 0.029647102596467904, 0.03056454213255984, 0.031680305841655834, 0.03263530150735364, 0.033606764937046466, 0.034593095597664145, 0.03536350794006898, 0.035930760474075646, 0.03631257033147624, 0.03661317474198803, 0.03688385713543919, 0.03738127616234113, 0.037934719347479336, 0.03858163380471939, 0.03921882339006296, 0.03999131852533767, 0.04074980907886149, 0.04127472956039594, 0.04151563832077664, 0.04151964454301027, 0.04123464219442919, 0.04096829512038153, 0.04056460486818273, 0.04028281736824196, 0.04000166841569801, 0.03919762289117317, 0.037812479337396496, 0.03622310391275238, 0.03453579653228067, 0.0330206041779641, 0.031565009966306234, 0.03054064037737075, 0.029904305612678588, 0.029394155816597912, 0.028896840658953926, 0.02825322628704274, 0.027685220830545497, 0.02666364029859006, 0.025486033827772144, 0.02414387260068274, 0.023028867611909868, 0.022681878550084772, 0.02299235797660897, 0.02387546679328945, 0.024738332374206702, 0.025547718436096926, 0.026640938816603423, 0.02759836215880636, 0.028240938725365098, 0.028199955208514017, 0.028168175430310402, 0.02767018559717724, 0.027414861073674215, 0.027239233260695786, 0.0274939869379551, 0.027874761581110984, 0.02868161073982207, 0.029514734605865275, 0.030345172291974937, 0.031248268714928727, 0.032298002681611045, 0.033509628354587276, 0.0348066615601669, 0.03569061118903811, 0.03631377821401384, 0.03654105211474412, 0.03646788532881584, 0.03572808397059345, 0.03427781350345514, 0.03309813106562172, 0.031639416134799855, 0.02970329439236902, 0.027599049067936567, 0.02603054913364457, 0.024090316372098155, 0.02220132238001286, 0.02051452966091278, 0.019044426362309692, 0.017805605247084858, 0.01643252777018217, 0.01523003850809785, 0.01424180324883461, 0.013706552220618947, 0.0130880570946912, 0.012988920737072255, 0.013178248200839212, 0.013386796436950147, 0.01359897371732897, 0.01439195864266014, 0.015495810506657983, 0.016686507754200334, 0.01807173050136072, 0.019341411872889052, 0.020370802976522343, 0.0213787239197115, 0.02262888584538598, 0.02401686851684336, 0.025523335513576738, 0.026670410326906566, 0.02758824337325398, 0.02810647098585074, 0.028219175888028712, 0.02804128716256827, 0.027840212128430745, 0.02799079668741686, 0.027988272685847155, 0.02831306909632167, 0.028434723397990712, 0.0285549391753426, 0.02832607944879636, 0.02800347501499142, 0.027460301198426997, 0.02681840364884072, 0.026203190519756815, 0.02552364346313934, 0.024940794741503684, 0.024553643852497812, 0.024009602077058226, 0.023587486328410737, 0.023053226444370627, 0.02237349941244249, 0.021247392964358097, 0.01948489409103017, 0.01759577829009665, 0.015969918059865678, 0.014849832783247986, 0.014164911869984548, 0.013546042864334782, 0.01328357500957488, 0.012905521640083246, 0.012806686101790404, 0.01256569256360443, 0.01270015008783326, 0.013333718053885597, 0.014364706842779438, 0.015230812921928084, 0.016214173123414017, 0.017422309714956504, 0.01848297873673576, 0.019690103784110968, 0.02062988015396428, 0.021304326954883004, 0.021542023987470748, 0.021445001132587415, 0.02128479356968176, 0.021154257299581803, 0.020548768777841446, 0.020419411659703072, 0.020346908766621045, 0.02018386842926173, 0.020060715556614095, 0.019970155121820186, 0.019905412966441507, 0.019860328269953802, 0.019689549628068632, 0.019110038324468673, 0.018401772510693467, 0.01773443768827515, 0.01691379473734185, 0.0163889904882787, 0.015891976533507178, 0.015695148472402557, 0.015634975895130635, 0.01548249397414641, 0.015250362203767827, 0.01446715870868431, 0.013690714184349355, 0.013111437378948002, 0.01280400987898366, 0.012789088065484542, 0.012885508256999974, 0.012645414791893052, 0.012533763320360268, 0.01300792748125149, 0.014045480441271196, 0.015593406388961941, 0.017496649938682926, 0.01947963017829757, 0.021814960986639112, 0.0244888991790445, 0.027455202671237973, 0.030462142682767764, 0.03347516022004274, 0.03632355277573078, 0.03911728575744543, 0.041489125175428104, 0.043617926344794986, 0.04507509866910146, 0.045973158335007626, 0.046666313335408376, 0.047747911364257295, 0.04910015737076979, 0.051170936172887156, 0.05323921785426519, 0.05484930583024696, 0.05598397968583077, 0.056516639752925084, 0.05678375349578094, 0.05655312215346535, 0.05709318659280136, 0.05753330561326649, 0.05822424761198231, 0.05856641837777238, 0.058663546697002605, 0.05829520111627496, 0.058019458378357286, 0.05786276302771312, 0.057678835712609886, 0.05721489013034267, 0.05620972754199197, 0.05488023496470325, 0.05291870088860013, 0.05085359195424363, 0.04836971777146554, 0.045888993393773454, 0.04332790860019442, 0.040721243397433354, 0.03815348906679705, 0.03609755066086763, 0.03431153121207709, 0.03269994312791247, 0.03113246913067769, 0.029533434333839276, 0.02779284963423818, 0.02581340528028532, 0.023636664296078556, 0.021032966406022018, 0.018298152858289164, 0.015471223173718233, 0.012975006021594128, 0.011476514573927241, 0.011190786613452559, 0.012013514795745658, 0.013192708648177051, 0.0146026096239084, 0.016627808096549106, 0.019288816219412905, 0.022115031993867204, 0.024956066779425322, 0.027947127033299147, 0.030317719296220055, 0.03213024736687776, 0.033908117916643665, 0.035613155393420214, 0.03695858371541455, 0.0370883147011733, 0.035844860180821725, 0.03331269225961453, 0.030127822662769057, 0.026675716455458534, 0.02305094507263966, 0.019294584365168215, 0.016588874620184203, 0.013459760460278334, 0.010513659470637583, 0.008184205378854309, 0.005908681970234855, 0.003908372487361734, 0.002250880846271649, 0.001837561814419065, 0.003902446460586522, 0.00649131804032715, 0.008842266053540701, 0.011337576744963709, 0.013847821453172829, 0.016241515374979285, 0.018506880743639053, 0.020753891025054552, 0.022854281545735794, 0.025177910908837288, 0.027764777035113285, 0.0302577363231247, 0.032552204835272186, 0.033962244268502154, 0.03530995724171245, 0.036795414568091225, 0.03840706162943578, 0.039993850675796264, 0.04133645030179679, 0.04211247094820217, 0.04239213751353172, 0.042192499106345205, 0.04200269786908514, 0.041897190162155235, 0.041830932940717325, 0.04166737666619139, 0.04206882264734189, 0.0426127097658282, 0.042895687146734904, 0.04300135533202284, 0.04249799814293581, 0.041897582995049115, 0.04072077112408416, 0.03927976254850985, 0.037331499513228325, 0.035889992777759706, 0.03456359233645024, 0.033243529781910974, 0.03199033675126687, 0.03059935779738079, 0.029272240636492235, 0.027900707354997015, 0.02654938414970694, 0.02543173352052397, 0.024311103096379235, 0.023065212419431085, 0.021685454855791198, 0.02041159885695607, 0.019056064221564174, 0.017656707279948437, 0.01626614648165674, 0.015012383850973622, 0.013603567963072178, 0.012189757837366814, 0.010674529938407772, 0.009407142987148039, 0.008344525906195775, 0.007439054007672372, 0.0072034584519923735, 0.007775010970036668, 0.009047582903156274, 0.010731538882415681, 0.01253460028234948, 0.014333543563369548, 0.016070624592636203, 0.017817726146123574, 0.019557256660804743, 0.02116824086555951, 0.022529303997840977, 0.023628588936546305, 0.02391411988476377, 0.02359656311707365, 0.022355277074164143, 0.020961866673625245, 0.018393580144489934, 0.015660552711922182, 0.013874328661167971, 0.01254026736778108, 0.011812131260623127, 0.010800298354986543, 0.00961805971638548, 0.008471507575266851, 0.007656757785702683, 0.006719580941926242, 0.0056999472982024405, 0.005125787188458596, 0.00504686530895439, 0.005697178935649704, 0.006245540782853768, 0.0070976650798796875, 0.007900543705723831, 0.008755370167568399, 0.009807746909975117, 0.011209592216881203, 0.01276960312030194, 0.014467251258771754, 0.015865855510978952, 0.01751794577394112, 0.01978728846519214, 0.022540086452385207, 0.024859037758439572, 0.02589623397823137, 0.02611181133516041, 0.026565850619759173, 0.0272557734372972, 0.02776644526036269, 0.02799937699621002, 0.02818388188652303, 0.02806005928616626, 0.028083982827741123, 0.02781538632605852, 0.027763976455106594, 0.028120518002563644, 0.028688559534023904, 0.029389365084960088, 0.030059907204608147, 0.03052096911154336, 0.031053468449087778, 0.03142000488428638, 0.03173833045042581, 0.031892653890475096, 0.03198060527161537, 0.031944507243272385, 0.03180892531117334, 0.03180195743523648, 0.03175983113429147, 0.03185651864929952, 0.032146459060636644, 0.032526908876218445, 0.033087790299913135, 0.03370146462957083, 0.0342847740780508, 0.0344768243549477, 0.03441738754137779, 0.034008301029805295]",0.010800298354986543,0.10614940857253524,0.010528376216467808,0.002408264686707018,0.0,0.0,0.04231232995584594,0.10614940857253524,0.010528376216467808,0.002408264686707018,8.64,1717635309.3609476,2024-06-06_10-55-09
0.5059,0.10991999999999999,0.40160225583881026,0.40034261054271586,0.10051346957009184,0.40360831116685314,0.5059,0.10991999999999999,0.3599246842176637,0.40034261054271586,0.10051346957009184,0.40360831116685314,0.00961805971638548,"[0.011315756658919754, 0.012192407496521018, 0.01288995615295488, 0.01359963525141729, 0.014321891165186378, 0.015181047888625853, 0.01592941522152252, 0.01673874496494045, 0.01751440457689525, 0.01835087734908702, 0.019202544572813795, 0.020070622325609303, 0.02095627718778323, 0.02186061264947246, 0.022737260153569413, 0.023681097053535004, 0.024646250751560458, 0.025633386418693636, 0.02659237614956749, 0.027623542314219474, 0.0286250346734827, 0.029647102596467904, 0.03056454213255984, 0.031680305841655834, 0.03263530150735364, 0.033606764937046466, 0.034593095597664145, 0.03536350794006898, 0.035930760474075646, 0.03631257033147624, 0.03661317474198803, 0.03688385713543919, 0.03738127616234113, 0.037934719347479336, 0.03858163380471939, 0.03921882339006296, 0.03999131852533767, 0.04074980907886149, 0.04127472956039594, 0.04151563832077664, 0.04151964454301027, 0.04123464219442919, 0.04096829512038153, 0.04056460486818273, 0.04028281736824196, 0.04000166841569801, 0.03919762289117317, 0.037812479337396496, 0.03622310391275238, 0.03453579653228067, 0.0330206041779641, 0.031565009966306234, 0.03054064037737075, 0.029904305612678588, 0.029394155816597912, 0.028896840658953926, 0.02825322628704274, 0.027685220830545497, 0.02666364029859006, 0.025486033827772144, 0.02414387260068274, 0.023028867611909868, 0.022681878550084772, 0.02299235797660897, 0.02387546679328945, 0.024738332374206702, 0.025547718436096926, 0.026640938816603423, 0.02759836215880636, 0.028240938725365098, 0.028199955208514017, 0.028168175430310402, 0.02767018559717724, 0.027414861073674215, 0.027239233260695786, 0.0274939869379551, 0.027874761581110984, 0.02868161073982207, 0.029514734605865275, 0.030345172291974937, 0.031248268714928727, 0.032298002681611045, 0.033509628354587276, 0.0348066615601669, 0.03569061118903811, 0.03631377821401384, 0.03654105211474412, 0.03646788532881584, 0.03572808397059345, 0.03427781350345514, 0.03309813106562172, 0.031639416134799855, 0.02970329439236902, 0.027599049067936567, 0.02603054913364457, 0.024090316372098155, 0.02220132238001286, 0.02051452966091278, 0.019044426362309692, 0.017805605247084858, 0.01643252777018217, 0.01523003850809785, 0.01424180324883461, 0.013706552220618947, 0.0130880570946912, 0.012988920737072255, 0.013178248200839212, 0.013386796436950147, 0.01359897371732897, 0.01439195864266014, 0.015495810506657983, 0.016686507754200334, 0.01807173050136072, 0.019341411872889052, 0.020370802976522343, 0.0213787239197115, 0.02262888584538598, 0.02401686851684336, 0.025523335513576738, 0.026670410326906566, 0.02758824337325398, 0.02810647098585074, 0.028219175888028712, 0.02804128716256827, 0.027840212128430745, 0.02799079668741686, 0.027988272685847155, 0.02831306909632167, 0.028434723397990712, 0.0285549391753426, 0.02832607944879636, 0.02800347501499142, 0.027460301198426997, 0.02681840364884072, 0.026203190519756815, 0.02552364346313934, 0.024940794741503684, 0.024553643852497812, 0.024009602077058226, 0.023587486328410737, 0.023053226444370627, 0.02237349941244249, 0.021247392964358097, 0.01948489409103017, 0.01759577829009665, 0.015969918059865678, 0.014849832783247986, 0.014164911869984548, 0.013546042864334782, 0.01328357500957488, 0.012905521640083246, 0.012806686101790404, 0.01256569256360443, 0.01270015008783326, 0.013333718053885597, 0.014364706842779438, 0.015230812921928084, 0.016214173123414017, 0.017422309714956504, 0.01848297873673576, 0.019690103784110968, 0.02062988015396428, 0.021304326954883004, 0.021542023987470748, 0.021445001132587415, 0.02128479356968176, 0.021154257299581803, 0.020548768777841446, 0.020419411659703072, 0.020346908766621045, 0.02018386842926173, 0.020060715556614095, 0.019970155121820186, 0.019905412966441507, 0.019860328269953802, 0.019689549628068632, 0.019110038324468673, 0.018401772510693467, 0.01773443768827515, 0.01691379473734185, 0.0163889904882787, 0.015891976533507178, 0.015695148472402557, 0.015634975895130635, 0.01548249397414641, 0.015250362203767827, 0.01446715870868431, 0.013690714184349355, 0.013111437378948002, 0.01280400987898366, 0.012789088065484542, 0.012885508256999974, 0.012645414791893052, 0.012533763320360268, 0.01300792748125149, 0.014045480441271196, 0.015593406388961941, 0.017496649938682926, 0.01947963017829757, 0.021814960986639112, 0.0244888991790445, 0.027455202671237973, 0.030462142682767764, 0.03347516022004274, 0.03632355277573078, 0.03911728575744543, 0.041489125175428104, 0.043617926344794986, 0.04507509866910146, 0.045973158335007626, 0.046666313335408376, 0.047747911364257295, 0.04910015737076979, 0.051170936172887156, 0.05323921785426519, 0.05484930583024696, 0.05598397968583077, 0.056516639752925084, 0.05678375349578094, 0.05655312215346535, 0.05709318659280136, 0.05753330561326649, 0.05822424761198231, 0.05856641837777238, 0.058663546697002605, 0.05829520111627496, 0.058019458378357286, 0.05786276302771312, 0.057678835712609886, 0.05721489013034267, 0.05620972754199197, 0.05488023496470325, 0.05291870088860013, 0.05085359195424363, 0.04836971777146554, 0.045888993393773454, 0.04332790860019442, 0.040721243397433354, 0.03815348906679705, 0.03609755066086763, 0.03431153121207709, 0.03269994312791247, 0.03113246913067769, 0.029533434333839276, 0.02779284963423818, 0.02581340528028532, 0.023636664296078556, 0.021032966406022018, 0.018298152858289164, 0.015471223173718233, 0.012975006021594128, 0.011476514573927241, 0.011190786613452559, 0.012013514795745658, 0.013192708648177051, 0.0146026096239084, 0.016627808096549106, 0.019288816219412905, 0.022115031993867204, 0.024956066779425322, 0.027947127033299147, 0.030317719296220055, 0.03213024736687776, 0.033908117916643665, 0.035613155393420214, 0.03695858371541455, 0.0370883147011733, 0.035844860180821725, 0.03331269225961453, 0.030127822662769057, 0.026675716455458534, 0.02305094507263966, 0.019294584365168215, 0.016588874620184203, 0.013459760460278334, 0.010513659470637583, 0.008184205378854309, 0.005908681970234855, 0.003908372487361734, 0.002250880846271649, 0.001837561814419065, 0.003902446460586522, 0.00649131804032715, 0.008842266053540701, 0.011337576744963709, 0.013847821453172829, 0.016241515374979285, 0.018506880743639053, 0.020753891025054552, 0.022854281545735794, 0.025177910908837288, 0.027764777035113285, 0.0302577363231247, 0.032552204835272186, 0.033962244268502154, 0.03530995724171245, 0.036795414568091225, 0.03840706162943578, 0.039993850675796264, 0.04133645030179679, 0.04211247094820217, 0.04239213751353172, 0.042192499106345205, 0.04200269786908514, 0.041897190162155235, 0.041830932940717325, 0.04166737666619139, 0.04206882264734189, 0.0426127097658282, 0.042895687146734904, 0.04300135533202284, 0.04249799814293581, 0.041897582995049115, 0.04072077112408416, 0.03927976254850985, 0.037331499513228325, 0.035889992777759706, 0.03456359233645024, 0.033243529781910974, 0.03199033675126687, 0.03059935779738079, 0.029272240636492235, 0.027900707354997015, 0.02654938414970694, 0.02543173352052397, 0.024311103096379235, 0.023065212419431085, 0.021685454855791198, 0.02041159885695607, 0.019056064221564174, 0.017656707279948437, 0.01626614648165674, 0.015012383850973622, 0.013603567963072178, 0.012189757837366814, 0.010674529938407772, 0.009407142987148039, 0.008344525906195775, 0.007439054007672372, 0.0072034584519923735, 0.007775010970036668, 0.009047582903156274, 0.010731538882415681, 0.01253460028234948, 0.014333543563369548, 0.016070624592636203, 0.017817726146123574, 0.019557256660804743, 0.02116824086555951, 0.022529303997840977, 0.023628588936546305, 0.02391411988476377, 0.02359656311707365, 0.022355277074164143, 0.020961866673625245, 0.018393580144489934, 0.015660552711922182, 0.013874328661167971, 0.01254026736778108, 0.011812131260623127, 0.010800298354986543, 0.00961805971638548, 0.008471507575266851, 0.007656757785702683, 0.006719580941926242, 0.0056999472982024405, 0.005125787188458596, 0.00504686530895439, 0.005697178935649704, 0.006245540782853768, 0.0070976650798796875, 0.007900543705723831, 0.008755370167568399, 0.009807746909975117, 0.011209592216881203, 0.01276960312030194, 0.014467251258771754, 0.015865855510978952, 0.01751794577394112, 0.01978728846519214, 0.022540086452385207, 0.024859037758439572, 0.02589623397823137, 0.02611181133516041, 0.026565850619759173, 0.0272557734372972, 0.02776644526036269, 0.02799937699621002, 0.02818388188652303, 0.02806005928616626, 0.028083982827741123, 0.02781538632605852, 0.027763976455106594, 0.028120518002563644, 0.028688559534023904, 0.029389365084960088, 0.030059907204608147, 0.03052096911154336, 0.031053468449087778, 0.03142000488428638, 0.03173833045042581, 0.031892653890475096, 0.03198060527161537, 0.031944507243272385, 0.03180892531117334, 0.03180195743523648, 0.03175983113429147, 0.03185651864929952, 0.032146459060636644, 0.032526908876218445, 0.033087790299913135, 0.03370146462957083, 0.0342847740780508, 0.0344768243549477, 0.03441738754137779, 0.034008301029805295]",0.00961805971638548,0.10555738945728416,0.009406530429908147,0.0020060553280428772,0.0,0.0,0.04167757162114655,0.10555738945728416,0.009406530429908147,0.0020060553280428772,8.664,1717635309.3852687,2024-06-06_10-55-09
0.5059,0.11063999999999999,0.40115261685262815,0.40090741226904825,0.10232397904693727,0.4027682393660964,0.5059,0.11063999999999999,0.36010980356618094,0.40090741226904825,0.10232397904693727,0.4027682393660964,0.008471507575266851,"[0.011315756658919754, 0.012192407496521018, 0.01288995615295488, 0.01359963525141729, 0.014321891165186378, 0.015181047888625853, 0.01592941522152252, 0.01673874496494045, 0.01751440457689525, 0.01835087734908702, 0.019202544572813795, 0.020070622325609303, 0.02095627718778323, 0.02186061264947246, 0.022737260153569413, 0.023681097053535004, 0.024646250751560458, 0.025633386418693636, 0.02659237614956749, 0.027623542314219474, 0.0286250346734827, 0.029647102596467904, 0.03056454213255984, 0.031680305841655834, 0.03263530150735364, 0.033606764937046466, 0.034593095597664145, 0.03536350794006898, 0.035930760474075646, 0.03631257033147624, 0.03661317474198803, 0.03688385713543919, 0.03738127616234113, 0.037934719347479336, 0.03858163380471939, 0.03921882339006296, 0.03999131852533767, 0.04074980907886149, 0.04127472956039594, 0.04151563832077664, 0.04151964454301027, 0.04123464219442919, 0.04096829512038153, 0.04056460486818273, 0.04028281736824196, 0.04000166841569801, 0.03919762289117317, 0.037812479337396496, 0.03622310391275238, 0.03453579653228067, 0.0330206041779641, 0.031565009966306234, 0.03054064037737075, 0.029904305612678588, 0.029394155816597912, 0.028896840658953926, 0.02825322628704274, 0.027685220830545497, 0.02666364029859006, 0.025486033827772144, 0.02414387260068274, 0.023028867611909868, 0.022681878550084772, 0.02299235797660897, 0.02387546679328945, 0.024738332374206702, 0.025547718436096926, 0.026640938816603423, 0.02759836215880636, 0.028240938725365098, 0.028199955208514017, 0.028168175430310402, 0.02767018559717724, 0.027414861073674215, 0.027239233260695786, 0.0274939869379551, 0.027874761581110984, 0.02868161073982207, 0.029514734605865275, 0.030345172291974937, 0.031248268714928727, 0.032298002681611045, 0.033509628354587276, 0.0348066615601669, 0.03569061118903811, 0.03631377821401384, 0.03654105211474412, 0.03646788532881584, 0.03572808397059345, 0.03427781350345514, 0.03309813106562172, 0.031639416134799855, 0.02970329439236902, 0.027599049067936567, 0.02603054913364457, 0.024090316372098155, 0.02220132238001286, 0.02051452966091278, 0.019044426362309692, 0.017805605247084858, 0.01643252777018217, 0.01523003850809785, 0.01424180324883461, 0.013706552220618947, 0.0130880570946912, 0.012988920737072255, 0.013178248200839212, 0.013386796436950147, 0.01359897371732897, 0.01439195864266014, 0.015495810506657983, 0.016686507754200334, 0.01807173050136072, 0.019341411872889052, 0.020370802976522343, 0.0213787239197115, 0.02262888584538598, 0.02401686851684336, 0.025523335513576738, 0.026670410326906566, 0.02758824337325398, 0.02810647098585074, 0.028219175888028712, 0.02804128716256827, 0.027840212128430745, 0.02799079668741686, 0.027988272685847155, 0.02831306909632167, 0.028434723397990712, 0.0285549391753426, 0.02832607944879636, 0.02800347501499142, 0.027460301198426997, 0.02681840364884072, 0.026203190519756815, 0.02552364346313934, 0.024940794741503684, 0.024553643852497812, 0.024009602077058226, 0.023587486328410737, 0.023053226444370627, 0.02237349941244249, 0.021247392964358097, 0.01948489409103017, 0.01759577829009665, 0.015969918059865678, 0.014849832783247986, 0.014164911869984548, 0.013546042864334782, 0.01328357500957488, 0.012905521640083246, 0.012806686101790404, 0.01256569256360443, 0.01270015008783326, 0.013333718053885597, 0.014364706842779438, 0.015230812921928084, 0.016214173123414017, 0.017422309714956504, 0.01848297873673576, 0.019690103784110968, 0.02062988015396428, 0.021304326954883004, 0.021542023987470748, 0.021445001132587415, 0.02128479356968176, 0.021154257299581803, 0.020548768777841446, 0.020419411659703072, 0.020346908766621045, 0.02018386842926173, 0.020060715556614095, 0.019970155121820186, 0.019905412966441507, 0.019860328269953802, 0.019689549628068632, 0.019110038324468673, 0.018401772510693467, 0.01773443768827515, 0.01691379473734185, 0.0163889904882787, 0.015891976533507178, 0.015695148472402557, 0.015634975895130635, 0.01548249397414641, 0.015250362203767827, 0.01446715870868431, 0.013690714184349355, 0.013111437378948002, 0.01280400987898366, 0.012789088065484542, 0.012885508256999974, 0.012645414791893052, 0.012533763320360268, 0.01300792748125149, 0.014045480441271196, 0.015593406388961941, 0.017496649938682926, 0.01947963017829757, 0.021814960986639112, 0.0244888991790445, 0.027455202671237973, 0.030462142682767764, 0.03347516022004274, 0.03632355277573078, 0.03911728575744543, 0.041489125175428104, 0.043617926344794986, 0.04507509866910146, 0.045973158335007626, 0.046666313335408376, 0.047747911364257295, 0.04910015737076979, 0.051170936172887156, 0.05323921785426519, 0.05484930583024696, 0.05598397968583077, 0.056516639752925084, 0.05678375349578094, 0.05655312215346535, 0.05709318659280136, 0.05753330561326649, 0.05822424761198231, 0.05856641837777238, 0.058663546697002605, 0.05829520111627496, 0.058019458378357286, 0.05786276302771312, 0.057678835712609886, 0.05721489013034267, 0.05620972754199197, 0.05488023496470325, 0.05291870088860013, 0.05085359195424363, 0.04836971777146554, 0.045888993393773454, 0.04332790860019442, 0.040721243397433354, 0.03815348906679705, 0.03609755066086763, 0.03431153121207709, 0.03269994312791247, 0.03113246913067769, 0.029533434333839276, 0.02779284963423818, 0.02581340528028532, 0.023636664296078556, 0.021032966406022018, 0.018298152858289164, 0.015471223173718233, 0.012975006021594128, 0.011476514573927241, 0.011190786613452559, 0.012013514795745658, 0.013192708648177051, 0.0146026096239084, 0.016627808096549106, 0.019288816219412905, 0.022115031993867204, 0.024956066779425322, 0.027947127033299147, 0.030317719296220055, 0.03213024736687776, 0.033908117916643665, 0.035613155393420214, 0.03695858371541455, 0.0370883147011733, 0.035844860180821725, 0.03331269225961453, 0.030127822662769057, 0.026675716455458534, 0.02305094507263966, 0.019294584365168215, 0.016588874620184203, 0.013459760460278334, 0.010513659470637583, 0.008184205378854309, 0.005908681970234855, 0.003908372487361734, 0.002250880846271649, 0.001837561814419065, 0.003902446460586522, 0.00649131804032715, 0.008842266053540701, 0.011337576744963709, 0.013847821453172829, 0.016241515374979285, 0.018506880743639053, 0.020753891025054552, 0.022854281545735794, 0.025177910908837288, 0.027764777035113285, 0.0302577363231247, 0.032552204835272186, 0.033962244268502154, 0.03530995724171245, 0.036795414568091225, 0.03840706162943578, 0.039993850675796264, 0.04133645030179679, 0.04211247094820217, 0.04239213751353172, 0.042192499106345205, 0.04200269786908514, 0.041897190162155235, 0.041830932940717325, 0.04166737666619139, 0.04206882264734189, 0.0426127097658282, 0.042895687146734904, 0.04300135533202284, 0.04249799814293581, 0.041897582995049115, 0.04072077112408416, 0.03927976254850985, 0.037331499513228325, 0.035889992777759706, 0.03456359233645024, 0.033243529781910974, 0.03199033675126687, 0.03059935779738079, 0.029272240636492235, 0.027900707354997015, 0.02654938414970694, 0.02543173352052397, 0.024311103096379235, 0.023065212419431085, 0.021685454855791198, 0.02041159885695607, 0.019056064221564174, 0.017656707279948437, 0.01626614648165674, 0.015012383850973622, 0.013603567963072178, 0.012189757837366814, 0.010674529938407772, 0.009407142987148039, 0.008344525906195775, 0.007439054007672372, 0.0072034584519923735, 0.007775010970036668, 0.009047582903156274, 0.010731538882415681, 0.01253460028234948, 0.014333543563369548, 0.016070624592636203, 0.017817726146123574, 0.019557256660804743, 0.02116824086555951, 0.022529303997840977, 0.023628588936546305, 0.02391411988476377, 0.02359656311707365, 0.022355277074164143, 0.020961866673625245, 0.018393580144489934, 0.015660552711922182, 0.013874328661167971, 0.01254026736778108, 0.011812131260623127, 0.010800298354986543, 0.00961805971638548, 0.008471507575266851, 0.007656757785702683, 0.006719580941926242, 0.0056999472982024405, 0.005125787188458596, 0.00504686530895439, 0.005697178935649704, 0.006245540782853768, 0.0070976650798796875, 0.007900543705723831, 0.008755370167568399, 0.009807746909975117, 0.011209592216881203, 0.01276960312030194, 0.014467251258771754, 0.015865855510978952, 0.01751794577394112, 0.01978728846519214, 0.022540086452385207, 0.024859037758439572, 0.02589623397823137, 0.02611181133516041, 0.026565850619759173, 0.0272557734372972, 0.02776644526036269, 0.02799937699621002, 0.02818388188652303, 0.02806005928616626, 0.028083982827741123, 0.02781538632605852, 0.027763976455106594, 0.028120518002563644, 0.028688559534023904, 0.029389365084960088, 0.030059907204608147, 0.03052096911154336, 0.031053468449087778, 0.03142000488428638, 0.03173833045042581, 0.031892653890475096, 0.03198060527161537, 0.031944507243272385, 0.03180892531117334, 0.03180195743523648, 0.03175983113429147, 0.03185651864929952, 0.032146459060636644, 0.032526908876218445, 0.033087790299913135, 0.03370146462957083, 0.0342847740780508, 0.0344768243549477, 0.03441738754137779, 0.034008301029805295]",0.008471507575266851,0.10499258773095177,0.00831602095306272,0.0016156225134682511,0.0,0.0,0.04104281328644721,0.10499258773095177,0.00831602095306272,0.0016156225134682511,8.688,1717635309.4095113,2024-06-06_10-55-09
0.5059,0.11135999999999999,0.40080421573348596,0.401367447470539,0.10378451353428184,0.4019168453199341,0.5059,0.11135999999999999,0.36052201578738063,0.401367447470539,0.10378451353428184,0.4019168453199341,0.007656757785702683,"[0.011315756658919754, 0.012192407496521018, 0.01288995615295488, 0.01359963525141729, 0.014321891165186378, 0.015181047888625853, 0.01592941522152252, 0.01673874496494045, 0.01751440457689525, 0.01835087734908702, 0.019202544572813795, 0.020070622325609303, 0.02095627718778323, 0.02186061264947246, 0.022737260153569413, 0.023681097053535004, 0.024646250751560458, 0.025633386418693636, 0.02659237614956749, 0.027623542314219474, 0.0286250346734827, 0.029647102596467904, 0.03056454213255984, 0.031680305841655834, 0.03263530150735364, 0.033606764937046466, 0.034593095597664145, 0.03536350794006898, 0.035930760474075646, 0.03631257033147624, 0.03661317474198803, 0.03688385713543919, 0.03738127616234113, 0.037934719347479336, 0.03858163380471939, 0.03921882339006296, 0.03999131852533767, 0.04074980907886149, 0.04127472956039594, 0.04151563832077664, 0.04151964454301027, 0.04123464219442919, 0.04096829512038153, 0.04056460486818273, 0.04028281736824196, 0.04000166841569801, 0.03919762289117317, 0.037812479337396496, 0.03622310391275238, 0.03453579653228067, 0.0330206041779641, 0.031565009966306234, 0.03054064037737075, 0.029904305612678588, 0.029394155816597912, 0.028896840658953926, 0.02825322628704274, 0.027685220830545497, 0.02666364029859006, 0.025486033827772144, 0.02414387260068274, 0.023028867611909868, 0.022681878550084772, 0.02299235797660897, 0.02387546679328945, 0.024738332374206702, 0.025547718436096926, 0.026640938816603423, 0.02759836215880636, 0.028240938725365098, 0.028199955208514017, 0.028168175430310402, 0.02767018559717724, 0.027414861073674215, 0.027239233260695786, 0.0274939869379551, 0.027874761581110984, 0.02868161073982207, 0.029514734605865275, 0.030345172291974937, 0.031248268714928727, 0.032298002681611045, 0.033509628354587276, 0.0348066615601669, 0.03569061118903811, 0.03631377821401384, 0.03654105211474412, 0.03646788532881584, 0.03572808397059345, 0.03427781350345514, 0.03309813106562172, 0.031639416134799855, 0.02970329439236902, 0.027599049067936567, 0.02603054913364457, 0.024090316372098155, 0.02220132238001286, 0.02051452966091278, 0.019044426362309692, 0.017805605247084858, 0.01643252777018217, 0.01523003850809785, 0.01424180324883461, 0.013706552220618947, 0.0130880570946912, 0.012988920737072255, 0.013178248200839212, 0.013386796436950147, 0.01359897371732897, 0.01439195864266014, 0.015495810506657983, 0.016686507754200334, 0.01807173050136072, 0.019341411872889052, 0.020370802976522343, 0.0213787239197115, 0.02262888584538598, 0.02401686851684336, 0.025523335513576738, 0.026670410326906566, 0.02758824337325398, 0.02810647098585074, 0.028219175888028712, 0.02804128716256827, 0.027840212128430745, 0.02799079668741686, 0.027988272685847155, 0.02831306909632167, 0.028434723397990712, 0.0285549391753426, 0.02832607944879636, 0.02800347501499142, 0.027460301198426997, 0.02681840364884072, 0.026203190519756815, 0.02552364346313934, 0.024940794741503684, 0.024553643852497812, 0.024009602077058226, 0.023587486328410737, 0.023053226444370627, 0.02237349941244249, 0.021247392964358097, 0.01948489409103017, 0.01759577829009665, 0.015969918059865678, 0.014849832783247986, 0.014164911869984548, 0.013546042864334782, 0.01328357500957488, 0.012905521640083246, 0.012806686101790404, 0.01256569256360443, 0.01270015008783326, 0.013333718053885597, 0.014364706842779438, 0.015230812921928084, 0.016214173123414017, 0.017422309714956504, 0.01848297873673576, 0.019690103784110968, 0.02062988015396428, 0.021304326954883004, 0.021542023987470748, 0.021445001132587415, 0.02128479356968176, 0.021154257299581803, 0.020548768777841446, 0.020419411659703072, 0.020346908766621045, 0.02018386842926173, 0.020060715556614095, 0.019970155121820186, 0.019905412966441507, 0.019860328269953802, 0.019689549628068632, 0.019110038324468673, 0.018401772510693467, 0.01773443768827515, 0.01691379473734185, 0.0163889904882787, 0.015891976533507178, 0.015695148472402557, 0.015634975895130635, 0.01548249397414641, 0.015250362203767827, 0.01446715870868431, 0.013690714184349355, 0.013111437378948002, 0.01280400987898366, 0.012789088065484542, 0.012885508256999974, 0.012645414791893052, 0.012533763320360268, 0.01300792748125149, 0.014045480441271196, 0.015593406388961941, 0.017496649938682926, 0.01947963017829757, 0.021814960986639112, 0.0244888991790445, 0.027455202671237973, 0.030462142682767764, 0.03347516022004274, 0.03632355277573078, 0.03911728575744543, 0.041489125175428104, 0.043617926344794986, 0.04507509866910146, 0.045973158335007626, 0.046666313335408376, 0.047747911364257295, 0.04910015737076979, 0.051170936172887156, 0.05323921785426519, 0.05484930583024696, 0.05598397968583077, 0.056516639752925084, 0.05678375349578094, 0.05655312215346535, 0.05709318659280136, 0.05753330561326649, 0.05822424761198231, 0.05856641837777238, 0.058663546697002605, 0.05829520111627496, 0.058019458378357286, 0.05786276302771312, 0.057678835712609886, 0.05721489013034267, 0.05620972754199197, 0.05488023496470325, 0.05291870088860013, 0.05085359195424363, 0.04836971777146554, 0.045888993393773454, 0.04332790860019442, 0.040721243397433354, 0.03815348906679705, 0.03609755066086763, 0.03431153121207709, 0.03269994312791247, 0.03113246913067769, 0.029533434333839276, 0.02779284963423818, 0.02581340528028532, 0.023636664296078556, 0.021032966406022018, 0.018298152858289164, 0.015471223173718233, 0.012975006021594128, 0.011476514573927241, 0.011190786613452559, 0.012013514795745658, 0.013192708648177051, 0.0146026096239084, 0.016627808096549106, 0.019288816219412905, 0.022115031993867204, 0.024956066779425322, 0.027947127033299147, 0.030317719296220055, 0.03213024736687776, 0.033908117916643665, 0.035613155393420214, 0.03695858371541455, 0.0370883147011733, 0.035844860180821725, 0.03331269225961453, 0.030127822662769057, 0.026675716455458534, 0.02305094507263966, 0.019294584365168215, 0.016588874620184203, 0.013459760460278334, 0.010513659470637583, 0.008184205378854309, 0.005908681970234855, 0.003908372487361734, 0.002250880846271649, 0.001837561814419065, 0.003902446460586522, 0.00649131804032715, 0.008842266053540701, 0.011337576744963709, 0.013847821453172829, 0.016241515374979285, 0.018506880743639053, 0.020753891025054552, 0.022854281545735794, 0.025177910908837288, 0.027764777035113285, 0.0302577363231247, 0.032552204835272186, 0.033962244268502154, 0.03530995724171245, 0.036795414568091225, 0.03840706162943578, 0.039993850675796264, 0.04133645030179679, 0.04211247094820217, 0.04239213751353172, 0.042192499106345205, 0.04200269786908514, 0.041897190162155235, 0.041830932940717325, 0.04166737666619139, 0.04206882264734189, 0.0426127097658282, 0.042895687146734904, 0.04300135533202284, 0.04249799814293581, 0.041897582995049115, 0.04072077112408416, 0.03927976254850985, 0.037331499513228325, 0.035889992777759706, 0.03456359233645024, 0.033243529781910974, 0.03199033675126687, 0.03059935779738079, 0.029272240636492235, 0.027900707354997015, 0.02654938414970694, 0.02543173352052397, 0.024311103096379235, 0.023065212419431085, 0.021685454855791198, 0.02041159885695607, 0.019056064221564174, 0.017656707279948437, 0.01626614648165674, 0.015012383850973622, 0.013603567963072178, 0.012189757837366814, 0.010674529938407772, 0.009407142987148039, 0.008344525906195775, 0.007439054007672372, 0.0072034584519923735, 0.007775010970036668, 0.009047582903156274, 0.010731538882415681, 0.01253460028234948, 0.014333543563369548, 0.016070624592636203, 0.017817726146123574, 0.019557256660804743, 0.02116824086555951, 0.022529303997840977, 0.023628588936546305, 0.02391411988476377, 0.02359656311707365, 0.022355277074164143, 0.020961866673625245, 0.018393580144489934, 0.015660552711922182, 0.013874328661167971, 0.01254026736778108, 0.011812131260623127, 0.010800298354986543, 0.00961805971638548, 0.008471507575266851, 0.007656757785702683, 0.006719580941926242, 0.0056999472982024405, 0.005125787188458596, 0.00504686530895439, 0.005697178935649704, 0.006245540782853768, 0.0070976650798796875, 0.007900543705723831, 0.008755370167568399, 0.009807746909975117, 0.011209592216881203, 0.01276960312030194, 0.014467251258771754, 0.015865855510978952, 0.01751794577394112, 0.01978728846519214, 0.022540086452385207, 0.024859037758439572, 0.02589623397823137, 0.02611181133516041, 0.026565850619759173, 0.0272557734372972, 0.02776644526036269, 0.02799937699621002, 0.02818388188652303, 0.02806005928616626, 0.028083982827741123, 0.02781538632605852, 0.027763976455106594, 0.028120518002563644, 0.028688559534023904, 0.029389365084960088, 0.030059907204608147, 0.03052096911154336, 0.031053468449087778, 0.03142000488428638, 0.03173833045042581, 0.031892653890475096, 0.03198060527161537, 0.031944507243272385, 0.03180892531117334, 0.03180195743523648, 0.03175983113429147, 0.03185651864929952, 0.032146459060636644, 0.032526908876218445, 0.033087790299913135, 0.03370146462957083, 0.0342847740780508, 0.0344768243549477, 0.03441738754137779, 0.034008301029805295]",0.007656757785702683,0.10453255252946103,0.007575486465718151,0.001112629586448144,0.0,0.0,0.040282199946105324,0.10453255252946103,0.007575486465718151,0.001112629586448144,8.712,1717635309.4331615,2024-06-06_10-55-09
0.5059,0.11207999999999999,0.4005564042390515,0.40187540170799807,0.10536198136878762,0.4007012962877701,0.5059,0.11207999999999999,0.3611606726389306,0.40187540170799807,0.10536198136878762,0.4007012962877701,0.006719580941926242,"[0.011315756658919754, 0.012192407496521018, 0.01288995615295488, 0.01359963525141729, 0.014321891165186378, 0.015181047888625853, 0.01592941522152252, 0.01673874496494045, 0.01751440457689525, 0.01835087734908702, 0.019202544572813795, 0.020070622325609303, 0.02095627718778323, 0.02186061264947246, 0.022737260153569413, 0.023681097053535004, 0.024646250751560458, 0.025633386418693636, 0.02659237614956749, 0.027623542314219474, 0.0286250346734827, 0.029647102596467904, 0.03056454213255984, 0.031680305841655834, 0.03263530150735364, 0.033606764937046466, 0.034593095597664145, 0.03536350794006898, 0.035930760474075646, 0.03631257033147624, 0.03661317474198803, 0.03688385713543919, 0.03738127616234113, 0.037934719347479336, 0.03858163380471939, 0.03921882339006296, 0.03999131852533767, 0.04074980907886149, 0.04127472956039594, 0.04151563832077664, 0.04151964454301027, 0.04123464219442919, 0.04096829512038153, 0.04056460486818273, 0.04028281736824196, 0.04000166841569801, 0.03919762289117317, 0.037812479337396496, 0.03622310391275238, 0.03453579653228067, 0.0330206041779641, 0.031565009966306234, 0.03054064037737075, 0.029904305612678588, 0.029394155816597912, 0.028896840658953926, 0.02825322628704274, 0.027685220830545497, 0.02666364029859006, 0.025486033827772144, 0.02414387260068274, 0.023028867611909868, 0.022681878550084772, 0.02299235797660897, 0.02387546679328945, 0.024738332374206702, 0.025547718436096926, 0.026640938816603423, 0.02759836215880636, 0.028240938725365098, 0.028199955208514017, 0.028168175430310402, 0.02767018559717724, 0.027414861073674215, 0.027239233260695786, 0.0274939869379551, 0.027874761581110984, 0.02868161073982207, 0.029514734605865275, 0.030345172291974937, 0.031248268714928727, 0.032298002681611045, 0.033509628354587276, 0.0348066615601669, 0.03569061118903811, 0.03631377821401384, 0.03654105211474412, 0.03646788532881584, 0.03572808397059345, 0.03427781350345514, 0.03309813106562172, 0.031639416134799855, 0.02970329439236902, 0.027599049067936567, 0.02603054913364457, 0.024090316372098155, 0.02220132238001286, 0.02051452966091278, 0.019044426362309692, 0.017805605247084858, 0.01643252777018217, 0.01523003850809785, 0.01424180324883461, 0.013706552220618947, 0.0130880570946912, 0.012988920737072255, 0.013178248200839212, 0.013386796436950147, 0.01359897371732897, 0.01439195864266014, 0.015495810506657983, 0.016686507754200334, 0.01807173050136072, 0.019341411872889052, 0.020370802976522343, 0.0213787239197115, 0.02262888584538598, 0.02401686851684336, 0.025523335513576738, 0.026670410326906566, 0.02758824337325398, 0.02810647098585074, 0.028219175888028712, 0.02804128716256827, 0.027840212128430745, 0.02799079668741686, 0.027988272685847155, 0.02831306909632167, 0.028434723397990712, 0.0285549391753426, 0.02832607944879636, 0.02800347501499142, 0.027460301198426997, 0.02681840364884072, 0.026203190519756815, 0.02552364346313934, 0.024940794741503684, 0.024553643852497812, 0.024009602077058226, 0.023587486328410737, 0.023053226444370627, 0.02237349941244249, 0.021247392964358097, 0.01948489409103017, 0.01759577829009665, 0.015969918059865678, 0.014849832783247986, 0.014164911869984548, 0.013546042864334782, 0.01328357500957488, 0.012905521640083246, 0.012806686101790404, 0.01256569256360443, 0.01270015008783326, 0.013333718053885597, 0.014364706842779438, 0.015230812921928084, 0.016214173123414017, 0.017422309714956504, 0.01848297873673576, 0.019690103784110968, 0.02062988015396428, 0.021304326954883004, 0.021542023987470748, 0.021445001132587415, 0.02128479356968176, 0.021154257299581803, 0.020548768777841446, 0.020419411659703072, 0.020346908766621045, 0.02018386842926173, 0.020060715556614095, 0.019970155121820186, 0.019905412966441507, 0.019860328269953802, 0.019689549628068632, 0.019110038324468673, 0.018401772510693467, 0.01773443768827515, 0.01691379473734185, 0.0163889904882787, 0.015891976533507178, 0.015695148472402557, 0.015634975895130635, 0.01548249397414641, 0.015250362203767827, 0.01446715870868431, 0.013690714184349355, 0.013111437378948002, 0.01280400987898366, 0.012789088065484542, 0.012885508256999974, 0.012645414791893052, 0.012533763320360268, 0.01300792748125149, 0.014045480441271196, 0.015593406388961941, 0.017496649938682926, 0.01947963017829757, 0.021814960986639112, 0.0244888991790445, 0.027455202671237973, 0.030462142682767764, 0.03347516022004274, 0.03632355277573078, 0.03911728575744543, 0.041489125175428104, 0.043617926344794986, 0.04507509866910146, 0.045973158335007626, 0.046666313335408376, 0.047747911364257295, 0.04910015737076979, 0.051170936172887156, 0.05323921785426519, 0.05484930583024696, 0.05598397968583077, 0.056516639752925084, 0.05678375349578094, 0.05655312215346535, 0.05709318659280136, 0.05753330561326649, 0.05822424761198231, 0.05856641837777238, 0.058663546697002605, 0.05829520111627496, 0.058019458378357286, 0.05786276302771312, 0.057678835712609886, 0.05721489013034267, 0.05620972754199197, 0.05488023496470325, 0.05291870088860013, 0.05085359195424363, 0.04836971777146554, 0.045888993393773454, 0.04332790860019442, 0.040721243397433354, 0.03815348906679705, 0.03609755066086763, 0.03431153121207709, 0.03269994312791247, 0.03113246913067769, 0.029533434333839276, 0.02779284963423818, 0.02581340528028532, 0.023636664296078556, 0.021032966406022018, 0.018298152858289164, 0.015471223173718233, 0.012975006021594128, 0.011476514573927241, 0.011190786613452559, 0.012013514795745658, 0.013192708648177051, 0.0146026096239084, 0.016627808096549106, 0.019288816219412905, 0.022115031993867204, 0.024956066779425322, 0.027947127033299147, 0.030317719296220055, 0.03213024736687776, 0.033908117916643665, 0.035613155393420214, 0.03695858371541455, 0.0370883147011733, 0.035844860180821725, 0.03331269225961453, 0.030127822662769057, 0.026675716455458534, 0.02305094507263966, 0.019294584365168215, 0.016588874620184203, 0.013459760460278334, 0.010513659470637583, 0.008184205378854309, 0.005908681970234855, 0.003908372487361734, 0.002250880846271649, 0.001837561814419065, 0.003902446460586522, 0.00649131804032715, 0.008842266053540701, 0.011337576744963709, 0.013847821453172829, 0.016241515374979285, 0.018506880743639053, 0.020753891025054552, 0.022854281545735794, 0.025177910908837288, 0.027764777035113285, 0.0302577363231247, 0.032552204835272186, 0.033962244268502154, 0.03530995724171245, 0.036795414568091225, 0.03840706162943578, 0.039993850675796264, 0.04133645030179679, 0.04211247094820217, 0.04239213751353172, 0.042192499106345205, 0.04200269786908514, 0.041897190162155235, 0.041830932940717325, 0.04166737666619139, 0.04206882264734189, 0.0426127097658282, 0.042895687146734904, 0.04300135533202284, 0.04249799814293581, 0.041897582995049115, 0.04072077112408416, 0.03927976254850985, 0.037331499513228325, 0.035889992777759706, 0.03456359233645024, 0.033243529781910974, 0.03199033675126687, 0.03059935779738079, 0.029272240636492235, 0.027900707354997015, 0.02654938414970694, 0.02543173352052397, 0.024311103096379235, 0.023065212419431085, 0.021685454855791198, 0.02041159885695607, 0.019056064221564174, 0.017656707279948437, 0.01626614648165674, 0.015012383850973622, 0.013603567963072178, 0.012189757837366814, 0.010674529938407772, 0.009407142987148039, 0.008344525906195775, 0.007439054007672372, 0.0072034584519923735, 0.007775010970036668, 0.009047582903156274, 0.010731538882415681, 0.01253460028234948, 0.014333543563369548, 0.016070624592636203, 0.017817726146123574, 0.019557256660804743, 0.02116824086555951, 0.022529303997840977, 0.023628588936546305, 0.02391411988476377, 0.02359656311707365, 0.022355277074164143, 0.020961866673625245, 0.018393580144489934, 0.015660552711922182, 0.013874328661167971, 0.01254026736778108, 0.011812131260623127, 0.010800298354986543, 0.00961805971638548, 0.008471507575266851, 0.007656757785702683, 0.006719580941926242, 0.0056999472982024405, 0.005125787188458596, 0.00504686530895439, 0.005697178935649704, 0.006245540782853768, 0.0070976650798796875, 0.007900543705723831, 0.008755370167568399, 0.009807746909975117, 0.011209592216881203, 0.01276960312030194, 0.014467251258771754, 0.015865855510978952, 0.01751794577394112, 0.01978728846519214, 0.022540086452385207, 0.024859037758439572, 0.02589623397823137, 0.02611181133516041, 0.026565850619759173, 0.0272557734372972, 0.02776644526036269, 0.02799937699621002, 0.02818388188652303, 0.02806005928616626, 0.028083982827741123, 0.02781538632605852, 0.027763976455106594, 0.028120518002563644, 0.028688559534023904, 0.029389365084960088, 0.030059907204608147, 0.03052096911154336, 0.031053468449087778, 0.03142000488428638, 0.03173833045042581, 0.031892653890475096, 0.03198060527161537, 0.031944507243272385, 0.03180892531117334, 0.03180195743523648, 0.03175983113429147, 0.03185651864929952, 0.032146459060636644, 0.032526908876218445, 0.033087790299913135, 0.03370146462957083, 0.0342847740780508, 0.0344768243549477, 0.03441738754137779, 0.034008301029805295]",0.006719580941926242,0.10402459829200195,0.006718018631212366,0.0001448920487186478,0.0,0.0,0.03939573160012089,0.10402459829200195,0.006718018631212366,0.0001448920487186478,8.736,1717635309.457136,2024-06-06_10-55-09
0.5059,0.11279999999999998,0.4004080350884832,0.4024323813715574,0.10716927863662129,0.39952238497118175,0.5059,0.11279999999999998,0.3618987718343466,0.4024323813715574,0.10716927863662129,0.39952238497118175,0.0056999472982024405,"[0.011315756658919754, 0.012192407496521018, 0.01288995615295488, 0.01359963525141729, 0.014321891165186378, 0.015181047888625853, 0.01592941522152252, 0.01673874496494045, 0.01751440457689525, 0.01835087734908702, 0.019202544572813795, 0.020070622325609303, 0.02095627718778323, 0.02186061264947246, 0.022737260153569413, 0.023681097053535004, 0.024646250751560458, 0.025633386418693636, 0.02659237614956749, 0.027623542314219474, 0.0286250346734827, 0.029647102596467904, 0.03056454213255984, 0.031680305841655834, 0.03263530150735364, 0.033606764937046466, 0.034593095597664145, 0.03536350794006898, 0.035930760474075646, 0.03631257033147624, 0.03661317474198803, 0.03688385713543919, 0.03738127616234113, 0.037934719347479336, 0.03858163380471939, 0.03921882339006296, 0.03999131852533767, 0.04074980907886149, 0.04127472956039594, 0.04151563832077664, 0.04151964454301027, 0.04123464219442919, 0.04096829512038153, 0.04056460486818273, 0.04028281736824196, 0.04000166841569801, 0.03919762289117317, 0.037812479337396496, 0.03622310391275238, 0.03453579653228067, 0.0330206041779641, 0.031565009966306234, 0.03054064037737075, 0.029904305612678588, 0.029394155816597912, 0.028896840658953926, 0.02825322628704274, 0.027685220830545497, 0.02666364029859006, 0.025486033827772144, 0.02414387260068274, 0.023028867611909868, 0.022681878550084772, 0.02299235797660897, 0.02387546679328945, 0.024738332374206702, 0.025547718436096926, 0.026640938816603423, 0.02759836215880636, 0.028240938725365098, 0.028199955208514017, 0.028168175430310402, 0.02767018559717724, 0.027414861073674215, 0.027239233260695786, 0.0274939869379551, 0.027874761581110984, 0.02868161073982207, 0.029514734605865275, 0.030345172291974937, 0.031248268714928727, 0.032298002681611045, 0.033509628354587276, 0.0348066615601669, 0.03569061118903811, 0.03631377821401384, 0.03654105211474412, 0.03646788532881584, 0.03572808397059345, 0.03427781350345514, 0.03309813106562172, 0.031639416134799855, 0.02970329439236902, 0.027599049067936567, 0.02603054913364457, 0.024090316372098155, 0.02220132238001286, 0.02051452966091278, 0.019044426362309692, 0.017805605247084858, 0.01643252777018217, 0.01523003850809785, 0.01424180324883461, 0.013706552220618947, 0.0130880570946912, 0.012988920737072255, 0.013178248200839212, 0.013386796436950147, 0.01359897371732897, 0.01439195864266014, 0.015495810506657983, 0.016686507754200334, 0.01807173050136072, 0.019341411872889052, 0.020370802976522343, 0.0213787239197115, 0.02262888584538598, 0.02401686851684336, 0.025523335513576738, 0.026670410326906566, 0.02758824337325398, 0.02810647098585074, 0.028219175888028712, 0.02804128716256827, 0.027840212128430745, 0.02799079668741686, 0.027988272685847155, 0.02831306909632167, 0.028434723397990712, 0.0285549391753426, 0.02832607944879636, 0.02800347501499142, 0.027460301198426997, 0.02681840364884072, 0.026203190519756815, 0.02552364346313934, 0.024940794741503684, 0.024553643852497812, 0.024009602077058226, 0.023587486328410737, 0.023053226444370627, 0.02237349941244249, 0.021247392964358097, 0.01948489409103017, 0.01759577829009665, 0.015969918059865678, 0.014849832783247986, 0.014164911869984548, 0.013546042864334782, 0.01328357500957488, 0.012905521640083246, 0.012806686101790404, 0.01256569256360443, 0.01270015008783326, 0.013333718053885597, 0.014364706842779438, 0.015230812921928084, 0.016214173123414017, 0.017422309714956504, 0.01848297873673576, 0.019690103784110968, 0.02062988015396428, 0.021304326954883004, 0.021542023987470748, 0.021445001132587415, 0.02128479356968176, 0.021154257299581803, 0.020548768777841446, 0.020419411659703072, 0.020346908766621045, 0.02018386842926173, 0.020060715556614095, 0.019970155121820186, 0.019905412966441507, 0.019860328269953802, 0.019689549628068632, 0.019110038324468673, 0.018401772510693467, 0.01773443768827515, 0.01691379473734185, 0.0163889904882787, 0.015891976533507178, 0.015695148472402557, 0.015634975895130635, 0.01548249397414641, 0.015250362203767827, 0.01446715870868431, 0.013690714184349355, 0.013111437378948002, 0.01280400987898366, 0.012789088065484542, 0.012885508256999974, 0.012645414791893052, 0.012533763320360268, 0.01300792748125149, 0.014045480441271196, 0.015593406388961941, 0.017496649938682926, 0.01947963017829757, 0.021814960986639112, 0.0244888991790445, 0.027455202671237973, 0.030462142682767764, 0.03347516022004274, 0.03632355277573078, 0.03911728575744543, 0.041489125175428104, 0.043617926344794986, 0.04507509866910146, 0.045973158335007626, 0.046666313335408376, 0.047747911364257295, 0.04910015737076979, 0.051170936172887156, 0.05323921785426519, 0.05484930583024696, 0.05598397968583077, 0.056516639752925084, 0.05678375349578094, 0.05655312215346535, 0.05709318659280136, 0.05753330561326649, 0.05822424761198231, 0.05856641837777238, 0.058663546697002605, 0.05829520111627496, 0.058019458378357286, 0.05786276302771312, 0.057678835712609886, 0.05721489013034267, 0.05620972754199197, 0.05488023496470325, 0.05291870088860013, 0.05085359195424363, 0.04836971777146554, 0.045888993393773454, 0.04332790860019442, 0.040721243397433354, 0.03815348906679705, 0.03609755066086763, 0.03431153121207709, 0.03269994312791247, 0.03113246913067769, 0.029533434333839276, 0.02779284963423818, 0.02581340528028532, 0.023636664296078556, 0.021032966406022018, 0.018298152858289164, 0.015471223173718233, 0.012975006021594128, 0.011476514573927241, 0.011190786613452559, 0.012013514795745658, 0.013192708648177051, 0.0146026096239084, 0.016627808096549106, 0.019288816219412905, 0.022115031993867204, 0.024956066779425322, 0.027947127033299147, 0.030317719296220055, 0.03213024736687776, 0.033908117916643665, 0.035613155393420214, 0.03695858371541455, 0.0370883147011733, 0.035844860180821725, 0.03331269225961453, 0.030127822662769057, 0.026675716455458534, 0.02305094507263966, 0.019294584365168215, 0.016588874620184203, 0.013459760460278334, 0.010513659470637583, 0.008184205378854309, 0.005908681970234855, 0.003908372487361734, 0.002250880846271649, 0.001837561814419065, 0.003902446460586522, 0.00649131804032715, 0.008842266053540701, 0.011337576744963709, 0.013847821453172829, 0.016241515374979285, 0.018506880743639053, 0.020753891025054552, 0.022854281545735794, 0.025177910908837288, 0.027764777035113285, 0.0302577363231247, 0.032552204835272186, 0.033962244268502154, 0.03530995724171245, 0.036795414568091225, 0.03840706162943578, 0.039993850675796264, 0.04133645030179679, 0.04211247094820217, 0.04239213751353172, 0.042192499106345205, 0.04200269786908514, 0.041897190162155235, 0.041830932940717325, 0.04166737666619139, 0.04206882264734189, 0.0426127097658282, 0.042895687146734904, 0.04300135533202284, 0.04249799814293581, 0.041897582995049115, 0.04072077112408416, 0.03927976254850985, 0.037331499513228325, 0.035889992777759706, 0.03456359233645024, 0.033243529781910974, 0.03199033675126687, 0.03059935779738079, 0.029272240636492235, 0.027900707354997015, 0.02654938414970694, 0.02543173352052397, 0.024311103096379235, 0.023065212419431085, 0.021685454855791198, 0.02041159885695607, 0.019056064221564174, 0.017656707279948437, 0.01626614648165674, 0.015012383850973622, 0.013603567963072178, 0.012189757837366814, 0.010674529938407772, 0.009407142987148039, 0.008344525906195775, 0.007439054007672372, 0.0072034584519923735, 0.007775010970036668, 0.009047582903156274, 0.010731538882415681, 0.01253460028234948, 0.014333543563369548, 0.016070624592636203, 0.017817726146123574, 0.019557256660804743, 0.02116824086555951, 0.022529303997840977, 0.023628588936546305, 0.02391411988476377, 0.02359656311707365, 0.022355277074164143, 0.020961866673625245, 0.018393580144489934, 0.015660552711922182, 0.013874328661167971, 0.01254026736778108, 0.011812131260623127, 0.010800298354986543, 0.00961805971638548, 0.008471507575266851, 0.007656757785702683, 0.006719580941926242, 0.0056999472982024405, 0.005125787188458596, 0.00504686530895439, 0.005697178935649704, 0.006245540782853768, 0.0070976650798796875, 0.007900543705723831, 0.008755370167568399, 0.009807746909975117, 0.011209592216881203, 0.01276960312030194, 0.014467251258771754, 0.015865855510978952, 0.01751794577394112, 0.01978728846519214, 0.022540086452385207, 0.024859037758439572, 0.02589623397823137, 0.02611181133516041, 0.026565850619759173, 0.0272557734372972, 0.02776644526036269, 0.02799937699621002, 0.02818388188652303, 0.02806005928616626, 0.028083982827741123, 0.02781538632605852, 0.027763976455106594, 0.028120518002563644, 0.028688559534023904, 0.029389365084960088, 0.030059907204608147, 0.03052096911154336, 0.031053468449087778, 0.03142000488428638, 0.03173833045042581, 0.031892653890475096, 0.03198060527161537, 0.031944507243272385, 0.03180892531117334, 0.03180195743523648, 0.03175983113429147, 0.03185651864929952, 0.032146459060636644, 0.032526908876218445, 0.033087790299913135, 0.03370146462957083, 0.0342847740780508, 0.0344768243549477, 0.03441738754137779, 0.034008301029805295]",0.0056999472982024405,0.10346761862844261,0.0056307213633786934,0.0008856501173014619,0.0,0.0,0.038509263254136616,0.10346761862844261,0.0056307213633786934,0.0008856501173014619,8.76,1717635309.4814553,2024-06-06_10-55-09
0.5059,0.11351999999999993,0.4003574775195551,0.40299371576819704,0.10896302763176172,0.39801062917837926,0.5059,0.11351999999999993,0.36273468261140285,0.40299371576819704,0.10896302763176172,0.39801062917837926,0.005125787188458596,"[0.011315756658919754, 0.012192407496521018, 0.01288995615295488, 0.01359963525141729, 0.014321891165186378, 0.015181047888625853, 0.01592941522152252, 0.01673874496494045, 0.01751440457689525, 0.01835087734908702, 0.019202544572813795, 0.020070622325609303, 0.02095627718778323, 0.02186061264947246, 0.022737260153569413, 0.023681097053535004, 0.024646250751560458, 0.025633386418693636, 0.02659237614956749, 0.027623542314219474, 0.0286250346734827, 0.029647102596467904, 0.03056454213255984, 0.031680305841655834, 0.03263530150735364, 0.033606764937046466, 0.034593095597664145, 0.03536350794006898, 0.035930760474075646, 0.03631257033147624, 0.03661317474198803, 0.03688385713543919, 0.03738127616234113, 0.037934719347479336, 0.03858163380471939, 0.03921882339006296, 0.03999131852533767, 0.04074980907886149, 0.04127472956039594, 0.04151563832077664, 0.04151964454301027, 0.04123464219442919, 0.04096829512038153, 0.04056460486818273, 0.04028281736824196, 0.04000166841569801, 0.03919762289117317, 0.037812479337396496, 0.03622310391275238, 0.03453579653228067, 0.0330206041779641, 0.031565009966306234, 0.03054064037737075, 0.029904305612678588, 0.029394155816597912, 0.028896840658953926, 0.02825322628704274, 0.027685220830545497, 0.02666364029859006, 0.025486033827772144, 0.02414387260068274, 0.023028867611909868, 0.022681878550084772, 0.02299235797660897, 0.02387546679328945, 0.024738332374206702, 0.025547718436096926, 0.026640938816603423, 0.02759836215880636, 0.028240938725365098, 0.028199955208514017, 0.028168175430310402, 0.02767018559717724, 0.027414861073674215, 0.027239233260695786, 0.0274939869379551, 0.027874761581110984, 0.02868161073982207, 0.029514734605865275, 0.030345172291974937, 0.031248268714928727, 0.032298002681611045, 0.033509628354587276, 0.0348066615601669, 0.03569061118903811, 0.03631377821401384, 0.03654105211474412, 0.03646788532881584, 0.03572808397059345, 0.03427781350345514, 0.03309813106562172, 0.031639416134799855, 0.02970329439236902, 0.027599049067936567, 0.02603054913364457, 0.024090316372098155, 0.02220132238001286, 0.02051452966091278, 0.019044426362309692, 0.017805605247084858, 0.01643252777018217, 0.01523003850809785, 0.01424180324883461, 0.013706552220618947, 0.0130880570946912, 0.012988920737072255, 0.013178248200839212, 0.013386796436950147, 0.01359897371732897, 0.01439195864266014, 0.015495810506657983, 0.016686507754200334, 0.01807173050136072, 0.019341411872889052, 0.020370802976522343, 0.0213787239197115, 0.02262888584538598, 0.02401686851684336, 0.025523335513576738, 0.026670410326906566, 0.02758824337325398, 0.02810647098585074, 0.028219175888028712, 0.02804128716256827, 0.027840212128430745, 0.02799079668741686, 0.027988272685847155, 0.02831306909632167, 0.028434723397990712, 0.0285549391753426, 0.02832607944879636, 0.02800347501499142, 0.027460301198426997, 0.02681840364884072, 0.026203190519756815, 0.02552364346313934, 0.024940794741503684, 0.024553643852497812, 0.024009602077058226, 0.023587486328410737, 0.023053226444370627, 0.02237349941244249, 0.021247392964358097, 0.01948489409103017, 0.01759577829009665, 0.015969918059865678, 0.014849832783247986, 0.014164911869984548, 0.013546042864334782, 0.01328357500957488, 0.012905521640083246, 0.012806686101790404, 0.01256569256360443, 0.01270015008783326, 0.013333718053885597, 0.014364706842779438, 0.015230812921928084, 0.016214173123414017, 0.017422309714956504, 0.01848297873673576, 0.019690103784110968, 0.02062988015396428, 0.021304326954883004, 0.021542023987470748, 0.021445001132587415, 0.02128479356968176, 0.021154257299581803, 0.020548768777841446, 0.020419411659703072, 0.020346908766621045, 0.02018386842926173, 0.020060715556614095, 0.019970155121820186, 0.019905412966441507, 0.019860328269953802, 0.019689549628068632, 0.019110038324468673, 0.018401772510693467, 0.01773443768827515, 0.01691379473734185, 0.0163889904882787, 0.015891976533507178, 0.015695148472402557, 0.015634975895130635, 0.01548249397414641, 0.015250362203767827, 0.01446715870868431, 0.013690714184349355, 0.013111437378948002, 0.01280400987898366, 0.012789088065484542, 0.012885508256999974, 0.012645414791893052, 0.012533763320360268, 0.01300792748125149, 0.014045480441271196, 0.015593406388961941, 0.017496649938682926, 0.01947963017829757, 0.021814960986639112, 0.0244888991790445, 0.027455202671237973, 0.030462142682767764, 0.03347516022004274, 0.03632355277573078, 0.03911728575744543, 0.041489125175428104, 0.043617926344794986, 0.04507509866910146, 0.045973158335007626, 0.046666313335408376, 0.047747911364257295, 0.04910015737076979, 0.051170936172887156, 0.05323921785426519, 0.05484930583024696, 0.05598397968583077, 0.056516639752925084, 0.05678375349578094, 0.05655312215346535, 0.05709318659280136, 0.05753330561326649, 0.05822424761198231, 0.05856641837777238, 0.058663546697002605, 0.05829520111627496, 0.058019458378357286, 0.05786276302771312, 0.057678835712609886, 0.05721489013034267, 0.05620972754199197, 0.05488023496470325, 0.05291870088860013, 0.05085359195424363, 0.04836971777146554, 0.045888993393773454, 0.04332790860019442, 0.040721243397433354, 0.03815348906679705, 0.03609755066086763, 0.03431153121207709, 0.03269994312791247, 0.03113246913067769, 0.029533434333839276, 0.02779284963423818, 0.02581340528028532, 0.023636664296078556, 0.021032966406022018, 0.018298152858289164, 0.015471223173718233, 0.012975006021594128, 0.011476514573927241, 0.011190786613452559, 0.012013514795745658, 0.013192708648177051, 0.0146026096239084, 0.016627808096549106, 0.019288816219412905, 0.022115031993867204, 0.024956066779425322, 0.027947127033299147, 0.030317719296220055, 0.03213024736687776, 0.033908117916643665, 0.035613155393420214, 0.03695858371541455, 0.0370883147011733, 0.035844860180821725, 0.03331269225961453, 0.030127822662769057, 0.026675716455458534, 0.02305094507263966, 0.019294584365168215, 0.016588874620184203, 0.013459760460278334, 0.010513659470637583, 0.008184205378854309, 0.005908681970234855, 0.003908372487361734, 0.002250880846271649, 0.001837561814419065, 0.003902446460586522, 0.00649131804032715, 0.008842266053540701, 0.011337576744963709, 0.013847821453172829, 0.016241515374979285, 0.018506880743639053, 0.020753891025054552, 0.022854281545735794, 0.025177910908837288, 0.027764777035113285, 0.0302577363231247, 0.032552204835272186, 0.033962244268502154, 0.03530995724171245, 0.036795414568091225, 0.03840706162943578, 0.039993850675796264, 0.04133645030179679, 0.04211247094820217, 0.04239213751353172, 0.042192499106345205, 0.04200269786908514, 0.041897190162155235, 0.041830932940717325, 0.04166737666619139, 0.04206882264734189, 0.0426127097658282, 0.042895687146734904, 0.04300135533202284, 0.04249799814293581, 0.041897582995049115, 0.04072077112408416, 0.03927976254850985, 0.037331499513228325, 0.035889992777759706, 0.03456359233645024, 0.033243529781910974, 0.03199033675126687, 0.03059935779738079, 0.029272240636492235, 0.027900707354997015, 0.02654938414970694, 0.02543173352052397, 0.024311103096379235, 0.023065212419431085, 0.021685454855791198, 0.02041159885695607, 0.019056064221564174, 0.017656707279948437, 0.01626614648165674, 0.015012383850973622, 0.013603567963072178, 0.012189757837366814, 0.010674529938407772, 0.009407142987148039, 0.008344525906195775, 0.007439054007672372, 0.0072034584519923735, 0.007775010970036668, 0.009047582903156274, 0.010731538882415681, 0.01253460028234948, 0.014333543563369548, 0.016070624592636203, 0.017817726146123574, 0.019557256660804743, 0.02116824086555951, 0.022529303997840977, 0.023628588936546305, 0.02391411988476377, 0.02359656311707365, 0.022355277074164143, 0.020961866673625245, 0.018393580144489934, 0.015660552711922182, 0.013874328661167971, 0.01254026736778108, 0.011812131260623127, 0.010800298354986543, 0.00961805971638548, 0.008471507575266851, 0.007656757785702683, 0.006719580941926242, 0.0056999472982024405, 0.005125787188458596, 0.00504686530895439, 0.005697178935649704, 0.006245540782853768, 0.0070976650798796875, 0.007900543705723831, 0.008755370167568399, 0.009807746909975117, 0.011209592216881203, 0.01276960312030194, 0.014467251258771754, 0.015865855510978952, 0.01751794577394112, 0.01978728846519214, 0.022540086452385207, 0.024859037758439572, 0.02589623397823137, 0.02611181133516041, 0.026565850619759173, 0.0272557734372972, 0.02776644526036269, 0.02799937699621002, 0.02818388188652303, 0.02806005928616626, 0.028083982827741123, 0.02781538632605852, 0.027763976455106594, 0.028120518002563644, 0.028688559534023904, 0.029389365084960088, 0.030059907204608147, 0.03052096911154336, 0.031053468449087778, 0.03142000488428638, 0.03173833045042581, 0.031892653890475096, 0.03198060527161537, 0.031944507243272385, 0.03180892531117334, 0.03180195743523648, 0.03175983113429147, 0.03185651864929952, 0.032146459060636644, 0.032526908876218445, 0.033087790299913135, 0.03370146462957083, 0.0342847740780508, 0.0344768243549477, 0.03441738754137779, 0.034008301029805295]",0.005125787188458596,0.10290628423180298,0.00455697236823821,0.0023468483411758223,0.0,0.0,0.037622794908152235,0.10290628423180298,0.00455697236823821,0.0023468483411758223,8.783999999999999,1717635309.5053093,2024-06-06_10-55-09
0.5059,0.11423999999999998,0.400402635533105,0.4035468120461966,0.11081797619436717,0.3966931069214874,0.5059,0.11423999999999998,0.3637416148367313,0.4035468120461966,0.11081797619436717,0.3966931069214874,0.00504686530895439,"[0.011315756658919754, 0.012192407496521018, 0.01288995615295488, 0.01359963525141729, 0.014321891165186378, 0.015181047888625853, 0.01592941522152252, 0.01673874496494045, 0.01751440457689525, 0.01835087734908702, 0.019202544572813795, 0.020070622325609303, 0.02095627718778323, 0.02186061264947246, 0.022737260153569413, 0.023681097053535004, 0.024646250751560458, 0.025633386418693636, 0.02659237614956749, 0.027623542314219474, 0.0286250346734827, 0.029647102596467904, 0.03056454213255984, 0.031680305841655834, 0.03263530150735364, 0.033606764937046466, 0.034593095597664145, 0.03536350794006898, 0.035930760474075646, 0.03631257033147624, 0.03661317474198803, 0.03688385713543919, 0.03738127616234113, 0.037934719347479336, 0.03858163380471939, 0.03921882339006296, 0.03999131852533767, 0.04074980907886149, 0.04127472956039594, 0.04151563832077664, 0.04151964454301027, 0.04123464219442919, 0.04096829512038153, 0.04056460486818273, 0.04028281736824196, 0.04000166841569801, 0.03919762289117317, 0.037812479337396496, 0.03622310391275238, 0.03453579653228067, 0.0330206041779641, 0.031565009966306234, 0.03054064037737075, 0.029904305612678588, 0.029394155816597912, 0.028896840658953926, 0.02825322628704274, 0.027685220830545497, 0.02666364029859006, 0.025486033827772144, 0.02414387260068274, 0.023028867611909868, 0.022681878550084772, 0.02299235797660897, 0.02387546679328945, 0.024738332374206702, 0.025547718436096926, 0.026640938816603423, 0.02759836215880636, 0.028240938725365098, 0.028199955208514017, 0.028168175430310402, 0.02767018559717724, 0.027414861073674215, 0.027239233260695786, 0.0274939869379551, 0.027874761581110984, 0.02868161073982207, 0.029514734605865275, 0.030345172291974937, 0.031248268714928727, 0.032298002681611045, 0.033509628354587276, 0.0348066615601669, 0.03569061118903811, 0.03631377821401384, 0.03654105211474412, 0.03646788532881584, 0.03572808397059345, 0.03427781350345514, 0.03309813106562172, 0.031639416134799855, 0.02970329439236902, 0.027599049067936567, 0.02603054913364457, 0.024090316372098155, 0.02220132238001286, 0.02051452966091278, 0.019044426362309692, 0.017805605247084858, 0.01643252777018217, 0.01523003850809785, 0.01424180324883461, 0.013706552220618947, 0.0130880570946912, 0.012988920737072255, 0.013178248200839212, 0.013386796436950147, 0.01359897371732897, 0.01439195864266014, 0.015495810506657983, 0.016686507754200334, 0.01807173050136072, 0.019341411872889052, 0.020370802976522343, 0.0213787239197115, 0.02262888584538598, 0.02401686851684336, 0.025523335513576738, 0.026670410326906566, 0.02758824337325398, 0.02810647098585074, 0.028219175888028712, 0.02804128716256827, 0.027840212128430745, 0.02799079668741686, 0.027988272685847155, 0.02831306909632167, 0.028434723397990712, 0.0285549391753426, 0.02832607944879636, 0.02800347501499142, 0.027460301198426997, 0.02681840364884072, 0.026203190519756815, 0.02552364346313934, 0.024940794741503684, 0.024553643852497812, 0.024009602077058226, 0.023587486328410737, 0.023053226444370627, 0.02237349941244249, 0.021247392964358097, 0.01948489409103017, 0.01759577829009665, 0.015969918059865678, 0.014849832783247986, 0.014164911869984548, 0.013546042864334782, 0.01328357500957488, 0.012905521640083246, 0.012806686101790404, 0.01256569256360443, 0.01270015008783326, 0.013333718053885597, 0.014364706842779438, 0.015230812921928084, 0.016214173123414017, 0.017422309714956504, 0.01848297873673576, 0.019690103784110968, 0.02062988015396428, 0.021304326954883004, 0.021542023987470748, 0.021445001132587415, 0.02128479356968176, 0.021154257299581803, 0.020548768777841446, 0.020419411659703072, 0.020346908766621045, 0.02018386842926173, 0.020060715556614095, 0.019970155121820186, 0.019905412966441507, 0.019860328269953802, 0.019689549628068632, 0.019110038324468673, 0.018401772510693467, 0.01773443768827515, 0.01691379473734185, 0.0163889904882787, 0.015891976533507178, 0.015695148472402557, 0.015634975895130635, 0.01548249397414641, 0.015250362203767827, 0.01446715870868431, 0.013690714184349355, 0.013111437378948002, 0.01280400987898366, 0.012789088065484542, 0.012885508256999974, 0.012645414791893052, 0.012533763320360268, 0.01300792748125149, 0.014045480441271196, 0.015593406388961941, 0.017496649938682926, 0.01947963017829757, 0.021814960986639112, 0.0244888991790445, 0.027455202671237973, 0.030462142682767764, 0.03347516022004274, 0.03632355277573078, 0.03911728575744543, 0.041489125175428104, 0.043617926344794986, 0.04507509866910146, 0.045973158335007626, 0.046666313335408376, 0.047747911364257295, 0.04910015737076979, 0.051170936172887156, 0.05323921785426519, 0.05484930583024696, 0.05598397968583077, 0.056516639752925084, 0.05678375349578094, 0.05655312215346535, 0.05709318659280136, 0.05753330561326649, 0.05822424761198231, 0.05856641837777238, 0.058663546697002605, 0.05829520111627496, 0.058019458378357286, 0.05786276302771312, 0.057678835712609886, 0.05721489013034267, 0.05620972754199197, 0.05488023496470325, 0.05291870088860013, 0.05085359195424363, 0.04836971777146554, 0.045888993393773454, 0.04332790860019442, 0.040721243397433354, 0.03815348906679705, 0.03609755066086763, 0.03431153121207709, 0.03269994312791247, 0.03113246913067769, 0.029533434333839276, 0.02779284963423818, 0.02581340528028532, 0.023636664296078556, 0.021032966406022018, 0.018298152858289164, 0.015471223173718233, 0.012975006021594128, 0.011476514573927241, 0.011190786613452559, 0.012013514795745658, 0.013192708648177051, 0.0146026096239084, 0.016627808096549106, 0.019288816219412905, 0.022115031993867204, 0.024956066779425322, 0.027947127033299147, 0.030317719296220055, 0.03213024736687776, 0.033908117916643665, 0.035613155393420214, 0.03695858371541455, 0.0370883147011733, 0.035844860180821725, 0.03331269225961453, 0.030127822662769057, 0.026675716455458534, 0.02305094507263966, 0.019294584365168215, 0.016588874620184203, 0.013459760460278334, 0.010513659470637583, 0.008184205378854309, 0.005908681970234855, 0.003908372487361734, 0.002250880846271649, 0.001837561814419065, 0.003902446460586522, 0.00649131804032715, 0.008842266053540701, 0.011337576744963709, 0.013847821453172829, 0.016241515374979285, 0.018506880743639053, 0.020753891025054552, 0.022854281545735794, 0.025177910908837288, 0.027764777035113285, 0.0302577363231247, 0.032552204835272186, 0.033962244268502154, 0.03530995724171245, 0.036795414568091225, 0.03840706162943578, 0.039993850675796264, 0.04133645030179679, 0.04211247094820217, 0.04239213751353172, 0.042192499106345205, 0.04200269786908514, 0.041897190162155235, 0.041830932940717325, 0.04166737666619139, 0.04206882264734189, 0.0426127097658282, 0.042895687146734904, 0.04300135533202284, 0.04249799814293581, 0.041897582995049115, 0.04072077112408416, 0.03927976254850985, 0.037331499513228325, 0.035889992777759706, 0.03456359233645024, 0.033243529781910974, 0.03199033675126687, 0.03059935779738079, 0.029272240636492235, 0.027900707354997015, 0.02654938414970694, 0.02543173352052397, 0.024311103096379235, 0.023065212419431085, 0.021685454855791198, 0.02041159885695607, 0.019056064221564174, 0.017656707279948437, 0.01626614648165674, 0.015012383850973622, 0.013603567963072178, 0.012189757837366814, 0.010674529938407772, 0.009407142987148039, 0.008344525906195775, 0.007439054007672372, 0.0072034584519923735, 0.007775010970036668, 0.009047582903156274, 0.010731538882415681, 0.01253460028234948, 0.014333543563369548, 0.016070624592636203, 0.017817726146123574, 0.019557256660804743, 0.02116824086555951, 0.022529303997840977, 0.023628588936546305, 0.02391411988476377, 0.02359656311707365, 0.022355277074164143, 0.020961866673625245, 0.018393580144489934, 0.015660552711922182, 0.013874328661167971, 0.01254026736778108, 0.011812131260623127, 0.010800298354986543, 0.00961805971638548, 0.008471507575266851, 0.007656757785702683, 0.006719580941926242, 0.0056999472982024405, 0.005125787188458596, 0.00504686530895439, 0.005697178935649704, 0.006245540782853768, 0.0070976650798796875, 0.007900543705723831, 0.008755370167568399, 0.009807746909975117, 0.011209592216881203, 0.01276960312030194, 0.014467251258771754, 0.015865855510978952, 0.01751794577394112, 0.01978728846519214, 0.022540086452385207, 0.024859037758439572, 0.02589623397823137, 0.02611181133516041, 0.026565850619759173, 0.0272557734372972, 0.02776644526036269, 0.02799937699621002, 0.02818388188652303, 0.02806005928616626, 0.028083982827741123, 0.02781538632605852, 0.027763976455106594, 0.028120518002563644, 0.028688559534023904, 0.029389365084960088, 0.030059907204608147, 0.03052096911154336, 0.031053468449087778, 0.03142000488428638, 0.03173833045042581, 0.031892653890475096, 0.03198060527161537, 0.031944507243272385, 0.03180892531117334, 0.03180195743523648, 0.03175983113429147, 0.03185651864929952, 0.032146459060636644, 0.032526908876218445, 0.033087790299913135, 0.03370146462957083, 0.0342847740780508, 0.0344768243549477, 0.03441738754137779, 0.034008301029805295]",0.00504686530895439,0.10235318795380344,0.0034220238056328067,0.0037095286116176074,0.0,0.0,0.036661020696373725,0.10235318795380344,0.0034220238056328067,0.0037095286116176074,8.808,1717635309.5288558,2024-06-06_10-55-09
0.5059,0.11495999999999998,0.40054096868849953,0.40401795372029814,0.11241169988716396,0.39544547907907723,0.5059,0.11495999999999998,0.3649923339354925,0.40401795372029814,0.11241169988716396,0.39544547907907723,0.005697178935649704,"[0.011315756658919754, 0.012192407496521018, 0.01288995615295488, 0.01359963525141729, 0.014321891165186378, 0.015181047888625853, 0.01592941522152252, 0.01673874496494045, 0.01751440457689525, 0.01835087734908702, 0.019202544572813795, 0.020070622325609303, 0.02095627718778323, 0.02186061264947246, 0.022737260153569413, 0.023681097053535004, 0.024646250751560458, 0.025633386418693636, 0.02659237614956749, 0.027623542314219474, 0.0286250346734827, 0.029647102596467904, 0.03056454213255984, 0.031680305841655834, 0.03263530150735364, 0.033606764937046466, 0.034593095597664145, 0.03536350794006898, 0.035930760474075646, 0.03631257033147624, 0.03661317474198803, 0.03688385713543919, 0.03738127616234113, 0.037934719347479336, 0.03858163380471939, 0.03921882339006296, 0.03999131852533767, 0.04074980907886149, 0.04127472956039594, 0.04151563832077664, 0.04151964454301027, 0.04123464219442919, 0.04096829512038153, 0.04056460486818273, 0.04028281736824196, 0.04000166841569801, 0.03919762289117317, 0.037812479337396496, 0.03622310391275238, 0.03453579653228067, 0.0330206041779641, 0.031565009966306234, 0.03054064037737075, 0.029904305612678588, 0.029394155816597912, 0.028896840658953926, 0.02825322628704274, 0.027685220830545497, 0.02666364029859006, 0.025486033827772144, 0.02414387260068274, 0.023028867611909868, 0.022681878550084772, 0.02299235797660897, 0.02387546679328945, 0.024738332374206702, 0.025547718436096926, 0.026640938816603423, 0.02759836215880636, 0.028240938725365098, 0.028199955208514017, 0.028168175430310402, 0.02767018559717724, 0.027414861073674215, 0.027239233260695786, 0.0274939869379551, 0.027874761581110984, 0.02868161073982207, 0.029514734605865275, 0.030345172291974937, 0.031248268714928727, 0.032298002681611045, 0.033509628354587276, 0.0348066615601669, 0.03569061118903811, 0.03631377821401384, 0.03654105211474412, 0.03646788532881584, 0.03572808397059345, 0.03427781350345514, 0.03309813106562172, 0.031639416134799855, 0.02970329439236902, 0.027599049067936567, 0.02603054913364457, 0.024090316372098155, 0.02220132238001286, 0.02051452966091278, 0.019044426362309692, 0.017805605247084858, 0.01643252777018217, 0.01523003850809785, 0.01424180324883461, 0.013706552220618947, 0.0130880570946912, 0.012988920737072255, 0.013178248200839212, 0.013386796436950147, 0.01359897371732897, 0.01439195864266014, 0.015495810506657983, 0.016686507754200334, 0.01807173050136072, 0.019341411872889052, 0.020370802976522343, 0.0213787239197115, 0.02262888584538598, 0.02401686851684336, 0.025523335513576738, 0.026670410326906566, 0.02758824337325398, 0.02810647098585074, 0.028219175888028712, 0.02804128716256827, 0.027840212128430745, 0.02799079668741686, 0.027988272685847155, 0.02831306909632167, 0.028434723397990712, 0.0285549391753426, 0.02832607944879636, 0.02800347501499142, 0.027460301198426997, 0.02681840364884072, 0.026203190519756815, 0.02552364346313934, 0.024940794741503684, 0.024553643852497812, 0.024009602077058226, 0.023587486328410737, 0.023053226444370627, 0.02237349941244249, 0.021247392964358097, 0.01948489409103017, 0.01759577829009665, 0.015969918059865678, 0.014849832783247986, 0.014164911869984548, 0.013546042864334782, 0.01328357500957488, 0.012905521640083246, 0.012806686101790404, 0.01256569256360443, 0.01270015008783326, 0.013333718053885597, 0.014364706842779438, 0.015230812921928084, 0.016214173123414017, 0.017422309714956504, 0.01848297873673576, 0.019690103784110968, 0.02062988015396428, 0.021304326954883004, 0.021542023987470748, 0.021445001132587415, 0.02128479356968176, 0.021154257299581803, 0.020548768777841446, 0.020419411659703072, 0.020346908766621045, 0.02018386842926173, 0.020060715556614095, 0.019970155121820186, 0.019905412966441507, 0.019860328269953802, 0.019689549628068632, 0.019110038324468673, 0.018401772510693467, 0.01773443768827515, 0.01691379473734185, 0.0163889904882787, 0.015891976533507178, 0.015695148472402557, 0.015634975895130635, 0.01548249397414641, 0.015250362203767827, 0.01446715870868431, 0.013690714184349355, 0.013111437378948002, 0.01280400987898366, 0.012789088065484542, 0.012885508256999974, 0.012645414791893052, 0.012533763320360268, 0.01300792748125149, 0.014045480441271196, 0.015593406388961941, 0.017496649938682926, 0.01947963017829757, 0.021814960986639112, 0.0244888991790445, 0.027455202671237973, 0.030462142682767764, 0.03347516022004274, 0.03632355277573078, 0.03911728575744543, 0.041489125175428104, 0.043617926344794986, 0.04507509866910146, 0.045973158335007626, 0.046666313335408376, 0.047747911364257295, 0.04910015737076979, 0.051170936172887156, 0.05323921785426519, 0.05484930583024696, 0.05598397968583077, 0.056516639752925084, 0.05678375349578094, 0.05655312215346535, 0.05709318659280136, 0.05753330561326649, 0.05822424761198231, 0.05856641837777238, 0.058663546697002605, 0.05829520111627496, 0.058019458378357286, 0.05786276302771312, 0.057678835712609886, 0.05721489013034267, 0.05620972754199197, 0.05488023496470325, 0.05291870088860013, 0.05085359195424363, 0.04836971777146554, 0.045888993393773454, 0.04332790860019442, 0.040721243397433354, 0.03815348906679705, 0.03609755066086763, 0.03431153121207709, 0.03269994312791247, 0.03113246913067769, 0.029533434333839276, 0.02779284963423818, 0.02581340528028532, 0.023636664296078556, 0.021032966406022018, 0.018298152858289164, 0.015471223173718233, 0.012975006021594128, 0.011476514573927241, 0.011190786613452559, 0.012013514795745658, 0.013192708648177051, 0.0146026096239084, 0.016627808096549106, 0.019288816219412905, 0.022115031993867204, 0.024956066779425322, 0.027947127033299147, 0.030317719296220055, 0.03213024736687776, 0.033908117916643665, 0.035613155393420214, 0.03695858371541455, 0.0370883147011733, 0.035844860180821725, 0.03331269225961453, 0.030127822662769057, 0.026675716455458534, 0.02305094507263966, 0.019294584365168215, 0.016588874620184203, 0.013459760460278334, 0.010513659470637583, 0.008184205378854309, 0.005908681970234855, 0.003908372487361734, 0.002250880846271649, 0.001837561814419065, 0.003902446460586522, 0.00649131804032715, 0.008842266053540701, 0.011337576744963709, 0.013847821453172829, 0.016241515374979285, 0.018506880743639053, 0.020753891025054552, 0.022854281545735794, 0.025177910908837288, 0.027764777035113285, 0.0302577363231247, 0.032552204835272186, 0.033962244268502154, 0.03530995724171245, 0.036795414568091225, 0.03840706162943578, 0.039993850675796264, 0.04133645030179679, 0.04211247094820217, 0.04239213751353172, 0.042192499106345205, 0.04200269786908514, 0.041897190162155235, 0.041830932940717325, 0.04166737666619139, 0.04206882264734189, 0.0426127097658282, 0.042895687146734904, 0.04300135533202284, 0.04249799814293581, 0.041897582995049115, 0.04072077112408416, 0.03927976254850985, 0.037331499513228325, 0.035889992777759706, 0.03456359233645024, 0.033243529781910974, 0.03199033675126687, 0.03059935779738079, 0.029272240636492235, 0.027900707354997015, 0.02654938414970694, 0.02543173352052397, 0.024311103096379235, 0.023065212419431085, 0.021685454855791198, 0.02041159885695607, 0.019056064221564174, 0.017656707279948437, 0.01626614648165674, 0.015012383850973622, 0.013603567963072178, 0.012189757837366814, 0.010674529938407772, 0.009407142987148039, 0.008344525906195775, 0.007439054007672372, 0.0072034584519923735, 0.007775010970036668, 0.009047582903156274, 0.010731538882415681, 0.01253460028234948, 0.014333543563369548, 0.016070624592636203, 0.017817726146123574, 0.019557256660804743, 0.02116824086555951, 0.022529303997840977, 0.023628588936546305, 0.02391411988476377, 0.02359656311707365, 0.022355277074164143, 0.020961866673625245, 0.018393580144489934, 0.015660552711922182, 0.013874328661167971, 0.01254026736778108, 0.011812131260623127, 0.010800298354986543, 0.00961805971638548, 0.008471507575266851, 0.007656757785702683, 0.006719580941926242, 0.0056999472982024405, 0.005125787188458596, 0.00504686530895439, 0.005697178935649704, 0.006245540782853768, 0.0070976650798796875, 0.007900543705723831, 0.008755370167568399, 0.009807746909975117, 0.011209592216881203, 0.01276960312030194, 0.014467251258771754, 0.015865855510978952, 0.01751794577394112, 0.01978728846519214, 0.022540086452385207, 0.024859037758439572, 0.02589623397823137, 0.02611181133516041, 0.026565850619759173, 0.0272557734372972, 0.02776644526036269, 0.02799937699621002, 0.02818388188652303, 0.02806005928616626, 0.028083982827741123, 0.02781538632605852, 0.027763976455106594, 0.028120518002563644, 0.028688559534023904, 0.029389365084960088, 0.030059907204608147, 0.03052096911154336, 0.031053468449087778, 0.03142000488428638, 0.03173833045042581, 0.031892653890475096, 0.03198060527161537, 0.031944507243272385, 0.03180892531117334, 0.03180195743523648, 0.03175983113429147, 0.03185651864929952, 0.032146459060636644, 0.032526908876218445, 0.033087790299913135, 0.03370146462957083, 0.0342847740780508, 0.0344768243549477, 0.03441738754137779, 0.034008301029805295]",0.005697178935649704,0.10188204627970188,0.0025483001128360216,0.005095489609422299,0.0,0.0,0.035548634753007013,0.10188204627970188,0.0025483001128360216,0.005095489609422299,8.832,1717635309.553269,2024-06-06_10-55-09
0.5059,0.11568000000000003,0.4007695152994367,0.404367029240782,0.11404241815237491,0.3947424840764698,0.5059,0.11568000000000003,0.36633326648979636,0.404367029240782,0.11404241815237491,0.3947424840764698,0.006245540782853768,"[0.011315756658919754, 0.012192407496521018, 0.01288995615295488, 0.01359963525141729, 0.014321891165186378, 0.015181047888625853, 0.01592941522152252, 0.01673874496494045, 0.01751440457689525, 0.01835087734908702, 0.019202544572813795, 0.020070622325609303, 0.02095627718778323, 0.02186061264947246, 0.022737260153569413, 0.023681097053535004, 0.024646250751560458, 0.025633386418693636, 0.02659237614956749, 0.027623542314219474, 0.0286250346734827, 0.029647102596467904, 0.03056454213255984, 0.031680305841655834, 0.03263530150735364, 0.033606764937046466, 0.034593095597664145, 0.03536350794006898, 0.035930760474075646, 0.03631257033147624, 0.03661317474198803, 0.03688385713543919, 0.03738127616234113, 0.037934719347479336, 0.03858163380471939, 0.03921882339006296, 0.03999131852533767, 0.04074980907886149, 0.04127472956039594, 0.04151563832077664, 0.04151964454301027, 0.04123464219442919, 0.04096829512038153, 0.04056460486818273, 0.04028281736824196, 0.04000166841569801, 0.03919762289117317, 0.037812479337396496, 0.03622310391275238, 0.03453579653228067, 0.0330206041779641, 0.031565009966306234, 0.03054064037737075, 0.029904305612678588, 0.029394155816597912, 0.028896840658953926, 0.02825322628704274, 0.027685220830545497, 0.02666364029859006, 0.025486033827772144, 0.02414387260068274, 0.023028867611909868, 0.022681878550084772, 0.02299235797660897, 0.02387546679328945, 0.024738332374206702, 0.025547718436096926, 0.026640938816603423, 0.02759836215880636, 0.028240938725365098, 0.028199955208514017, 0.028168175430310402, 0.02767018559717724, 0.027414861073674215, 0.027239233260695786, 0.0274939869379551, 0.027874761581110984, 0.02868161073982207, 0.029514734605865275, 0.030345172291974937, 0.031248268714928727, 0.032298002681611045, 0.033509628354587276, 0.0348066615601669, 0.03569061118903811, 0.03631377821401384, 0.03654105211474412, 0.03646788532881584, 0.03572808397059345, 0.03427781350345514, 0.03309813106562172, 0.031639416134799855, 0.02970329439236902, 0.027599049067936567, 0.02603054913364457, 0.024090316372098155, 0.02220132238001286, 0.02051452966091278, 0.019044426362309692, 0.017805605247084858, 0.01643252777018217, 0.01523003850809785, 0.01424180324883461, 0.013706552220618947, 0.0130880570946912, 0.012988920737072255, 0.013178248200839212, 0.013386796436950147, 0.01359897371732897, 0.01439195864266014, 0.015495810506657983, 0.016686507754200334, 0.01807173050136072, 0.019341411872889052, 0.020370802976522343, 0.0213787239197115, 0.02262888584538598, 0.02401686851684336, 0.025523335513576738, 0.026670410326906566, 0.02758824337325398, 0.02810647098585074, 0.028219175888028712, 0.02804128716256827, 0.027840212128430745, 0.02799079668741686, 0.027988272685847155, 0.02831306909632167, 0.028434723397990712, 0.0285549391753426, 0.02832607944879636, 0.02800347501499142, 0.027460301198426997, 0.02681840364884072, 0.026203190519756815, 0.02552364346313934, 0.024940794741503684, 0.024553643852497812, 0.024009602077058226, 0.023587486328410737, 0.023053226444370627, 0.02237349941244249, 0.021247392964358097, 0.01948489409103017, 0.01759577829009665, 0.015969918059865678, 0.014849832783247986, 0.014164911869984548, 0.013546042864334782, 0.01328357500957488, 0.012905521640083246, 0.012806686101790404, 0.01256569256360443, 0.01270015008783326, 0.013333718053885597, 0.014364706842779438, 0.015230812921928084, 0.016214173123414017, 0.017422309714956504, 0.01848297873673576, 0.019690103784110968, 0.02062988015396428, 0.021304326954883004, 0.021542023987470748, 0.021445001132587415, 0.02128479356968176, 0.021154257299581803, 0.020548768777841446, 0.020419411659703072, 0.020346908766621045, 0.02018386842926173, 0.020060715556614095, 0.019970155121820186, 0.019905412966441507, 0.019860328269953802, 0.019689549628068632, 0.019110038324468673, 0.018401772510693467, 0.01773443768827515, 0.01691379473734185, 0.0163889904882787, 0.015891976533507178, 0.015695148472402557, 0.015634975895130635, 0.01548249397414641, 0.015250362203767827, 0.01446715870868431, 0.013690714184349355, 0.013111437378948002, 0.01280400987898366, 0.012789088065484542, 0.012885508256999974, 0.012645414791893052, 0.012533763320360268, 0.01300792748125149, 0.014045480441271196, 0.015593406388961941, 0.017496649938682926, 0.01947963017829757, 0.021814960986639112, 0.0244888991790445, 0.027455202671237973, 0.030462142682767764, 0.03347516022004274, 0.03632355277573078, 0.03911728575744543, 0.041489125175428104, 0.043617926344794986, 0.04507509866910146, 0.045973158335007626, 0.046666313335408376, 0.047747911364257295, 0.04910015737076979, 0.051170936172887156, 0.05323921785426519, 0.05484930583024696, 0.05598397968583077, 0.056516639752925084, 0.05678375349578094, 0.05655312215346535, 0.05709318659280136, 0.05753330561326649, 0.05822424761198231, 0.05856641837777238, 0.058663546697002605, 0.05829520111627496, 0.058019458378357286, 0.05786276302771312, 0.057678835712609886, 0.05721489013034267, 0.05620972754199197, 0.05488023496470325, 0.05291870088860013, 0.05085359195424363, 0.04836971777146554, 0.045888993393773454, 0.04332790860019442, 0.040721243397433354, 0.03815348906679705, 0.03609755066086763, 0.03431153121207709, 0.03269994312791247, 0.03113246913067769, 0.029533434333839276, 0.02779284963423818, 0.02581340528028532, 0.023636664296078556, 0.021032966406022018, 0.018298152858289164, 0.015471223173718233, 0.012975006021594128, 0.011476514573927241, 0.011190786613452559, 0.012013514795745658, 0.013192708648177051, 0.0146026096239084, 0.016627808096549106, 0.019288816219412905, 0.022115031993867204, 0.024956066779425322, 0.027947127033299147, 0.030317719296220055, 0.03213024736687776, 0.033908117916643665, 0.035613155393420214, 0.03695858371541455, 0.0370883147011733, 0.035844860180821725, 0.03331269225961453, 0.030127822662769057, 0.026675716455458534, 0.02305094507263966, 0.019294584365168215, 0.016588874620184203, 0.013459760460278334, 0.010513659470637583, 0.008184205378854309, 0.005908681970234855, 0.003908372487361734, 0.002250880846271649, 0.001837561814419065, 0.003902446460586522, 0.00649131804032715, 0.008842266053540701, 0.011337576744963709, 0.013847821453172829, 0.016241515374979285, 0.018506880743639053, 0.020753891025054552, 0.022854281545735794, 0.025177910908837288, 0.027764777035113285, 0.0302577363231247, 0.032552204835272186, 0.033962244268502154, 0.03530995724171245, 0.036795414568091225, 0.03840706162943578, 0.039993850675796264, 0.04133645030179679, 0.04211247094820217, 0.04239213751353172, 0.042192499106345205, 0.04200269786908514, 0.041897190162155235, 0.041830932940717325, 0.04166737666619139, 0.04206882264734189, 0.0426127097658282, 0.042895687146734904, 0.04300135533202284, 0.04249799814293581, 0.041897582995049115, 0.04072077112408416, 0.03927976254850985, 0.037331499513228325, 0.035889992777759706, 0.03456359233645024, 0.033243529781910974, 0.03199033675126687, 0.03059935779738079, 0.029272240636492235, 0.027900707354997015, 0.02654938414970694, 0.02543173352052397, 0.024311103096379235, 0.023065212419431085, 0.021685454855791198, 0.02041159885695607, 0.019056064221564174, 0.017656707279948437, 0.01626614648165674, 0.015012383850973622, 0.013603567963072178, 0.012189757837366814, 0.010674529938407772, 0.009407142987148039, 0.008344525906195775, 0.007439054007672372, 0.0072034584519923735, 0.007775010970036668, 0.009047582903156274, 0.010731538882415681, 0.01253460028234948, 0.014333543563369548, 0.016070624592636203, 0.017817726146123574, 0.019557256660804743, 0.02116824086555951, 0.022529303997840977, 0.023628588936546305, 0.02391411988476377, 0.02359656311707365, 0.022355277074164143, 0.020961866673625245, 0.018393580144489934, 0.015660552711922182, 0.013874328661167971, 0.01254026736778108, 0.011812131260623127, 0.010800298354986543, 0.00961805971638548, 0.008471507575266851, 0.007656757785702683, 0.006719580941926242, 0.0056999472982024405, 0.005125787188458596, 0.00504686530895439, 0.005697178935649704, 0.006245540782853768, 0.0070976650798796875, 0.007900543705723831, 0.008755370167568399, 0.009807746909975117, 0.011209592216881203, 0.01276960312030194, 0.014467251258771754, 0.015865855510978952, 0.01751794577394112, 0.01978728846519214, 0.022540086452385207, 0.024859037758439572, 0.02589623397823137, 0.02611181133516041, 0.026565850619759173, 0.0272557734372972, 0.02776644526036269, 0.02799937699621002, 0.02818388188652303, 0.02806005928616626, 0.028083982827741123, 0.02781538632605852, 0.027763976455106594, 0.028120518002563644, 0.028688559534023904, 0.029389365084960088, 0.030059907204608147, 0.03052096911154336, 0.031053468449087778, 0.03142000488428638, 0.03173833045042581, 0.031892653890475096, 0.03198060527161537, 0.031944507243272385, 0.03180892531117334, 0.03180195743523648, 0.03175983113429147, 0.03185651864929952, 0.032146459060636644, 0.032526908876218445, 0.033087790299913135, 0.03370146462957083, 0.0342847740780508, 0.0344768243549477, 0.03441738754137779, 0.034008301029805295]",0.006245540782853768,0.10153297075921802,0.001637581847625122,0.006027031222966939,0.0,0.0,0.03443624880964036,0.10153297075921802,0.001637581847625122,0.006027031222966939,8.856,1717635309.5772383,2024-06-06_10-55-09
0.5059,0.11639999999999998,0.4010849178660048,0.40462256294418547,0.11495648232172802,0.3941355937047169,0.5059,0.11639999999999998,0.36776105499973116,0.40462256294418547,0.11495648232172802,0.3941355937047169,0.0070976650798796875,"[0.011315756658919754, 0.012192407496521018, 0.01288995615295488, 0.01359963525141729, 0.014321891165186378, 0.015181047888625853, 0.01592941522152252, 0.01673874496494045, 0.01751440457689525, 0.01835087734908702, 0.019202544572813795, 0.020070622325609303, 0.02095627718778323, 0.02186061264947246, 0.022737260153569413, 0.023681097053535004, 0.024646250751560458, 0.025633386418693636, 0.02659237614956749, 0.027623542314219474, 0.0286250346734827, 0.029647102596467904, 0.03056454213255984, 0.031680305841655834, 0.03263530150735364, 0.033606764937046466, 0.034593095597664145, 0.03536350794006898, 0.035930760474075646, 0.03631257033147624, 0.03661317474198803, 0.03688385713543919, 0.03738127616234113, 0.037934719347479336, 0.03858163380471939, 0.03921882339006296, 0.03999131852533767, 0.04074980907886149, 0.04127472956039594, 0.04151563832077664, 0.04151964454301027, 0.04123464219442919, 0.04096829512038153, 0.04056460486818273, 0.04028281736824196, 0.04000166841569801, 0.03919762289117317, 0.037812479337396496, 0.03622310391275238, 0.03453579653228067, 0.0330206041779641, 0.031565009966306234, 0.03054064037737075, 0.029904305612678588, 0.029394155816597912, 0.028896840658953926, 0.02825322628704274, 0.027685220830545497, 0.02666364029859006, 0.025486033827772144, 0.02414387260068274, 0.023028867611909868, 0.022681878550084772, 0.02299235797660897, 0.02387546679328945, 0.024738332374206702, 0.025547718436096926, 0.026640938816603423, 0.02759836215880636, 0.028240938725365098, 0.028199955208514017, 0.028168175430310402, 0.02767018559717724, 0.027414861073674215, 0.027239233260695786, 0.0274939869379551, 0.027874761581110984, 0.02868161073982207, 0.029514734605865275, 0.030345172291974937, 0.031248268714928727, 0.032298002681611045, 0.033509628354587276, 0.0348066615601669, 0.03569061118903811, 0.03631377821401384, 0.03654105211474412, 0.03646788532881584, 0.03572808397059345, 0.03427781350345514, 0.03309813106562172, 0.031639416134799855, 0.02970329439236902, 0.027599049067936567, 0.02603054913364457, 0.024090316372098155, 0.02220132238001286, 0.02051452966091278, 0.019044426362309692, 0.017805605247084858, 0.01643252777018217, 0.01523003850809785, 0.01424180324883461, 0.013706552220618947, 0.0130880570946912, 0.012988920737072255, 0.013178248200839212, 0.013386796436950147, 0.01359897371732897, 0.01439195864266014, 0.015495810506657983, 0.016686507754200334, 0.01807173050136072, 0.019341411872889052, 0.020370802976522343, 0.0213787239197115, 0.02262888584538598, 0.02401686851684336, 0.025523335513576738, 0.026670410326906566, 0.02758824337325398, 0.02810647098585074, 0.028219175888028712, 0.02804128716256827, 0.027840212128430745, 0.02799079668741686, 0.027988272685847155, 0.02831306909632167, 0.028434723397990712, 0.0285549391753426, 0.02832607944879636, 0.02800347501499142, 0.027460301198426997, 0.02681840364884072, 0.026203190519756815, 0.02552364346313934, 0.024940794741503684, 0.024553643852497812, 0.024009602077058226, 0.023587486328410737, 0.023053226444370627, 0.02237349941244249, 0.021247392964358097, 0.01948489409103017, 0.01759577829009665, 0.015969918059865678, 0.014849832783247986, 0.014164911869984548, 0.013546042864334782, 0.01328357500957488, 0.012905521640083246, 0.012806686101790404, 0.01256569256360443, 0.01270015008783326, 0.013333718053885597, 0.014364706842779438, 0.015230812921928084, 0.016214173123414017, 0.017422309714956504, 0.01848297873673576, 0.019690103784110968, 0.02062988015396428, 0.021304326954883004, 0.021542023987470748, 0.021445001132587415, 0.02128479356968176, 0.021154257299581803, 0.020548768777841446, 0.020419411659703072, 0.020346908766621045, 0.02018386842926173, 0.020060715556614095, 0.019970155121820186, 0.019905412966441507, 0.019860328269953802, 0.019689549628068632, 0.019110038324468673, 0.018401772510693467, 0.01773443768827515, 0.01691379473734185, 0.0163889904882787, 0.015891976533507178, 0.015695148472402557, 0.015634975895130635, 0.01548249397414641, 0.015250362203767827, 0.01446715870868431, 0.013690714184349355, 0.013111437378948002, 0.01280400987898366, 0.012789088065484542, 0.012885508256999974, 0.012645414791893052, 0.012533763320360268, 0.01300792748125149, 0.014045480441271196, 0.015593406388961941, 0.017496649938682926, 0.01947963017829757, 0.021814960986639112, 0.0244888991790445, 0.027455202671237973, 0.030462142682767764, 0.03347516022004274, 0.03632355277573078, 0.03911728575744543, 0.041489125175428104, 0.043617926344794986, 0.04507509866910146, 0.045973158335007626, 0.046666313335408376, 0.047747911364257295, 0.04910015737076979, 0.051170936172887156, 0.05323921785426519, 0.05484930583024696, 0.05598397968583077, 0.056516639752925084, 0.05678375349578094, 0.05655312215346535, 0.05709318659280136, 0.05753330561326649, 0.05822424761198231, 0.05856641837777238, 0.058663546697002605, 0.05829520111627496, 0.058019458378357286, 0.05786276302771312, 0.057678835712609886, 0.05721489013034267, 0.05620972754199197, 0.05488023496470325, 0.05291870088860013, 0.05085359195424363, 0.04836971777146554, 0.045888993393773454, 0.04332790860019442, 0.040721243397433354, 0.03815348906679705, 0.03609755066086763, 0.03431153121207709, 0.03269994312791247, 0.03113246913067769, 0.029533434333839276, 0.02779284963423818, 0.02581340528028532, 0.023636664296078556, 0.021032966406022018, 0.018298152858289164, 0.015471223173718233, 0.012975006021594128, 0.011476514573927241, 0.011190786613452559, 0.012013514795745658, 0.013192708648177051, 0.0146026096239084, 0.016627808096549106, 0.019288816219412905, 0.022115031993867204, 0.024956066779425322, 0.027947127033299147, 0.030317719296220055, 0.03213024736687776, 0.033908117916643665, 0.035613155393420214, 0.03695858371541455, 0.0370883147011733, 0.035844860180821725, 0.03331269225961453, 0.030127822662769057, 0.026675716455458534, 0.02305094507263966, 0.019294584365168215, 0.016588874620184203, 0.013459760460278334, 0.010513659470637583, 0.008184205378854309, 0.005908681970234855, 0.003908372487361734, 0.002250880846271649, 0.001837561814419065, 0.003902446460586522, 0.00649131804032715, 0.008842266053540701, 0.011337576744963709, 0.013847821453172829, 0.016241515374979285, 0.018506880743639053, 0.020753891025054552, 0.022854281545735794, 0.025177910908837288, 0.027764777035113285, 0.0302577363231247, 0.032552204835272186, 0.033962244268502154, 0.03530995724171245, 0.036795414568091225, 0.03840706162943578, 0.039993850675796264, 0.04133645030179679, 0.04211247094820217, 0.04239213751353172, 0.042192499106345205, 0.04200269786908514, 0.041897190162155235, 0.041830932940717325, 0.04166737666619139, 0.04206882264734189, 0.0426127097658282, 0.042895687146734904, 0.04300135533202284, 0.04249799814293581, 0.041897582995049115, 0.04072077112408416, 0.03927976254850985, 0.037331499513228325, 0.035889992777759706, 0.03456359233645024, 0.033243529781910974, 0.03199033675126687, 0.03059935779738079, 0.029272240636492235, 0.027900707354997015, 0.02654938414970694, 0.02543173352052397, 0.024311103096379235, 0.023065212419431085, 0.021685454855791198, 0.02041159885695607, 0.019056064221564174, 0.017656707279948437, 0.01626614648165674, 0.015012383850973622, 0.013603567963072178, 0.012189757837366814, 0.010674529938407772, 0.009407142987148039, 0.008344525906195775, 0.007439054007672372, 0.0072034584519923735, 0.007775010970036668, 0.009047582903156274, 0.010731538882415681, 0.01253460028234948, 0.014333543563369548, 0.016070624592636203, 0.017817726146123574, 0.019557256660804743, 0.02116824086555951, 0.022529303997840977, 0.023628588936546305, 0.02391411988476377, 0.02359656311707365, 0.022355277074164143, 0.020961866673625245, 0.018393580144489934, 0.015660552711922182, 0.013874328661167971, 0.01254026736778108, 0.011812131260623127, 0.010800298354986543, 0.00961805971638548, 0.008471507575266851, 0.007656757785702683, 0.006719580941926242, 0.0056999472982024405, 0.005125787188458596, 0.00504686530895439, 0.005697178935649704, 0.006245540782853768, 0.0070976650798796875, 0.007900543705723831, 0.008755370167568399, 0.009807746909975117, 0.011209592216881203, 0.01276960312030194, 0.014467251258771754, 0.015865855510978952, 0.01751794577394112, 0.01978728846519214, 0.022540086452385207, 0.024859037758439572, 0.02589623397823137, 0.02611181133516041, 0.026565850619759173, 0.0272557734372972, 0.02776644526036269, 0.02799937699621002, 0.02818388188652303, 0.02806005928616626, 0.028083982827741123, 0.02781538632605852, 0.027763976455106594, 0.028120518002563644, 0.028688559534023904, 0.029389365084960088, 0.030059907204608147, 0.03052096911154336, 0.031053468449087778, 0.03142000488428638, 0.03173833045042581, 0.031892653890475096, 0.03198060527161537, 0.031944507243272385, 0.03180892531117334, 0.03180195743523648, 0.03175983113429147, 0.03185651864929952, 0.032146459060636644, 0.032526908876218445, 0.033087790299913135, 0.03370146462957083, 0.0342847740780508, 0.0344768243549477, 0.03441738754137779, 0.034008301029805295]",0.0070976650798796875,0.10127743705581455,0.0014435176782719578,0.006949324161287906,0.0,0.0,0.033323862866273646,0.10127743705581455,0.0014435176782719578,0.006949324161287906,8.88,1717635309.6012225,2024-06-06_10-55-09
0.5059,0.11711999999999997,0.4014834505665708,0.40468559285454847,0.1155234452815189,0.3937459054858008,0.5059,0.11711999999999997,0.3693073526778233,0.40468559285454847,0.1155234452815189,0.3937459054858008,0.007900543705723831,"[0.011315756658919754, 0.012192407496521018, 0.01288995615295488, 0.01359963525141729, 0.014321891165186378, 0.015181047888625853, 0.01592941522152252, 0.01673874496494045, 0.01751440457689525, 0.01835087734908702, 0.019202544572813795, 0.020070622325609303, 0.02095627718778323, 0.02186061264947246, 0.022737260153569413, 0.023681097053535004, 0.024646250751560458, 0.025633386418693636, 0.02659237614956749, 0.027623542314219474, 0.0286250346734827, 0.029647102596467904, 0.03056454213255984, 0.031680305841655834, 0.03263530150735364, 0.033606764937046466, 0.034593095597664145, 0.03536350794006898, 0.035930760474075646, 0.03631257033147624, 0.03661317474198803, 0.03688385713543919, 0.03738127616234113, 0.037934719347479336, 0.03858163380471939, 0.03921882339006296, 0.03999131852533767, 0.04074980907886149, 0.04127472956039594, 0.04151563832077664, 0.04151964454301027, 0.04123464219442919, 0.04096829512038153, 0.04056460486818273, 0.04028281736824196, 0.04000166841569801, 0.03919762289117317, 0.037812479337396496, 0.03622310391275238, 0.03453579653228067, 0.0330206041779641, 0.031565009966306234, 0.03054064037737075, 0.029904305612678588, 0.029394155816597912, 0.028896840658953926, 0.02825322628704274, 0.027685220830545497, 0.02666364029859006, 0.025486033827772144, 0.02414387260068274, 0.023028867611909868, 0.022681878550084772, 0.02299235797660897, 0.02387546679328945, 0.024738332374206702, 0.025547718436096926, 0.026640938816603423, 0.02759836215880636, 0.028240938725365098, 0.028199955208514017, 0.028168175430310402, 0.02767018559717724, 0.027414861073674215, 0.027239233260695786, 0.0274939869379551, 0.027874761581110984, 0.02868161073982207, 0.029514734605865275, 0.030345172291974937, 0.031248268714928727, 0.032298002681611045, 0.033509628354587276, 0.0348066615601669, 0.03569061118903811, 0.03631377821401384, 0.03654105211474412, 0.03646788532881584, 0.03572808397059345, 0.03427781350345514, 0.03309813106562172, 0.031639416134799855, 0.02970329439236902, 0.027599049067936567, 0.02603054913364457, 0.024090316372098155, 0.02220132238001286, 0.02051452966091278, 0.019044426362309692, 0.017805605247084858, 0.01643252777018217, 0.01523003850809785, 0.01424180324883461, 0.013706552220618947, 0.0130880570946912, 0.012988920737072255, 0.013178248200839212, 0.013386796436950147, 0.01359897371732897, 0.01439195864266014, 0.015495810506657983, 0.016686507754200334, 0.01807173050136072, 0.019341411872889052, 0.020370802976522343, 0.0213787239197115, 0.02262888584538598, 0.02401686851684336, 0.025523335513576738, 0.026670410326906566, 0.02758824337325398, 0.02810647098585074, 0.028219175888028712, 0.02804128716256827, 0.027840212128430745, 0.02799079668741686, 0.027988272685847155, 0.02831306909632167, 0.028434723397990712, 0.0285549391753426, 0.02832607944879636, 0.02800347501499142, 0.027460301198426997, 0.02681840364884072, 0.026203190519756815, 0.02552364346313934, 0.024940794741503684, 0.024553643852497812, 0.024009602077058226, 0.023587486328410737, 0.023053226444370627, 0.02237349941244249, 0.021247392964358097, 0.01948489409103017, 0.01759577829009665, 0.015969918059865678, 0.014849832783247986, 0.014164911869984548, 0.013546042864334782, 0.01328357500957488, 0.012905521640083246, 0.012806686101790404, 0.01256569256360443, 0.01270015008783326, 0.013333718053885597, 0.014364706842779438, 0.015230812921928084, 0.016214173123414017, 0.017422309714956504, 0.01848297873673576, 0.019690103784110968, 0.02062988015396428, 0.021304326954883004, 0.021542023987470748, 0.021445001132587415, 0.02128479356968176, 0.021154257299581803, 0.020548768777841446, 0.020419411659703072, 0.020346908766621045, 0.02018386842926173, 0.020060715556614095, 0.019970155121820186, 0.019905412966441507, 0.019860328269953802, 0.019689549628068632, 0.019110038324468673, 0.018401772510693467, 0.01773443768827515, 0.01691379473734185, 0.0163889904882787, 0.015891976533507178, 0.015695148472402557, 0.015634975895130635, 0.01548249397414641, 0.015250362203767827, 0.01446715870868431, 0.013690714184349355, 0.013111437378948002, 0.01280400987898366, 0.012789088065484542, 0.012885508256999974, 0.012645414791893052, 0.012533763320360268, 0.01300792748125149, 0.014045480441271196, 0.015593406388961941, 0.017496649938682926, 0.01947963017829757, 0.021814960986639112, 0.0244888991790445, 0.027455202671237973, 0.030462142682767764, 0.03347516022004274, 0.03632355277573078, 0.03911728575744543, 0.041489125175428104, 0.043617926344794986, 0.04507509866910146, 0.045973158335007626, 0.046666313335408376, 0.047747911364257295, 0.04910015737076979, 0.051170936172887156, 0.05323921785426519, 0.05484930583024696, 0.05598397968583077, 0.056516639752925084, 0.05678375349578094, 0.05655312215346535, 0.05709318659280136, 0.05753330561326649, 0.05822424761198231, 0.05856641837777238, 0.058663546697002605, 0.05829520111627496, 0.058019458378357286, 0.05786276302771312, 0.057678835712609886, 0.05721489013034267, 0.05620972754199197, 0.05488023496470325, 0.05291870088860013, 0.05085359195424363, 0.04836971777146554, 0.045888993393773454, 0.04332790860019442, 0.040721243397433354, 0.03815348906679705, 0.03609755066086763, 0.03431153121207709, 0.03269994312791247, 0.03113246913067769, 0.029533434333839276, 0.02779284963423818, 0.02581340528028532, 0.023636664296078556, 0.021032966406022018, 0.018298152858289164, 0.015471223173718233, 0.012975006021594128, 0.011476514573927241, 0.011190786613452559, 0.012013514795745658, 0.013192708648177051, 0.0146026096239084, 0.016627808096549106, 0.019288816219412905, 0.022115031993867204, 0.024956066779425322, 0.027947127033299147, 0.030317719296220055, 0.03213024736687776, 0.033908117916643665, 0.035613155393420214, 0.03695858371541455, 0.0370883147011733, 0.035844860180821725, 0.03331269225961453, 0.030127822662769057, 0.026675716455458534, 0.02305094507263966, 0.019294584365168215, 0.016588874620184203, 0.013459760460278334, 0.010513659470637583, 0.008184205378854309, 0.005908681970234855, 0.003908372487361734, 0.002250880846271649, 0.001837561814419065, 0.003902446460586522, 0.00649131804032715, 0.008842266053540701, 0.011337576744963709, 0.013847821453172829, 0.016241515374979285, 0.018506880743639053, 0.020753891025054552, 0.022854281545735794, 0.025177910908837288, 0.027764777035113285, 0.0302577363231247, 0.032552204835272186, 0.033962244268502154, 0.03530995724171245, 0.036795414568091225, 0.03840706162943578, 0.039993850675796264, 0.04133645030179679, 0.04211247094820217, 0.04239213751353172, 0.042192499106345205, 0.04200269786908514, 0.041897190162155235, 0.041830932940717325, 0.04166737666619139, 0.04206882264734189, 0.0426127097658282, 0.042895687146734904, 0.04300135533202284, 0.04249799814293581, 0.041897582995049115, 0.04072077112408416, 0.03927976254850985, 0.037331499513228325, 0.035889992777759706, 0.03456359233645024, 0.033243529781910974, 0.03199033675126687, 0.03059935779738079, 0.029272240636492235, 0.027900707354997015, 0.02654938414970694, 0.02543173352052397, 0.024311103096379235, 0.023065212419431085, 0.021685454855791198, 0.02041159885695607, 0.019056064221564174, 0.017656707279948437, 0.01626614648165674, 0.015012383850973622, 0.013603567963072178, 0.012189757837366814, 0.010674529938407772, 0.009407142987148039, 0.008344525906195775, 0.007439054007672372, 0.0072034584519923735, 0.007775010970036668, 0.009047582903156274, 0.010731538882415681, 0.01253460028234948, 0.014333543563369548, 0.016070624592636203, 0.017817726146123574, 0.019557256660804743, 0.02116824086555951, 0.022529303997840977, 0.023628588936546305, 0.02391411988476377, 0.02359656311707365, 0.022355277074164143, 0.020961866673625245, 0.018393580144489934, 0.015660552711922182, 0.013874328661167971, 0.01254026736778108, 0.011812131260623127, 0.010800298354986543, 0.00961805971638548, 0.008471507575266851, 0.007656757785702683, 0.006719580941926242, 0.0056999472982024405, 0.005125787188458596, 0.00504686530895439, 0.005697178935649704, 0.006245540782853768, 0.0070976650798796875, 0.007900543705723831, 0.008755370167568399, 0.009807746909975117, 0.011209592216881203, 0.01276960312030194, 0.014467251258771754, 0.015865855510978952, 0.01751794577394112, 0.01978728846519214, 0.022540086452385207, 0.024859037758439572, 0.02589623397823137, 0.02611181133516041, 0.026565850619759173, 0.0272557734372972, 0.02776644526036269, 0.02799937699621002, 0.02818388188652303, 0.02806005928616626, 0.028083982827741123, 0.02781538632605852, 0.027763976455106594, 0.028120518002563644, 0.028688559534023904, 0.029389365084960088, 0.030059907204608147, 0.03052096911154336, 0.031053468449087778, 0.03142000488428638, 0.03173833045042581, 0.031892653890475096, 0.03198060527161537, 0.031944507243272385, 0.03180892531117334, 0.03180195743523648, 0.03175983113429147, 0.03185651864929952, 0.032146459060636644, 0.032526908876218445, 0.033087790299913135, 0.03370146462957083, 0.0342847740780508, 0.0344768243549477, 0.03441738754137779, 0.034008301029805295]",0.007900543705723831,0.10121440714545155,0.0015965547184810802,0.007737545080770014,0.0,0.0,0.032176097888747535,0.10121440714545155,0.0015965547184810802,0.007737545080770014,8.904,1717635309.6248968,2024-06-06_10-55-09
0.5059,0.11784000000000003,0.40196104862183585,0.404572970152473,0.11578045184921773,0.3934513618951839,0.5059,0.11784000000000003,0.3711096108814115,0.404572970152473,0.11578045184921773,0.3934513618951839,0.008755370167568399,"[0.011315756658919754, 0.012192407496521018, 0.01288995615295488, 0.01359963525141729, 0.014321891165186378, 0.015181047888625853, 0.01592941522152252, 0.01673874496494045, 0.01751440457689525, 0.01835087734908702, 0.019202544572813795, 0.020070622325609303, 0.02095627718778323, 0.02186061264947246, 0.022737260153569413, 0.023681097053535004, 0.024646250751560458, 0.025633386418693636, 0.02659237614956749, 0.027623542314219474, 0.0286250346734827, 0.029647102596467904, 0.03056454213255984, 0.031680305841655834, 0.03263530150735364, 0.033606764937046466, 0.034593095597664145, 0.03536350794006898, 0.035930760474075646, 0.03631257033147624, 0.03661317474198803, 0.03688385713543919, 0.03738127616234113, 0.037934719347479336, 0.03858163380471939, 0.03921882339006296, 0.03999131852533767, 0.04074980907886149, 0.04127472956039594, 0.04151563832077664, 0.04151964454301027, 0.04123464219442919, 0.04096829512038153, 0.04056460486818273, 0.04028281736824196, 0.04000166841569801, 0.03919762289117317, 0.037812479337396496, 0.03622310391275238, 0.03453579653228067, 0.0330206041779641, 0.031565009966306234, 0.03054064037737075, 0.029904305612678588, 0.029394155816597912, 0.028896840658953926, 0.02825322628704274, 0.027685220830545497, 0.02666364029859006, 0.025486033827772144, 0.02414387260068274, 0.023028867611909868, 0.022681878550084772, 0.02299235797660897, 0.02387546679328945, 0.024738332374206702, 0.025547718436096926, 0.026640938816603423, 0.02759836215880636, 0.028240938725365098, 0.028199955208514017, 0.028168175430310402, 0.02767018559717724, 0.027414861073674215, 0.027239233260695786, 0.0274939869379551, 0.027874761581110984, 0.02868161073982207, 0.029514734605865275, 0.030345172291974937, 0.031248268714928727, 0.032298002681611045, 0.033509628354587276, 0.0348066615601669, 0.03569061118903811, 0.03631377821401384, 0.03654105211474412, 0.03646788532881584, 0.03572808397059345, 0.03427781350345514, 0.03309813106562172, 0.031639416134799855, 0.02970329439236902, 0.027599049067936567, 0.02603054913364457, 0.024090316372098155, 0.02220132238001286, 0.02051452966091278, 0.019044426362309692, 0.017805605247084858, 0.01643252777018217, 0.01523003850809785, 0.01424180324883461, 0.013706552220618947, 0.0130880570946912, 0.012988920737072255, 0.013178248200839212, 0.013386796436950147, 0.01359897371732897, 0.01439195864266014, 0.015495810506657983, 0.016686507754200334, 0.01807173050136072, 0.019341411872889052, 0.020370802976522343, 0.0213787239197115, 0.02262888584538598, 0.02401686851684336, 0.025523335513576738, 0.026670410326906566, 0.02758824337325398, 0.02810647098585074, 0.028219175888028712, 0.02804128716256827, 0.027840212128430745, 0.02799079668741686, 0.027988272685847155, 0.02831306909632167, 0.028434723397990712, 0.0285549391753426, 0.02832607944879636, 0.02800347501499142, 0.027460301198426997, 0.02681840364884072, 0.026203190519756815, 0.02552364346313934, 0.024940794741503684, 0.024553643852497812, 0.024009602077058226, 0.023587486328410737, 0.023053226444370627, 0.02237349941244249, 0.021247392964358097, 0.01948489409103017, 0.01759577829009665, 0.015969918059865678, 0.014849832783247986, 0.014164911869984548, 0.013546042864334782, 0.01328357500957488, 0.012905521640083246, 0.012806686101790404, 0.01256569256360443, 0.01270015008783326, 0.013333718053885597, 0.014364706842779438, 0.015230812921928084, 0.016214173123414017, 0.017422309714956504, 0.01848297873673576, 0.019690103784110968, 0.02062988015396428, 0.021304326954883004, 0.021542023987470748, 0.021445001132587415, 0.02128479356968176, 0.021154257299581803, 0.020548768777841446, 0.020419411659703072, 0.020346908766621045, 0.02018386842926173, 0.020060715556614095, 0.019970155121820186, 0.019905412966441507, 0.019860328269953802, 0.019689549628068632, 0.019110038324468673, 0.018401772510693467, 0.01773443768827515, 0.01691379473734185, 0.0163889904882787, 0.015891976533507178, 0.015695148472402557, 0.015634975895130635, 0.01548249397414641, 0.015250362203767827, 0.01446715870868431, 0.013690714184349355, 0.013111437378948002, 0.01280400987898366, 0.012789088065484542, 0.012885508256999974, 0.012645414791893052, 0.012533763320360268, 0.01300792748125149, 0.014045480441271196, 0.015593406388961941, 0.017496649938682926, 0.01947963017829757, 0.021814960986639112, 0.0244888991790445, 0.027455202671237973, 0.030462142682767764, 0.03347516022004274, 0.03632355277573078, 0.03911728575744543, 0.041489125175428104, 0.043617926344794986, 0.04507509866910146, 0.045973158335007626, 0.046666313335408376, 0.047747911364257295, 0.04910015737076979, 0.051170936172887156, 0.05323921785426519, 0.05484930583024696, 0.05598397968583077, 0.056516639752925084, 0.05678375349578094, 0.05655312215346535, 0.05709318659280136, 0.05753330561326649, 0.05822424761198231, 0.05856641837777238, 0.058663546697002605, 0.05829520111627496, 0.058019458378357286, 0.05786276302771312, 0.057678835712609886, 0.05721489013034267, 0.05620972754199197, 0.05488023496470325, 0.05291870088860013, 0.05085359195424363, 0.04836971777146554, 0.045888993393773454, 0.04332790860019442, 0.040721243397433354, 0.03815348906679705, 0.03609755066086763, 0.03431153121207709, 0.03269994312791247, 0.03113246913067769, 0.029533434333839276, 0.02779284963423818, 0.02581340528028532, 0.023636664296078556, 0.021032966406022018, 0.018298152858289164, 0.015471223173718233, 0.012975006021594128, 0.011476514573927241, 0.011190786613452559, 0.012013514795745658, 0.013192708648177051, 0.0146026096239084, 0.016627808096549106, 0.019288816219412905, 0.022115031993867204, 0.024956066779425322, 0.027947127033299147, 0.030317719296220055, 0.03213024736687776, 0.033908117916643665, 0.035613155393420214, 0.03695858371541455, 0.0370883147011733, 0.035844860180821725, 0.03331269225961453, 0.030127822662769057, 0.026675716455458534, 0.02305094507263966, 0.019294584365168215, 0.016588874620184203, 0.013459760460278334, 0.010513659470637583, 0.008184205378854309, 0.005908681970234855, 0.003908372487361734, 0.002250880846271649, 0.001837561814419065, 0.003902446460586522, 0.00649131804032715, 0.008842266053540701, 0.011337576744963709, 0.013847821453172829, 0.016241515374979285, 0.018506880743639053, 0.020753891025054552, 0.022854281545735794, 0.025177910908837288, 0.027764777035113285, 0.0302577363231247, 0.032552204835272186, 0.033962244268502154, 0.03530995724171245, 0.036795414568091225, 0.03840706162943578, 0.039993850675796264, 0.04133645030179679, 0.04211247094820217, 0.04239213751353172, 0.042192499106345205, 0.04200269786908514, 0.041897190162155235, 0.041830932940717325, 0.04166737666619139, 0.04206882264734189, 0.0426127097658282, 0.042895687146734904, 0.04300135533202284, 0.04249799814293581, 0.041897582995049115, 0.04072077112408416, 0.03927976254850985, 0.037331499513228325, 0.035889992777759706, 0.03456359233645024, 0.033243529781910974, 0.03199033675126687, 0.03059935779738079, 0.029272240636492235, 0.027900707354997015, 0.02654938414970694, 0.02543173352052397, 0.024311103096379235, 0.023065212419431085, 0.021685454855791198, 0.02041159885695607, 0.019056064221564174, 0.017656707279948437, 0.01626614648165674, 0.015012383850973622, 0.013603567963072178, 0.012189757837366814, 0.010674529938407772, 0.009407142987148039, 0.008344525906195775, 0.007439054007672372, 0.0072034584519923735, 0.007775010970036668, 0.009047582903156274, 0.010731538882415681, 0.01253460028234948, 0.014333543563369548, 0.016070624592636203, 0.017817726146123574, 0.019557256660804743, 0.02116824086555951, 0.022529303997840977, 0.023628588936546305, 0.02391411988476377, 0.02359656311707365, 0.022355277074164143, 0.020961866673625245, 0.018393580144489934, 0.015660552711922182, 0.013874328661167971, 0.01254026736778108, 0.011812131260623127, 0.010800298354986543, 0.00961805971638548, 0.008471507575266851, 0.007656757785702683, 0.006719580941926242, 0.0056999472982024405, 0.005125787188458596, 0.00504686530895439, 0.005697178935649704, 0.006245540782853768, 0.0070976650798796875, 0.007900543705723831, 0.008755370167568399, 0.009807746909975117, 0.011209592216881203, 0.01276960312030194, 0.014467251258771754, 0.015865855510978952, 0.01751794577394112, 0.01978728846519214, 0.022540086452385207, 0.024859037758439572, 0.02589623397823137, 0.02611181133516041, 0.026565850619759173, 0.0272557734372972, 0.02776644526036269, 0.02799937699621002, 0.02818388188652303, 0.02806005928616626, 0.028083982827741123, 0.02781538632605852, 0.027763976455106594, 0.028120518002563644, 0.028688559534023904, 0.029389365084960088, 0.030059907204608147, 0.03052096911154336, 0.031053468449087778, 0.03142000488428638, 0.03173833045042581, 0.031892653890475096, 0.03198060527161537, 0.031944507243272385, 0.03180892531117334, 0.03180195743523648, 0.03175983113429147, 0.03185651864929952, 0.032146459060636644, 0.032526908876218445, 0.033087790299913135, 0.03370146462957083, 0.0342847740780508, 0.0344768243549477, 0.03441738754137779, 0.034008301029805295]",0.008755370167568399,0.101327029847527,0.0020595481507822977,0.008509686726651922,0.0,0.0,0.03085143774042437,0.101327029847527,0.0020595481507822977,0.008509686726651922,8.928,1717635309.6489856,2024-06-06_10-55-09
0.5059,0.11855999999999997,0.40251333933335254,0.40443743489278905,0.11629914206216485,0.3929697330529649,0.5059,0.11855999999999997,0.37298656174125133,0.40443743489278905,0.11629914206216485,0.3929697330529649,0.009807746909975117,"[0.011315756658919754, 0.012192407496521018, 0.01288995615295488, 0.01359963525141729, 0.014321891165186378, 0.015181047888625853, 0.01592941522152252, 0.01673874496494045, 0.01751440457689525, 0.01835087734908702, 0.019202544572813795, 0.020070622325609303, 0.02095627718778323, 0.02186061264947246, 0.022737260153569413, 0.023681097053535004, 0.024646250751560458, 0.025633386418693636, 0.02659237614956749, 0.027623542314219474, 0.0286250346734827, 0.029647102596467904, 0.03056454213255984, 0.031680305841655834, 0.03263530150735364, 0.033606764937046466, 0.034593095597664145, 0.03536350794006898, 0.035930760474075646, 0.03631257033147624, 0.03661317474198803, 0.03688385713543919, 0.03738127616234113, 0.037934719347479336, 0.03858163380471939, 0.03921882339006296, 0.03999131852533767, 0.04074980907886149, 0.04127472956039594, 0.04151563832077664, 0.04151964454301027, 0.04123464219442919, 0.04096829512038153, 0.04056460486818273, 0.04028281736824196, 0.04000166841569801, 0.03919762289117317, 0.037812479337396496, 0.03622310391275238, 0.03453579653228067, 0.0330206041779641, 0.031565009966306234, 0.03054064037737075, 0.029904305612678588, 0.029394155816597912, 0.028896840658953926, 0.02825322628704274, 0.027685220830545497, 0.02666364029859006, 0.025486033827772144, 0.02414387260068274, 0.023028867611909868, 0.022681878550084772, 0.02299235797660897, 0.02387546679328945, 0.024738332374206702, 0.025547718436096926, 0.026640938816603423, 0.02759836215880636, 0.028240938725365098, 0.028199955208514017, 0.028168175430310402, 0.02767018559717724, 0.027414861073674215, 0.027239233260695786, 0.0274939869379551, 0.027874761581110984, 0.02868161073982207, 0.029514734605865275, 0.030345172291974937, 0.031248268714928727, 0.032298002681611045, 0.033509628354587276, 0.0348066615601669, 0.03569061118903811, 0.03631377821401384, 0.03654105211474412, 0.03646788532881584, 0.03572808397059345, 0.03427781350345514, 0.03309813106562172, 0.031639416134799855, 0.02970329439236902, 0.027599049067936567, 0.02603054913364457, 0.024090316372098155, 0.02220132238001286, 0.02051452966091278, 0.019044426362309692, 0.017805605247084858, 0.01643252777018217, 0.01523003850809785, 0.01424180324883461, 0.013706552220618947, 0.0130880570946912, 0.012988920737072255, 0.013178248200839212, 0.013386796436950147, 0.01359897371732897, 0.01439195864266014, 0.015495810506657983, 0.016686507754200334, 0.01807173050136072, 0.019341411872889052, 0.020370802976522343, 0.0213787239197115, 0.02262888584538598, 0.02401686851684336, 0.025523335513576738, 0.026670410326906566, 0.02758824337325398, 0.02810647098585074, 0.028219175888028712, 0.02804128716256827, 0.027840212128430745, 0.02799079668741686, 0.027988272685847155, 0.02831306909632167, 0.028434723397990712, 0.0285549391753426, 0.02832607944879636, 0.02800347501499142, 0.027460301198426997, 0.02681840364884072, 0.026203190519756815, 0.02552364346313934, 0.024940794741503684, 0.024553643852497812, 0.024009602077058226, 0.023587486328410737, 0.023053226444370627, 0.02237349941244249, 0.021247392964358097, 0.01948489409103017, 0.01759577829009665, 0.015969918059865678, 0.014849832783247986, 0.014164911869984548, 0.013546042864334782, 0.01328357500957488, 0.012905521640083246, 0.012806686101790404, 0.01256569256360443, 0.01270015008783326, 0.013333718053885597, 0.014364706842779438, 0.015230812921928084, 0.016214173123414017, 0.017422309714956504, 0.01848297873673576, 0.019690103784110968, 0.02062988015396428, 0.021304326954883004, 0.021542023987470748, 0.021445001132587415, 0.02128479356968176, 0.021154257299581803, 0.020548768777841446, 0.020419411659703072, 0.020346908766621045, 0.02018386842926173, 0.020060715556614095, 0.019970155121820186, 0.019905412966441507, 0.019860328269953802, 0.019689549628068632, 0.019110038324468673, 0.018401772510693467, 0.01773443768827515, 0.01691379473734185, 0.0163889904882787, 0.015891976533507178, 0.015695148472402557, 0.015634975895130635, 0.01548249397414641, 0.015250362203767827, 0.01446715870868431, 0.013690714184349355, 0.013111437378948002, 0.01280400987898366, 0.012789088065484542, 0.012885508256999974, 0.012645414791893052, 0.012533763320360268, 0.01300792748125149, 0.014045480441271196, 0.015593406388961941, 0.017496649938682926, 0.01947963017829757, 0.021814960986639112, 0.0244888991790445, 0.027455202671237973, 0.030462142682767764, 0.03347516022004274, 0.03632355277573078, 0.03911728575744543, 0.041489125175428104, 0.043617926344794986, 0.04507509866910146, 0.045973158335007626, 0.046666313335408376, 0.047747911364257295, 0.04910015737076979, 0.051170936172887156, 0.05323921785426519, 0.05484930583024696, 0.05598397968583077, 0.056516639752925084, 0.05678375349578094, 0.05655312215346535, 0.05709318659280136, 0.05753330561326649, 0.05822424761198231, 0.05856641837777238, 0.058663546697002605, 0.05829520111627496, 0.058019458378357286, 0.05786276302771312, 0.057678835712609886, 0.05721489013034267, 0.05620972754199197, 0.05488023496470325, 0.05291870088860013, 0.05085359195424363, 0.04836971777146554, 0.045888993393773454, 0.04332790860019442, 0.040721243397433354, 0.03815348906679705, 0.03609755066086763, 0.03431153121207709, 0.03269994312791247, 0.03113246913067769, 0.029533434333839276, 0.02779284963423818, 0.02581340528028532, 0.023636664296078556, 0.021032966406022018, 0.018298152858289164, 0.015471223173718233, 0.012975006021594128, 0.011476514573927241, 0.011190786613452559, 0.012013514795745658, 0.013192708648177051, 0.0146026096239084, 0.016627808096549106, 0.019288816219412905, 0.022115031993867204, 0.024956066779425322, 0.027947127033299147, 0.030317719296220055, 0.03213024736687776, 0.033908117916643665, 0.035613155393420214, 0.03695858371541455, 0.0370883147011733, 0.035844860180821725, 0.03331269225961453, 0.030127822662769057, 0.026675716455458534, 0.02305094507263966, 0.019294584365168215, 0.016588874620184203, 0.013459760460278334, 0.010513659470637583, 0.008184205378854309, 0.005908681970234855, 0.003908372487361734, 0.002250880846271649, 0.001837561814419065, 0.003902446460586522, 0.00649131804032715, 0.008842266053540701, 0.011337576744963709, 0.013847821453172829, 0.016241515374979285, 0.018506880743639053, 0.020753891025054552, 0.022854281545735794, 0.025177910908837288, 0.027764777035113285, 0.0302577363231247, 0.032552204835272186, 0.033962244268502154, 0.03530995724171245, 0.036795414568091225, 0.03840706162943578, 0.039993850675796264, 0.04133645030179679, 0.04211247094820217, 0.04239213751353172, 0.042192499106345205, 0.04200269786908514, 0.041897190162155235, 0.041830932940717325, 0.04166737666619139, 0.04206882264734189, 0.0426127097658282, 0.042895687146734904, 0.04300135533202284, 0.04249799814293581, 0.041897582995049115, 0.04072077112408416, 0.03927976254850985, 0.037331499513228325, 0.035889992777759706, 0.03456359233645024, 0.033243529781910974, 0.03199033675126687, 0.03059935779738079, 0.029272240636492235, 0.027900707354997015, 0.02654938414970694, 0.02543173352052397, 0.024311103096379235, 0.023065212419431085, 0.021685454855791198, 0.02041159885695607, 0.019056064221564174, 0.017656707279948437, 0.01626614648165674, 0.015012383850973622, 0.013603567963072178, 0.012189757837366814, 0.010674529938407772, 0.009407142987148039, 0.008344525906195775, 0.007439054007672372, 0.0072034584519923735, 0.007775010970036668, 0.009047582903156274, 0.010731538882415681, 0.01253460028234948, 0.014333543563369548, 0.016070624592636203, 0.017817726146123574, 0.019557256660804743, 0.02116824086555951, 0.022529303997840977, 0.023628588936546305, 0.02391411988476377, 0.02359656311707365, 0.022355277074164143, 0.020961866673625245, 0.018393580144489934, 0.015660552711922182, 0.013874328661167971, 0.01254026736778108, 0.011812131260623127, 0.010800298354986543, 0.00961805971638548, 0.008471507575266851, 0.007656757785702683, 0.006719580941926242, 0.0056999472982024405, 0.005125787188458596, 0.00504686530895439, 0.005697178935649704, 0.006245540782853768, 0.0070976650798796875, 0.007900543705723831, 0.008755370167568399, 0.009807746909975117, 0.011209592216881203, 0.01276960312030194, 0.014467251258771754, 0.015865855510978952, 0.01751794577394112, 0.01978728846519214, 0.022540086452385207, 0.024859037758439572, 0.02589623397823137, 0.02611181133516041, 0.026565850619759173, 0.0272557734372972, 0.02776644526036269, 0.02799937699621002, 0.02818388188652303, 0.02806005928616626, 0.028083982827741123, 0.02781538632605852, 0.027763976455106594, 0.028120518002563644, 0.028688559534023904, 0.029389365084960088, 0.030059907204608147, 0.03052096911154336, 0.031053468449087778, 0.03142000488428638, 0.03173833045042581, 0.031892653890475096, 0.03198060527161537, 0.031944507243272385, 0.03180892531117334, 0.03180195743523648, 0.03175983113429147, 0.03185651864929952, 0.032146459060636644, 0.032526908876218445, 0.033087790299913135, 0.03370146462957083, 0.0342847740780508, 0.0344768243549477, 0.03441738754137779, 0.034008301029805295]",0.009807746909975117,0.10146256510721097,0.00226085793783512,0.00954360628038764,0.0,0.0,0.029526777592101205,0.10146256510721097,0.00226085793783512,0.00954360628038764,8.952,1717635309.672871,2024-06-06_10-55-09
0.5059,0.11927999999999997,0.4031356745899828,0.40446464895803647,0.1174278505762325,0.39208015559805837,0.5059,0.11927999999999997,0.37493355714620474,0.40446464895803647,0.1174278505762325,0.39208015559805837,0.011209592216881203,"[0.011315756658919754, 0.012192407496521018, 0.01288995615295488, 0.01359963525141729, 0.014321891165186378, 0.015181047888625853, 0.01592941522152252, 0.01673874496494045, 0.01751440457689525, 0.01835087734908702, 0.019202544572813795, 0.020070622325609303, 0.02095627718778323, 0.02186061264947246, 0.022737260153569413, 0.023681097053535004, 0.024646250751560458, 0.025633386418693636, 0.02659237614956749, 0.027623542314219474, 0.0286250346734827, 0.029647102596467904, 0.03056454213255984, 0.031680305841655834, 0.03263530150735364, 0.033606764937046466, 0.034593095597664145, 0.03536350794006898, 0.035930760474075646, 0.03631257033147624, 0.03661317474198803, 0.03688385713543919, 0.03738127616234113, 0.037934719347479336, 0.03858163380471939, 0.03921882339006296, 0.03999131852533767, 0.04074980907886149, 0.04127472956039594, 0.04151563832077664, 0.04151964454301027, 0.04123464219442919, 0.04096829512038153, 0.04056460486818273, 0.04028281736824196, 0.04000166841569801, 0.03919762289117317, 0.037812479337396496, 0.03622310391275238, 0.03453579653228067, 0.0330206041779641, 0.031565009966306234, 0.03054064037737075, 0.029904305612678588, 0.029394155816597912, 0.028896840658953926, 0.02825322628704274, 0.027685220830545497, 0.02666364029859006, 0.025486033827772144, 0.02414387260068274, 0.023028867611909868, 0.022681878550084772, 0.02299235797660897, 0.02387546679328945, 0.024738332374206702, 0.025547718436096926, 0.026640938816603423, 0.02759836215880636, 0.028240938725365098, 0.028199955208514017, 0.028168175430310402, 0.02767018559717724, 0.027414861073674215, 0.027239233260695786, 0.0274939869379551, 0.027874761581110984, 0.02868161073982207, 0.029514734605865275, 0.030345172291974937, 0.031248268714928727, 0.032298002681611045, 0.033509628354587276, 0.0348066615601669, 0.03569061118903811, 0.03631377821401384, 0.03654105211474412, 0.03646788532881584, 0.03572808397059345, 0.03427781350345514, 0.03309813106562172, 0.031639416134799855, 0.02970329439236902, 0.027599049067936567, 0.02603054913364457, 0.024090316372098155, 0.02220132238001286, 0.02051452966091278, 0.019044426362309692, 0.017805605247084858, 0.01643252777018217, 0.01523003850809785, 0.01424180324883461, 0.013706552220618947, 0.0130880570946912, 0.012988920737072255, 0.013178248200839212, 0.013386796436950147, 0.01359897371732897, 0.01439195864266014, 0.015495810506657983, 0.016686507754200334, 0.01807173050136072, 0.019341411872889052, 0.020370802976522343, 0.0213787239197115, 0.02262888584538598, 0.02401686851684336, 0.025523335513576738, 0.026670410326906566, 0.02758824337325398, 0.02810647098585074, 0.028219175888028712, 0.02804128716256827, 0.027840212128430745, 0.02799079668741686, 0.027988272685847155, 0.02831306909632167, 0.028434723397990712, 0.0285549391753426, 0.02832607944879636, 0.02800347501499142, 0.027460301198426997, 0.02681840364884072, 0.026203190519756815, 0.02552364346313934, 0.024940794741503684, 0.024553643852497812, 0.024009602077058226, 0.023587486328410737, 0.023053226444370627, 0.02237349941244249, 0.021247392964358097, 0.01948489409103017, 0.01759577829009665, 0.015969918059865678, 0.014849832783247986, 0.014164911869984548, 0.013546042864334782, 0.01328357500957488, 0.012905521640083246, 0.012806686101790404, 0.01256569256360443, 0.01270015008783326, 0.013333718053885597, 0.014364706842779438, 0.015230812921928084, 0.016214173123414017, 0.017422309714956504, 0.01848297873673576, 0.019690103784110968, 0.02062988015396428, 0.021304326954883004, 0.021542023987470748, 0.021445001132587415, 0.02128479356968176, 0.021154257299581803, 0.020548768777841446, 0.020419411659703072, 0.020346908766621045, 0.02018386842926173, 0.020060715556614095, 0.019970155121820186, 0.019905412966441507, 0.019860328269953802, 0.019689549628068632, 0.019110038324468673, 0.018401772510693467, 0.01773443768827515, 0.01691379473734185, 0.0163889904882787, 0.015891976533507178, 0.015695148472402557, 0.015634975895130635, 0.01548249397414641, 0.015250362203767827, 0.01446715870868431, 0.013690714184349355, 0.013111437378948002, 0.01280400987898366, 0.012789088065484542, 0.012885508256999974, 0.012645414791893052, 0.012533763320360268, 0.01300792748125149, 0.014045480441271196, 0.015593406388961941, 0.017496649938682926, 0.01947963017829757, 0.021814960986639112, 0.0244888991790445, 0.027455202671237973, 0.030462142682767764, 0.03347516022004274, 0.03632355277573078, 0.03911728575744543, 0.041489125175428104, 0.043617926344794986, 0.04507509866910146, 0.045973158335007626, 0.046666313335408376, 0.047747911364257295, 0.04910015737076979, 0.051170936172887156, 0.05323921785426519, 0.05484930583024696, 0.05598397968583077, 0.056516639752925084, 0.05678375349578094, 0.05655312215346535, 0.05709318659280136, 0.05753330561326649, 0.05822424761198231, 0.05856641837777238, 0.058663546697002605, 0.05829520111627496, 0.058019458378357286, 0.05786276302771312, 0.057678835712609886, 0.05721489013034267, 0.05620972754199197, 0.05488023496470325, 0.05291870088860013, 0.05085359195424363, 0.04836971777146554, 0.045888993393773454, 0.04332790860019442, 0.040721243397433354, 0.03815348906679705, 0.03609755066086763, 0.03431153121207709, 0.03269994312791247, 0.03113246913067769, 0.029533434333839276, 0.02779284963423818, 0.02581340528028532, 0.023636664296078556, 0.021032966406022018, 0.018298152858289164, 0.015471223173718233, 0.012975006021594128, 0.011476514573927241, 0.011190786613452559, 0.012013514795745658, 0.013192708648177051, 0.0146026096239084, 0.016627808096549106, 0.019288816219412905, 0.022115031993867204, 0.024956066779425322, 0.027947127033299147, 0.030317719296220055, 0.03213024736687776, 0.033908117916643665, 0.035613155393420214, 0.03695858371541455, 0.0370883147011733, 0.035844860180821725, 0.03331269225961453, 0.030127822662769057, 0.026675716455458534, 0.02305094507263966, 0.019294584365168215, 0.016588874620184203, 0.013459760460278334, 0.010513659470637583, 0.008184205378854309, 0.005908681970234855, 0.003908372487361734, 0.002250880846271649, 0.001837561814419065, 0.003902446460586522, 0.00649131804032715, 0.008842266053540701, 0.011337576744963709, 0.013847821453172829, 0.016241515374979285, 0.018506880743639053, 0.020753891025054552, 0.022854281545735794, 0.025177910908837288, 0.027764777035113285, 0.0302577363231247, 0.032552204835272186, 0.033962244268502154, 0.03530995724171245, 0.036795414568091225, 0.03840706162943578, 0.039993850675796264, 0.04133645030179679, 0.04211247094820217, 0.04239213751353172, 0.042192499106345205, 0.04200269786908514, 0.041897190162155235, 0.041830932940717325, 0.04166737666619139, 0.04206882264734189, 0.0426127097658282, 0.042895687146734904, 0.04300135533202284, 0.04249799814293581, 0.041897582995049115, 0.04072077112408416, 0.03927976254850985, 0.037331499513228325, 0.035889992777759706, 0.03456359233645024, 0.033243529781910974, 0.03199033675126687, 0.03059935779738079, 0.029272240636492235, 0.027900707354997015, 0.02654938414970694, 0.02543173352052397, 0.024311103096379235, 0.023065212419431085, 0.021685454855791198, 0.02041159885695607, 0.019056064221564174, 0.017656707279948437, 0.01626614648165674, 0.015012383850973622, 0.013603567963072178, 0.012189757837366814, 0.010674529938407772, 0.009407142987148039, 0.008344525906195775, 0.007439054007672372, 0.0072034584519923735, 0.007775010970036668, 0.009047582903156274, 0.010731538882415681, 0.01253460028234948, 0.014333543563369548, 0.016070624592636203, 0.017817726146123574, 0.019557256660804743, 0.02116824086555951, 0.022529303997840977, 0.023628588936546305, 0.02391411988476377, 0.02359656311707365, 0.022355277074164143, 0.020961866673625245, 0.018393580144489934, 0.015660552711922182, 0.013874328661167971, 0.01254026736778108, 0.011812131260623127, 0.010800298354986543, 0.00961805971638548, 0.008471507575266851, 0.007656757785702683, 0.006719580941926242, 0.0056999472982024405, 0.005125787188458596, 0.00504686530895439, 0.005697178935649704, 0.006245540782853768, 0.0070976650798796875, 0.007900543705723831, 0.008755370167568399, 0.009807746909975117, 0.011209592216881203, 0.01276960312030194, 0.014467251258771754, 0.015865855510978952, 0.01751794577394112, 0.01978728846519214, 0.022540086452385207, 0.024859037758439572, 0.02589623397823137, 0.02611181133516041, 0.026565850619759173, 0.0272557734372972, 0.02776644526036269, 0.02799937699621002, 0.02818388188652303, 0.02806005928616626, 0.028083982827741123, 0.02781538632605852, 0.027763976455106594, 0.028120518002563644, 0.028688559534023904, 0.029389365084960088, 0.030059907204608147, 0.03052096911154336, 0.031053468449087778, 0.03142000488428638, 0.03173833045042581, 0.031892653890475096, 0.03198060527161537, 0.031944507243272385, 0.03180892531117334, 0.03180195743523648, 0.03175983113429147, 0.03185651864929952, 0.032146459060636644, 0.032526908876218445, 0.033087790299913135, 0.03370146462957083, 0.0342847740780508, 0.0344768243549477, 0.03441738754137779, 0.034008301029805295]",0.011209592216881203,0.10143535104196355,0.001852149423767463,0.011055518991924418,0.0,0.0,0.02820211744377804,0.10143535104196355,0.001852149423767463,0.011055518991924418,8.975999999999999,1717635309.6989613,2024-06-06_10-55-09
0.5059,0.12000000000000002,0.4038231646282474,0.40455279075839495,0.11882425380461292,0.391107804439324,0.5059,0.12000000000000002,0.37694570733279253,0.40455279075839495,0.11882425380461292,0.391107804439324,0.01276960312030194,"[0.011315756658919754, 0.012192407496521018, 0.01288995615295488, 0.01359963525141729, 0.014321891165186378, 0.015181047888625853, 0.01592941522152252, 0.01673874496494045, 0.01751440457689525, 0.01835087734908702, 0.019202544572813795, 0.020070622325609303, 0.02095627718778323, 0.02186061264947246, 0.022737260153569413, 0.023681097053535004, 0.024646250751560458, 0.025633386418693636, 0.02659237614956749, 0.027623542314219474, 0.0286250346734827, 0.029647102596467904, 0.03056454213255984, 0.031680305841655834, 0.03263530150735364, 0.033606764937046466, 0.034593095597664145, 0.03536350794006898, 0.035930760474075646, 0.03631257033147624, 0.03661317474198803, 0.03688385713543919, 0.03738127616234113, 0.037934719347479336, 0.03858163380471939, 0.03921882339006296, 0.03999131852533767, 0.04074980907886149, 0.04127472956039594, 0.04151563832077664, 0.04151964454301027, 0.04123464219442919, 0.04096829512038153, 0.04056460486818273, 0.04028281736824196, 0.04000166841569801, 0.03919762289117317, 0.037812479337396496, 0.03622310391275238, 0.03453579653228067, 0.0330206041779641, 0.031565009966306234, 0.03054064037737075, 0.029904305612678588, 0.029394155816597912, 0.028896840658953926, 0.02825322628704274, 0.027685220830545497, 0.02666364029859006, 0.025486033827772144, 0.02414387260068274, 0.023028867611909868, 0.022681878550084772, 0.02299235797660897, 0.02387546679328945, 0.024738332374206702, 0.025547718436096926, 0.026640938816603423, 0.02759836215880636, 0.028240938725365098, 0.028199955208514017, 0.028168175430310402, 0.02767018559717724, 0.027414861073674215, 0.027239233260695786, 0.0274939869379551, 0.027874761581110984, 0.02868161073982207, 0.029514734605865275, 0.030345172291974937, 0.031248268714928727, 0.032298002681611045, 0.033509628354587276, 0.0348066615601669, 0.03569061118903811, 0.03631377821401384, 0.03654105211474412, 0.03646788532881584, 0.03572808397059345, 0.03427781350345514, 0.03309813106562172, 0.031639416134799855, 0.02970329439236902, 0.027599049067936567, 0.02603054913364457, 0.024090316372098155, 0.02220132238001286, 0.02051452966091278, 0.019044426362309692, 0.017805605247084858, 0.01643252777018217, 0.01523003850809785, 0.01424180324883461, 0.013706552220618947, 0.0130880570946912, 0.012988920737072255, 0.013178248200839212, 0.013386796436950147, 0.01359897371732897, 0.01439195864266014, 0.015495810506657983, 0.016686507754200334, 0.01807173050136072, 0.019341411872889052, 0.020370802976522343, 0.0213787239197115, 0.02262888584538598, 0.02401686851684336, 0.025523335513576738, 0.026670410326906566, 0.02758824337325398, 0.02810647098585074, 0.028219175888028712, 0.02804128716256827, 0.027840212128430745, 0.02799079668741686, 0.027988272685847155, 0.02831306909632167, 0.028434723397990712, 0.0285549391753426, 0.02832607944879636, 0.02800347501499142, 0.027460301198426997, 0.02681840364884072, 0.026203190519756815, 0.02552364346313934, 0.024940794741503684, 0.024553643852497812, 0.024009602077058226, 0.023587486328410737, 0.023053226444370627, 0.02237349941244249, 0.021247392964358097, 0.01948489409103017, 0.01759577829009665, 0.015969918059865678, 0.014849832783247986, 0.014164911869984548, 0.013546042864334782, 0.01328357500957488, 0.012905521640083246, 0.012806686101790404, 0.01256569256360443, 0.01270015008783326, 0.013333718053885597, 0.014364706842779438, 0.015230812921928084, 0.016214173123414017, 0.017422309714956504, 0.01848297873673576, 0.019690103784110968, 0.02062988015396428, 0.021304326954883004, 0.021542023987470748, 0.021445001132587415, 0.02128479356968176, 0.021154257299581803, 0.020548768777841446, 0.020419411659703072, 0.020346908766621045, 0.02018386842926173, 0.020060715556614095, 0.019970155121820186, 0.019905412966441507, 0.019860328269953802, 0.019689549628068632, 0.019110038324468673, 0.018401772510693467, 0.01773443768827515, 0.01691379473734185, 0.0163889904882787, 0.015891976533507178, 0.015695148472402557, 0.015634975895130635, 0.01548249397414641, 0.015250362203767827, 0.01446715870868431, 0.013690714184349355, 0.013111437378948002, 0.01280400987898366, 0.012789088065484542, 0.012885508256999974, 0.012645414791893052, 0.012533763320360268, 0.01300792748125149, 0.014045480441271196, 0.015593406388961941, 0.017496649938682926, 0.01947963017829757, 0.021814960986639112, 0.0244888991790445, 0.027455202671237973, 0.030462142682767764, 0.03347516022004274, 0.03632355277573078, 0.03911728575744543, 0.041489125175428104, 0.043617926344794986, 0.04507509866910146, 0.045973158335007626, 0.046666313335408376, 0.047747911364257295, 0.04910015737076979, 0.051170936172887156, 0.05323921785426519, 0.05484930583024696, 0.05598397968583077, 0.056516639752925084, 0.05678375349578094, 0.05655312215346535, 0.05709318659280136, 0.05753330561326649, 0.05822424761198231, 0.05856641837777238, 0.058663546697002605, 0.05829520111627496, 0.058019458378357286, 0.05786276302771312, 0.057678835712609886, 0.05721489013034267, 0.05620972754199197, 0.05488023496470325, 0.05291870088860013, 0.05085359195424363, 0.04836971777146554, 0.045888993393773454, 0.04332790860019442, 0.040721243397433354, 0.03815348906679705, 0.03609755066086763, 0.03431153121207709, 0.03269994312791247, 0.03113246913067769, 0.029533434333839276, 0.02779284963423818, 0.02581340528028532, 0.023636664296078556, 0.021032966406022018, 0.018298152858289164, 0.015471223173718233, 0.012975006021594128, 0.011476514573927241, 0.011190786613452559, 0.012013514795745658, 0.013192708648177051, 0.0146026096239084, 0.016627808096549106, 0.019288816219412905, 0.022115031993867204, 0.024956066779425322, 0.027947127033299147, 0.030317719296220055, 0.03213024736687776, 0.033908117916643665, 0.035613155393420214, 0.03695858371541455, 0.0370883147011733, 0.035844860180821725, 0.03331269225961453, 0.030127822662769057, 0.026675716455458534, 0.02305094507263966, 0.019294584365168215, 0.016588874620184203, 0.013459760460278334, 0.010513659470637583, 0.008184205378854309, 0.005908681970234855, 0.003908372487361734, 0.002250880846271649, 0.001837561814419065, 0.003902446460586522, 0.00649131804032715, 0.008842266053540701, 0.011337576744963709, 0.013847821453172829, 0.016241515374979285, 0.018506880743639053, 0.020753891025054552, 0.022854281545735794, 0.025177910908837288, 0.027764777035113285, 0.0302577363231247, 0.032552204835272186, 0.033962244268502154, 0.03530995724171245, 0.036795414568091225, 0.03840706162943578, 0.039993850675796264, 0.04133645030179679, 0.04211247094820217, 0.04239213751353172, 0.042192499106345205, 0.04200269786908514, 0.041897190162155235, 0.041830932940717325, 0.04166737666619139, 0.04206882264734189, 0.0426127097658282, 0.042895687146734904, 0.04300135533202284, 0.04249799814293581, 0.041897582995049115, 0.04072077112408416, 0.03927976254850985, 0.037331499513228325, 0.035889992777759706, 0.03456359233645024, 0.033243529781910974, 0.03199033675126687, 0.03059935779738079, 0.029272240636492235, 0.027900707354997015, 0.02654938414970694, 0.02543173352052397, 0.024311103096379235, 0.023065212419431085, 0.021685454855791198, 0.02041159885695607, 0.019056064221564174, 0.017656707279948437, 0.01626614648165674, 0.015012383850973622, 0.013603567963072178, 0.012189757837366814, 0.010674529938407772, 0.009407142987148039, 0.008344525906195775, 0.007439054007672372, 0.0072034584519923735, 0.007775010970036668, 0.009047582903156274, 0.010731538882415681, 0.01253460028234948, 0.014333543563369548, 0.016070624592636203, 0.017817726146123574, 0.019557256660804743, 0.02116824086555951, 0.022529303997840977, 0.023628588936546305, 0.02391411988476377, 0.02359656311707365, 0.022355277074164143, 0.020961866673625245, 0.018393580144489934, 0.015660552711922182, 0.013874328661167971, 0.01254026736778108, 0.011812131260623127, 0.010800298354986543, 0.00961805971638548, 0.008471507575266851, 0.007656757785702683, 0.006719580941926242, 0.0056999472982024405, 0.005125787188458596, 0.00504686530895439, 0.005697178935649704, 0.006245540782853768, 0.0070976650798796875, 0.007900543705723831, 0.008755370167568399, 0.009807746909975117, 0.011209592216881203, 0.01276960312030194, 0.014467251258771754, 0.015865855510978952, 0.01751794577394112, 0.01978728846519214, 0.022540086452385207, 0.024859037758439572, 0.02589623397823137, 0.02611181133516041, 0.026565850619759173, 0.0272557734372972, 0.02776644526036269, 0.02799937699621002, 0.02818388188652303, 0.02806005928616626, 0.028083982827741123, 0.02781538632605852, 0.027763976455106594, 0.028120518002563644, 0.028688559534023904, 0.029389365084960088, 0.030059907204608147, 0.03052096911154336, 0.031053468449087778, 0.03142000488428638, 0.03173833045042581, 0.031892653890475096, 0.03198060527161537, 0.031944507243272385, 0.03180892531117334, 0.03180195743523648, 0.03175983113429147, 0.03185651864929952, 0.032146459060636644, 0.032526908876218445, 0.033087790299913135, 0.03370146462957083, 0.0342847740780508, 0.0344768243549477, 0.03441738754137779, 0.034008301029805295]",0.01276960312030194,0.10134720924160506,0.0011757461953871007,0.012715360188923386,0.0,0.0,0.026877457295454876,0.10134720924160506,0.0011757461953871007,0.012715360188923386,9.0,1717635309.7215626,2024-06-06_10-55-09
0.5059,0.12071999999999997,0.40457071282631674,0.4045605426249805,0.12031110488200022,0.3901092411250372,0.5059,0.12071999999999997,0.37921314051717037,0.4045605426249805,0.12031110488200022,0.3901092411250372,0.014467251258771754,"[0.011315756658919754, 0.012192407496521018, 0.01288995615295488, 0.01359963525141729, 0.014321891165186378, 0.015181047888625853, 0.01592941522152252, 0.01673874496494045, 0.01751440457689525, 0.01835087734908702, 0.019202544572813795, 0.020070622325609303, 0.02095627718778323, 0.02186061264947246, 0.022737260153569413, 0.023681097053535004, 0.024646250751560458, 0.025633386418693636, 0.02659237614956749, 0.027623542314219474, 0.0286250346734827, 0.029647102596467904, 0.03056454213255984, 0.031680305841655834, 0.03263530150735364, 0.033606764937046466, 0.034593095597664145, 0.03536350794006898, 0.035930760474075646, 0.03631257033147624, 0.03661317474198803, 0.03688385713543919, 0.03738127616234113, 0.037934719347479336, 0.03858163380471939, 0.03921882339006296, 0.03999131852533767, 0.04074980907886149, 0.04127472956039594, 0.04151563832077664, 0.04151964454301027, 0.04123464219442919, 0.04096829512038153, 0.04056460486818273, 0.04028281736824196, 0.04000166841569801, 0.03919762289117317, 0.037812479337396496, 0.03622310391275238, 0.03453579653228067, 0.0330206041779641, 0.031565009966306234, 0.03054064037737075, 0.029904305612678588, 0.029394155816597912, 0.028896840658953926, 0.02825322628704274, 0.027685220830545497, 0.02666364029859006, 0.025486033827772144, 0.02414387260068274, 0.023028867611909868, 0.022681878550084772, 0.02299235797660897, 0.02387546679328945, 0.024738332374206702, 0.025547718436096926, 0.026640938816603423, 0.02759836215880636, 0.028240938725365098, 0.028199955208514017, 0.028168175430310402, 0.02767018559717724, 0.027414861073674215, 0.027239233260695786, 0.0274939869379551, 0.027874761581110984, 0.02868161073982207, 0.029514734605865275, 0.030345172291974937, 0.031248268714928727, 0.032298002681611045, 0.033509628354587276, 0.0348066615601669, 0.03569061118903811, 0.03631377821401384, 0.03654105211474412, 0.03646788532881584, 0.03572808397059345, 0.03427781350345514, 0.03309813106562172, 0.031639416134799855, 0.02970329439236902, 0.027599049067936567, 0.02603054913364457, 0.024090316372098155, 0.02220132238001286, 0.02051452966091278, 0.019044426362309692, 0.017805605247084858, 0.01643252777018217, 0.01523003850809785, 0.01424180324883461, 0.013706552220618947, 0.0130880570946912, 0.012988920737072255, 0.013178248200839212, 0.013386796436950147, 0.01359897371732897, 0.01439195864266014, 0.015495810506657983, 0.016686507754200334, 0.01807173050136072, 0.019341411872889052, 0.020370802976522343, 0.0213787239197115, 0.02262888584538598, 0.02401686851684336, 0.025523335513576738, 0.026670410326906566, 0.02758824337325398, 0.02810647098585074, 0.028219175888028712, 0.02804128716256827, 0.027840212128430745, 0.02799079668741686, 0.027988272685847155, 0.02831306909632167, 0.028434723397990712, 0.0285549391753426, 0.02832607944879636, 0.02800347501499142, 0.027460301198426997, 0.02681840364884072, 0.026203190519756815, 0.02552364346313934, 0.024940794741503684, 0.024553643852497812, 0.024009602077058226, 0.023587486328410737, 0.023053226444370627, 0.02237349941244249, 0.021247392964358097, 0.01948489409103017, 0.01759577829009665, 0.015969918059865678, 0.014849832783247986, 0.014164911869984548, 0.013546042864334782, 0.01328357500957488, 0.012905521640083246, 0.012806686101790404, 0.01256569256360443, 0.01270015008783326, 0.013333718053885597, 0.014364706842779438, 0.015230812921928084, 0.016214173123414017, 0.017422309714956504, 0.01848297873673576, 0.019690103784110968, 0.02062988015396428, 0.021304326954883004, 0.021542023987470748, 0.021445001132587415, 0.02128479356968176, 0.021154257299581803, 0.020548768777841446, 0.020419411659703072, 0.020346908766621045, 0.02018386842926173, 0.020060715556614095, 0.019970155121820186, 0.019905412966441507, 0.019860328269953802, 0.019689549628068632, 0.019110038324468673, 0.018401772510693467, 0.01773443768827515, 0.01691379473734185, 0.0163889904882787, 0.015891976533507178, 0.015695148472402557, 0.015634975895130635, 0.01548249397414641, 0.015250362203767827, 0.01446715870868431, 0.013690714184349355, 0.013111437378948002, 0.01280400987898366, 0.012789088065484542, 0.012885508256999974, 0.012645414791893052, 0.012533763320360268, 0.01300792748125149, 0.014045480441271196, 0.015593406388961941, 0.017496649938682926, 0.01947963017829757, 0.021814960986639112, 0.0244888991790445, 0.027455202671237973, 0.030462142682767764, 0.03347516022004274, 0.03632355277573078, 0.03911728575744543, 0.041489125175428104, 0.043617926344794986, 0.04507509866910146, 0.045973158335007626, 0.046666313335408376, 0.047747911364257295, 0.04910015737076979, 0.051170936172887156, 0.05323921785426519, 0.05484930583024696, 0.05598397968583077, 0.056516639752925084, 0.05678375349578094, 0.05655312215346535, 0.05709318659280136, 0.05753330561326649, 0.05822424761198231, 0.05856641837777238, 0.058663546697002605, 0.05829520111627496, 0.058019458378357286, 0.05786276302771312, 0.057678835712609886, 0.05721489013034267, 0.05620972754199197, 0.05488023496470325, 0.05291870088860013, 0.05085359195424363, 0.04836971777146554, 0.045888993393773454, 0.04332790860019442, 0.040721243397433354, 0.03815348906679705, 0.03609755066086763, 0.03431153121207709, 0.03269994312791247, 0.03113246913067769, 0.029533434333839276, 0.02779284963423818, 0.02581340528028532, 0.023636664296078556, 0.021032966406022018, 0.018298152858289164, 0.015471223173718233, 0.012975006021594128, 0.011476514573927241, 0.011190786613452559, 0.012013514795745658, 0.013192708648177051, 0.0146026096239084, 0.016627808096549106, 0.019288816219412905, 0.022115031993867204, 0.024956066779425322, 0.027947127033299147, 0.030317719296220055, 0.03213024736687776, 0.033908117916643665, 0.035613155393420214, 0.03695858371541455, 0.0370883147011733, 0.035844860180821725, 0.03331269225961453, 0.030127822662769057, 0.026675716455458534, 0.02305094507263966, 0.019294584365168215, 0.016588874620184203, 0.013459760460278334, 0.010513659470637583, 0.008184205378854309, 0.005908681970234855, 0.003908372487361734, 0.002250880846271649, 0.001837561814419065, 0.003902446460586522, 0.00649131804032715, 0.008842266053540701, 0.011337576744963709, 0.013847821453172829, 0.016241515374979285, 0.018506880743639053, 0.020753891025054552, 0.022854281545735794, 0.025177910908837288, 0.027764777035113285, 0.0302577363231247, 0.032552204835272186, 0.033962244268502154, 0.03530995724171245, 0.036795414568091225, 0.03840706162943578, 0.039993850675796264, 0.04133645030179679, 0.04211247094820217, 0.04239213751353172, 0.042192499106345205, 0.04200269786908514, 0.041897190162155235, 0.041830932940717325, 0.04166737666619139, 0.04206882264734189, 0.0426127097658282, 0.042895687146734904, 0.04300135533202284, 0.04249799814293581, 0.041897582995049115, 0.04072077112408416, 0.03927976254850985, 0.037331499513228325, 0.035889992777759706, 0.03456359233645024, 0.033243529781910974, 0.03199033675126687, 0.03059935779738079, 0.029272240636492235, 0.027900707354997015, 0.02654938414970694, 0.02543173352052397, 0.024311103096379235, 0.023065212419431085, 0.021685454855791198, 0.02041159885695607, 0.019056064221564174, 0.017656707279948437, 0.01626614648165674, 0.015012383850973622, 0.013603567963072178, 0.012189757837366814, 0.010674529938407772, 0.009407142987148039, 0.008344525906195775, 0.007439054007672372, 0.0072034584519923735, 0.007775010970036668, 0.009047582903156274, 0.010731538882415681, 0.01253460028234948, 0.014333543563369548, 0.016070624592636203, 0.017817726146123574, 0.019557256660804743, 0.02116824086555951, 0.022529303997840977, 0.023628588936546305, 0.02391411988476377, 0.02359656311707365, 0.022355277074164143, 0.020961866673625245, 0.018393580144489934, 0.015660552711922182, 0.013874328661167971, 0.01254026736778108, 0.011812131260623127, 0.010800298354986543, 0.00961805971638548, 0.008471507575266851, 0.007656757785702683, 0.006719580941926242, 0.0056999472982024405, 0.005125787188458596, 0.00504686530895439, 0.005697178935649704, 0.006245540782853768, 0.0070976650798796875, 0.007900543705723831, 0.008755370167568399, 0.009807746909975117, 0.011209592216881203, 0.01276960312030194, 0.014467251258771754, 0.015865855510978952, 0.01751794577394112, 0.01978728846519214, 0.022540086452385207, 0.024859037758439572, 0.02589623397823137, 0.02611181133516041, 0.026565850619759173, 0.0272557734372972, 0.02776644526036269, 0.02799937699621002, 0.02818388188652303, 0.02806005928616626, 0.028083982827741123, 0.02781538632605852, 0.027763976455106594, 0.028120518002563644, 0.028688559534023904, 0.029389365084960088, 0.030059907204608147, 0.03052096911154336, 0.031053468449087778, 0.03142000488428638, 0.03173833045042581, 0.031892653890475096, 0.03198060527161537, 0.031944507243272385, 0.03180892531117334, 0.03180195743523648, 0.03175983113429147, 0.03185651864929952, 0.032146459060636644, 0.032526908876218445, 0.033087790299913135, 0.03370146462957083, 0.0342847740780508, 0.0344768243549477, 0.03441738754137779, 0.034008301029805295]",0.014467251258771754,0.10133945737501954,0.0004088951179997413,0.014461471701279538,0.0,0.0,0.02535757230914637,0.10133945737501954,0.0004088951179997413,0.014461471701279538,9.024,1717635309.7455704,2024-06-06_10-55-09
0.5059,0.12144000000000002,0.40537305130654383,0.4046530959386917,0.12227831736176285,0.38952935870992267,0.5059,0.12144000000000002,0.381535363983706,0.4046530959386917,0.12227831736176285,0.38952935870992267,0.015865855510978952,"[0.011315756658919754, 0.012192407496521018, 0.01288995615295488, 0.01359963525141729, 0.014321891165186378, 0.015181047888625853, 0.01592941522152252, 0.01673874496494045, 0.01751440457689525, 0.01835087734908702, 0.019202544572813795, 0.020070622325609303, 0.02095627718778323, 0.02186061264947246, 0.022737260153569413, 0.023681097053535004, 0.024646250751560458, 0.025633386418693636, 0.02659237614956749, 0.027623542314219474, 0.0286250346734827, 0.029647102596467904, 0.03056454213255984, 0.031680305841655834, 0.03263530150735364, 0.033606764937046466, 0.034593095597664145, 0.03536350794006898, 0.035930760474075646, 0.03631257033147624, 0.03661317474198803, 0.03688385713543919, 0.03738127616234113, 0.037934719347479336, 0.03858163380471939, 0.03921882339006296, 0.03999131852533767, 0.04074980907886149, 0.04127472956039594, 0.04151563832077664, 0.04151964454301027, 0.04123464219442919, 0.04096829512038153, 0.04056460486818273, 0.04028281736824196, 0.04000166841569801, 0.03919762289117317, 0.037812479337396496, 0.03622310391275238, 0.03453579653228067, 0.0330206041779641, 0.031565009966306234, 0.03054064037737075, 0.029904305612678588, 0.029394155816597912, 0.028896840658953926, 0.02825322628704274, 0.027685220830545497, 0.02666364029859006, 0.025486033827772144, 0.02414387260068274, 0.023028867611909868, 0.022681878550084772, 0.02299235797660897, 0.02387546679328945, 0.024738332374206702, 0.025547718436096926, 0.026640938816603423, 0.02759836215880636, 0.028240938725365098, 0.028199955208514017, 0.028168175430310402, 0.02767018559717724, 0.027414861073674215, 0.027239233260695786, 0.0274939869379551, 0.027874761581110984, 0.02868161073982207, 0.029514734605865275, 0.030345172291974937, 0.031248268714928727, 0.032298002681611045, 0.033509628354587276, 0.0348066615601669, 0.03569061118903811, 0.03631377821401384, 0.03654105211474412, 0.03646788532881584, 0.03572808397059345, 0.03427781350345514, 0.03309813106562172, 0.031639416134799855, 0.02970329439236902, 0.027599049067936567, 0.02603054913364457, 0.024090316372098155, 0.02220132238001286, 0.02051452966091278, 0.019044426362309692, 0.017805605247084858, 0.01643252777018217, 0.01523003850809785, 0.01424180324883461, 0.013706552220618947, 0.0130880570946912, 0.012988920737072255, 0.013178248200839212, 0.013386796436950147, 0.01359897371732897, 0.01439195864266014, 0.015495810506657983, 0.016686507754200334, 0.01807173050136072, 0.019341411872889052, 0.020370802976522343, 0.0213787239197115, 0.02262888584538598, 0.02401686851684336, 0.025523335513576738, 0.026670410326906566, 0.02758824337325398, 0.02810647098585074, 0.028219175888028712, 0.02804128716256827, 0.027840212128430745, 0.02799079668741686, 0.027988272685847155, 0.02831306909632167, 0.028434723397990712, 0.0285549391753426, 0.02832607944879636, 0.02800347501499142, 0.027460301198426997, 0.02681840364884072, 0.026203190519756815, 0.02552364346313934, 0.024940794741503684, 0.024553643852497812, 0.024009602077058226, 0.023587486328410737, 0.023053226444370627, 0.02237349941244249, 0.021247392964358097, 0.01948489409103017, 0.01759577829009665, 0.015969918059865678, 0.014849832783247986, 0.014164911869984548, 0.013546042864334782, 0.01328357500957488, 0.012905521640083246, 0.012806686101790404, 0.01256569256360443, 0.01270015008783326, 0.013333718053885597, 0.014364706842779438, 0.015230812921928084, 0.016214173123414017, 0.017422309714956504, 0.01848297873673576, 0.019690103784110968, 0.02062988015396428, 0.021304326954883004, 0.021542023987470748, 0.021445001132587415, 0.02128479356968176, 0.021154257299581803, 0.020548768777841446, 0.020419411659703072, 0.020346908766621045, 0.02018386842926173, 0.020060715556614095, 0.019970155121820186, 0.019905412966441507, 0.019860328269953802, 0.019689549628068632, 0.019110038324468673, 0.018401772510693467, 0.01773443768827515, 0.01691379473734185, 0.0163889904882787, 0.015891976533507178, 0.015695148472402557, 0.015634975895130635, 0.01548249397414641, 0.015250362203767827, 0.01446715870868431, 0.013690714184349355, 0.013111437378948002, 0.01280400987898366, 0.012789088065484542, 0.012885508256999974, 0.012645414791893052, 0.012533763320360268, 0.01300792748125149, 0.014045480441271196, 0.015593406388961941, 0.017496649938682926, 0.01947963017829757, 0.021814960986639112, 0.0244888991790445, 0.027455202671237973, 0.030462142682767764, 0.03347516022004274, 0.03632355277573078, 0.03911728575744543, 0.041489125175428104, 0.043617926344794986, 0.04507509866910146, 0.045973158335007626, 0.046666313335408376, 0.047747911364257295, 0.04910015737076979, 0.051170936172887156, 0.05323921785426519, 0.05484930583024696, 0.05598397968583077, 0.056516639752925084, 0.05678375349578094, 0.05655312215346535, 0.05709318659280136, 0.05753330561326649, 0.05822424761198231, 0.05856641837777238, 0.058663546697002605, 0.05829520111627496, 0.058019458378357286, 0.05786276302771312, 0.057678835712609886, 0.05721489013034267, 0.05620972754199197, 0.05488023496470325, 0.05291870088860013, 0.05085359195424363, 0.04836971777146554, 0.045888993393773454, 0.04332790860019442, 0.040721243397433354, 0.03815348906679705, 0.03609755066086763, 0.03431153121207709, 0.03269994312791247, 0.03113246913067769, 0.029533434333839276, 0.02779284963423818, 0.02581340528028532, 0.023636664296078556, 0.021032966406022018, 0.018298152858289164, 0.015471223173718233, 0.012975006021594128, 0.011476514573927241, 0.011190786613452559, 0.012013514795745658, 0.013192708648177051, 0.0146026096239084, 0.016627808096549106, 0.019288816219412905, 0.022115031993867204, 0.024956066779425322, 0.027947127033299147, 0.030317719296220055, 0.03213024736687776, 0.033908117916643665, 0.035613155393420214, 0.03695858371541455, 0.0370883147011733, 0.035844860180821725, 0.03331269225961453, 0.030127822662769057, 0.026675716455458534, 0.02305094507263966, 0.019294584365168215, 0.016588874620184203, 0.013459760460278334, 0.010513659470637583, 0.008184205378854309, 0.005908681970234855, 0.003908372487361734, 0.002250880846271649, 0.001837561814419065, 0.003902446460586522, 0.00649131804032715, 0.008842266053540701, 0.011337576744963709, 0.013847821453172829, 0.016241515374979285, 0.018506880743639053, 0.020753891025054552, 0.022854281545735794, 0.025177910908837288, 0.027764777035113285, 0.0302577363231247, 0.032552204835272186, 0.033962244268502154, 0.03530995724171245, 0.036795414568091225, 0.03840706162943578, 0.039993850675796264, 0.04133645030179679, 0.04211247094820217, 0.04239213751353172, 0.042192499106345205, 0.04200269786908514, 0.041897190162155235, 0.041830932940717325, 0.04166737666619139, 0.04206882264734189, 0.0426127097658282, 0.042895687146734904, 0.04300135533202284, 0.04249799814293581, 0.041897582995049115, 0.04072077112408416, 0.03927976254850985, 0.037331499513228325, 0.035889992777759706, 0.03456359233645024, 0.033243529781910974, 0.03199033675126687, 0.03059935779738079, 0.029272240636492235, 0.027900707354997015, 0.02654938414970694, 0.02543173352052397, 0.024311103096379235, 0.023065212419431085, 0.021685454855791198, 0.02041159885695607, 0.019056064221564174, 0.017656707279948437, 0.01626614648165674, 0.015012383850973622, 0.013603567963072178, 0.012189757837366814, 0.010674529938407772, 0.009407142987148039, 0.008344525906195775, 0.007439054007672372, 0.0072034584519923735, 0.007775010970036668, 0.009047582903156274, 0.010731538882415681, 0.01253460028234948, 0.014333543563369548, 0.016070624592636203, 0.017817726146123574, 0.019557256660804743, 0.02116824086555951, 0.022529303997840977, 0.023628588936546305, 0.02391411988476377, 0.02359656311707365, 0.022355277074164143, 0.020961866673625245, 0.018393580144489934, 0.015660552711922182, 0.013874328661167971, 0.01254026736778108, 0.011812131260623127, 0.010800298354986543, 0.00961805971638548, 0.008471507575266851, 0.007656757785702683, 0.006719580941926242, 0.0056999472982024405, 0.005125787188458596, 0.00504686530895439, 0.005697178935649704, 0.006245540782853768, 0.0070976650798796875, 0.007900543705723831, 0.008755370167568399, 0.009807746909975117, 0.011209592216881203, 0.01276960312030194, 0.014467251258771754, 0.015865855510978952, 0.01751794577394112, 0.01978728846519214, 0.022540086452385207, 0.024859037758439572, 0.02589623397823137, 0.02611181133516041, 0.026565850619759173, 0.0272557734372972, 0.02776644526036269, 0.02799937699621002, 0.02818388188652303, 0.02806005928616626, 0.028083982827741123, 0.02781538632605852, 0.027763976455106594, 0.028120518002563644, 0.028688559534023904, 0.029389365084960088, 0.030059907204608147, 0.03052096911154336, 0.031053468449087778, 0.03142000488428638, 0.03173833045042581, 0.031892653890475096, 0.03198060527161537, 0.031944507243272385, 0.03180892531117334, 0.03180195743523648, 0.03175983113429147, 0.03185651864929952, 0.032146459060636644, 0.032526908876218445, 0.033087790299913135, 0.03370146462957083, 0.0342847740780508, 0.0344768243549477, 0.03441738754137779, 0.034008301029805295]",0.015865855510978952,0.10124690406130832,0.0008383173617628331,0.01584369259662116,0.0,0.0,0.02383768732283781,0.10124690406130832,0.0008383173617628331,0.01584369259662116,9.048,1717635309.7699747,2024-06-06_10-55-09
0.5059,0.12216000000000002,0.4062247771179754,0.4050493832674038,0.12525423064291857,0.38898226683474907,0.5059,0.12216000000000002,0.38390697478144603,0.4050493832674038,0.12525423064291857,0.38898226683474907,0.01751794577394112,"[0.011315756658919754, 0.012192407496521018, 0.01288995615295488, 0.01359963525141729, 0.014321891165186378, 0.015181047888625853, 0.01592941522152252, 0.01673874496494045, 0.01751440457689525, 0.01835087734908702, 0.019202544572813795, 0.020070622325609303, 0.02095627718778323, 0.02186061264947246, 0.022737260153569413, 0.023681097053535004, 0.024646250751560458, 0.025633386418693636, 0.02659237614956749, 0.027623542314219474, 0.0286250346734827, 0.029647102596467904, 0.03056454213255984, 0.031680305841655834, 0.03263530150735364, 0.033606764937046466, 0.034593095597664145, 0.03536350794006898, 0.035930760474075646, 0.03631257033147624, 0.03661317474198803, 0.03688385713543919, 0.03738127616234113, 0.037934719347479336, 0.03858163380471939, 0.03921882339006296, 0.03999131852533767, 0.04074980907886149, 0.04127472956039594, 0.04151563832077664, 0.04151964454301027, 0.04123464219442919, 0.04096829512038153, 0.04056460486818273, 0.04028281736824196, 0.04000166841569801, 0.03919762289117317, 0.037812479337396496, 0.03622310391275238, 0.03453579653228067, 0.0330206041779641, 0.031565009966306234, 0.03054064037737075, 0.029904305612678588, 0.029394155816597912, 0.028896840658953926, 0.02825322628704274, 0.027685220830545497, 0.02666364029859006, 0.025486033827772144, 0.02414387260068274, 0.023028867611909868, 0.022681878550084772, 0.02299235797660897, 0.02387546679328945, 0.024738332374206702, 0.025547718436096926, 0.026640938816603423, 0.02759836215880636, 0.028240938725365098, 0.028199955208514017, 0.028168175430310402, 0.02767018559717724, 0.027414861073674215, 0.027239233260695786, 0.0274939869379551, 0.027874761581110984, 0.02868161073982207, 0.029514734605865275, 0.030345172291974937, 0.031248268714928727, 0.032298002681611045, 0.033509628354587276, 0.0348066615601669, 0.03569061118903811, 0.03631377821401384, 0.03654105211474412, 0.03646788532881584, 0.03572808397059345, 0.03427781350345514, 0.03309813106562172, 0.031639416134799855, 0.02970329439236902, 0.027599049067936567, 0.02603054913364457, 0.024090316372098155, 0.02220132238001286, 0.02051452966091278, 0.019044426362309692, 0.017805605247084858, 0.01643252777018217, 0.01523003850809785, 0.01424180324883461, 0.013706552220618947, 0.0130880570946912, 0.012988920737072255, 0.013178248200839212, 0.013386796436950147, 0.01359897371732897, 0.01439195864266014, 0.015495810506657983, 0.016686507754200334, 0.01807173050136072, 0.019341411872889052, 0.020370802976522343, 0.0213787239197115, 0.02262888584538598, 0.02401686851684336, 0.025523335513576738, 0.026670410326906566, 0.02758824337325398, 0.02810647098585074, 0.028219175888028712, 0.02804128716256827, 0.027840212128430745, 0.02799079668741686, 0.027988272685847155, 0.02831306909632167, 0.028434723397990712, 0.0285549391753426, 0.02832607944879636, 0.02800347501499142, 0.027460301198426997, 0.02681840364884072, 0.026203190519756815, 0.02552364346313934, 0.024940794741503684, 0.024553643852497812, 0.024009602077058226, 0.023587486328410737, 0.023053226444370627, 0.02237349941244249, 0.021247392964358097, 0.01948489409103017, 0.01759577829009665, 0.015969918059865678, 0.014849832783247986, 0.014164911869984548, 0.013546042864334782, 0.01328357500957488, 0.012905521640083246, 0.012806686101790404, 0.01256569256360443, 0.01270015008783326, 0.013333718053885597, 0.014364706842779438, 0.015230812921928084, 0.016214173123414017, 0.017422309714956504, 0.01848297873673576, 0.019690103784110968, 0.02062988015396428, 0.021304326954883004, 0.021542023987470748, 0.021445001132587415, 0.02128479356968176, 0.021154257299581803, 0.020548768777841446, 0.020419411659703072, 0.020346908766621045, 0.02018386842926173, 0.020060715556614095, 0.019970155121820186, 0.019905412966441507, 0.019860328269953802, 0.019689549628068632, 0.019110038324468673, 0.018401772510693467, 0.01773443768827515, 0.01691379473734185, 0.0163889904882787, 0.015891976533507178, 0.015695148472402557, 0.015634975895130635, 0.01548249397414641, 0.015250362203767827, 0.01446715870868431, 0.013690714184349355, 0.013111437378948002, 0.01280400987898366, 0.012789088065484542, 0.012885508256999974, 0.012645414791893052, 0.012533763320360268, 0.01300792748125149, 0.014045480441271196, 0.015593406388961941, 0.017496649938682926, 0.01947963017829757, 0.021814960986639112, 0.0244888991790445, 0.027455202671237973, 0.030462142682767764, 0.03347516022004274, 0.03632355277573078, 0.03911728575744543, 0.041489125175428104, 0.043617926344794986, 0.04507509866910146, 0.045973158335007626, 0.046666313335408376, 0.047747911364257295, 0.04910015737076979, 0.051170936172887156, 0.05323921785426519, 0.05484930583024696, 0.05598397968583077, 0.056516639752925084, 0.05678375349578094, 0.05655312215346535, 0.05709318659280136, 0.05753330561326649, 0.05822424761198231, 0.05856641837777238, 0.058663546697002605, 0.05829520111627496, 0.058019458378357286, 0.05786276302771312, 0.057678835712609886, 0.05721489013034267, 0.05620972754199197, 0.05488023496470325, 0.05291870088860013, 0.05085359195424363, 0.04836971777146554, 0.045888993393773454, 0.04332790860019442, 0.040721243397433354, 0.03815348906679705, 0.03609755066086763, 0.03431153121207709, 0.03269994312791247, 0.03113246913067769, 0.029533434333839276, 0.02779284963423818, 0.02581340528028532, 0.023636664296078556, 0.021032966406022018, 0.018298152858289164, 0.015471223173718233, 0.012975006021594128, 0.011476514573927241, 0.011190786613452559, 0.012013514795745658, 0.013192708648177051, 0.0146026096239084, 0.016627808096549106, 0.019288816219412905, 0.022115031993867204, 0.024956066779425322, 0.027947127033299147, 0.030317719296220055, 0.03213024736687776, 0.033908117916643665, 0.035613155393420214, 0.03695858371541455, 0.0370883147011733, 0.035844860180821725, 0.03331269225961453, 0.030127822662769057, 0.026675716455458534, 0.02305094507263966, 0.019294584365168215, 0.016588874620184203, 0.013459760460278334, 0.010513659470637583, 0.008184205378854309, 0.005908681970234855, 0.003908372487361734, 0.002250880846271649, 0.001837561814419065, 0.003902446460586522, 0.00649131804032715, 0.008842266053540701, 0.011337576744963709, 0.013847821453172829, 0.016241515374979285, 0.018506880743639053, 0.020753891025054552, 0.022854281545735794, 0.025177910908837288, 0.027764777035113285, 0.0302577363231247, 0.032552204835272186, 0.033962244268502154, 0.03530995724171245, 0.036795414568091225, 0.03840706162943578, 0.039993850675796264, 0.04133645030179679, 0.04211247094820217, 0.04239213751353172, 0.042192499106345205, 0.04200269786908514, 0.041897190162155235, 0.041830932940717325, 0.04166737666619139, 0.04206882264734189, 0.0426127097658282, 0.042895687146734904, 0.04300135533202284, 0.04249799814293581, 0.041897582995049115, 0.04072077112408416, 0.03927976254850985, 0.037331499513228325, 0.035889992777759706, 0.03456359233645024, 0.033243529781910974, 0.03199033675126687, 0.03059935779738079, 0.029272240636492235, 0.027900707354997015, 0.02654938414970694, 0.02543173352052397, 0.024311103096379235, 0.023065212419431085, 0.021685454855791198, 0.02041159885695607, 0.019056064221564174, 0.017656707279948437, 0.01626614648165674, 0.015012383850973622, 0.013603567963072178, 0.012189757837366814, 0.010674529938407772, 0.009407142987148039, 0.008344525906195775, 0.007439054007672372, 0.0072034584519923735, 0.007775010970036668, 0.009047582903156274, 0.010731538882415681, 0.01253460028234948, 0.014333543563369548, 0.016070624592636203, 0.017817726146123574, 0.019557256660804743, 0.02116824086555951, 0.022529303997840977, 0.023628588936546305, 0.02391411988476377, 0.02359656311707365, 0.022355277074164143, 0.020961866673625245, 0.018393580144489934, 0.015660552711922182, 0.013874328661167971, 0.01254026736778108, 0.011812131260623127, 0.010800298354986543, 0.00961805971638548, 0.008471507575266851, 0.007656757785702683, 0.006719580941926242, 0.0056999472982024405, 0.005125787188458596, 0.00504686530895439, 0.005697178935649704, 0.006245540782853768, 0.0070976650798796875, 0.007900543705723831, 0.008755370167568399, 0.009807746909975117, 0.011209592216881203, 0.01276960312030194, 0.014467251258771754, 0.015865855510978952, 0.01751794577394112, 0.01978728846519214, 0.022540086452385207, 0.024859037758439572, 0.02589623397823137, 0.02611181133516041, 0.026565850619759173, 0.0272557734372972, 0.02776644526036269, 0.02799937699621002, 0.02818388188652303, 0.02806005928616626, 0.028083982827741123, 0.02781538632605852, 0.027763976455106594, 0.028120518002563644, 0.028688559534023904, 0.029389365084960088, 0.030059907204608147, 0.03052096911154336, 0.031053468449087778, 0.03142000488428638, 0.03173833045042581, 0.031892653890475096, 0.03198060527161537, 0.031944507243272385, 0.03180892531117334, 0.03180195743523648, 0.03175983113429147, 0.03185651864929952, 0.032146459060636644, 0.032526908876218445, 0.033087790299913135, 0.03370146462957083, 0.0342847740780508, 0.0344768243549477, 0.03441738754137779, 0.034008301029805295]",0.01751794577394112,0.10085061673259621,0.003094230642918555,0.01724251028322632,0.0,0.0,0.022317802336529358,0.10085061673259621,0.003094230642918555,0.01724251028322632,9.072,1717635309.796857,2024-06-06_10-55-09
0.5059,0.12287999999999996,0.40712038876820245,0.40581826482712224,0.12919941584305156,0.3883693416452465,0.5059,0.12287999999999996,0.3863224714179816,0.40581826482712224,0.12919941584305156,0.3883693416452465,0.01978728846519214,"[0.011315756658919754, 0.012192407496521018, 0.01288995615295488, 0.01359963525141729, 0.014321891165186378, 0.015181047888625853, 0.01592941522152252, 0.01673874496494045, 0.01751440457689525, 0.01835087734908702, 0.019202544572813795, 0.020070622325609303, 0.02095627718778323, 0.02186061264947246, 0.022737260153569413, 0.023681097053535004, 0.024646250751560458, 0.025633386418693636, 0.02659237614956749, 0.027623542314219474, 0.0286250346734827, 0.029647102596467904, 0.03056454213255984, 0.031680305841655834, 0.03263530150735364, 0.033606764937046466, 0.034593095597664145, 0.03536350794006898, 0.035930760474075646, 0.03631257033147624, 0.03661317474198803, 0.03688385713543919, 0.03738127616234113, 0.037934719347479336, 0.03858163380471939, 0.03921882339006296, 0.03999131852533767, 0.04074980907886149, 0.04127472956039594, 0.04151563832077664, 0.04151964454301027, 0.04123464219442919, 0.04096829512038153, 0.04056460486818273, 0.04028281736824196, 0.04000166841569801, 0.03919762289117317, 0.037812479337396496, 0.03622310391275238, 0.03453579653228067, 0.0330206041779641, 0.031565009966306234, 0.03054064037737075, 0.029904305612678588, 0.029394155816597912, 0.028896840658953926, 0.02825322628704274, 0.027685220830545497, 0.02666364029859006, 0.025486033827772144, 0.02414387260068274, 0.023028867611909868, 0.022681878550084772, 0.02299235797660897, 0.02387546679328945, 0.024738332374206702, 0.025547718436096926, 0.026640938816603423, 0.02759836215880636, 0.028240938725365098, 0.028199955208514017, 0.028168175430310402, 0.02767018559717724, 0.027414861073674215, 0.027239233260695786, 0.0274939869379551, 0.027874761581110984, 0.02868161073982207, 0.029514734605865275, 0.030345172291974937, 0.031248268714928727, 0.032298002681611045, 0.033509628354587276, 0.0348066615601669, 0.03569061118903811, 0.03631377821401384, 0.03654105211474412, 0.03646788532881584, 0.03572808397059345, 0.03427781350345514, 0.03309813106562172, 0.031639416134799855, 0.02970329439236902, 0.027599049067936567, 0.02603054913364457, 0.024090316372098155, 0.02220132238001286, 0.02051452966091278, 0.019044426362309692, 0.017805605247084858, 0.01643252777018217, 0.01523003850809785, 0.01424180324883461, 0.013706552220618947, 0.0130880570946912, 0.012988920737072255, 0.013178248200839212, 0.013386796436950147, 0.01359897371732897, 0.01439195864266014, 0.015495810506657983, 0.016686507754200334, 0.01807173050136072, 0.019341411872889052, 0.020370802976522343, 0.0213787239197115, 0.02262888584538598, 0.02401686851684336, 0.025523335513576738, 0.026670410326906566, 0.02758824337325398, 0.02810647098585074, 0.028219175888028712, 0.02804128716256827, 0.027840212128430745, 0.02799079668741686, 0.027988272685847155, 0.02831306909632167, 0.028434723397990712, 0.0285549391753426, 0.02832607944879636, 0.02800347501499142, 0.027460301198426997, 0.02681840364884072, 0.026203190519756815, 0.02552364346313934, 0.024940794741503684, 0.024553643852497812, 0.024009602077058226, 0.023587486328410737, 0.023053226444370627, 0.02237349941244249, 0.021247392964358097, 0.01948489409103017, 0.01759577829009665, 0.015969918059865678, 0.014849832783247986, 0.014164911869984548, 0.013546042864334782, 0.01328357500957488, 0.012905521640083246, 0.012806686101790404, 0.01256569256360443, 0.01270015008783326, 0.013333718053885597, 0.014364706842779438, 0.015230812921928084, 0.016214173123414017, 0.017422309714956504, 0.01848297873673576, 0.019690103784110968, 0.02062988015396428, 0.021304326954883004, 0.021542023987470748, 0.021445001132587415, 0.02128479356968176, 0.021154257299581803, 0.020548768777841446, 0.020419411659703072, 0.020346908766621045, 0.02018386842926173, 0.020060715556614095, 0.019970155121820186, 0.019905412966441507, 0.019860328269953802, 0.019689549628068632, 0.019110038324468673, 0.018401772510693467, 0.01773443768827515, 0.01691379473734185, 0.0163889904882787, 0.015891976533507178, 0.015695148472402557, 0.015634975895130635, 0.01548249397414641, 0.015250362203767827, 0.01446715870868431, 0.013690714184349355, 0.013111437378948002, 0.01280400987898366, 0.012789088065484542, 0.012885508256999974, 0.012645414791893052, 0.012533763320360268, 0.01300792748125149, 0.014045480441271196, 0.015593406388961941, 0.017496649938682926, 0.01947963017829757, 0.021814960986639112, 0.0244888991790445, 0.027455202671237973, 0.030462142682767764, 0.03347516022004274, 0.03632355277573078, 0.03911728575744543, 0.041489125175428104, 0.043617926344794986, 0.04507509866910146, 0.045973158335007626, 0.046666313335408376, 0.047747911364257295, 0.04910015737076979, 0.051170936172887156, 0.05323921785426519, 0.05484930583024696, 0.05598397968583077, 0.056516639752925084, 0.05678375349578094, 0.05655312215346535, 0.05709318659280136, 0.05753330561326649, 0.05822424761198231, 0.05856641837777238, 0.058663546697002605, 0.05829520111627496, 0.058019458378357286, 0.05786276302771312, 0.057678835712609886, 0.05721489013034267, 0.05620972754199197, 0.05488023496470325, 0.05291870088860013, 0.05085359195424363, 0.04836971777146554, 0.045888993393773454, 0.04332790860019442, 0.040721243397433354, 0.03815348906679705, 0.03609755066086763, 0.03431153121207709, 0.03269994312791247, 0.03113246913067769, 0.029533434333839276, 0.02779284963423818, 0.02581340528028532, 0.023636664296078556, 0.021032966406022018, 0.018298152858289164, 0.015471223173718233, 0.012975006021594128, 0.011476514573927241, 0.011190786613452559, 0.012013514795745658, 0.013192708648177051, 0.0146026096239084, 0.016627808096549106, 0.019288816219412905, 0.022115031993867204, 0.024956066779425322, 0.027947127033299147, 0.030317719296220055, 0.03213024736687776, 0.033908117916643665, 0.035613155393420214, 0.03695858371541455, 0.0370883147011733, 0.035844860180821725, 0.03331269225961453, 0.030127822662769057, 0.026675716455458534, 0.02305094507263966, 0.019294584365168215, 0.016588874620184203, 0.013459760460278334, 0.010513659470637583, 0.008184205378854309, 0.005908681970234855, 0.003908372487361734, 0.002250880846271649, 0.001837561814419065, 0.003902446460586522, 0.00649131804032715, 0.008842266053540701, 0.011337576744963709, 0.013847821453172829, 0.016241515374979285, 0.018506880743639053, 0.020753891025054552, 0.022854281545735794, 0.025177910908837288, 0.027764777035113285, 0.0302577363231247, 0.032552204835272186, 0.033962244268502154, 0.03530995724171245, 0.036795414568091225, 0.03840706162943578, 0.039993850675796264, 0.04133645030179679, 0.04211247094820217, 0.04239213751353172, 0.042192499106345205, 0.04200269786908514, 0.041897190162155235, 0.041830932940717325, 0.04166737666619139, 0.04206882264734189, 0.0426127097658282, 0.042895687146734904, 0.04300135533202284, 0.04249799814293581, 0.041897582995049115, 0.04072077112408416, 0.03927976254850985, 0.037331499513228325, 0.035889992777759706, 0.03456359233645024, 0.033243529781910974, 0.03199033675126687, 0.03059935779738079, 0.029272240636492235, 0.027900707354997015, 0.02654938414970694, 0.02543173352052397, 0.024311103096379235, 0.023065212419431085, 0.021685454855791198, 0.02041159885695607, 0.019056064221564174, 0.017656707279948437, 0.01626614648165674, 0.015012383850973622, 0.013603567963072178, 0.012189757837366814, 0.010674529938407772, 0.009407142987148039, 0.008344525906195775, 0.007439054007672372, 0.0072034584519923735, 0.007775010970036668, 0.009047582903156274, 0.010731538882415681, 0.01253460028234948, 0.014333543563369548, 0.016070624592636203, 0.017817726146123574, 0.019557256660804743, 0.02116824086555951, 0.022529303997840977, 0.023628588936546305, 0.02391411988476377, 0.02359656311707365, 0.022355277074164143, 0.020961866673625245, 0.018393580144489934, 0.015660552711922182, 0.013874328661167971, 0.01254026736778108, 0.011812131260623127, 0.010800298354986543, 0.00961805971638548, 0.008471507575266851, 0.007656757785702683, 0.006719580941926242, 0.0056999472982024405, 0.005125787188458596, 0.00504686530895439, 0.005697178935649704, 0.006245540782853768, 0.0070976650798796875, 0.007900543705723831, 0.008755370167568399, 0.009807746909975117, 0.011209592216881203, 0.01276960312030194, 0.014467251258771754, 0.015865855510978952, 0.01751794577394112, 0.01978728846519214, 0.022540086452385207, 0.024859037758439572, 0.02589623397823137, 0.02611181133516041, 0.026565850619759173, 0.0272557734372972, 0.02776644526036269, 0.02799937699621002, 0.02818388188652303, 0.02806005928616626, 0.028083982827741123, 0.02781538632605852, 0.027763976455106594, 0.028120518002563644, 0.028688559534023904, 0.029389365084960088, 0.030059907204608147, 0.03052096911154336, 0.031053468449087778, 0.03142000488428638, 0.03173833045042581, 0.031892653890475096, 0.03198060527161537, 0.031944507243272385, 0.03180892531117334, 0.03180195743523648, 0.03175983113429147, 0.03185651864929952, 0.032146459060636644, 0.032526908876218445, 0.033087790299913135, 0.03370146462957083, 0.0342847740780508, 0.0344768243549477, 0.03441738754137779, 0.034008301029805295]",0.01978728846519214,0.10008173517287777,0.006319415843051596,0.018751047122955944,0.0,0.0,0.02079791735022085,0.10008173517287777,0.006319415843051596,0.018751047122955944,9.096,1717635309.8170042,2024-06-06_10-55-09
0.5059,0.12360000000000002,0.4080543228732508,0.40635247209500275,0.13362180978134322,0.3878647506641233,0.5059,0.12360000000000002,0.3888978917857456,0.40635247209500275,0.13362180978134322,0.3878647506641233,0.022540086452385207,"[0.011315756658919754, 0.012192407496521018, 0.01288995615295488, 0.01359963525141729, 0.014321891165186378, 0.015181047888625853, 0.01592941522152252, 0.01673874496494045, 0.01751440457689525, 0.01835087734908702, 0.019202544572813795, 0.020070622325609303, 0.02095627718778323, 0.02186061264947246, 0.022737260153569413, 0.023681097053535004, 0.024646250751560458, 0.025633386418693636, 0.02659237614956749, 0.027623542314219474, 0.0286250346734827, 0.029647102596467904, 0.03056454213255984, 0.031680305841655834, 0.03263530150735364, 0.033606764937046466, 0.034593095597664145, 0.03536350794006898, 0.035930760474075646, 0.03631257033147624, 0.03661317474198803, 0.03688385713543919, 0.03738127616234113, 0.037934719347479336, 0.03858163380471939, 0.03921882339006296, 0.03999131852533767, 0.04074980907886149, 0.04127472956039594, 0.04151563832077664, 0.04151964454301027, 0.04123464219442919, 0.04096829512038153, 0.04056460486818273, 0.04028281736824196, 0.04000166841569801, 0.03919762289117317, 0.037812479337396496, 0.03622310391275238, 0.03453579653228067, 0.0330206041779641, 0.031565009966306234, 0.03054064037737075, 0.029904305612678588, 0.029394155816597912, 0.028896840658953926, 0.02825322628704274, 0.027685220830545497, 0.02666364029859006, 0.025486033827772144, 0.02414387260068274, 0.023028867611909868, 0.022681878550084772, 0.02299235797660897, 0.02387546679328945, 0.024738332374206702, 0.025547718436096926, 0.026640938816603423, 0.02759836215880636, 0.028240938725365098, 0.028199955208514017, 0.028168175430310402, 0.02767018559717724, 0.027414861073674215, 0.027239233260695786, 0.0274939869379551, 0.027874761581110984, 0.02868161073982207, 0.029514734605865275, 0.030345172291974937, 0.031248268714928727, 0.032298002681611045, 0.033509628354587276, 0.0348066615601669, 0.03569061118903811, 0.03631377821401384, 0.03654105211474412, 0.03646788532881584, 0.03572808397059345, 0.03427781350345514, 0.03309813106562172, 0.031639416134799855, 0.02970329439236902, 0.027599049067936567, 0.02603054913364457, 0.024090316372098155, 0.02220132238001286, 0.02051452966091278, 0.019044426362309692, 0.017805605247084858, 0.01643252777018217, 0.01523003850809785, 0.01424180324883461, 0.013706552220618947, 0.0130880570946912, 0.012988920737072255, 0.013178248200839212, 0.013386796436950147, 0.01359897371732897, 0.01439195864266014, 0.015495810506657983, 0.016686507754200334, 0.01807173050136072, 0.019341411872889052, 0.020370802976522343, 0.0213787239197115, 0.02262888584538598, 0.02401686851684336, 0.025523335513576738, 0.026670410326906566, 0.02758824337325398, 0.02810647098585074, 0.028219175888028712, 0.02804128716256827, 0.027840212128430745, 0.02799079668741686, 0.027988272685847155, 0.02831306909632167, 0.028434723397990712, 0.0285549391753426, 0.02832607944879636, 0.02800347501499142, 0.027460301198426997, 0.02681840364884072, 0.026203190519756815, 0.02552364346313934, 0.024940794741503684, 0.024553643852497812, 0.024009602077058226, 0.023587486328410737, 0.023053226444370627, 0.02237349941244249, 0.021247392964358097, 0.01948489409103017, 0.01759577829009665, 0.015969918059865678, 0.014849832783247986, 0.014164911869984548, 0.013546042864334782, 0.01328357500957488, 0.012905521640083246, 0.012806686101790404, 0.01256569256360443, 0.01270015008783326, 0.013333718053885597, 0.014364706842779438, 0.015230812921928084, 0.016214173123414017, 0.017422309714956504, 0.01848297873673576, 0.019690103784110968, 0.02062988015396428, 0.021304326954883004, 0.021542023987470748, 0.021445001132587415, 0.02128479356968176, 0.021154257299581803, 0.020548768777841446, 0.020419411659703072, 0.020346908766621045, 0.02018386842926173, 0.020060715556614095, 0.019970155121820186, 0.019905412966441507, 0.019860328269953802, 0.019689549628068632, 0.019110038324468673, 0.018401772510693467, 0.01773443768827515, 0.01691379473734185, 0.0163889904882787, 0.015891976533507178, 0.015695148472402557, 0.015634975895130635, 0.01548249397414641, 0.015250362203767827, 0.01446715870868431, 0.013690714184349355, 0.013111437378948002, 0.01280400987898366, 0.012789088065484542, 0.012885508256999974, 0.012645414791893052, 0.012533763320360268, 0.01300792748125149, 0.014045480441271196, 0.015593406388961941, 0.017496649938682926, 0.01947963017829757, 0.021814960986639112, 0.0244888991790445, 0.027455202671237973, 0.030462142682767764, 0.03347516022004274, 0.03632355277573078, 0.03911728575744543, 0.041489125175428104, 0.043617926344794986, 0.04507509866910146, 0.045973158335007626, 0.046666313335408376, 0.047747911364257295, 0.04910015737076979, 0.051170936172887156, 0.05323921785426519, 0.05484930583024696, 0.05598397968583077, 0.056516639752925084, 0.05678375349578094, 0.05655312215346535, 0.05709318659280136, 0.05753330561326649, 0.05822424761198231, 0.05856641837777238, 0.058663546697002605, 0.05829520111627496, 0.058019458378357286, 0.05786276302771312, 0.057678835712609886, 0.05721489013034267, 0.05620972754199197, 0.05488023496470325, 0.05291870088860013, 0.05085359195424363, 0.04836971777146554, 0.045888993393773454, 0.04332790860019442, 0.040721243397433354, 0.03815348906679705, 0.03609755066086763, 0.03431153121207709, 0.03269994312791247, 0.03113246913067769, 0.029533434333839276, 0.02779284963423818, 0.02581340528028532, 0.023636664296078556, 0.021032966406022018, 0.018298152858289164, 0.015471223173718233, 0.012975006021594128, 0.011476514573927241, 0.011190786613452559, 0.012013514795745658, 0.013192708648177051, 0.0146026096239084, 0.016627808096549106, 0.019288816219412905, 0.022115031993867204, 0.024956066779425322, 0.027947127033299147, 0.030317719296220055, 0.03213024736687776, 0.033908117916643665, 0.035613155393420214, 0.03695858371541455, 0.0370883147011733, 0.035844860180821725, 0.03331269225961453, 0.030127822662769057, 0.026675716455458534, 0.02305094507263966, 0.019294584365168215, 0.016588874620184203, 0.013459760460278334, 0.010513659470637583, 0.008184205378854309, 0.005908681970234855, 0.003908372487361734, 0.002250880846271649, 0.001837561814419065, 0.003902446460586522, 0.00649131804032715, 0.008842266053540701, 0.011337576744963709, 0.013847821453172829, 0.016241515374979285, 0.018506880743639053, 0.020753891025054552, 0.022854281545735794, 0.025177910908837288, 0.027764777035113285, 0.0302577363231247, 0.032552204835272186, 0.033962244268502154, 0.03530995724171245, 0.036795414568091225, 0.03840706162943578, 0.039993850675796264, 0.04133645030179679, 0.04211247094820217, 0.04239213751353172, 0.042192499106345205, 0.04200269786908514, 0.041897190162155235, 0.041830932940717325, 0.04166737666619139, 0.04206882264734189, 0.0426127097658282, 0.042895687146734904, 0.04300135533202284, 0.04249799814293581, 0.041897582995049115, 0.04072077112408416, 0.03927976254850985, 0.037331499513228325, 0.035889992777759706, 0.03456359233645024, 0.033243529781910974, 0.03199033675126687, 0.03059935779738079, 0.029272240636492235, 0.027900707354997015, 0.02654938414970694, 0.02543173352052397, 0.024311103096379235, 0.023065212419431085, 0.021685454855791198, 0.02041159885695607, 0.019056064221564174, 0.017656707279948437, 0.01626614648165674, 0.015012383850973622, 0.013603567963072178, 0.012189757837366814, 0.010674529938407772, 0.009407142987148039, 0.008344525906195775, 0.007439054007672372, 0.0072034584519923735, 0.007775010970036668, 0.009047582903156274, 0.010731538882415681, 0.01253460028234948, 0.014333543563369548, 0.016070624592636203, 0.017817726146123574, 0.019557256660804743, 0.02116824086555951, 0.022529303997840977, 0.023628588936546305, 0.02391411988476377, 0.02359656311707365, 0.022355277074164143, 0.020961866673625245, 0.018393580144489934, 0.015660552711922182, 0.013874328661167971, 0.01254026736778108, 0.011812131260623127, 0.010800298354986543, 0.00961805971638548, 0.008471507575266851, 0.007656757785702683, 0.006719580941926242, 0.0056999472982024405, 0.005125787188458596, 0.00504686530895439, 0.005697178935649704, 0.006245540782853768, 0.0070976650798796875, 0.007900543705723831, 0.008755370167568399, 0.009807746909975117, 0.011209592216881203, 0.01276960312030194, 0.014467251258771754, 0.015865855510978952, 0.01751794577394112, 0.01978728846519214, 0.022540086452385207, 0.024859037758439572, 0.02589623397823137, 0.02611181133516041, 0.026565850619759173, 0.0272557734372972, 0.02776644526036269, 0.02799937699621002, 0.02818388188652303, 0.02806005928616626, 0.028083982827741123, 0.02781538632605852, 0.027763976455106594, 0.028120518002563644, 0.028688559534023904, 0.029389365084960088, 0.030059907204608147, 0.03052096911154336, 0.031053468449087778, 0.03142000488428638, 0.03173833045042581, 0.031892653890475096, 0.03198060527161537, 0.031944507243272385, 0.03180892531117334, 0.03180195743523648, 0.03175983113429147, 0.03185651864929952, 0.032146459060636644, 0.032526908876218445, 0.033087790299913135, 0.03370146462957083, 0.0342847740780508, 0.0344768243549477, 0.03441738754137779, 0.034008301029805295]",0.022540086452385207,0.09954752790499727,0.010021809781343205,0.020189572209127482,0.0,0.0,0.0191564310875052,0.09954752790499727,0.010021809781343205,0.020189572209127482,9.120000000000001,1717635309.8409746,2024-06-06_10-55-09
0.5059,0.12431999999999996,0.40902099069494324,0.40648129300379926,0.13782099747639304,0.38814768656220106,0.5059,0.12431999999999996,0.391530366125435,0.40648129300379926,0.13782099747639304,0.38814768656220106,0.024859037758439572,"[0.011315756658919754, 0.012192407496521018, 0.01288995615295488, 0.01359963525141729, 0.014321891165186378, 0.015181047888625853, 0.01592941522152252, 0.01673874496494045, 0.01751440457689525, 0.01835087734908702, 0.019202544572813795, 0.020070622325609303, 0.02095627718778323, 0.02186061264947246, 0.022737260153569413, 0.023681097053535004, 0.024646250751560458, 0.025633386418693636, 0.02659237614956749, 0.027623542314219474, 0.0286250346734827, 0.029647102596467904, 0.03056454213255984, 0.031680305841655834, 0.03263530150735364, 0.033606764937046466, 0.034593095597664145, 0.03536350794006898, 0.035930760474075646, 0.03631257033147624, 0.03661317474198803, 0.03688385713543919, 0.03738127616234113, 0.037934719347479336, 0.03858163380471939, 0.03921882339006296, 0.03999131852533767, 0.04074980907886149, 0.04127472956039594, 0.04151563832077664, 0.04151964454301027, 0.04123464219442919, 0.04096829512038153, 0.04056460486818273, 0.04028281736824196, 0.04000166841569801, 0.03919762289117317, 0.037812479337396496, 0.03622310391275238, 0.03453579653228067, 0.0330206041779641, 0.031565009966306234, 0.03054064037737075, 0.029904305612678588, 0.029394155816597912, 0.028896840658953926, 0.02825322628704274, 0.027685220830545497, 0.02666364029859006, 0.025486033827772144, 0.02414387260068274, 0.023028867611909868, 0.022681878550084772, 0.02299235797660897, 0.02387546679328945, 0.024738332374206702, 0.025547718436096926, 0.026640938816603423, 0.02759836215880636, 0.028240938725365098, 0.028199955208514017, 0.028168175430310402, 0.02767018559717724, 0.027414861073674215, 0.027239233260695786, 0.0274939869379551, 0.027874761581110984, 0.02868161073982207, 0.029514734605865275, 0.030345172291974937, 0.031248268714928727, 0.032298002681611045, 0.033509628354587276, 0.0348066615601669, 0.03569061118903811, 0.03631377821401384, 0.03654105211474412, 0.03646788532881584, 0.03572808397059345, 0.03427781350345514, 0.03309813106562172, 0.031639416134799855, 0.02970329439236902, 0.027599049067936567, 0.02603054913364457, 0.024090316372098155, 0.02220132238001286, 0.02051452966091278, 0.019044426362309692, 0.017805605247084858, 0.01643252777018217, 0.01523003850809785, 0.01424180324883461, 0.013706552220618947, 0.0130880570946912, 0.012988920737072255, 0.013178248200839212, 0.013386796436950147, 0.01359897371732897, 0.01439195864266014, 0.015495810506657983, 0.016686507754200334, 0.01807173050136072, 0.019341411872889052, 0.020370802976522343, 0.0213787239197115, 0.02262888584538598, 0.02401686851684336, 0.025523335513576738, 0.026670410326906566, 0.02758824337325398, 0.02810647098585074, 0.028219175888028712, 0.02804128716256827, 0.027840212128430745, 0.02799079668741686, 0.027988272685847155, 0.02831306909632167, 0.028434723397990712, 0.0285549391753426, 0.02832607944879636, 0.02800347501499142, 0.027460301198426997, 0.02681840364884072, 0.026203190519756815, 0.02552364346313934, 0.024940794741503684, 0.024553643852497812, 0.024009602077058226, 0.023587486328410737, 0.023053226444370627, 0.02237349941244249, 0.021247392964358097, 0.01948489409103017, 0.01759577829009665, 0.015969918059865678, 0.014849832783247986, 0.014164911869984548, 0.013546042864334782, 0.01328357500957488, 0.012905521640083246, 0.012806686101790404, 0.01256569256360443, 0.01270015008783326, 0.013333718053885597, 0.014364706842779438, 0.015230812921928084, 0.016214173123414017, 0.017422309714956504, 0.01848297873673576, 0.019690103784110968, 0.02062988015396428, 0.021304326954883004, 0.021542023987470748, 0.021445001132587415, 0.02128479356968176, 0.021154257299581803, 0.020548768777841446, 0.020419411659703072, 0.020346908766621045, 0.02018386842926173, 0.020060715556614095, 0.019970155121820186, 0.019905412966441507, 0.019860328269953802, 0.019689549628068632, 0.019110038324468673, 0.018401772510693467, 0.01773443768827515, 0.01691379473734185, 0.0163889904882787, 0.015891976533507178, 0.015695148472402557, 0.015634975895130635, 0.01548249397414641, 0.015250362203767827, 0.01446715870868431, 0.013690714184349355, 0.013111437378948002, 0.01280400987898366, 0.012789088065484542, 0.012885508256999974, 0.012645414791893052, 0.012533763320360268, 0.01300792748125149, 0.014045480441271196, 0.015593406388961941, 0.017496649938682926, 0.01947963017829757, 0.021814960986639112, 0.0244888991790445, 0.027455202671237973, 0.030462142682767764, 0.03347516022004274, 0.03632355277573078, 0.03911728575744543, 0.041489125175428104, 0.043617926344794986, 0.04507509866910146, 0.045973158335007626, 0.046666313335408376, 0.047747911364257295, 0.04910015737076979, 0.051170936172887156, 0.05323921785426519, 0.05484930583024696, 0.05598397968583077, 0.056516639752925084, 0.05678375349578094, 0.05655312215346535, 0.05709318659280136, 0.05753330561326649, 0.05822424761198231, 0.05856641837777238, 0.058663546697002605, 0.05829520111627496, 0.058019458378357286, 0.05786276302771312, 0.057678835712609886, 0.05721489013034267, 0.05620972754199197, 0.05488023496470325, 0.05291870088860013, 0.05085359195424363, 0.04836971777146554, 0.045888993393773454, 0.04332790860019442, 0.040721243397433354, 0.03815348906679705, 0.03609755066086763, 0.03431153121207709, 0.03269994312791247, 0.03113246913067769, 0.029533434333839276, 0.02779284963423818, 0.02581340528028532, 0.023636664296078556, 0.021032966406022018, 0.018298152858289164, 0.015471223173718233, 0.012975006021594128, 0.011476514573927241, 0.011190786613452559, 0.012013514795745658, 0.013192708648177051, 0.0146026096239084, 0.016627808096549106, 0.019288816219412905, 0.022115031993867204, 0.024956066779425322, 0.027947127033299147, 0.030317719296220055, 0.03213024736687776, 0.033908117916643665, 0.035613155393420214, 0.03695858371541455, 0.0370883147011733, 0.035844860180821725, 0.03331269225961453, 0.030127822662769057, 0.026675716455458534, 0.02305094507263966, 0.019294584365168215, 0.016588874620184203, 0.013459760460278334, 0.010513659470637583, 0.008184205378854309, 0.005908681970234855, 0.003908372487361734, 0.002250880846271649, 0.001837561814419065, 0.003902446460586522, 0.00649131804032715, 0.008842266053540701, 0.011337576744963709, 0.013847821453172829, 0.016241515374979285, 0.018506880743639053, 0.020753891025054552, 0.022854281545735794, 0.025177910908837288, 0.027764777035113285, 0.0302577363231247, 0.032552204835272186, 0.033962244268502154, 0.03530995724171245, 0.036795414568091225, 0.03840706162943578, 0.039993850675796264, 0.04133645030179679, 0.04211247094820217, 0.04239213751353172, 0.042192499106345205, 0.04200269786908514, 0.041897190162155235, 0.041830932940717325, 0.04166737666619139, 0.04206882264734189, 0.0426127097658282, 0.042895687146734904, 0.04300135533202284, 0.04249799814293581, 0.041897582995049115, 0.04072077112408416, 0.03927976254850985, 0.037331499513228325, 0.035889992777759706, 0.03456359233645024, 0.033243529781910974, 0.03199033675126687, 0.03059935779738079, 0.029272240636492235, 0.027900707354997015, 0.02654938414970694, 0.02543173352052397, 0.024311103096379235, 0.023065212419431085, 0.021685454855791198, 0.02041159885695607, 0.019056064221564174, 0.017656707279948437, 0.01626614648165674, 0.015012383850973622, 0.013603567963072178, 0.012189757837366814, 0.010674529938407772, 0.009407142987148039, 0.008344525906195775, 0.007439054007672372, 0.0072034584519923735, 0.007775010970036668, 0.009047582903156274, 0.010731538882415681, 0.01253460028234948, 0.014333543563369548, 0.016070624592636203, 0.017817726146123574, 0.019557256660804743, 0.02116824086555951, 0.022529303997840977, 0.023628588936546305, 0.02391411988476377, 0.02359656311707365, 0.022355277074164143, 0.020961866673625245, 0.018393580144489934, 0.015660552711922182, 0.013874328661167971, 0.01254026736778108, 0.011812131260623127, 0.010800298354986543, 0.00961805971638548, 0.008471507575266851, 0.007656757785702683, 0.006719580941926242, 0.0056999472982024405, 0.005125787188458596, 0.00504686530895439, 0.005697178935649704, 0.006245540782853768, 0.0070976650798796875, 0.007900543705723831, 0.008755370167568399, 0.009807746909975117, 0.011209592216881203, 0.01276960312030194, 0.014467251258771754, 0.015865855510978952, 0.01751794577394112, 0.01978728846519214, 0.022540086452385207, 0.024859037758439572, 0.02589623397823137, 0.02611181133516041, 0.026565850619759173, 0.0272557734372972, 0.02776644526036269, 0.02799937699621002, 0.02818388188652303, 0.02806005928616626, 0.028083982827741123, 0.02781538632605852, 0.027763976455106594, 0.028120518002563644, 0.028688559534023904, 0.029389365084960088, 0.030059907204608147, 0.03052096911154336, 0.031053468449087778, 0.03142000488428638, 0.03173833045042581, 0.031892653890475096, 0.03198060527161537, 0.031944507243272385, 0.03180892531117334, 0.03180195743523648, 0.03175983113429147, 0.03185651864929952, 0.032146459060636644, 0.032526908876218445, 0.033087790299913135, 0.03370146462957083, 0.0342847740780508, 0.0344768243549477, 0.03441738754137779, 0.034008301029805295]",0.024859037758439572,0.09941870699620076,0.013500997476393078,0.020873304132742188,0.0,0.0,0.01749062456950823,0.09941870699620076,0.013500997476393078,0.020873304132742188,9.144,1717635309.8650823,2024-06-06_10-55-09
0.5059,0.12503999999999996,0.410014814337299,0.40663646047625923,0.14105026088857087,0.3896607857302836,0.5059,0.12503999999999996,0.39418999628578777,0.40663646047625923,0.14105026088857087,0.3896607857302836,0.02589623397823137,"[0.011315756658919754, 0.012192407496521018, 0.01288995615295488, 0.01359963525141729, 0.014321891165186378, 0.015181047888625853, 0.01592941522152252, 0.01673874496494045, 0.01751440457689525, 0.01835087734908702, 0.019202544572813795, 0.020070622325609303, 0.02095627718778323, 0.02186061264947246, 0.022737260153569413, 0.023681097053535004, 0.024646250751560458, 0.025633386418693636, 0.02659237614956749, 0.027623542314219474, 0.0286250346734827, 0.029647102596467904, 0.03056454213255984, 0.031680305841655834, 0.03263530150735364, 0.033606764937046466, 0.034593095597664145, 0.03536350794006898, 0.035930760474075646, 0.03631257033147624, 0.03661317474198803, 0.03688385713543919, 0.03738127616234113, 0.037934719347479336, 0.03858163380471939, 0.03921882339006296, 0.03999131852533767, 0.04074980907886149, 0.04127472956039594, 0.04151563832077664, 0.04151964454301027, 0.04123464219442919, 0.04096829512038153, 0.04056460486818273, 0.04028281736824196, 0.04000166841569801, 0.03919762289117317, 0.037812479337396496, 0.03622310391275238, 0.03453579653228067, 0.0330206041779641, 0.031565009966306234, 0.03054064037737075, 0.029904305612678588, 0.029394155816597912, 0.028896840658953926, 0.02825322628704274, 0.027685220830545497, 0.02666364029859006, 0.025486033827772144, 0.02414387260068274, 0.023028867611909868, 0.022681878550084772, 0.02299235797660897, 0.02387546679328945, 0.024738332374206702, 0.025547718436096926, 0.026640938816603423, 0.02759836215880636, 0.028240938725365098, 0.028199955208514017, 0.028168175430310402, 0.02767018559717724, 0.027414861073674215, 0.027239233260695786, 0.0274939869379551, 0.027874761581110984, 0.02868161073982207, 0.029514734605865275, 0.030345172291974937, 0.031248268714928727, 0.032298002681611045, 0.033509628354587276, 0.0348066615601669, 0.03569061118903811, 0.03631377821401384, 0.03654105211474412, 0.03646788532881584, 0.03572808397059345, 0.03427781350345514, 0.03309813106562172, 0.031639416134799855, 0.02970329439236902, 0.027599049067936567, 0.02603054913364457, 0.024090316372098155, 0.02220132238001286, 0.02051452966091278, 0.019044426362309692, 0.017805605247084858, 0.01643252777018217, 0.01523003850809785, 0.01424180324883461, 0.013706552220618947, 0.0130880570946912, 0.012988920737072255, 0.013178248200839212, 0.013386796436950147, 0.01359897371732897, 0.01439195864266014, 0.015495810506657983, 0.016686507754200334, 0.01807173050136072, 0.019341411872889052, 0.020370802976522343, 0.0213787239197115, 0.02262888584538598, 0.02401686851684336, 0.025523335513576738, 0.026670410326906566, 0.02758824337325398, 0.02810647098585074, 0.028219175888028712, 0.02804128716256827, 0.027840212128430745, 0.02799079668741686, 0.027988272685847155, 0.02831306909632167, 0.028434723397990712, 0.0285549391753426, 0.02832607944879636, 0.02800347501499142, 0.027460301198426997, 0.02681840364884072, 0.026203190519756815, 0.02552364346313934, 0.024940794741503684, 0.024553643852497812, 0.024009602077058226, 0.023587486328410737, 0.023053226444370627, 0.02237349941244249, 0.021247392964358097, 0.01948489409103017, 0.01759577829009665, 0.015969918059865678, 0.014849832783247986, 0.014164911869984548, 0.013546042864334782, 0.01328357500957488, 0.012905521640083246, 0.012806686101790404, 0.01256569256360443, 0.01270015008783326, 0.013333718053885597, 0.014364706842779438, 0.015230812921928084, 0.016214173123414017, 0.017422309714956504, 0.01848297873673576, 0.019690103784110968, 0.02062988015396428, 0.021304326954883004, 0.021542023987470748, 0.021445001132587415, 0.02128479356968176, 0.021154257299581803, 0.020548768777841446, 0.020419411659703072, 0.020346908766621045, 0.02018386842926173, 0.020060715556614095, 0.019970155121820186, 0.019905412966441507, 0.019860328269953802, 0.019689549628068632, 0.019110038324468673, 0.018401772510693467, 0.01773443768827515, 0.01691379473734185, 0.0163889904882787, 0.015891976533507178, 0.015695148472402557, 0.015634975895130635, 0.01548249397414641, 0.015250362203767827, 0.01446715870868431, 0.013690714184349355, 0.013111437378948002, 0.01280400987898366, 0.012789088065484542, 0.012885508256999974, 0.012645414791893052, 0.012533763320360268, 0.01300792748125149, 0.014045480441271196, 0.015593406388961941, 0.017496649938682926, 0.01947963017829757, 0.021814960986639112, 0.0244888991790445, 0.027455202671237973, 0.030462142682767764, 0.03347516022004274, 0.03632355277573078, 0.03911728575744543, 0.041489125175428104, 0.043617926344794986, 0.04507509866910146, 0.045973158335007626, 0.046666313335408376, 0.047747911364257295, 0.04910015737076979, 0.051170936172887156, 0.05323921785426519, 0.05484930583024696, 0.05598397968583077, 0.056516639752925084, 0.05678375349578094, 0.05655312215346535, 0.05709318659280136, 0.05753330561326649, 0.05822424761198231, 0.05856641837777238, 0.058663546697002605, 0.05829520111627496, 0.058019458378357286, 0.05786276302771312, 0.057678835712609886, 0.05721489013034267, 0.05620972754199197, 0.05488023496470325, 0.05291870088860013, 0.05085359195424363, 0.04836971777146554, 0.045888993393773454, 0.04332790860019442, 0.040721243397433354, 0.03815348906679705, 0.03609755066086763, 0.03431153121207709, 0.03269994312791247, 0.03113246913067769, 0.029533434333839276, 0.02779284963423818, 0.02581340528028532, 0.023636664296078556, 0.021032966406022018, 0.018298152858289164, 0.015471223173718233, 0.012975006021594128, 0.011476514573927241, 0.011190786613452559, 0.012013514795745658, 0.013192708648177051, 0.0146026096239084, 0.016627808096549106, 0.019288816219412905, 0.022115031993867204, 0.024956066779425322, 0.027947127033299147, 0.030317719296220055, 0.03213024736687776, 0.033908117916643665, 0.035613155393420214, 0.03695858371541455, 0.0370883147011733, 0.035844860180821725, 0.03331269225961453, 0.030127822662769057, 0.026675716455458534, 0.02305094507263966, 0.019294584365168215, 0.016588874620184203, 0.013459760460278334, 0.010513659470637583, 0.008184205378854309, 0.005908681970234855, 0.003908372487361734, 0.002250880846271649, 0.001837561814419065, 0.003902446460586522, 0.00649131804032715, 0.008842266053540701, 0.011337576744963709, 0.013847821453172829, 0.016241515374979285, 0.018506880743639053, 0.020753891025054552, 0.022854281545735794, 0.025177910908837288, 0.027764777035113285, 0.0302577363231247, 0.032552204835272186, 0.033962244268502154, 0.03530995724171245, 0.036795414568091225, 0.03840706162943578, 0.039993850675796264, 0.04133645030179679, 0.04211247094820217, 0.04239213751353172, 0.042192499106345205, 0.04200269786908514, 0.041897190162155235, 0.041830932940717325, 0.04166737666619139, 0.04206882264734189, 0.0426127097658282, 0.042895687146734904, 0.04300135533202284, 0.04249799814293581, 0.041897582995049115, 0.04072077112408416, 0.03927976254850985, 0.037331499513228325, 0.035889992777759706, 0.03456359233645024, 0.033243529781910974, 0.03199033675126687, 0.03059935779738079, 0.029272240636492235, 0.027900707354997015, 0.02654938414970694, 0.02543173352052397, 0.024311103096379235, 0.023065212419431085, 0.021685454855791198, 0.02041159885695607, 0.019056064221564174, 0.017656707279948437, 0.01626614648165674, 0.015012383850973622, 0.013603567963072178, 0.012189757837366814, 0.010674529938407772, 0.009407142987148039, 0.008344525906195775, 0.007439054007672372, 0.0072034584519923735, 0.007775010970036668, 0.009047582903156274, 0.010731538882415681, 0.01253460028234948, 0.014333543563369548, 0.016070624592636203, 0.017817726146123574, 0.019557256660804743, 0.02116824086555951, 0.022529303997840977, 0.023628588936546305, 0.02391411988476377, 0.02359656311707365, 0.022355277074164143, 0.020961866673625245, 0.018393580144489934, 0.015660552711922182, 0.013874328661167971, 0.01254026736778108, 0.011812131260623127, 0.010800298354986543, 0.00961805971638548, 0.008471507575266851, 0.007656757785702683, 0.006719580941926242, 0.0056999472982024405, 0.005125787188458596, 0.00504686530895439, 0.005697178935649704, 0.006245540782853768, 0.0070976650798796875, 0.007900543705723831, 0.008755370167568399, 0.009807746909975117, 0.011209592216881203, 0.01276960312030194, 0.014467251258771754, 0.015865855510978952, 0.01751794577394112, 0.01978728846519214, 0.022540086452385207, 0.024859037758439572, 0.02589623397823137, 0.02611181133516041, 0.026565850619759173, 0.0272557734372972, 0.02776644526036269, 0.02799937699621002, 0.02818388188652303, 0.02806005928616626, 0.028083982827741123, 0.02781538632605852, 0.027763976455106594, 0.028120518002563644, 0.028688559534023904, 0.029389365084960088, 0.030059907204608147, 0.03052096911154336, 0.031053468449087778, 0.03142000488428638, 0.03173833045042581, 0.031892653890475096, 0.03198060527161537, 0.031944507243272385, 0.03180892531117334, 0.03180195743523648, 0.03175983113429147, 0.03185651864929952, 0.032146459060636644, 0.032526908876218445, 0.033087790299913135, 0.03370146462957083, 0.0342847740780508, 0.0344768243549477, 0.03441738754137779, 0.034008301029805295]",0.02589623397823137,0.09926353952374078,0.01601026088857091,0.020354028607015406,0.0,0.0,0.015824818051511258,0.09926353952374078,0.01601026088857091,0.020354028607015406,9.168,1717635309.8896608,2024-06-06_10-55-09
0.5059,0.12576,0.4110302623770363,0.40693011924083944,0.1431169316255306,0.39152222260494063,0.5059,0.12576,0.3968712508435221,0.40693011924083944,0.1431169316255306,0.39152222260494063,0.02611181133516041,"[0.011315756658919754, 0.012192407496521018, 0.01288995615295488, 0.01359963525141729, 0.014321891165186378, 0.015181047888625853, 0.01592941522152252, 0.01673874496494045, 0.01751440457689525, 0.01835087734908702, 0.019202544572813795, 0.020070622325609303, 0.02095627718778323, 0.02186061264947246, 0.022737260153569413, 0.023681097053535004, 0.024646250751560458, 0.025633386418693636, 0.02659237614956749, 0.027623542314219474, 0.0286250346734827, 0.029647102596467904, 0.03056454213255984, 0.031680305841655834, 0.03263530150735364, 0.033606764937046466, 0.034593095597664145, 0.03536350794006898, 0.035930760474075646, 0.03631257033147624, 0.03661317474198803, 0.03688385713543919, 0.03738127616234113, 0.037934719347479336, 0.03858163380471939, 0.03921882339006296, 0.03999131852533767, 0.04074980907886149, 0.04127472956039594, 0.04151563832077664, 0.04151964454301027, 0.04123464219442919, 0.04096829512038153, 0.04056460486818273, 0.04028281736824196, 0.04000166841569801, 0.03919762289117317, 0.037812479337396496, 0.03622310391275238, 0.03453579653228067, 0.0330206041779641, 0.031565009966306234, 0.03054064037737075, 0.029904305612678588, 0.029394155816597912, 0.028896840658953926, 0.02825322628704274, 0.027685220830545497, 0.02666364029859006, 0.025486033827772144, 0.02414387260068274, 0.023028867611909868, 0.022681878550084772, 0.02299235797660897, 0.02387546679328945, 0.024738332374206702, 0.025547718436096926, 0.026640938816603423, 0.02759836215880636, 0.028240938725365098, 0.028199955208514017, 0.028168175430310402, 0.02767018559717724, 0.027414861073674215, 0.027239233260695786, 0.0274939869379551, 0.027874761581110984, 0.02868161073982207, 0.029514734605865275, 0.030345172291974937, 0.031248268714928727, 0.032298002681611045, 0.033509628354587276, 0.0348066615601669, 0.03569061118903811, 0.03631377821401384, 0.03654105211474412, 0.03646788532881584, 0.03572808397059345, 0.03427781350345514, 0.03309813106562172, 0.031639416134799855, 0.02970329439236902, 0.027599049067936567, 0.02603054913364457, 0.024090316372098155, 0.02220132238001286, 0.02051452966091278, 0.019044426362309692, 0.017805605247084858, 0.01643252777018217, 0.01523003850809785, 0.01424180324883461, 0.013706552220618947, 0.0130880570946912, 0.012988920737072255, 0.013178248200839212, 0.013386796436950147, 0.01359897371732897, 0.01439195864266014, 0.015495810506657983, 0.016686507754200334, 0.01807173050136072, 0.019341411872889052, 0.020370802976522343, 0.0213787239197115, 0.02262888584538598, 0.02401686851684336, 0.025523335513576738, 0.026670410326906566, 0.02758824337325398, 0.02810647098585074, 0.028219175888028712, 0.02804128716256827, 0.027840212128430745, 0.02799079668741686, 0.027988272685847155, 0.02831306909632167, 0.028434723397990712, 0.0285549391753426, 0.02832607944879636, 0.02800347501499142, 0.027460301198426997, 0.02681840364884072, 0.026203190519756815, 0.02552364346313934, 0.024940794741503684, 0.024553643852497812, 0.024009602077058226, 0.023587486328410737, 0.023053226444370627, 0.02237349941244249, 0.021247392964358097, 0.01948489409103017, 0.01759577829009665, 0.015969918059865678, 0.014849832783247986, 0.014164911869984548, 0.013546042864334782, 0.01328357500957488, 0.012905521640083246, 0.012806686101790404, 0.01256569256360443, 0.01270015008783326, 0.013333718053885597, 0.014364706842779438, 0.015230812921928084, 0.016214173123414017, 0.017422309714956504, 0.01848297873673576, 0.019690103784110968, 0.02062988015396428, 0.021304326954883004, 0.021542023987470748, 0.021445001132587415, 0.02128479356968176, 0.021154257299581803, 0.020548768777841446, 0.020419411659703072, 0.020346908766621045, 0.02018386842926173, 0.020060715556614095, 0.019970155121820186, 0.019905412966441507, 0.019860328269953802, 0.019689549628068632, 0.019110038324468673, 0.018401772510693467, 0.01773443768827515, 0.01691379473734185, 0.0163889904882787, 0.015891976533507178, 0.015695148472402557, 0.015634975895130635, 0.01548249397414641, 0.015250362203767827, 0.01446715870868431, 0.013690714184349355, 0.013111437378948002, 0.01280400987898366, 0.012789088065484542, 0.012885508256999974, 0.012645414791893052, 0.012533763320360268, 0.01300792748125149, 0.014045480441271196, 0.015593406388961941, 0.017496649938682926, 0.01947963017829757, 0.021814960986639112, 0.0244888991790445, 0.027455202671237973, 0.030462142682767764, 0.03347516022004274, 0.03632355277573078, 0.03911728575744543, 0.041489125175428104, 0.043617926344794986, 0.04507509866910146, 0.045973158335007626, 0.046666313335408376, 0.047747911364257295, 0.04910015737076979, 0.051170936172887156, 0.05323921785426519, 0.05484930583024696, 0.05598397968583077, 0.056516639752925084, 0.05678375349578094, 0.05655312215346535, 0.05709318659280136, 0.05753330561326649, 0.05822424761198231, 0.05856641837777238, 0.058663546697002605, 0.05829520111627496, 0.058019458378357286, 0.05786276302771312, 0.057678835712609886, 0.05721489013034267, 0.05620972754199197, 0.05488023496470325, 0.05291870088860013, 0.05085359195424363, 0.04836971777146554, 0.045888993393773454, 0.04332790860019442, 0.040721243397433354, 0.03815348906679705, 0.03609755066086763, 0.03431153121207709, 0.03269994312791247, 0.03113246913067769, 0.029533434333839276, 0.02779284963423818, 0.02581340528028532, 0.023636664296078556, 0.021032966406022018, 0.018298152858289164, 0.015471223173718233, 0.012975006021594128, 0.011476514573927241, 0.011190786613452559, 0.012013514795745658, 0.013192708648177051, 0.0146026096239084, 0.016627808096549106, 0.019288816219412905, 0.022115031993867204, 0.024956066779425322, 0.027947127033299147, 0.030317719296220055, 0.03213024736687776, 0.033908117916643665, 0.035613155393420214, 0.03695858371541455, 0.0370883147011733, 0.035844860180821725, 0.03331269225961453, 0.030127822662769057, 0.026675716455458534, 0.02305094507263966, 0.019294584365168215, 0.016588874620184203, 0.013459760460278334, 0.010513659470637583, 0.008184205378854309, 0.005908681970234855, 0.003908372487361734, 0.002250880846271649, 0.001837561814419065, 0.003902446460586522, 0.00649131804032715, 0.008842266053540701, 0.011337576744963709, 0.013847821453172829, 0.016241515374979285, 0.018506880743639053, 0.020753891025054552, 0.022854281545735794, 0.025177910908837288, 0.027764777035113285, 0.0302577363231247, 0.032552204835272186, 0.033962244268502154, 0.03530995724171245, 0.036795414568091225, 0.03840706162943578, 0.039993850675796264, 0.04133645030179679, 0.04211247094820217, 0.04239213751353172, 0.042192499106345205, 0.04200269786908514, 0.041897190162155235, 0.041830932940717325, 0.04166737666619139, 0.04206882264734189, 0.0426127097658282, 0.042895687146734904, 0.04300135533202284, 0.04249799814293581, 0.041897582995049115, 0.04072077112408416, 0.03927976254850985, 0.037331499513228325, 0.035889992777759706, 0.03456359233645024, 0.033243529781910974, 0.03199033675126687, 0.03059935779738079, 0.029272240636492235, 0.027900707354997015, 0.02654938414970694, 0.02543173352052397, 0.024311103096379235, 0.023065212419431085, 0.021685454855791198, 0.02041159885695607, 0.019056064221564174, 0.017656707279948437, 0.01626614648165674, 0.015012383850973622, 0.013603567963072178, 0.012189757837366814, 0.010674529938407772, 0.009407142987148039, 0.008344525906195775, 0.007439054007672372, 0.0072034584519923735, 0.007775010970036668, 0.009047582903156274, 0.010731538882415681, 0.01253460028234948, 0.014333543563369548, 0.016070624592636203, 0.017817726146123574, 0.019557256660804743, 0.02116824086555951, 0.022529303997840977, 0.023628588936546305, 0.02391411988476377, 0.02359656311707365, 0.022355277074164143, 0.020961866673625245, 0.018393580144489934, 0.015660552711922182, 0.013874328661167971, 0.01254026736778108, 0.011812131260623127, 0.010800298354986543, 0.00961805971638548, 0.008471507575266851, 0.007656757785702683, 0.006719580941926242, 0.0056999472982024405, 0.005125787188458596, 0.00504686530895439, 0.005697178935649704, 0.006245540782853768, 0.0070976650798796875, 0.007900543705723831, 0.008755370167568399, 0.009807746909975117, 0.011209592216881203, 0.01276960312030194, 0.014467251258771754, 0.015865855510978952, 0.01751794577394112, 0.01978728846519214, 0.022540086452385207, 0.024859037758439572, 0.02589623397823137, 0.02611181133516041, 0.026565850619759173, 0.0272557734372972, 0.02776644526036269, 0.02799937699621002, 0.02818388188652303, 0.02806005928616626, 0.028083982827741123, 0.02781538632605852, 0.027763976455106594, 0.028120518002563644, 0.028688559534023904, 0.029389365084960088, 0.030059907204608147, 0.03052096911154336, 0.031053468449087778, 0.03142000488428638, 0.03173833045042581, 0.031892653890475096, 0.03198060527161537, 0.031944507243272385, 0.03180892531117334, 0.03180195743523648, 0.03175983113429147, 0.03185651864929952, 0.032146459060636644, 0.032526908876218445, 0.033087790299913135, 0.03370146462957083, 0.0342847740780508, 0.0344768243549477, 0.03441738754137779, 0.034008301029805295]",0.02611181133516041,0.09896988075916058,0.01735693162553059,0.019508039772095698,0.0,0.0,0.014159011533514232,0.09896988075916058,0.01735693162553059,0.019508039772095698,9.192,1717635309.9130595,2024-06-06_10-55-09
0.5059,0.12648,0.4120618847081082,0.4070071088995605,0.1450669732046226,0.3930811353487704,0.5059,0.12648,0.3996152488261171,0.4070071088995605,0.1450669732046226,0.3930811353487704,0.026565850619759173,"[0.011315756658919754, 0.012192407496521018, 0.01288995615295488, 0.01359963525141729, 0.014321891165186378, 0.015181047888625853, 0.01592941522152252, 0.01673874496494045, 0.01751440457689525, 0.01835087734908702, 0.019202544572813795, 0.020070622325609303, 0.02095627718778323, 0.02186061264947246, 0.022737260153569413, 0.023681097053535004, 0.024646250751560458, 0.025633386418693636, 0.02659237614956749, 0.027623542314219474, 0.0286250346734827, 0.029647102596467904, 0.03056454213255984, 0.031680305841655834, 0.03263530150735364, 0.033606764937046466, 0.034593095597664145, 0.03536350794006898, 0.035930760474075646, 0.03631257033147624, 0.03661317474198803, 0.03688385713543919, 0.03738127616234113, 0.037934719347479336, 0.03858163380471939, 0.03921882339006296, 0.03999131852533767, 0.04074980907886149, 0.04127472956039594, 0.04151563832077664, 0.04151964454301027, 0.04123464219442919, 0.04096829512038153, 0.04056460486818273, 0.04028281736824196, 0.04000166841569801, 0.03919762289117317, 0.037812479337396496, 0.03622310391275238, 0.03453579653228067, 0.0330206041779641, 0.031565009966306234, 0.03054064037737075, 0.029904305612678588, 0.029394155816597912, 0.028896840658953926, 0.02825322628704274, 0.027685220830545497, 0.02666364029859006, 0.025486033827772144, 0.02414387260068274, 0.023028867611909868, 0.022681878550084772, 0.02299235797660897, 0.02387546679328945, 0.024738332374206702, 0.025547718436096926, 0.026640938816603423, 0.02759836215880636, 0.028240938725365098, 0.028199955208514017, 0.028168175430310402, 0.02767018559717724, 0.027414861073674215, 0.027239233260695786, 0.0274939869379551, 0.027874761581110984, 0.02868161073982207, 0.029514734605865275, 0.030345172291974937, 0.031248268714928727, 0.032298002681611045, 0.033509628354587276, 0.0348066615601669, 0.03569061118903811, 0.03631377821401384, 0.03654105211474412, 0.03646788532881584, 0.03572808397059345, 0.03427781350345514, 0.03309813106562172, 0.031639416134799855, 0.02970329439236902, 0.027599049067936567, 0.02603054913364457, 0.024090316372098155, 0.02220132238001286, 0.02051452966091278, 0.019044426362309692, 0.017805605247084858, 0.01643252777018217, 0.01523003850809785, 0.01424180324883461, 0.013706552220618947, 0.0130880570946912, 0.012988920737072255, 0.013178248200839212, 0.013386796436950147, 0.01359897371732897, 0.01439195864266014, 0.015495810506657983, 0.016686507754200334, 0.01807173050136072, 0.019341411872889052, 0.020370802976522343, 0.0213787239197115, 0.02262888584538598, 0.02401686851684336, 0.025523335513576738, 0.026670410326906566, 0.02758824337325398, 0.02810647098585074, 0.028219175888028712, 0.02804128716256827, 0.027840212128430745, 0.02799079668741686, 0.027988272685847155, 0.02831306909632167, 0.028434723397990712, 0.0285549391753426, 0.02832607944879636, 0.02800347501499142, 0.027460301198426997, 0.02681840364884072, 0.026203190519756815, 0.02552364346313934, 0.024940794741503684, 0.024553643852497812, 0.024009602077058226, 0.023587486328410737, 0.023053226444370627, 0.02237349941244249, 0.021247392964358097, 0.01948489409103017, 0.01759577829009665, 0.015969918059865678, 0.014849832783247986, 0.014164911869984548, 0.013546042864334782, 0.01328357500957488, 0.012905521640083246, 0.012806686101790404, 0.01256569256360443, 0.01270015008783326, 0.013333718053885597, 0.014364706842779438, 0.015230812921928084, 0.016214173123414017, 0.017422309714956504, 0.01848297873673576, 0.019690103784110968, 0.02062988015396428, 0.021304326954883004, 0.021542023987470748, 0.021445001132587415, 0.02128479356968176, 0.021154257299581803, 0.020548768777841446, 0.020419411659703072, 0.020346908766621045, 0.02018386842926173, 0.020060715556614095, 0.019970155121820186, 0.019905412966441507, 0.019860328269953802, 0.019689549628068632, 0.019110038324468673, 0.018401772510693467, 0.01773443768827515, 0.01691379473734185, 0.0163889904882787, 0.015891976533507178, 0.015695148472402557, 0.015634975895130635, 0.01548249397414641, 0.015250362203767827, 0.01446715870868431, 0.013690714184349355, 0.013111437378948002, 0.01280400987898366, 0.012789088065484542, 0.012885508256999974, 0.012645414791893052, 0.012533763320360268, 0.01300792748125149, 0.014045480441271196, 0.015593406388961941, 0.017496649938682926, 0.01947963017829757, 0.021814960986639112, 0.0244888991790445, 0.027455202671237973, 0.030462142682767764, 0.03347516022004274, 0.03632355277573078, 0.03911728575744543, 0.041489125175428104, 0.043617926344794986, 0.04507509866910146, 0.045973158335007626, 0.046666313335408376, 0.047747911364257295, 0.04910015737076979, 0.051170936172887156, 0.05323921785426519, 0.05484930583024696, 0.05598397968583077, 0.056516639752925084, 0.05678375349578094, 0.05655312215346535, 0.05709318659280136, 0.05753330561326649, 0.05822424761198231, 0.05856641837777238, 0.058663546697002605, 0.05829520111627496, 0.058019458378357286, 0.05786276302771312, 0.057678835712609886, 0.05721489013034267, 0.05620972754199197, 0.05488023496470325, 0.05291870088860013, 0.05085359195424363, 0.04836971777146554, 0.045888993393773454, 0.04332790860019442, 0.040721243397433354, 0.03815348906679705, 0.03609755066086763, 0.03431153121207709, 0.03269994312791247, 0.03113246913067769, 0.029533434333839276, 0.02779284963423818, 0.02581340528028532, 0.023636664296078556, 0.021032966406022018, 0.018298152858289164, 0.015471223173718233, 0.012975006021594128, 0.011476514573927241, 0.011190786613452559, 0.012013514795745658, 0.013192708648177051, 0.0146026096239084, 0.016627808096549106, 0.019288816219412905, 0.022115031993867204, 0.024956066779425322, 0.027947127033299147, 0.030317719296220055, 0.03213024736687776, 0.033908117916643665, 0.035613155393420214, 0.03695858371541455, 0.0370883147011733, 0.035844860180821725, 0.03331269225961453, 0.030127822662769057, 0.026675716455458534, 0.02305094507263966, 0.019294584365168215, 0.016588874620184203, 0.013459760460278334, 0.010513659470637583, 0.008184205378854309, 0.005908681970234855, 0.003908372487361734, 0.002250880846271649, 0.001837561814419065, 0.003902446460586522, 0.00649131804032715, 0.008842266053540701, 0.011337576744963709, 0.013847821453172829, 0.016241515374979285, 0.018506880743639053, 0.020753891025054552, 0.022854281545735794, 0.025177910908837288, 0.027764777035113285, 0.0302577363231247, 0.032552204835272186, 0.033962244268502154, 0.03530995724171245, 0.036795414568091225, 0.03840706162943578, 0.039993850675796264, 0.04133645030179679, 0.04211247094820217, 0.04239213751353172, 0.042192499106345205, 0.04200269786908514, 0.041897190162155235, 0.041830932940717325, 0.04166737666619139, 0.04206882264734189, 0.0426127097658282, 0.042895687146734904, 0.04300135533202284, 0.04249799814293581, 0.041897582995049115, 0.04072077112408416, 0.03927976254850985, 0.037331499513228325, 0.035889992777759706, 0.03456359233645024, 0.033243529781910974, 0.03199033675126687, 0.03059935779738079, 0.029272240636492235, 0.027900707354997015, 0.02654938414970694, 0.02543173352052397, 0.024311103096379235, 0.023065212419431085, 0.021685454855791198, 0.02041159885695607, 0.019056064221564174, 0.017656707279948437, 0.01626614648165674, 0.015012383850973622, 0.013603567963072178, 0.012189757837366814, 0.010674529938407772, 0.009407142987148039, 0.008344525906195775, 0.007439054007672372, 0.0072034584519923735, 0.007775010970036668, 0.009047582903156274, 0.010731538882415681, 0.01253460028234948, 0.014333543563369548, 0.016070624592636203, 0.017817726146123574, 0.019557256660804743, 0.02116824086555951, 0.022529303997840977, 0.023628588936546305, 0.02391411988476377, 0.02359656311707365, 0.022355277074164143, 0.020961866673625245, 0.018393580144489934, 0.015660552711922182, 0.013874328661167971, 0.01254026736778108, 0.011812131260623127, 0.010800298354986543, 0.00961805971638548, 0.008471507575266851, 0.007656757785702683, 0.006719580941926242, 0.0056999472982024405, 0.005125787188458596, 0.00504686530895439, 0.005697178935649704, 0.006245540782853768, 0.0070976650798796875, 0.007900543705723831, 0.008755370167568399, 0.009807746909975117, 0.011209592216881203, 0.01276960312030194, 0.014467251258771754, 0.015865855510978952, 0.01751794577394112, 0.01978728846519214, 0.022540086452385207, 0.024859037758439572, 0.02589623397823137, 0.02611181133516041, 0.026565850619759173, 0.0272557734372972, 0.02776644526036269, 0.02799937699621002, 0.02818388188652303, 0.02806005928616626, 0.028083982827741123, 0.02781538632605852, 0.027763976455106594, 0.028120518002563644, 0.028688559534023904, 0.029389365084960088, 0.030059907204608147, 0.03052096911154336, 0.031053468449087778, 0.03142000488428638, 0.03173833045042581, 0.031892653890475096, 0.03198060527161537, 0.031944507243272385, 0.03180892531117334, 0.03180195743523648, 0.03175983113429147, 0.03185651864929952, 0.032146459060636644, 0.032526908876218445, 0.033087790299913135, 0.03370146462957083, 0.0342847740780508, 0.0344768243549477, 0.03441738754137779, 0.034008301029805295]",0.026565850619759173,0.09889289110043953,0.018586973204622603,0.018980749359337745,0.0,0.0,0.012446635881991075,0.09889289110043953,0.018586973204622603,0.018980749359337745,9.216,1717635309.9371452,2024-06-06_10-55-09
0.5059,0.1272,0.4131043463863728,0.4067417987333043,0.1465879956223189,0.3939475509493948,0.5059,0.1272,0.40239337072266806,0.4067417987333043,0.1465879956223189,0.3939475509493948,0.0272557734372972,"[0.011315756658919754, 0.012192407496521018, 0.01288995615295488, 0.01359963525141729, 0.014321891165186378, 0.015181047888625853, 0.01592941522152252, 0.01673874496494045, 0.01751440457689525, 0.01835087734908702, 0.019202544572813795, 0.020070622325609303, 0.02095627718778323, 0.02186061264947246, 0.022737260153569413, 0.023681097053535004, 0.024646250751560458, 0.025633386418693636, 0.02659237614956749, 0.027623542314219474, 0.0286250346734827, 0.029647102596467904, 0.03056454213255984, 0.031680305841655834, 0.03263530150735364, 0.033606764937046466, 0.034593095597664145, 0.03536350794006898, 0.035930760474075646, 0.03631257033147624, 0.03661317474198803, 0.03688385713543919, 0.03738127616234113, 0.037934719347479336, 0.03858163380471939, 0.03921882339006296, 0.03999131852533767, 0.04074980907886149, 0.04127472956039594, 0.04151563832077664, 0.04151964454301027, 0.04123464219442919, 0.04096829512038153, 0.04056460486818273, 0.04028281736824196, 0.04000166841569801, 0.03919762289117317, 0.037812479337396496, 0.03622310391275238, 0.03453579653228067, 0.0330206041779641, 0.031565009966306234, 0.03054064037737075, 0.029904305612678588, 0.029394155816597912, 0.028896840658953926, 0.02825322628704274, 0.027685220830545497, 0.02666364029859006, 0.025486033827772144, 0.02414387260068274, 0.023028867611909868, 0.022681878550084772, 0.02299235797660897, 0.02387546679328945, 0.024738332374206702, 0.025547718436096926, 0.026640938816603423, 0.02759836215880636, 0.028240938725365098, 0.028199955208514017, 0.028168175430310402, 0.02767018559717724, 0.027414861073674215, 0.027239233260695786, 0.0274939869379551, 0.027874761581110984, 0.02868161073982207, 0.029514734605865275, 0.030345172291974937, 0.031248268714928727, 0.032298002681611045, 0.033509628354587276, 0.0348066615601669, 0.03569061118903811, 0.03631377821401384, 0.03654105211474412, 0.03646788532881584, 0.03572808397059345, 0.03427781350345514, 0.03309813106562172, 0.031639416134799855, 0.02970329439236902, 0.027599049067936567, 0.02603054913364457, 0.024090316372098155, 0.02220132238001286, 0.02051452966091278, 0.019044426362309692, 0.017805605247084858, 0.01643252777018217, 0.01523003850809785, 0.01424180324883461, 0.013706552220618947, 0.0130880570946912, 0.012988920737072255, 0.013178248200839212, 0.013386796436950147, 0.01359897371732897, 0.01439195864266014, 0.015495810506657983, 0.016686507754200334, 0.01807173050136072, 0.019341411872889052, 0.020370802976522343, 0.0213787239197115, 0.02262888584538598, 0.02401686851684336, 0.025523335513576738, 0.026670410326906566, 0.02758824337325398, 0.02810647098585074, 0.028219175888028712, 0.02804128716256827, 0.027840212128430745, 0.02799079668741686, 0.027988272685847155, 0.02831306909632167, 0.028434723397990712, 0.0285549391753426, 0.02832607944879636, 0.02800347501499142, 0.027460301198426997, 0.02681840364884072, 0.026203190519756815, 0.02552364346313934, 0.024940794741503684, 0.024553643852497812, 0.024009602077058226, 0.023587486328410737, 0.023053226444370627, 0.02237349941244249, 0.021247392964358097, 0.01948489409103017, 0.01759577829009665, 0.015969918059865678, 0.014849832783247986, 0.014164911869984548, 0.013546042864334782, 0.01328357500957488, 0.012905521640083246, 0.012806686101790404, 0.01256569256360443, 0.01270015008783326, 0.013333718053885597, 0.014364706842779438, 0.015230812921928084, 0.016214173123414017, 0.017422309714956504, 0.01848297873673576, 0.019690103784110968, 0.02062988015396428, 0.021304326954883004, 0.021542023987470748, 0.021445001132587415, 0.02128479356968176, 0.021154257299581803, 0.020548768777841446, 0.020419411659703072, 0.020346908766621045, 0.02018386842926173, 0.020060715556614095, 0.019970155121820186, 0.019905412966441507, 0.019860328269953802, 0.019689549628068632, 0.019110038324468673, 0.018401772510693467, 0.01773443768827515, 0.01691379473734185, 0.0163889904882787, 0.015891976533507178, 0.015695148472402557, 0.015634975895130635, 0.01548249397414641, 0.015250362203767827, 0.01446715870868431, 0.013690714184349355, 0.013111437378948002, 0.01280400987898366, 0.012789088065484542, 0.012885508256999974, 0.012645414791893052, 0.012533763320360268, 0.01300792748125149, 0.014045480441271196, 0.015593406388961941, 0.017496649938682926, 0.01947963017829757, 0.021814960986639112, 0.0244888991790445, 0.027455202671237973, 0.030462142682767764, 0.03347516022004274, 0.03632355277573078, 0.03911728575744543, 0.041489125175428104, 0.043617926344794986, 0.04507509866910146, 0.045973158335007626, 0.046666313335408376, 0.047747911364257295, 0.04910015737076979, 0.051170936172887156, 0.05323921785426519, 0.05484930583024696, 0.05598397968583077, 0.056516639752925084, 0.05678375349578094, 0.05655312215346535, 0.05709318659280136, 0.05753330561326649, 0.05822424761198231, 0.05856641837777238, 0.058663546697002605, 0.05829520111627496, 0.058019458378357286, 0.05786276302771312, 0.057678835712609886, 0.05721489013034267, 0.05620972754199197, 0.05488023496470325, 0.05291870088860013, 0.05085359195424363, 0.04836971777146554, 0.045888993393773454, 0.04332790860019442, 0.040721243397433354, 0.03815348906679705, 0.03609755066086763, 0.03431153121207709, 0.03269994312791247, 0.03113246913067769, 0.029533434333839276, 0.02779284963423818, 0.02581340528028532, 0.023636664296078556, 0.021032966406022018, 0.018298152858289164, 0.015471223173718233, 0.012975006021594128, 0.011476514573927241, 0.011190786613452559, 0.012013514795745658, 0.013192708648177051, 0.0146026096239084, 0.016627808096549106, 0.019288816219412905, 0.022115031993867204, 0.024956066779425322, 0.027947127033299147, 0.030317719296220055, 0.03213024736687776, 0.033908117916643665, 0.035613155393420214, 0.03695858371541455, 0.0370883147011733, 0.035844860180821725, 0.03331269225961453, 0.030127822662769057, 0.026675716455458534, 0.02305094507263966, 0.019294584365168215, 0.016588874620184203, 0.013459760460278334, 0.010513659470637583, 0.008184205378854309, 0.005908681970234855, 0.003908372487361734, 0.002250880846271649, 0.001837561814419065, 0.003902446460586522, 0.00649131804032715, 0.008842266053540701, 0.011337576744963709, 0.013847821453172829, 0.016241515374979285, 0.018506880743639053, 0.020753891025054552, 0.022854281545735794, 0.025177910908837288, 0.027764777035113285, 0.0302577363231247, 0.032552204835272186, 0.033962244268502154, 0.03530995724171245, 0.036795414568091225, 0.03840706162943578, 0.039993850675796264, 0.04133645030179679, 0.04211247094820217, 0.04239213751353172, 0.042192499106345205, 0.04200269786908514, 0.041897190162155235, 0.041830932940717325, 0.04166737666619139, 0.04206882264734189, 0.0426127097658282, 0.042895687146734904, 0.04300135533202284, 0.04249799814293581, 0.041897582995049115, 0.04072077112408416, 0.03927976254850985, 0.037331499513228325, 0.035889992777759706, 0.03456359233645024, 0.033243529781910974, 0.03199033675126687, 0.03059935779738079, 0.029272240636492235, 0.027900707354997015, 0.02654938414970694, 0.02543173352052397, 0.024311103096379235, 0.023065212419431085, 0.021685454855791198, 0.02041159885695607, 0.019056064221564174, 0.017656707279948437, 0.01626614648165674, 0.015012383850973622, 0.013603567963072178, 0.012189757837366814, 0.010674529938407772, 0.009407142987148039, 0.008344525906195775, 0.007439054007672372, 0.0072034584519923735, 0.007775010970036668, 0.009047582903156274, 0.010731538882415681, 0.01253460028234948, 0.014333543563369548, 0.016070624592636203, 0.017817726146123574, 0.019557256660804743, 0.02116824086555951, 0.022529303997840977, 0.023628588936546305, 0.02391411988476377, 0.02359656311707365, 0.022355277074164143, 0.020961866673625245, 0.018393580144489934, 0.015660552711922182, 0.013874328661167971, 0.01254026736778108, 0.011812131260623127, 0.010800298354986543, 0.00961805971638548, 0.008471507575266851, 0.007656757785702683, 0.006719580941926242, 0.0056999472982024405, 0.005125787188458596, 0.00504686530895439, 0.005697178935649704, 0.006245540782853768, 0.0070976650798796875, 0.007900543705723831, 0.008755370167568399, 0.009807746909975117, 0.011209592216881203, 0.01276960312030194, 0.014467251258771754, 0.015865855510978952, 0.01751794577394112, 0.01978728846519214, 0.022540086452385207, 0.024859037758439572, 0.02589623397823137, 0.02611181133516041, 0.026565850619759173, 0.0272557734372972, 0.02776644526036269, 0.02799937699621002, 0.02818388188652303, 0.02806005928616626, 0.028083982827741123, 0.02781538632605852, 0.027763976455106594, 0.028120518002563644, 0.028688559534023904, 0.029389365084960088, 0.030059907204608147, 0.03052096911154336, 0.031053468449087778, 0.03142000488428638, 0.03173833045042581, 0.031892653890475096, 0.03198060527161537, 0.031944507243272385, 0.03180892531117334, 0.03180195743523648, 0.03175983113429147, 0.03185651864929952, 0.032146459060636644, 0.032526908876218445, 0.033087790299913135, 0.03370146462957083, 0.0342847740780508, 0.0344768243549477, 0.03441738754137779, 0.034008301029805295]",0.0272557734372972,0.09915820126669572,0.019387995622318882,0.019156795436977958,0.0,0.0,0.010710975663704714,0.09915820126669572,0.019387995622318882,0.019156795436977958,9.24,1717635309.9612858,2024-06-06_10-55-09
0.5059,0.12792,0.41415246026795016,0.4065836685937926,0.1475398466151098,0.3945046333856641,0.5059,0.12792,0.40517714482253175,0.4065836685937926,0.1475398466151098,0.3945046333856641,0.02776644526036269,"[0.011315756658919754, 0.012192407496521018, 0.01288995615295488, 0.01359963525141729, 0.014321891165186378, 0.015181047888625853, 0.01592941522152252, 0.01673874496494045, 0.01751440457689525, 0.01835087734908702, 0.019202544572813795, 0.020070622325609303, 0.02095627718778323, 0.02186061264947246, 0.022737260153569413, 0.023681097053535004, 0.024646250751560458, 0.025633386418693636, 0.02659237614956749, 0.027623542314219474, 0.0286250346734827, 0.029647102596467904, 0.03056454213255984, 0.031680305841655834, 0.03263530150735364, 0.033606764937046466, 0.034593095597664145, 0.03536350794006898, 0.035930760474075646, 0.03631257033147624, 0.03661317474198803, 0.03688385713543919, 0.03738127616234113, 0.037934719347479336, 0.03858163380471939, 0.03921882339006296, 0.03999131852533767, 0.04074980907886149, 0.04127472956039594, 0.04151563832077664, 0.04151964454301027, 0.04123464219442919, 0.04096829512038153, 0.04056460486818273, 0.04028281736824196, 0.04000166841569801, 0.03919762289117317, 0.037812479337396496, 0.03622310391275238, 0.03453579653228067, 0.0330206041779641, 0.031565009966306234, 0.03054064037737075, 0.029904305612678588, 0.029394155816597912, 0.028896840658953926, 0.02825322628704274, 0.027685220830545497, 0.02666364029859006, 0.025486033827772144, 0.02414387260068274, 0.023028867611909868, 0.022681878550084772, 0.02299235797660897, 0.02387546679328945, 0.024738332374206702, 0.025547718436096926, 0.026640938816603423, 0.02759836215880636, 0.028240938725365098, 0.028199955208514017, 0.028168175430310402, 0.02767018559717724, 0.027414861073674215, 0.027239233260695786, 0.0274939869379551, 0.027874761581110984, 0.02868161073982207, 0.029514734605865275, 0.030345172291974937, 0.031248268714928727, 0.032298002681611045, 0.033509628354587276, 0.0348066615601669, 0.03569061118903811, 0.03631377821401384, 0.03654105211474412, 0.03646788532881584, 0.03572808397059345, 0.03427781350345514, 0.03309813106562172, 0.031639416134799855, 0.02970329439236902, 0.027599049067936567, 0.02603054913364457, 0.024090316372098155, 0.02220132238001286, 0.02051452966091278, 0.019044426362309692, 0.017805605247084858, 0.01643252777018217, 0.01523003850809785, 0.01424180324883461, 0.013706552220618947, 0.0130880570946912, 0.012988920737072255, 0.013178248200839212, 0.013386796436950147, 0.01359897371732897, 0.01439195864266014, 0.015495810506657983, 0.016686507754200334, 0.01807173050136072, 0.019341411872889052, 0.020370802976522343, 0.0213787239197115, 0.02262888584538598, 0.02401686851684336, 0.025523335513576738, 0.026670410326906566, 0.02758824337325398, 0.02810647098585074, 0.028219175888028712, 0.02804128716256827, 0.027840212128430745, 0.02799079668741686, 0.027988272685847155, 0.02831306909632167, 0.028434723397990712, 0.0285549391753426, 0.02832607944879636, 0.02800347501499142, 0.027460301198426997, 0.02681840364884072, 0.026203190519756815, 0.02552364346313934, 0.024940794741503684, 0.024553643852497812, 0.024009602077058226, 0.023587486328410737, 0.023053226444370627, 0.02237349941244249, 0.021247392964358097, 0.01948489409103017, 0.01759577829009665, 0.015969918059865678, 0.014849832783247986, 0.014164911869984548, 0.013546042864334782, 0.01328357500957488, 0.012905521640083246, 0.012806686101790404, 0.01256569256360443, 0.01270015008783326, 0.013333718053885597, 0.014364706842779438, 0.015230812921928084, 0.016214173123414017, 0.017422309714956504, 0.01848297873673576, 0.019690103784110968, 0.02062988015396428, 0.021304326954883004, 0.021542023987470748, 0.021445001132587415, 0.02128479356968176, 0.021154257299581803, 0.020548768777841446, 0.020419411659703072, 0.020346908766621045, 0.02018386842926173, 0.020060715556614095, 0.019970155121820186, 0.019905412966441507, 0.019860328269953802, 0.019689549628068632, 0.019110038324468673, 0.018401772510693467, 0.01773443768827515, 0.01691379473734185, 0.0163889904882787, 0.015891976533507178, 0.015695148472402557, 0.015634975895130635, 0.01548249397414641, 0.015250362203767827, 0.01446715870868431, 0.013690714184349355, 0.013111437378948002, 0.01280400987898366, 0.012789088065484542, 0.012885508256999974, 0.012645414791893052, 0.012533763320360268, 0.01300792748125149, 0.014045480441271196, 0.015593406388961941, 0.017496649938682926, 0.01947963017829757, 0.021814960986639112, 0.0244888991790445, 0.027455202671237973, 0.030462142682767764, 0.03347516022004274, 0.03632355277573078, 0.03911728575744543, 0.041489125175428104, 0.043617926344794986, 0.04507509866910146, 0.045973158335007626, 0.046666313335408376, 0.047747911364257295, 0.04910015737076979, 0.051170936172887156, 0.05323921785426519, 0.05484930583024696, 0.05598397968583077, 0.056516639752925084, 0.05678375349578094, 0.05655312215346535, 0.05709318659280136, 0.05753330561326649, 0.05822424761198231, 0.05856641837777238, 0.058663546697002605, 0.05829520111627496, 0.058019458378357286, 0.05786276302771312, 0.057678835712609886, 0.05721489013034267, 0.05620972754199197, 0.05488023496470325, 0.05291870088860013, 0.05085359195424363, 0.04836971777146554, 0.045888993393773454, 0.04332790860019442, 0.040721243397433354, 0.03815348906679705, 0.03609755066086763, 0.03431153121207709, 0.03269994312791247, 0.03113246913067769, 0.029533434333839276, 0.02779284963423818, 0.02581340528028532, 0.023636664296078556, 0.021032966406022018, 0.018298152858289164, 0.015471223173718233, 0.012975006021594128, 0.011476514573927241, 0.011190786613452559, 0.012013514795745658, 0.013192708648177051, 0.0146026096239084, 0.016627808096549106, 0.019288816219412905, 0.022115031993867204, 0.024956066779425322, 0.027947127033299147, 0.030317719296220055, 0.03213024736687776, 0.033908117916643665, 0.035613155393420214, 0.03695858371541455, 0.0370883147011733, 0.035844860180821725, 0.03331269225961453, 0.030127822662769057, 0.026675716455458534, 0.02305094507263966, 0.019294584365168215, 0.016588874620184203, 0.013459760460278334, 0.010513659470637583, 0.008184205378854309, 0.005908681970234855, 0.003908372487361734, 0.002250880846271649, 0.001837561814419065, 0.003902446460586522, 0.00649131804032715, 0.008842266053540701, 0.011337576744963709, 0.013847821453172829, 0.016241515374979285, 0.018506880743639053, 0.020753891025054552, 0.022854281545735794, 0.025177910908837288, 0.027764777035113285, 0.0302577363231247, 0.032552204835272186, 0.033962244268502154, 0.03530995724171245, 0.036795414568091225, 0.03840706162943578, 0.039993850675796264, 0.04133645030179679, 0.04211247094820217, 0.04239213751353172, 0.042192499106345205, 0.04200269786908514, 0.041897190162155235, 0.041830932940717325, 0.04166737666619139, 0.04206882264734189, 0.0426127097658282, 0.042895687146734904, 0.04300135533202284, 0.04249799814293581, 0.041897582995049115, 0.04072077112408416, 0.03927976254850985, 0.037331499513228325, 0.035889992777759706, 0.03456359233645024, 0.033243529781910974, 0.03199033675126687, 0.03059935779738079, 0.029272240636492235, 0.027900707354997015, 0.02654938414970694, 0.02543173352052397, 0.024311103096379235, 0.023065212419431085, 0.021685454855791198, 0.02041159885695607, 0.019056064221564174, 0.017656707279948437, 0.01626614648165674, 0.015012383850973622, 0.013603567963072178, 0.012189757837366814, 0.010674529938407772, 0.009407142987148039, 0.008344525906195775, 0.007439054007672372, 0.0072034584519923735, 0.007775010970036668, 0.009047582903156274, 0.010731538882415681, 0.01253460028234948, 0.014333543563369548, 0.016070624592636203, 0.017817726146123574, 0.019557256660804743, 0.02116824086555951, 0.022529303997840977, 0.023628588936546305, 0.02391411988476377, 0.02359656311707365, 0.022355277074164143, 0.020961866673625245, 0.018393580144489934, 0.015660552711922182, 0.013874328661167971, 0.01254026736778108, 0.011812131260623127, 0.010800298354986543, 0.00961805971638548, 0.008471507575266851, 0.007656757785702683, 0.006719580941926242, 0.0056999472982024405, 0.005125787188458596, 0.00504686530895439, 0.005697178935649704, 0.006245540782853768, 0.0070976650798796875, 0.007900543705723831, 0.008755370167568399, 0.009807746909975117, 0.011209592216881203, 0.01276960312030194, 0.014467251258771754, 0.015865855510978952, 0.01751794577394112, 0.01978728846519214, 0.022540086452385207, 0.024859037758439572, 0.02589623397823137, 0.02611181133516041, 0.026565850619759173, 0.0272557734372972, 0.02776644526036269, 0.02799937699621002, 0.02818388188652303, 0.02806005928616626, 0.028083982827741123, 0.02781538632605852, 0.027763976455106594, 0.028120518002563644, 0.028688559534023904, 0.029389365084960088, 0.030059907204608147, 0.03052096911154336, 0.031053468449087778, 0.03142000488428638, 0.03173833045042581, 0.031892653890475096, 0.03198060527161537, 0.031944507243272385, 0.03180892531117334, 0.03180195743523648, 0.03175983113429147, 0.03185651864929952, 0.032146459060636644, 0.032526908876218445, 0.033087790299913135, 0.03370146462957083, 0.0342847740780508, 0.0344768243549477, 0.03441738754137779, 0.034008301029805295]",0.02776644526036269,0.09931633140620744,0.019619846615109793,0.019647826882286057,0.0,0.0,0.008975315445418408,0.09931633140620744,0.019619846615109793,0.019647826882286057,9.264,1717635309.9873135,2024-06-06_10-55-09
0.5059,0.12864,0.4152012182434969,0.40656080763704167,0.148181362219541,0.3951487801179075,0.5059,0.12864,0.4079615630163648,0.40656080763704167,0.148181362219541,0.3951487801179075,0.02799937699621002,"[0.011315756658919754, 0.012192407496521018, 0.01288995615295488, 0.01359963525141729, 0.014321891165186378, 0.015181047888625853, 0.01592941522152252, 0.01673874496494045, 0.01751440457689525, 0.01835087734908702, 0.019202544572813795, 0.020070622325609303, 0.02095627718778323, 0.02186061264947246, 0.022737260153569413, 0.023681097053535004, 0.024646250751560458, 0.025633386418693636, 0.02659237614956749, 0.027623542314219474, 0.0286250346734827, 0.029647102596467904, 0.03056454213255984, 0.031680305841655834, 0.03263530150735364, 0.033606764937046466, 0.034593095597664145, 0.03536350794006898, 0.035930760474075646, 0.03631257033147624, 0.03661317474198803, 0.03688385713543919, 0.03738127616234113, 0.037934719347479336, 0.03858163380471939, 0.03921882339006296, 0.03999131852533767, 0.04074980907886149, 0.04127472956039594, 0.04151563832077664, 0.04151964454301027, 0.04123464219442919, 0.04096829512038153, 0.04056460486818273, 0.04028281736824196, 0.04000166841569801, 0.03919762289117317, 0.037812479337396496, 0.03622310391275238, 0.03453579653228067, 0.0330206041779641, 0.031565009966306234, 0.03054064037737075, 0.029904305612678588, 0.029394155816597912, 0.028896840658953926, 0.02825322628704274, 0.027685220830545497, 0.02666364029859006, 0.025486033827772144, 0.02414387260068274, 0.023028867611909868, 0.022681878550084772, 0.02299235797660897, 0.02387546679328945, 0.024738332374206702, 0.025547718436096926, 0.026640938816603423, 0.02759836215880636, 0.028240938725365098, 0.028199955208514017, 0.028168175430310402, 0.02767018559717724, 0.027414861073674215, 0.027239233260695786, 0.0274939869379551, 0.027874761581110984, 0.02868161073982207, 0.029514734605865275, 0.030345172291974937, 0.031248268714928727, 0.032298002681611045, 0.033509628354587276, 0.0348066615601669, 0.03569061118903811, 0.03631377821401384, 0.03654105211474412, 0.03646788532881584, 0.03572808397059345, 0.03427781350345514, 0.03309813106562172, 0.031639416134799855, 0.02970329439236902, 0.027599049067936567, 0.02603054913364457, 0.024090316372098155, 0.02220132238001286, 0.02051452966091278, 0.019044426362309692, 0.017805605247084858, 0.01643252777018217, 0.01523003850809785, 0.01424180324883461, 0.013706552220618947, 0.0130880570946912, 0.012988920737072255, 0.013178248200839212, 0.013386796436950147, 0.01359897371732897, 0.01439195864266014, 0.015495810506657983, 0.016686507754200334, 0.01807173050136072, 0.019341411872889052, 0.020370802976522343, 0.0213787239197115, 0.02262888584538598, 0.02401686851684336, 0.025523335513576738, 0.026670410326906566, 0.02758824337325398, 0.02810647098585074, 0.028219175888028712, 0.02804128716256827, 0.027840212128430745, 0.02799079668741686, 0.027988272685847155, 0.02831306909632167, 0.028434723397990712, 0.0285549391753426, 0.02832607944879636, 0.02800347501499142, 0.027460301198426997, 0.02681840364884072, 0.026203190519756815, 0.02552364346313934, 0.024940794741503684, 0.024553643852497812, 0.024009602077058226, 0.023587486328410737, 0.023053226444370627, 0.02237349941244249, 0.021247392964358097, 0.01948489409103017, 0.01759577829009665, 0.015969918059865678, 0.014849832783247986, 0.014164911869984548, 0.013546042864334782, 0.01328357500957488, 0.012905521640083246, 0.012806686101790404, 0.01256569256360443, 0.01270015008783326, 0.013333718053885597, 0.014364706842779438, 0.015230812921928084, 0.016214173123414017, 0.017422309714956504, 0.01848297873673576, 0.019690103784110968, 0.02062988015396428, 0.021304326954883004, 0.021542023987470748, 0.021445001132587415, 0.02128479356968176, 0.021154257299581803, 0.020548768777841446, 0.020419411659703072, 0.020346908766621045, 0.02018386842926173, 0.020060715556614095, 0.019970155121820186, 0.019905412966441507, 0.019860328269953802, 0.019689549628068632, 0.019110038324468673, 0.018401772510693467, 0.01773443768827515, 0.01691379473734185, 0.0163889904882787, 0.015891976533507178, 0.015695148472402557, 0.015634975895130635, 0.01548249397414641, 0.015250362203767827, 0.01446715870868431, 0.013690714184349355, 0.013111437378948002, 0.01280400987898366, 0.012789088065484542, 0.012885508256999974, 0.012645414791893052, 0.012533763320360268, 0.01300792748125149, 0.014045480441271196, 0.015593406388961941, 0.017496649938682926, 0.01947963017829757, 0.021814960986639112, 0.0244888991790445, 0.027455202671237973, 0.030462142682767764, 0.03347516022004274, 0.03632355277573078, 0.03911728575744543, 0.041489125175428104, 0.043617926344794986, 0.04507509866910146, 0.045973158335007626, 0.046666313335408376, 0.047747911364257295, 0.04910015737076979, 0.051170936172887156, 0.05323921785426519, 0.05484930583024696, 0.05598397968583077, 0.056516639752925084, 0.05678375349578094, 0.05655312215346535, 0.05709318659280136, 0.05753330561326649, 0.05822424761198231, 0.05856641837777238, 0.058663546697002605, 0.05829520111627496, 0.058019458378357286, 0.05786276302771312, 0.057678835712609886, 0.05721489013034267, 0.05620972754199197, 0.05488023496470325, 0.05291870088860013, 0.05085359195424363, 0.04836971777146554, 0.045888993393773454, 0.04332790860019442, 0.040721243397433354, 0.03815348906679705, 0.03609755066086763, 0.03431153121207709, 0.03269994312791247, 0.03113246913067769, 0.029533434333839276, 0.02779284963423818, 0.02581340528028532, 0.023636664296078556, 0.021032966406022018, 0.018298152858289164, 0.015471223173718233, 0.012975006021594128, 0.011476514573927241, 0.011190786613452559, 0.012013514795745658, 0.013192708648177051, 0.0146026096239084, 0.016627808096549106, 0.019288816219412905, 0.022115031993867204, 0.024956066779425322, 0.027947127033299147, 0.030317719296220055, 0.03213024736687776, 0.033908117916643665, 0.035613155393420214, 0.03695858371541455, 0.0370883147011733, 0.035844860180821725, 0.03331269225961453, 0.030127822662769057, 0.026675716455458534, 0.02305094507263966, 0.019294584365168215, 0.016588874620184203, 0.013459760460278334, 0.010513659470637583, 0.008184205378854309, 0.005908681970234855, 0.003908372487361734, 0.002250880846271649, 0.001837561814419065, 0.003902446460586522, 0.00649131804032715, 0.008842266053540701, 0.011337576744963709, 0.013847821453172829, 0.016241515374979285, 0.018506880743639053, 0.020753891025054552, 0.022854281545735794, 0.025177910908837288, 0.027764777035113285, 0.0302577363231247, 0.032552204835272186, 0.033962244268502154, 0.03530995724171245, 0.036795414568091225, 0.03840706162943578, 0.039993850675796264, 0.04133645030179679, 0.04211247094820217, 0.04239213751353172, 0.042192499106345205, 0.04200269786908514, 0.041897190162155235, 0.041830932940717325, 0.04166737666619139, 0.04206882264734189, 0.0426127097658282, 0.042895687146734904, 0.04300135533202284, 0.04249799814293581, 0.041897582995049115, 0.04072077112408416, 0.03927976254850985, 0.037331499513228325, 0.035889992777759706, 0.03456359233645024, 0.033243529781910974, 0.03199033675126687, 0.03059935779738079, 0.029272240636492235, 0.027900707354997015, 0.02654938414970694, 0.02543173352052397, 0.024311103096379235, 0.023065212419431085, 0.021685454855791198, 0.02041159885695607, 0.019056064221564174, 0.017656707279948437, 0.01626614648165674, 0.015012383850973622, 0.013603567963072178, 0.012189757837366814, 0.010674529938407772, 0.009407142987148039, 0.008344525906195775, 0.007439054007672372, 0.0072034584519923735, 0.007775010970036668, 0.009047582903156274, 0.010731538882415681, 0.01253460028234948, 0.014333543563369548, 0.016070624592636203, 0.017817726146123574, 0.019557256660804743, 0.02116824086555951, 0.022529303997840977, 0.023628588936546305, 0.02391411988476377, 0.02359656311707365, 0.022355277074164143, 0.020961866673625245, 0.018393580144489934, 0.015660552711922182, 0.013874328661167971, 0.01254026736778108, 0.011812131260623127, 0.010800298354986543, 0.00961805971638548, 0.008471507575266851, 0.007656757785702683, 0.006719580941926242, 0.0056999472982024405, 0.005125787188458596, 0.00504686530895439, 0.005697178935649704, 0.006245540782853768, 0.0070976650798796875, 0.007900543705723831, 0.008755370167568399, 0.009807746909975117, 0.011209592216881203, 0.01276960312030194, 0.014467251258771754, 0.015865855510978952, 0.01751794577394112, 0.01978728846519214, 0.022540086452385207, 0.024859037758439572, 0.02589623397823137, 0.02611181133516041, 0.026565850619759173, 0.0272557734372972, 0.02776644526036269, 0.02799937699621002, 0.02818388188652303, 0.02806005928616626, 0.028083982827741123, 0.02781538632605852, 0.027763976455106594, 0.028120518002563644, 0.028688559534023904, 0.029389365084960088, 0.030059907204608147, 0.03052096911154336, 0.031053468449087778, 0.03142000488428638, 0.03173833045042581, 0.031892653890475096, 0.03198060527161537, 0.031944507243272385, 0.03180892531117334, 0.03180195743523648, 0.03175983113429147, 0.03185651864929952, 0.032146459060636644, 0.032526908876218445, 0.033087790299913135, 0.03370146462957083, 0.0342847740780508, 0.0344768243549477, 0.03441738754137779, 0.034008301029805295]",0.02799937699621002,0.09933919236295835,0.019541362219541003,0.020052438125589378,0.0,0.0,0.007239655227132047,0.09933919236295835,0.019541362219541003,0.020052438125589378,9.288,1717635310.0090256,2024-06-06_10-55-10
0.5059,0.12936000000000006,0.4162458208804835,0.4064081445514296,0.14857384569566992,0.3956264287513137,0.5059,0.12936000000000006,0.4107218336087295,0.4064081445514296,0.14857384569566992,0.3956264287513137,0.02818388188652303,"[0.011315756658919754, 0.012192407496521018, 0.01288995615295488, 0.01359963525141729, 0.014321891165186378, 0.015181047888625853, 0.01592941522152252, 0.01673874496494045, 0.01751440457689525, 0.01835087734908702, 0.019202544572813795, 0.020070622325609303, 0.02095627718778323, 0.02186061264947246, 0.022737260153569413, 0.023681097053535004, 0.024646250751560458, 0.025633386418693636, 0.02659237614956749, 0.027623542314219474, 0.0286250346734827, 0.029647102596467904, 0.03056454213255984, 0.031680305841655834, 0.03263530150735364, 0.033606764937046466, 0.034593095597664145, 0.03536350794006898, 0.035930760474075646, 0.03631257033147624, 0.03661317474198803, 0.03688385713543919, 0.03738127616234113, 0.037934719347479336, 0.03858163380471939, 0.03921882339006296, 0.03999131852533767, 0.04074980907886149, 0.04127472956039594, 0.04151563832077664, 0.04151964454301027, 0.04123464219442919, 0.04096829512038153, 0.04056460486818273, 0.04028281736824196, 0.04000166841569801, 0.03919762289117317, 0.037812479337396496, 0.03622310391275238, 0.03453579653228067, 0.0330206041779641, 0.031565009966306234, 0.03054064037737075, 0.029904305612678588, 0.029394155816597912, 0.028896840658953926, 0.02825322628704274, 0.027685220830545497, 0.02666364029859006, 0.025486033827772144, 0.02414387260068274, 0.023028867611909868, 0.022681878550084772, 0.02299235797660897, 0.02387546679328945, 0.024738332374206702, 0.025547718436096926, 0.026640938816603423, 0.02759836215880636, 0.028240938725365098, 0.028199955208514017, 0.028168175430310402, 0.02767018559717724, 0.027414861073674215, 0.027239233260695786, 0.0274939869379551, 0.027874761581110984, 0.02868161073982207, 0.029514734605865275, 0.030345172291974937, 0.031248268714928727, 0.032298002681611045, 0.033509628354587276, 0.0348066615601669, 0.03569061118903811, 0.03631377821401384, 0.03654105211474412, 0.03646788532881584, 0.03572808397059345, 0.03427781350345514, 0.03309813106562172, 0.031639416134799855, 0.02970329439236902, 0.027599049067936567, 0.02603054913364457, 0.024090316372098155, 0.02220132238001286, 0.02051452966091278, 0.019044426362309692, 0.017805605247084858, 0.01643252777018217, 0.01523003850809785, 0.01424180324883461, 0.013706552220618947, 0.0130880570946912, 0.012988920737072255, 0.013178248200839212, 0.013386796436950147, 0.01359897371732897, 0.01439195864266014, 0.015495810506657983, 0.016686507754200334, 0.01807173050136072, 0.019341411872889052, 0.020370802976522343, 0.0213787239197115, 0.02262888584538598, 0.02401686851684336, 0.025523335513576738, 0.026670410326906566, 0.02758824337325398, 0.02810647098585074, 0.028219175888028712, 0.02804128716256827, 0.027840212128430745, 0.02799079668741686, 0.027988272685847155, 0.02831306909632167, 0.028434723397990712, 0.0285549391753426, 0.02832607944879636, 0.02800347501499142, 0.027460301198426997, 0.02681840364884072, 0.026203190519756815, 0.02552364346313934, 0.024940794741503684, 0.024553643852497812, 0.024009602077058226, 0.023587486328410737, 0.023053226444370627, 0.02237349941244249, 0.021247392964358097, 0.01948489409103017, 0.01759577829009665, 0.015969918059865678, 0.014849832783247986, 0.014164911869984548, 0.013546042864334782, 0.01328357500957488, 0.012905521640083246, 0.012806686101790404, 0.01256569256360443, 0.01270015008783326, 0.013333718053885597, 0.014364706842779438, 0.015230812921928084, 0.016214173123414017, 0.017422309714956504, 0.01848297873673576, 0.019690103784110968, 0.02062988015396428, 0.021304326954883004, 0.021542023987470748, 0.021445001132587415, 0.02128479356968176, 0.021154257299581803, 0.020548768777841446, 0.020419411659703072, 0.020346908766621045, 0.02018386842926173, 0.020060715556614095, 0.019970155121820186, 0.019905412966441507, 0.019860328269953802, 0.019689549628068632, 0.019110038324468673, 0.018401772510693467, 0.01773443768827515, 0.01691379473734185, 0.0163889904882787, 0.015891976533507178, 0.015695148472402557, 0.015634975895130635, 0.01548249397414641, 0.015250362203767827, 0.01446715870868431, 0.013690714184349355, 0.013111437378948002, 0.01280400987898366, 0.012789088065484542, 0.012885508256999974, 0.012645414791893052, 0.012533763320360268, 0.01300792748125149, 0.014045480441271196, 0.015593406388961941, 0.017496649938682926, 0.01947963017829757, 0.021814960986639112, 0.0244888991790445, 0.027455202671237973, 0.030462142682767764, 0.03347516022004274, 0.03632355277573078, 0.03911728575744543, 0.041489125175428104, 0.043617926344794986, 0.04507509866910146, 0.045973158335007626, 0.046666313335408376, 0.047747911364257295, 0.04910015737076979, 0.051170936172887156, 0.05323921785426519, 0.05484930583024696, 0.05598397968583077, 0.056516639752925084, 0.05678375349578094, 0.05655312215346535, 0.05709318659280136, 0.05753330561326649, 0.05822424761198231, 0.05856641837777238, 0.058663546697002605, 0.05829520111627496, 0.058019458378357286, 0.05786276302771312, 0.057678835712609886, 0.05721489013034267, 0.05620972754199197, 0.05488023496470325, 0.05291870088860013, 0.05085359195424363, 0.04836971777146554, 0.045888993393773454, 0.04332790860019442, 0.040721243397433354, 0.03815348906679705, 0.03609755066086763, 0.03431153121207709, 0.03269994312791247, 0.03113246913067769, 0.029533434333839276, 0.02779284963423818, 0.02581340528028532, 0.023636664296078556, 0.021032966406022018, 0.018298152858289164, 0.015471223173718233, 0.012975006021594128, 0.011476514573927241, 0.011190786613452559, 0.012013514795745658, 0.013192708648177051, 0.0146026096239084, 0.016627808096549106, 0.019288816219412905, 0.022115031993867204, 0.024956066779425322, 0.027947127033299147, 0.030317719296220055, 0.03213024736687776, 0.033908117916643665, 0.035613155393420214, 0.03695858371541455, 0.0370883147011733, 0.035844860180821725, 0.03331269225961453, 0.030127822662769057, 0.026675716455458534, 0.02305094507263966, 0.019294584365168215, 0.016588874620184203, 0.013459760460278334, 0.010513659470637583, 0.008184205378854309, 0.005908681970234855, 0.003908372487361734, 0.002250880846271649, 0.001837561814419065, 0.003902446460586522, 0.00649131804032715, 0.008842266053540701, 0.011337576744963709, 0.013847821453172829, 0.016241515374979285, 0.018506880743639053, 0.020753891025054552, 0.022854281545735794, 0.025177910908837288, 0.027764777035113285, 0.0302577363231247, 0.032552204835272186, 0.033962244268502154, 0.03530995724171245, 0.036795414568091225, 0.03840706162943578, 0.039993850675796264, 0.04133645030179679, 0.04211247094820217, 0.04239213751353172, 0.042192499106345205, 0.04200269786908514, 0.041897190162155235, 0.041830932940717325, 0.04166737666619139, 0.04206882264734189, 0.0426127097658282, 0.042895687146734904, 0.04300135533202284, 0.04249799814293581, 0.041897582995049115, 0.04072077112408416, 0.03927976254850985, 0.037331499513228325, 0.035889992777759706, 0.03456359233645024, 0.033243529781910974, 0.03199033675126687, 0.03059935779738079, 0.029272240636492235, 0.027900707354997015, 0.02654938414970694, 0.02543173352052397, 0.024311103096379235, 0.023065212419431085, 0.021685454855791198, 0.02041159885695607, 0.019056064221564174, 0.017656707279948437, 0.01626614648165674, 0.015012383850973622, 0.013603567963072178, 0.012189757837366814, 0.010674529938407772, 0.009407142987148039, 0.008344525906195775, 0.007439054007672372, 0.0072034584519923735, 0.007775010970036668, 0.009047582903156274, 0.010731538882415681, 0.01253460028234948, 0.014333543563369548, 0.016070624592636203, 0.017817726146123574, 0.019557256660804743, 0.02116824086555951, 0.022529303997840977, 0.023628588936546305, 0.02391411988476377, 0.02359656311707365, 0.022355277074164143, 0.020961866673625245, 0.018393580144489934, 0.015660552711922182, 0.013874328661167971, 0.01254026736778108, 0.011812131260623127, 0.010800298354986543, 0.00961805971638548, 0.008471507575266851, 0.007656757785702683, 0.006719580941926242, 0.0056999472982024405, 0.005125787188458596, 0.00504686530895439, 0.005697178935649704, 0.006245540782853768, 0.0070976650798796875, 0.007900543705723831, 0.008755370167568399, 0.009807746909975117, 0.011209592216881203, 0.01276960312030194, 0.014467251258771754, 0.015865855510978952, 0.01751794577394112, 0.01978728846519214, 0.022540086452385207, 0.024859037758439572, 0.02589623397823137, 0.02611181133516041, 0.026565850619759173, 0.0272557734372972, 0.02776644526036269, 0.02799937699621002, 0.02818388188652303, 0.02806005928616626, 0.028083982827741123, 0.02781538632605852, 0.027763976455106594, 0.028120518002563644, 0.028688559534023904, 0.029389365084960088, 0.030059907204608147, 0.03052096911154336, 0.031053468449087778, 0.03142000488428638, 0.03173833045042581, 0.031892653890475096, 0.03198060527161537, 0.031944507243272385, 0.03180892531117334, 0.03180195743523648, 0.03175983113429147, 0.03185651864929952, 0.032146459060636644, 0.032526908876218445, 0.033087790299913135, 0.03370146462957083, 0.0342847740780508, 0.0344768243549477, 0.03441738754137779, 0.034008301029805295]",0.02818388188652303,0.09949185544857042,0.019213845695669862,0.0206193921291698,0.0,0.0,0.005523987271754016,0.09949185544857042,0.019213845695669862,0.0206193921291698,9.312000000000001,1717635310.0329533,2024-06-06_10-55-10
0.5059,0.13007999999999995,0.4172817052965166,0.40629928324843423,0.14870381801731447,0.3962931291275356,0.5059,0.13007999999999995,0.41345339371723233,0.40629928324843423,0.14870381801731447,0.3962931291275356,0.02806005928616626,"[0.011315756658919754, 0.012192407496521018, 0.01288995615295488, 0.01359963525141729, 0.014321891165186378, 0.015181047888625853, 0.01592941522152252, 0.01673874496494045, 0.01751440457689525, 0.01835087734908702, 0.019202544572813795, 0.020070622325609303, 0.02095627718778323, 0.02186061264947246, 0.022737260153569413, 0.023681097053535004, 0.024646250751560458, 0.025633386418693636, 0.02659237614956749, 0.027623542314219474, 0.0286250346734827, 0.029647102596467904, 0.03056454213255984, 0.031680305841655834, 0.03263530150735364, 0.033606764937046466, 0.034593095597664145, 0.03536350794006898, 0.035930760474075646, 0.03631257033147624, 0.03661317474198803, 0.03688385713543919, 0.03738127616234113, 0.037934719347479336, 0.03858163380471939, 0.03921882339006296, 0.03999131852533767, 0.04074980907886149, 0.04127472956039594, 0.04151563832077664, 0.04151964454301027, 0.04123464219442919, 0.04096829512038153, 0.04056460486818273, 0.04028281736824196, 0.04000166841569801, 0.03919762289117317, 0.037812479337396496, 0.03622310391275238, 0.03453579653228067, 0.0330206041779641, 0.031565009966306234, 0.03054064037737075, 0.029904305612678588, 0.029394155816597912, 0.028896840658953926, 0.02825322628704274, 0.027685220830545497, 0.02666364029859006, 0.025486033827772144, 0.02414387260068274, 0.023028867611909868, 0.022681878550084772, 0.02299235797660897, 0.02387546679328945, 0.024738332374206702, 0.025547718436096926, 0.026640938816603423, 0.02759836215880636, 0.028240938725365098, 0.028199955208514017, 0.028168175430310402, 0.02767018559717724, 0.027414861073674215, 0.027239233260695786, 0.0274939869379551, 0.027874761581110984, 0.02868161073982207, 0.029514734605865275, 0.030345172291974937, 0.031248268714928727, 0.032298002681611045, 0.033509628354587276, 0.0348066615601669, 0.03569061118903811, 0.03631377821401384, 0.03654105211474412, 0.03646788532881584, 0.03572808397059345, 0.03427781350345514, 0.03309813106562172, 0.031639416134799855, 0.02970329439236902, 0.027599049067936567, 0.02603054913364457, 0.024090316372098155, 0.02220132238001286, 0.02051452966091278, 0.019044426362309692, 0.017805605247084858, 0.01643252777018217, 0.01523003850809785, 0.01424180324883461, 0.013706552220618947, 0.0130880570946912, 0.012988920737072255, 0.013178248200839212, 0.013386796436950147, 0.01359897371732897, 0.01439195864266014, 0.015495810506657983, 0.016686507754200334, 0.01807173050136072, 0.019341411872889052, 0.020370802976522343, 0.0213787239197115, 0.02262888584538598, 0.02401686851684336, 0.025523335513576738, 0.026670410326906566, 0.02758824337325398, 0.02810647098585074, 0.028219175888028712, 0.02804128716256827, 0.027840212128430745, 0.02799079668741686, 0.027988272685847155, 0.02831306909632167, 0.028434723397990712, 0.0285549391753426, 0.02832607944879636, 0.02800347501499142, 0.027460301198426997, 0.02681840364884072, 0.026203190519756815, 0.02552364346313934, 0.024940794741503684, 0.024553643852497812, 0.024009602077058226, 0.023587486328410737, 0.023053226444370627, 0.02237349941244249, 0.021247392964358097, 0.01948489409103017, 0.01759577829009665, 0.015969918059865678, 0.014849832783247986, 0.014164911869984548, 0.013546042864334782, 0.01328357500957488, 0.012905521640083246, 0.012806686101790404, 0.01256569256360443, 0.01270015008783326, 0.013333718053885597, 0.014364706842779438, 0.015230812921928084, 0.016214173123414017, 0.017422309714956504, 0.01848297873673576, 0.019690103784110968, 0.02062988015396428, 0.021304326954883004, 0.021542023987470748, 0.021445001132587415, 0.02128479356968176, 0.021154257299581803, 0.020548768777841446, 0.020419411659703072, 0.020346908766621045, 0.02018386842926173, 0.020060715556614095, 0.019970155121820186, 0.019905412966441507, 0.019860328269953802, 0.019689549628068632, 0.019110038324468673, 0.018401772510693467, 0.01773443768827515, 0.01691379473734185, 0.0163889904882787, 0.015891976533507178, 0.015695148472402557, 0.015634975895130635, 0.01548249397414641, 0.015250362203767827, 0.01446715870868431, 0.013690714184349355, 0.013111437378948002, 0.01280400987898366, 0.012789088065484542, 0.012885508256999974, 0.012645414791893052, 0.012533763320360268, 0.01300792748125149, 0.014045480441271196, 0.015593406388961941, 0.017496649938682926, 0.01947963017829757, 0.021814960986639112, 0.0244888991790445, 0.027455202671237973, 0.030462142682767764, 0.03347516022004274, 0.03632355277573078, 0.03911728575744543, 0.041489125175428104, 0.043617926344794986, 0.04507509866910146, 0.045973158335007626, 0.046666313335408376, 0.047747911364257295, 0.04910015737076979, 0.051170936172887156, 0.05323921785426519, 0.05484930583024696, 0.05598397968583077, 0.056516639752925084, 0.05678375349578094, 0.05655312215346535, 0.05709318659280136, 0.05753330561326649, 0.05822424761198231, 0.05856641837777238, 0.058663546697002605, 0.05829520111627496, 0.058019458378357286, 0.05786276302771312, 0.057678835712609886, 0.05721489013034267, 0.05620972754199197, 0.05488023496470325, 0.05291870088860013, 0.05085359195424363, 0.04836971777146554, 0.045888993393773454, 0.04332790860019442, 0.040721243397433354, 0.03815348906679705, 0.03609755066086763, 0.03431153121207709, 0.03269994312791247, 0.03113246913067769, 0.029533434333839276, 0.02779284963423818, 0.02581340528028532, 0.023636664296078556, 0.021032966406022018, 0.018298152858289164, 0.015471223173718233, 0.012975006021594128, 0.011476514573927241, 0.011190786613452559, 0.012013514795745658, 0.013192708648177051, 0.0146026096239084, 0.016627808096549106, 0.019288816219412905, 0.022115031993867204, 0.024956066779425322, 0.027947127033299147, 0.030317719296220055, 0.03213024736687776, 0.033908117916643665, 0.035613155393420214, 0.03695858371541455, 0.0370883147011733, 0.035844860180821725, 0.03331269225961453, 0.030127822662769057, 0.026675716455458534, 0.02305094507263966, 0.019294584365168215, 0.016588874620184203, 0.013459760460278334, 0.010513659470637583, 0.008184205378854309, 0.005908681970234855, 0.003908372487361734, 0.002250880846271649, 0.001837561814419065, 0.003902446460586522, 0.00649131804032715, 0.008842266053540701, 0.011337576744963709, 0.013847821453172829, 0.016241515374979285, 0.018506880743639053, 0.020753891025054552, 0.022854281545735794, 0.025177910908837288, 0.027764777035113285, 0.0302577363231247, 0.032552204835272186, 0.033962244268502154, 0.03530995724171245, 0.036795414568091225, 0.03840706162943578, 0.039993850675796264, 0.04133645030179679, 0.04211247094820217, 0.04239213751353172, 0.042192499106345205, 0.04200269786908514, 0.041897190162155235, 0.041830932940717325, 0.04166737666619139, 0.04206882264734189, 0.0426127097658282, 0.042895687146734904, 0.04300135533202284, 0.04249799814293581, 0.041897582995049115, 0.04072077112408416, 0.03927976254850985, 0.037331499513228325, 0.035889992777759706, 0.03456359233645024, 0.033243529781910974, 0.03199033675126687, 0.03059935779738079, 0.029272240636492235, 0.027900707354997015, 0.02654938414970694, 0.02543173352052397, 0.024311103096379235, 0.023065212419431085, 0.021685454855791198, 0.02041159885695607, 0.019056064221564174, 0.017656707279948437, 0.01626614648165674, 0.015012383850973622, 0.013603567963072178, 0.012189757837366814, 0.010674529938407772, 0.009407142987148039, 0.008344525906195775, 0.007439054007672372, 0.0072034584519923735, 0.007775010970036668, 0.009047582903156274, 0.010731538882415681, 0.01253460028234948, 0.014333543563369548, 0.016070624592636203, 0.017817726146123574, 0.019557256660804743, 0.02116824086555951, 0.022529303997840977, 0.023628588936546305, 0.02391411988476377, 0.02359656311707365, 0.022355277074164143, 0.020961866673625245, 0.018393580144489934, 0.015660552711922182, 0.013874328661167971, 0.01254026736778108, 0.011812131260623127, 0.010800298354986543, 0.00961805971638548, 0.008471507575266851, 0.007656757785702683, 0.006719580941926242, 0.0056999472982024405, 0.005125787188458596, 0.00504686530895439, 0.005697178935649704, 0.006245540782853768, 0.0070976650798796875, 0.007900543705723831, 0.008755370167568399, 0.009807746909975117, 0.011209592216881203, 0.01276960312030194, 0.014467251258771754, 0.015865855510978952, 0.01751794577394112, 0.01978728846519214, 0.022540086452385207, 0.024859037758439572, 0.02589623397823137, 0.02611181133516041, 0.026565850619759173, 0.0272557734372972, 0.02776644526036269, 0.02799937699621002, 0.02818388188652303, 0.02806005928616626, 0.028083982827741123, 0.02781538632605852, 0.027763976455106594, 0.028120518002563644, 0.028688559534023904, 0.029389365084960088, 0.030059907204608147, 0.03052096911154336, 0.031053468449087778, 0.03142000488428638, 0.03173833045042581, 0.031892653890475096, 0.03198060527161537, 0.031944507243272385, 0.03180892531117334, 0.03180195743523648, 0.03175983113429147, 0.03185651864929952, 0.032146459060636644, 0.032526908876218445, 0.033087790299913135, 0.03370146462957083, 0.0342847740780508, 0.0344768243549477, 0.03441738754137779, 0.034008301029805295]",0.02806005928616626,0.09960071675156579,0.018623818017314525,0.020988576168980977,0.0,0.0,0.0038283115792842604,0.09960071675156579,0.018623818017314525,0.020988576168980977,9.336,1717635310.0569515,2024-06-06_10-55-10
0.5059,0.1308,0.4183045710987504,0.40604921493217194,0.14920374663610228,0.397091080079519,0.5059,0.1308,0.41617193521193585,0.40604921493217194,0.14920374663610228,0.397091080079519,0.028083982827741123,"[0.011315756658919754, 0.012192407496521018, 0.01288995615295488, 0.01359963525141729, 0.014321891165186378, 0.015181047888625853, 0.01592941522152252, 0.01673874496494045, 0.01751440457689525, 0.01835087734908702, 0.019202544572813795, 0.020070622325609303, 0.02095627718778323, 0.02186061264947246, 0.022737260153569413, 0.023681097053535004, 0.024646250751560458, 0.025633386418693636, 0.02659237614956749, 0.027623542314219474, 0.0286250346734827, 0.029647102596467904, 0.03056454213255984, 0.031680305841655834, 0.03263530150735364, 0.033606764937046466, 0.034593095597664145, 0.03536350794006898, 0.035930760474075646, 0.03631257033147624, 0.03661317474198803, 0.03688385713543919, 0.03738127616234113, 0.037934719347479336, 0.03858163380471939, 0.03921882339006296, 0.03999131852533767, 0.04074980907886149, 0.04127472956039594, 0.04151563832077664, 0.04151964454301027, 0.04123464219442919, 0.04096829512038153, 0.04056460486818273, 0.04028281736824196, 0.04000166841569801, 0.03919762289117317, 0.037812479337396496, 0.03622310391275238, 0.03453579653228067, 0.0330206041779641, 0.031565009966306234, 0.03054064037737075, 0.029904305612678588, 0.029394155816597912, 0.028896840658953926, 0.02825322628704274, 0.027685220830545497, 0.02666364029859006, 0.025486033827772144, 0.02414387260068274, 0.023028867611909868, 0.022681878550084772, 0.02299235797660897, 0.02387546679328945, 0.024738332374206702, 0.025547718436096926, 0.026640938816603423, 0.02759836215880636, 0.028240938725365098, 0.028199955208514017, 0.028168175430310402, 0.02767018559717724, 0.027414861073674215, 0.027239233260695786, 0.0274939869379551, 0.027874761581110984, 0.02868161073982207, 0.029514734605865275, 0.030345172291974937, 0.031248268714928727, 0.032298002681611045, 0.033509628354587276, 0.0348066615601669, 0.03569061118903811, 0.03631377821401384, 0.03654105211474412, 0.03646788532881584, 0.03572808397059345, 0.03427781350345514, 0.03309813106562172, 0.031639416134799855, 0.02970329439236902, 0.027599049067936567, 0.02603054913364457, 0.024090316372098155, 0.02220132238001286, 0.02051452966091278, 0.019044426362309692, 0.017805605247084858, 0.01643252777018217, 0.01523003850809785, 0.01424180324883461, 0.013706552220618947, 0.0130880570946912, 0.012988920737072255, 0.013178248200839212, 0.013386796436950147, 0.01359897371732897, 0.01439195864266014, 0.015495810506657983, 0.016686507754200334, 0.01807173050136072, 0.019341411872889052, 0.020370802976522343, 0.0213787239197115, 0.02262888584538598, 0.02401686851684336, 0.025523335513576738, 0.026670410326906566, 0.02758824337325398, 0.02810647098585074, 0.028219175888028712, 0.02804128716256827, 0.027840212128430745, 0.02799079668741686, 0.027988272685847155, 0.02831306909632167, 0.028434723397990712, 0.0285549391753426, 0.02832607944879636, 0.02800347501499142, 0.027460301198426997, 0.02681840364884072, 0.026203190519756815, 0.02552364346313934, 0.024940794741503684, 0.024553643852497812, 0.024009602077058226, 0.023587486328410737, 0.023053226444370627, 0.02237349941244249, 0.021247392964358097, 0.01948489409103017, 0.01759577829009665, 0.015969918059865678, 0.014849832783247986, 0.014164911869984548, 0.013546042864334782, 0.01328357500957488, 0.012905521640083246, 0.012806686101790404, 0.01256569256360443, 0.01270015008783326, 0.013333718053885597, 0.014364706842779438, 0.015230812921928084, 0.016214173123414017, 0.017422309714956504, 0.01848297873673576, 0.019690103784110968, 0.02062988015396428, 0.021304326954883004, 0.021542023987470748, 0.021445001132587415, 0.02128479356968176, 0.021154257299581803, 0.020548768777841446, 0.020419411659703072, 0.020346908766621045, 0.02018386842926173, 0.020060715556614095, 0.019970155121820186, 0.019905412966441507, 0.019860328269953802, 0.019689549628068632, 0.019110038324468673, 0.018401772510693467, 0.01773443768827515, 0.01691379473734185, 0.0163889904882787, 0.015891976533507178, 0.015695148472402557, 0.015634975895130635, 0.01548249397414641, 0.015250362203767827, 0.01446715870868431, 0.013690714184349355, 0.013111437378948002, 0.01280400987898366, 0.012789088065484542, 0.012885508256999974, 0.012645414791893052, 0.012533763320360268, 0.01300792748125149, 0.014045480441271196, 0.015593406388961941, 0.017496649938682926, 0.01947963017829757, 0.021814960986639112, 0.0244888991790445, 0.027455202671237973, 0.030462142682767764, 0.03347516022004274, 0.03632355277573078, 0.03911728575744543, 0.041489125175428104, 0.043617926344794986, 0.04507509866910146, 0.045973158335007626, 0.046666313335408376, 0.047747911364257295, 0.04910015737076979, 0.051170936172887156, 0.05323921785426519, 0.05484930583024696, 0.05598397968583077, 0.056516639752925084, 0.05678375349578094, 0.05655312215346535, 0.05709318659280136, 0.05753330561326649, 0.05822424761198231, 0.05856641837777238, 0.058663546697002605, 0.05829520111627496, 0.058019458378357286, 0.05786276302771312, 0.057678835712609886, 0.05721489013034267, 0.05620972754199197, 0.05488023496470325, 0.05291870088860013, 0.05085359195424363, 0.04836971777146554, 0.045888993393773454, 0.04332790860019442, 0.040721243397433354, 0.03815348906679705, 0.03609755066086763, 0.03431153121207709, 0.03269994312791247, 0.03113246913067769, 0.029533434333839276, 0.02779284963423818, 0.02581340528028532, 0.023636664296078556, 0.021032966406022018, 0.018298152858289164, 0.015471223173718233, 0.012975006021594128, 0.011476514573927241, 0.011190786613452559, 0.012013514795745658, 0.013192708648177051, 0.0146026096239084, 0.016627808096549106, 0.019288816219412905, 0.022115031993867204, 0.024956066779425322, 0.027947127033299147, 0.030317719296220055, 0.03213024736687776, 0.033908117916643665, 0.035613155393420214, 0.03695858371541455, 0.0370883147011733, 0.035844860180821725, 0.03331269225961453, 0.030127822662769057, 0.026675716455458534, 0.02305094507263966, 0.019294584365168215, 0.016588874620184203, 0.013459760460278334, 0.010513659470637583, 0.008184205378854309, 0.005908681970234855, 0.003908372487361734, 0.002250880846271649, 0.001837561814419065, 0.003902446460586522, 0.00649131804032715, 0.008842266053540701, 0.011337576744963709, 0.013847821453172829, 0.016241515374979285, 0.018506880743639053, 0.020753891025054552, 0.022854281545735794, 0.025177910908837288, 0.027764777035113285, 0.0302577363231247, 0.032552204835272186, 0.033962244268502154, 0.03530995724171245, 0.036795414568091225, 0.03840706162943578, 0.039993850675796264, 0.04133645030179679, 0.04211247094820217, 0.04239213751353172, 0.042192499106345205, 0.04200269786908514, 0.041897190162155235, 0.041830932940717325, 0.04166737666619139, 0.04206882264734189, 0.0426127097658282, 0.042895687146734904, 0.04300135533202284, 0.04249799814293581, 0.041897582995049115, 0.04072077112408416, 0.03927976254850985, 0.037331499513228325, 0.035889992777759706, 0.03456359233645024, 0.033243529781910974, 0.03199033675126687, 0.03059935779738079, 0.029272240636492235, 0.027900707354997015, 0.02654938414970694, 0.02543173352052397, 0.024311103096379235, 0.023065212419431085, 0.021685454855791198, 0.02041159885695607, 0.019056064221564174, 0.017656707279948437, 0.01626614648165674, 0.015012383850973622, 0.013603567963072178, 0.012189757837366814, 0.010674529938407772, 0.009407142987148039, 0.008344525906195775, 0.007439054007672372, 0.0072034584519923735, 0.007775010970036668, 0.009047582903156274, 0.010731538882415681, 0.01253460028234948, 0.014333543563369548, 0.016070624592636203, 0.017817726146123574, 0.019557256660804743, 0.02116824086555951, 0.022529303997840977, 0.023628588936546305, 0.02391411988476377, 0.02359656311707365, 0.022355277074164143, 0.020961866673625245, 0.018393580144489934, 0.015660552711922182, 0.013874328661167971, 0.01254026736778108, 0.011812131260623127, 0.010800298354986543, 0.00961805971638548, 0.008471507575266851, 0.007656757785702683, 0.006719580941926242, 0.0056999472982024405, 0.005125787188458596, 0.00504686530895439, 0.005697178935649704, 0.006245540782853768, 0.0070976650798796875, 0.007900543705723831, 0.008755370167568399, 0.009807746909975117, 0.011209592216881203, 0.01276960312030194, 0.014467251258771754, 0.015865855510978952, 0.01751794577394112, 0.01978728846519214, 0.022540086452385207, 0.024859037758439572, 0.02589623397823137, 0.02611181133516041, 0.026565850619759173, 0.0272557734372972, 0.02776644526036269, 0.02799937699621002, 0.02818388188652303, 0.02806005928616626, 0.028083982827741123, 0.02781538632605852, 0.027763976455106594, 0.028120518002563644, 0.028688559534023904, 0.029389365084960088, 0.030059907204608147, 0.03052096911154336, 0.031053468449087778, 0.03142000488428638, 0.03173833045042581, 0.031892653890475096, 0.03198060527161537, 0.031944507243272385, 0.03180892531117334, 0.03180195743523648, 0.03175983113429147, 0.03185651864929952, 0.032146459060636644, 0.032526908876218445, 0.033087790299913135, 0.03370146462957083, 0.0342847740780508, 0.0344768243549477, 0.03441738754137779, 0.034008301029805295]",0.028083982827741123,0.09985078506782807,0.01840374663610228,0.021213491019231423,0.0,0.0,0.00213263588681456,0.09985078506782807,0.01840374663610228,0.021213491019231423,9.360000000000001,1717635310.081143,2024-06-06_10-55-10
0.5059,0.13152,0.4193104042373982,0.40597830002226865,0.1497896419355426,0.3983362320245325,0.5059,0.13152,0.4188734440430533,0.40597830002226865,0.1497896419355426,0.3983362320245325,0.02781538632605852,"[0.011315756658919754, 0.012192407496521018, 0.01288995615295488, 0.01359963525141729, 0.014321891165186378, 0.015181047888625853, 0.01592941522152252, 0.01673874496494045, 0.01751440457689525, 0.01835087734908702, 0.019202544572813795, 0.020070622325609303, 0.02095627718778323, 0.02186061264947246, 0.022737260153569413, 0.023681097053535004, 0.024646250751560458, 0.025633386418693636, 0.02659237614956749, 0.027623542314219474, 0.0286250346734827, 0.029647102596467904, 0.03056454213255984, 0.031680305841655834, 0.03263530150735364, 0.033606764937046466, 0.034593095597664145, 0.03536350794006898, 0.035930760474075646, 0.03631257033147624, 0.03661317474198803, 0.03688385713543919, 0.03738127616234113, 0.037934719347479336, 0.03858163380471939, 0.03921882339006296, 0.03999131852533767, 0.04074980907886149, 0.04127472956039594, 0.04151563832077664, 0.04151964454301027, 0.04123464219442919, 0.04096829512038153, 0.04056460486818273, 0.04028281736824196, 0.04000166841569801, 0.03919762289117317, 0.037812479337396496, 0.03622310391275238, 0.03453579653228067, 0.0330206041779641, 0.031565009966306234, 0.03054064037737075, 0.029904305612678588, 0.029394155816597912, 0.028896840658953926, 0.02825322628704274, 0.027685220830545497, 0.02666364029859006, 0.025486033827772144, 0.02414387260068274, 0.023028867611909868, 0.022681878550084772, 0.02299235797660897, 0.02387546679328945, 0.024738332374206702, 0.025547718436096926, 0.026640938816603423, 0.02759836215880636, 0.028240938725365098, 0.028199955208514017, 0.028168175430310402, 0.02767018559717724, 0.027414861073674215, 0.027239233260695786, 0.0274939869379551, 0.027874761581110984, 0.02868161073982207, 0.029514734605865275, 0.030345172291974937, 0.031248268714928727, 0.032298002681611045, 0.033509628354587276, 0.0348066615601669, 0.03569061118903811, 0.03631377821401384, 0.03654105211474412, 0.03646788532881584, 0.03572808397059345, 0.03427781350345514, 0.03309813106562172, 0.031639416134799855, 0.02970329439236902, 0.027599049067936567, 0.02603054913364457, 0.024090316372098155, 0.02220132238001286, 0.02051452966091278, 0.019044426362309692, 0.017805605247084858, 0.01643252777018217, 0.01523003850809785, 0.01424180324883461, 0.013706552220618947, 0.0130880570946912, 0.012988920737072255, 0.013178248200839212, 0.013386796436950147, 0.01359897371732897, 0.01439195864266014, 0.015495810506657983, 0.016686507754200334, 0.01807173050136072, 0.019341411872889052, 0.020370802976522343, 0.0213787239197115, 0.02262888584538598, 0.02401686851684336, 0.025523335513576738, 0.026670410326906566, 0.02758824337325398, 0.02810647098585074, 0.028219175888028712, 0.02804128716256827, 0.027840212128430745, 0.02799079668741686, 0.027988272685847155, 0.02831306909632167, 0.028434723397990712, 0.0285549391753426, 0.02832607944879636, 0.02800347501499142, 0.027460301198426997, 0.02681840364884072, 0.026203190519756815, 0.02552364346313934, 0.024940794741503684, 0.024553643852497812, 0.024009602077058226, 0.023587486328410737, 0.023053226444370627, 0.02237349941244249, 0.021247392964358097, 0.01948489409103017, 0.01759577829009665, 0.015969918059865678, 0.014849832783247986, 0.014164911869984548, 0.013546042864334782, 0.01328357500957488, 0.012905521640083246, 0.012806686101790404, 0.01256569256360443, 0.01270015008783326, 0.013333718053885597, 0.014364706842779438, 0.015230812921928084, 0.016214173123414017, 0.017422309714956504, 0.01848297873673576, 0.019690103784110968, 0.02062988015396428, 0.021304326954883004, 0.021542023987470748, 0.021445001132587415, 0.02128479356968176, 0.021154257299581803, 0.020548768777841446, 0.020419411659703072, 0.020346908766621045, 0.02018386842926173, 0.020060715556614095, 0.019970155121820186, 0.019905412966441507, 0.019860328269953802, 0.019689549628068632, 0.019110038324468673, 0.018401772510693467, 0.01773443768827515, 0.01691379473734185, 0.0163889904882787, 0.015891976533507178, 0.015695148472402557, 0.015634975895130635, 0.01548249397414641, 0.015250362203767827, 0.01446715870868431, 0.013690714184349355, 0.013111437378948002, 0.01280400987898366, 0.012789088065484542, 0.012885508256999974, 0.012645414791893052, 0.012533763320360268, 0.01300792748125149, 0.014045480441271196, 0.015593406388961941, 0.017496649938682926, 0.01947963017829757, 0.021814960986639112, 0.0244888991790445, 0.027455202671237973, 0.030462142682767764, 0.03347516022004274, 0.03632355277573078, 0.03911728575744543, 0.041489125175428104, 0.043617926344794986, 0.04507509866910146, 0.045973158335007626, 0.046666313335408376, 0.047747911364257295, 0.04910015737076979, 0.051170936172887156, 0.05323921785426519, 0.05484930583024696, 0.05598397968583077, 0.056516639752925084, 0.05678375349578094, 0.05655312215346535, 0.05709318659280136, 0.05753330561326649, 0.05822424761198231, 0.05856641837777238, 0.058663546697002605, 0.05829520111627496, 0.058019458378357286, 0.05786276302771312, 0.057678835712609886, 0.05721489013034267, 0.05620972754199197, 0.05488023496470325, 0.05291870088860013, 0.05085359195424363, 0.04836971777146554, 0.045888993393773454, 0.04332790860019442, 0.040721243397433354, 0.03815348906679705, 0.03609755066086763, 0.03431153121207709, 0.03269994312791247, 0.03113246913067769, 0.029533434333839276, 0.02779284963423818, 0.02581340528028532, 0.023636664296078556, 0.021032966406022018, 0.018298152858289164, 0.015471223173718233, 0.012975006021594128, 0.011476514573927241, 0.011190786613452559, 0.012013514795745658, 0.013192708648177051, 0.0146026096239084, 0.016627808096549106, 0.019288816219412905, 0.022115031993867204, 0.024956066779425322, 0.027947127033299147, 0.030317719296220055, 0.03213024736687776, 0.033908117916643665, 0.035613155393420214, 0.03695858371541455, 0.0370883147011733, 0.035844860180821725, 0.03331269225961453, 0.030127822662769057, 0.026675716455458534, 0.02305094507263966, 0.019294584365168215, 0.016588874620184203, 0.013459760460278334, 0.010513659470637583, 0.008184205378854309, 0.005908681970234855, 0.003908372487361734, 0.002250880846271649, 0.001837561814419065, 0.003902446460586522, 0.00649131804032715, 0.008842266053540701, 0.011337576744963709, 0.013847821453172829, 0.016241515374979285, 0.018506880743639053, 0.020753891025054552, 0.022854281545735794, 0.025177910908837288, 0.027764777035113285, 0.0302577363231247, 0.032552204835272186, 0.033962244268502154, 0.03530995724171245, 0.036795414568091225, 0.03840706162943578, 0.039993850675796264, 0.04133645030179679, 0.04211247094820217, 0.04239213751353172, 0.042192499106345205, 0.04200269786908514, 0.041897190162155235, 0.041830932940717325, 0.04166737666619139, 0.04206882264734189, 0.0426127097658282, 0.042895687146734904, 0.04300135533202284, 0.04249799814293581, 0.041897582995049115, 0.04072077112408416, 0.03927976254850985, 0.037331499513228325, 0.035889992777759706, 0.03456359233645024, 0.033243529781910974, 0.03199033675126687, 0.03059935779738079, 0.029272240636492235, 0.027900707354997015, 0.02654938414970694, 0.02543173352052397, 0.024311103096379235, 0.023065212419431085, 0.021685454855791198, 0.02041159885695607, 0.019056064221564174, 0.017656707279948437, 0.01626614648165674, 0.015012383850973622, 0.013603567963072178, 0.012189757837366814, 0.010674529938407772, 0.009407142987148039, 0.008344525906195775, 0.007439054007672372, 0.0072034584519923735, 0.007775010970036668, 0.009047582903156274, 0.010731538882415681, 0.01253460028234948, 0.014333543563369548, 0.016070624592636203, 0.017817726146123574, 0.019557256660804743, 0.02116824086555951, 0.022529303997840977, 0.023628588936546305, 0.02391411988476377, 0.02359656311707365, 0.022355277074164143, 0.020961866673625245, 0.018393580144489934, 0.015660552711922182, 0.013874328661167971, 0.01254026736778108, 0.011812131260623127, 0.010800298354986543, 0.00961805971638548, 0.008471507575266851, 0.007656757785702683, 0.006719580941926242, 0.0056999472982024405, 0.005125787188458596, 0.00504686530895439, 0.005697178935649704, 0.006245540782853768, 0.0070976650798796875, 0.007900543705723831, 0.008755370167568399, 0.009807746909975117, 0.011209592216881203, 0.01276960312030194, 0.014467251258771754, 0.015865855510978952, 0.01751794577394112, 0.01978728846519214, 0.022540086452385207, 0.024859037758439572, 0.02589623397823137, 0.02611181133516041, 0.026565850619759173, 0.0272557734372972, 0.02776644526036269, 0.02799937699621002, 0.02818388188652303, 0.02806005928616626, 0.028083982827741123, 0.02781538632605852, 0.027763976455106594, 0.028120518002563644, 0.028688559534023904, 0.029389365084960088, 0.030059907204608147, 0.03052096911154336, 0.031053468449087778, 0.03142000488428638, 0.03173833045042581, 0.031892653890475096, 0.03198060527161537, 0.031944507243272385, 0.03180892531117334, 0.03180195743523648, 0.03175983113429147, 0.03185651864929952, 0.032146459060636644, 0.032526908876218445, 0.033087790299913135, 0.03370146462957083, 0.0342847740780508, 0.0344768243549477, 0.03441738754137779, 0.034008301029805295]",0.02781538632605852,0.09992169997773137,0.01826964193554259,0.020974172212865683,0.0,0.0,0.0004369601943448598,0.09992169997773137,0.01826964193554259,0.020974172212865683,9.384,1717635310.1054804,2024-06-06_10-55-10
0.5059,0.13224,0.42029549863520443,0.40600008724225134,0.15114693685645025,0.39996409122435567,0.5059,0.13224,0.42150536752038836,0.40600008724225134,0.15114693685645025,0.39996409122435567,0.027763976455106594,"[0.011315756658919754, 0.012192407496521018, 0.01288995615295488, 0.01359963525141729, 0.014321891165186378, 0.015181047888625853, 0.01592941522152252, 0.01673874496494045, 0.01751440457689525, 0.01835087734908702, 0.019202544572813795, 0.020070622325609303, 0.02095627718778323, 0.02186061264947246, 0.022737260153569413, 0.023681097053535004, 0.024646250751560458, 0.025633386418693636, 0.02659237614956749, 0.027623542314219474, 0.0286250346734827, 0.029647102596467904, 0.03056454213255984, 0.031680305841655834, 0.03263530150735364, 0.033606764937046466, 0.034593095597664145, 0.03536350794006898, 0.035930760474075646, 0.03631257033147624, 0.03661317474198803, 0.03688385713543919, 0.03738127616234113, 0.037934719347479336, 0.03858163380471939, 0.03921882339006296, 0.03999131852533767, 0.04074980907886149, 0.04127472956039594, 0.04151563832077664, 0.04151964454301027, 0.04123464219442919, 0.04096829512038153, 0.04056460486818273, 0.04028281736824196, 0.04000166841569801, 0.03919762289117317, 0.037812479337396496, 0.03622310391275238, 0.03453579653228067, 0.0330206041779641, 0.031565009966306234, 0.03054064037737075, 0.029904305612678588, 0.029394155816597912, 0.028896840658953926, 0.02825322628704274, 0.027685220830545497, 0.02666364029859006, 0.025486033827772144, 0.02414387260068274, 0.023028867611909868, 0.022681878550084772, 0.02299235797660897, 0.02387546679328945, 0.024738332374206702, 0.025547718436096926, 0.026640938816603423, 0.02759836215880636, 0.028240938725365098, 0.028199955208514017, 0.028168175430310402, 0.02767018559717724, 0.027414861073674215, 0.027239233260695786, 0.0274939869379551, 0.027874761581110984, 0.02868161073982207, 0.029514734605865275, 0.030345172291974937, 0.031248268714928727, 0.032298002681611045, 0.033509628354587276, 0.0348066615601669, 0.03569061118903811, 0.03631377821401384, 0.03654105211474412, 0.03646788532881584, 0.03572808397059345, 0.03427781350345514, 0.03309813106562172, 0.031639416134799855, 0.02970329439236902, 0.027599049067936567, 0.02603054913364457, 0.024090316372098155, 0.02220132238001286, 0.02051452966091278, 0.019044426362309692, 0.017805605247084858, 0.01643252777018217, 0.01523003850809785, 0.01424180324883461, 0.013706552220618947, 0.0130880570946912, 0.012988920737072255, 0.013178248200839212, 0.013386796436950147, 0.01359897371732897, 0.01439195864266014, 0.015495810506657983, 0.016686507754200334, 0.01807173050136072, 0.019341411872889052, 0.020370802976522343, 0.0213787239197115, 0.02262888584538598, 0.02401686851684336, 0.025523335513576738, 0.026670410326906566, 0.02758824337325398, 0.02810647098585074, 0.028219175888028712, 0.02804128716256827, 0.027840212128430745, 0.02799079668741686, 0.027988272685847155, 0.02831306909632167, 0.028434723397990712, 0.0285549391753426, 0.02832607944879636, 0.02800347501499142, 0.027460301198426997, 0.02681840364884072, 0.026203190519756815, 0.02552364346313934, 0.024940794741503684, 0.024553643852497812, 0.024009602077058226, 0.023587486328410737, 0.023053226444370627, 0.02237349941244249, 0.021247392964358097, 0.01948489409103017, 0.01759577829009665, 0.015969918059865678, 0.014849832783247986, 0.014164911869984548, 0.013546042864334782, 0.01328357500957488, 0.012905521640083246, 0.012806686101790404, 0.01256569256360443, 0.01270015008783326, 0.013333718053885597, 0.014364706842779438, 0.015230812921928084, 0.016214173123414017, 0.017422309714956504, 0.01848297873673576, 0.019690103784110968, 0.02062988015396428, 0.021304326954883004, 0.021542023987470748, 0.021445001132587415, 0.02128479356968176, 0.021154257299581803, 0.020548768777841446, 0.020419411659703072, 0.020346908766621045, 0.02018386842926173, 0.020060715556614095, 0.019970155121820186, 0.019905412966441507, 0.019860328269953802, 0.019689549628068632, 0.019110038324468673, 0.018401772510693467, 0.01773443768827515, 0.01691379473734185, 0.0163889904882787, 0.015891976533507178, 0.015695148472402557, 0.015634975895130635, 0.01548249397414641, 0.015250362203767827, 0.01446715870868431, 0.013690714184349355, 0.013111437378948002, 0.01280400987898366, 0.012789088065484542, 0.012885508256999974, 0.012645414791893052, 0.012533763320360268, 0.01300792748125149, 0.014045480441271196, 0.015593406388961941, 0.017496649938682926, 0.01947963017829757, 0.021814960986639112, 0.0244888991790445, 0.027455202671237973, 0.030462142682767764, 0.03347516022004274, 0.03632355277573078, 0.03911728575744543, 0.041489125175428104, 0.043617926344794986, 0.04507509866910146, 0.045973158335007626, 0.046666313335408376, 0.047747911364257295, 0.04910015737076979, 0.051170936172887156, 0.05323921785426519, 0.05484930583024696, 0.05598397968583077, 0.056516639752925084, 0.05678375349578094, 0.05655312215346535, 0.05709318659280136, 0.05753330561326649, 0.05822424761198231, 0.05856641837777238, 0.058663546697002605, 0.05829520111627496, 0.058019458378357286, 0.05786276302771312, 0.057678835712609886, 0.05721489013034267, 0.05620972754199197, 0.05488023496470325, 0.05291870088860013, 0.05085359195424363, 0.04836971777146554, 0.045888993393773454, 0.04332790860019442, 0.040721243397433354, 0.03815348906679705, 0.03609755066086763, 0.03431153121207709, 0.03269994312791247, 0.03113246913067769, 0.029533434333839276, 0.02779284963423818, 0.02581340528028532, 0.023636664296078556, 0.021032966406022018, 0.018298152858289164, 0.015471223173718233, 0.012975006021594128, 0.011476514573927241, 0.011190786613452559, 0.012013514795745658, 0.013192708648177051, 0.0146026096239084, 0.016627808096549106, 0.019288816219412905, 0.022115031993867204, 0.024956066779425322, 0.027947127033299147, 0.030317719296220055, 0.03213024736687776, 0.033908117916643665, 0.035613155393420214, 0.03695858371541455, 0.0370883147011733, 0.035844860180821725, 0.03331269225961453, 0.030127822662769057, 0.026675716455458534, 0.02305094507263966, 0.019294584365168215, 0.016588874620184203, 0.013459760460278334, 0.010513659470637583, 0.008184205378854309, 0.005908681970234855, 0.003908372487361734, 0.002250880846271649, 0.001837561814419065, 0.003902446460586522, 0.00649131804032715, 0.008842266053540701, 0.011337576744963709, 0.013847821453172829, 0.016241515374979285, 0.018506880743639053, 0.020753891025054552, 0.022854281545735794, 0.025177910908837288, 0.027764777035113285, 0.0302577363231247, 0.032552204835272186, 0.033962244268502154, 0.03530995724171245, 0.036795414568091225, 0.03840706162943578, 0.039993850675796264, 0.04133645030179679, 0.04211247094820217, 0.04239213751353172, 0.042192499106345205, 0.04200269786908514, 0.041897190162155235, 0.041830932940717325, 0.04166737666619139, 0.04206882264734189, 0.0426127097658282, 0.042895687146734904, 0.04300135533202284, 0.04249799814293581, 0.041897582995049115, 0.04072077112408416, 0.03927976254850985, 0.037331499513228325, 0.035889992777759706, 0.03456359233645024, 0.033243529781910974, 0.03199033675126687, 0.03059935779738079, 0.029272240636492235, 0.027900707354997015, 0.02654938414970694, 0.02543173352052397, 0.024311103096379235, 0.023065212419431085, 0.021685454855791198, 0.02041159885695607, 0.019056064221564174, 0.017656707279948437, 0.01626614648165674, 0.015012383850973622, 0.013603567963072178, 0.012189757837366814, 0.010674529938407772, 0.009407142987148039, 0.008344525906195775, 0.007439054007672372, 0.0072034584519923735, 0.007775010970036668, 0.009047582903156274, 0.010731538882415681, 0.01253460028234948, 0.014333543563369548, 0.016070624592636203, 0.017817726146123574, 0.019557256660804743, 0.02116824086555951, 0.022529303997840977, 0.023628588936546305, 0.02391411988476377, 0.02359656311707365, 0.022355277074164143, 0.020961866673625245, 0.018393580144489934, 0.015660552711922182, 0.013874328661167971, 0.01254026736778108, 0.011812131260623127, 0.010800298354986543, 0.00961805971638548, 0.008471507575266851, 0.007656757785702683, 0.006719580941926242, 0.0056999472982024405, 0.005125787188458596, 0.00504686530895439, 0.005697178935649704, 0.006245540782853768, 0.0070976650798796875, 0.007900543705723831, 0.008755370167568399, 0.009807746909975117, 0.011209592216881203, 0.01276960312030194, 0.014467251258771754, 0.015865855510978952, 0.01751794577394112, 0.01978728846519214, 0.022540086452385207, 0.024859037758439572, 0.02589623397823137, 0.02611181133516041, 0.026565850619759173, 0.0272557734372972, 0.02776644526036269, 0.02799937699621002, 0.02818388188652303, 0.02806005928616626, 0.028083982827741123, 0.02781538632605852, 0.027763976455106594, 0.028120518002563644, 0.028688559534023904, 0.029389365084960088, 0.030059907204608147, 0.03052096911154336, 0.031053468449087778, 0.03142000488428638, 0.03173833045042581, 0.031892653890475096, 0.03198060527161537, 0.031944507243272385, 0.03180892531117334, 0.03180195743523648, 0.03175983113429147, 0.03185651864929952, 0.032146459060636644, 0.032526908876218445, 0.033087790299913135, 0.03370146462957083, 0.0342847740780508, 0.0344768243549477, 0.03441738754137779, 0.034008301029805295]",0.027763976455106594,0.09989991275774868,0.018906936856450257,0.020331407410848767,0.0,0.0,0.001209868885183929,0.09989991275774868,0.018906936856450257,0.020331407410848767,9.408,1717635310.1291802,2024-06-06_10-55-10
0.5059,0.13296,0.42125647546938855,0.40611671585517023,0.15331781755660384,0.4018574343316277,0.5059,0.13296,0.4240154802082193,0.40611671585517023,0.15331781755660384,0.4018574343316277,0.028120518002563644,"[0.011315756658919754, 0.012192407496521018, 0.01288995615295488, 0.01359963525141729, 0.014321891165186378, 0.015181047888625853, 0.01592941522152252, 0.01673874496494045, 0.01751440457689525, 0.01835087734908702, 0.019202544572813795, 0.020070622325609303, 0.02095627718778323, 0.02186061264947246, 0.022737260153569413, 0.023681097053535004, 0.024646250751560458, 0.025633386418693636, 0.02659237614956749, 0.027623542314219474, 0.0286250346734827, 0.029647102596467904, 0.03056454213255984, 0.031680305841655834, 0.03263530150735364, 0.033606764937046466, 0.034593095597664145, 0.03536350794006898, 0.035930760474075646, 0.03631257033147624, 0.03661317474198803, 0.03688385713543919, 0.03738127616234113, 0.037934719347479336, 0.03858163380471939, 0.03921882339006296, 0.03999131852533767, 0.04074980907886149, 0.04127472956039594, 0.04151563832077664, 0.04151964454301027, 0.04123464219442919, 0.04096829512038153, 0.04056460486818273, 0.04028281736824196, 0.04000166841569801, 0.03919762289117317, 0.037812479337396496, 0.03622310391275238, 0.03453579653228067, 0.0330206041779641, 0.031565009966306234, 0.03054064037737075, 0.029904305612678588, 0.029394155816597912, 0.028896840658953926, 0.02825322628704274, 0.027685220830545497, 0.02666364029859006, 0.025486033827772144, 0.02414387260068274, 0.023028867611909868, 0.022681878550084772, 0.02299235797660897, 0.02387546679328945, 0.024738332374206702, 0.025547718436096926, 0.026640938816603423, 0.02759836215880636, 0.028240938725365098, 0.028199955208514017, 0.028168175430310402, 0.02767018559717724, 0.027414861073674215, 0.027239233260695786, 0.0274939869379551, 0.027874761581110984, 0.02868161073982207, 0.029514734605865275, 0.030345172291974937, 0.031248268714928727, 0.032298002681611045, 0.033509628354587276, 0.0348066615601669, 0.03569061118903811, 0.03631377821401384, 0.03654105211474412, 0.03646788532881584, 0.03572808397059345, 0.03427781350345514, 0.03309813106562172, 0.031639416134799855, 0.02970329439236902, 0.027599049067936567, 0.02603054913364457, 0.024090316372098155, 0.02220132238001286, 0.02051452966091278, 0.019044426362309692, 0.017805605247084858, 0.01643252777018217, 0.01523003850809785, 0.01424180324883461, 0.013706552220618947, 0.0130880570946912, 0.012988920737072255, 0.013178248200839212, 0.013386796436950147, 0.01359897371732897, 0.01439195864266014, 0.015495810506657983, 0.016686507754200334, 0.01807173050136072, 0.019341411872889052, 0.020370802976522343, 0.0213787239197115, 0.02262888584538598, 0.02401686851684336, 0.025523335513576738, 0.026670410326906566, 0.02758824337325398, 0.02810647098585074, 0.028219175888028712, 0.02804128716256827, 0.027840212128430745, 0.02799079668741686, 0.027988272685847155, 0.02831306909632167, 0.028434723397990712, 0.0285549391753426, 0.02832607944879636, 0.02800347501499142, 0.027460301198426997, 0.02681840364884072, 0.026203190519756815, 0.02552364346313934, 0.024940794741503684, 0.024553643852497812, 0.024009602077058226, 0.023587486328410737, 0.023053226444370627, 0.02237349941244249, 0.021247392964358097, 0.01948489409103017, 0.01759577829009665, 0.015969918059865678, 0.014849832783247986, 0.014164911869984548, 0.013546042864334782, 0.01328357500957488, 0.012905521640083246, 0.012806686101790404, 0.01256569256360443, 0.01270015008783326, 0.013333718053885597, 0.014364706842779438, 0.015230812921928084, 0.016214173123414017, 0.017422309714956504, 0.01848297873673576, 0.019690103784110968, 0.02062988015396428, 0.021304326954883004, 0.021542023987470748, 0.021445001132587415, 0.02128479356968176, 0.021154257299581803, 0.020548768777841446, 0.020419411659703072, 0.020346908766621045, 0.02018386842926173, 0.020060715556614095, 0.019970155121820186, 0.019905412966441507, 0.019860328269953802, 0.019689549628068632, 0.019110038324468673, 0.018401772510693467, 0.01773443768827515, 0.01691379473734185, 0.0163889904882787, 0.015891976533507178, 0.015695148472402557, 0.015634975895130635, 0.01548249397414641, 0.015250362203767827, 0.01446715870868431, 0.013690714184349355, 0.013111437378948002, 0.01280400987898366, 0.012789088065484542, 0.012885508256999974, 0.012645414791893052, 0.012533763320360268, 0.01300792748125149, 0.014045480441271196, 0.015593406388961941, 0.017496649938682926, 0.01947963017829757, 0.021814960986639112, 0.0244888991790445, 0.027455202671237973, 0.030462142682767764, 0.03347516022004274, 0.03632355277573078, 0.03911728575744543, 0.041489125175428104, 0.043617926344794986, 0.04507509866910146, 0.045973158335007626, 0.046666313335408376, 0.047747911364257295, 0.04910015737076979, 0.051170936172887156, 0.05323921785426519, 0.05484930583024696, 0.05598397968583077, 0.056516639752925084, 0.05678375349578094, 0.05655312215346535, 0.05709318659280136, 0.05753330561326649, 0.05822424761198231, 0.05856641837777238, 0.058663546697002605, 0.05829520111627496, 0.058019458378357286, 0.05786276302771312, 0.057678835712609886, 0.05721489013034267, 0.05620972754199197, 0.05488023496470325, 0.05291870088860013, 0.05085359195424363, 0.04836971777146554, 0.045888993393773454, 0.04332790860019442, 0.040721243397433354, 0.03815348906679705, 0.03609755066086763, 0.03431153121207709, 0.03269994312791247, 0.03113246913067769, 0.029533434333839276, 0.02779284963423818, 0.02581340528028532, 0.023636664296078556, 0.021032966406022018, 0.018298152858289164, 0.015471223173718233, 0.012975006021594128, 0.011476514573927241, 0.011190786613452559, 0.012013514795745658, 0.013192708648177051, 0.0146026096239084, 0.016627808096549106, 0.019288816219412905, 0.022115031993867204, 0.024956066779425322, 0.027947127033299147, 0.030317719296220055, 0.03213024736687776, 0.033908117916643665, 0.035613155393420214, 0.03695858371541455, 0.0370883147011733, 0.035844860180821725, 0.03331269225961453, 0.030127822662769057, 0.026675716455458534, 0.02305094507263966, 0.019294584365168215, 0.016588874620184203, 0.013459760460278334, 0.010513659470637583, 0.008184205378854309, 0.005908681970234855, 0.003908372487361734, 0.002250880846271649, 0.001837561814419065, 0.003902446460586522, 0.00649131804032715, 0.008842266053540701, 0.011337576744963709, 0.013847821453172829, 0.016241515374979285, 0.018506880743639053, 0.020753891025054552, 0.022854281545735794, 0.025177910908837288, 0.027764777035113285, 0.0302577363231247, 0.032552204835272186, 0.033962244268502154, 0.03530995724171245, 0.036795414568091225, 0.03840706162943578, 0.039993850675796264, 0.04133645030179679, 0.04211247094820217, 0.04239213751353172, 0.042192499106345205, 0.04200269786908514, 0.041897190162155235, 0.041830932940717325, 0.04166737666619139, 0.04206882264734189, 0.0426127097658282, 0.042895687146734904, 0.04300135533202284, 0.04249799814293581, 0.041897582995049115, 0.04072077112408416, 0.03927976254850985, 0.037331499513228325, 0.035889992777759706, 0.03456359233645024, 0.033243529781910974, 0.03199033675126687, 0.03059935779738079, 0.029272240636492235, 0.027900707354997015, 0.02654938414970694, 0.02543173352052397, 0.024311103096379235, 0.023065212419431085, 0.021685454855791198, 0.02041159885695607, 0.019056064221564174, 0.017656707279948437, 0.01626614648165674, 0.015012383850973622, 0.013603567963072178, 0.012189757837366814, 0.010674529938407772, 0.009407142987148039, 0.008344525906195775, 0.007439054007672372, 0.0072034584519923735, 0.007775010970036668, 0.009047582903156274, 0.010731538882415681, 0.01253460028234948, 0.014333543563369548, 0.016070624592636203, 0.017817726146123574, 0.019557256660804743, 0.02116824086555951, 0.022529303997840977, 0.023628588936546305, 0.02391411988476377, 0.02359656311707365, 0.022355277074164143, 0.020961866673625245, 0.018393580144489934, 0.015660552711922182, 0.013874328661167971, 0.01254026736778108, 0.011812131260623127, 0.010800298354986543, 0.00961805971638548, 0.008471507575266851, 0.007656757785702683, 0.006719580941926242, 0.0056999472982024405, 0.005125787188458596, 0.00504686530895439, 0.005697178935649704, 0.006245540782853768, 0.0070976650798796875, 0.007900543705723831, 0.008755370167568399, 0.009807746909975117, 0.011209592216881203, 0.01276960312030194, 0.014467251258771754, 0.015865855510978952, 0.01751794577394112, 0.01978728846519214, 0.022540086452385207, 0.024859037758439572, 0.02589623397823137, 0.02611181133516041, 0.026565850619759173, 0.0272557734372972, 0.02776644526036269, 0.02799937699621002, 0.02818388188652303, 0.02806005928616626, 0.028083982827741123, 0.02781538632605852, 0.027763976455106594, 0.028120518002563644, 0.028688559534023904, 0.029389365084960088, 0.030059907204608147, 0.03052096911154336, 0.031053468449087778, 0.03142000488428638, 0.03173833045042581, 0.031892653890475096, 0.03198060527161537, 0.031944507243272385, 0.03180892531117334, 0.03180195743523648, 0.03175983113429147, 0.03185651864929952, 0.032146459060636644, 0.032526908876218445, 0.033087790299913135, 0.03370146462957083, 0.0342847740780508, 0.0344768243549477, 0.03441738754137779, 0.034008301029805295]",0.028120518002563644,0.09978328414482979,0.020357817556603847,0.019399041137760864,0.0,0.0,0.002759004738830728,0.09978328414482979,0.020357817556603847,0.019399041137760864,9.432,1717635310.1531894,2024-06-06_10-55-10
0.5059,0.13368,0.42219029999792607,0.4061555513184645,0.15587741648758144,0.40401591831892303,0.5059,0.13368,0.4264984405904036,0.4061555513184645,0.15587741648758144,0.40401591831892303,0.028688559534023904,"[0.011315756658919754, 0.012192407496521018, 0.01288995615295488, 0.01359963525141729, 0.014321891165186378, 0.015181047888625853, 0.01592941522152252, 0.01673874496494045, 0.01751440457689525, 0.01835087734908702, 0.019202544572813795, 0.020070622325609303, 0.02095627718778323, 0.02186061264947246, 0.022737260153569413, 0.023681097053535004, 0.024646250751560458, 0.025633386418693636, 0.02659237614956749, 0.027623542314219474, 0.0286250346734827, 0.029647102596467904, 0.03056454213255984, 0.031680305841655834, 0.03263530150735364, 0.033606764937046466, 0.034593095597664145, 0.03536350794006898, 0.035930760474075646, 0.03631257033147624, 0.03661317474198803, 0.03688385713543919, 0.03738127616234113, 0.037934719347479336, 0.03858163380471939, 0.03921882339006296, 0.03999131852533767, 0.04074980907886149, 0.04127472956039594, 0.04151563832077664, 0.04151964454301027, 0.04123464219442919, 0.04096829512038153, 0.04056460486818273, 0.04028281736824196, 0.04000166841569801, 0.03919762289117317, 0.037812479337396496, 0.03622310391275238, 0.03453579653228067, 0.0330206041779641, 0.031565009966306234, 0.03054064037737075, 0.029904305612678588, 0.029394155816597912, 0.028896840658953926, 0.02825322628704274, 0.027685220830545497, 0.02666364029859006, 0.025486033827772144, 0.02414387260068274, 0.023028867611909868, 0.022681878550084772, 0.02299235797660897, 0.02387546679328945, 0.024738332374206702, 0.025547718436096926, 0.026640938816603423, 0.02759836215880636, 0.028240938725365098, 0.028199955208514017, 0.028168175430310402, 0.02767018559717724, 0.027414861073674215, 0.027239233260695786, 0.0274939869379551, 0.027874761581110984, 0.02868161073982207, 0.029514734605865275, 0.030345172291974937, 0.031248268714928727, 0.032298002681611045, 0.033509628354587276, 0.0348066615601669, 0.03569061118903811, 0.03631377821401384, 0.03654105211474412, 0.03646788532881584, 0.03572808397059345, 0.03427781350345514, 0.03309813106562172, 0.031639416134799855, 0.02970329439236902, 0.027599049067936567, 0.02603054913364457, 0.024090316372098155, 0.02220132238001286, 0.02051452966091278, 0.019044426362309692, 0.017805605247084858, 0.01643252777018217, 0.01523003850809785, 0.01424180324883461, 0.013706552220618947, 0.0130880570946912, 0.012988920737072255, 0.013178248200839212, 0.013386796436950147, 0.01359897371732897, 0.01439195864266014, 0.015495810506657983, 0.016686507754200334, 0.01807173050136072, 0.019341411872889052, 0.020370802976522343, 0.0213787239197115, 0.02262888584538598, 0.02401686851684336, 0.025523335513576738, 0.026670410326906566, 0.02758824337325398, 0.02810647098585074, 0.028219175888028712, 0.02804128716256827, 0.027840212128430745, 0.02799079668741686, 0.027988272685847155, 0.02831306909632167, 0.028434723397990712, 0.0285549391753426, 0.02832607944879636, 0.02800347501499142, 0.027460301198426997, 0.02681840364884072, 0.026203190519756815, 0.02552364346313934, 0.024940794741503684, 0.024553643852497812, 0.024009602077058226, 0.023587486328410737, 0.023053226444370627, 0.02237349941244249, 0.021247392964358097, 0.01948489409103017, 0.01759577829009665, 0.015969918059865678, 0.014849832783247986, 0.014164911869984548, 0.013546042864334782, 0.01328357500957488, 0.012905521640083246, 0.012806686101790404, 0.01256569256360443, 0.01270015008783326, 0.013333718053885597, 0.014364706842779438, 0.015230812921928084, 0.016214173123414017, 0.017422309714956504, 0.01848297873673576, 0.019690103784110968, 0.02062988015396428, 0.021304326954883004, 0.021542023987470748, 0.021445001132587415, 0.02128479356968176, 0.021154257299581803, 0.020548768777841446, 0.020419411659703072, 0.020346908766621045, 0.02018386842926173, 0.020060715556614095, 0.019970155121820186, 0.019905412966441507, 0.019860328269953802, 0.019689549628068632, 0.019110038324468673, 0.018401772510693467, 0.01773443768827515, 0.01691379473734185, 0.0163889904882787, 0.015891976533507178, 0.015695148472402557, 0.015634975895130635, 0.01548249397414641, 0.015250362203767827, 0.01446715870868431, 0.013690714184349355, 0.013111437378948002, 0.01280400987898366, 0.012789088065484542, 0.012885508256999974, 0.012645414791893052, 0.012533763320360268, 0.01300792748125149, 0.014045480441271196, 0.015593406388961941, 0.017496649938682926, 0.01947963017829757, 0.021814960986639112, 0.0244888991790445, 0.027455202671237973, 0.030462142682767764, 0.03347516022004274, 0.03632355277573078, 0.03911728575744543, 0.041489125175428104, 0.043617926344794986, 0.04507509866910146, 0.045973158335007626, 0.046666313335408376, 0.047747911364257295, 0.04910015737076979, 0.051170936172887156, 0.05323921785426519, 0.05484930583024696, 0.05598397968583077, 0.056516639752925084, 0.05678375349578094, 0.05655312215346535, 0.05709318659280136, 0.05753330561326649, 0.05822424761198231, 0.05856641837777238, 0.058663546697002605, 0.05829520111627496, 0.058019458378357286, 0.05786276302771312, 0.057678835712609886, 0.05721489013034267, 0.05620972754199197, 0.05488023496470325, 0.05291870088860013, 0.05085359195424363, 0.04836971777146554, 0.045888993393773454, 0.04332790860019442, 0.040721243397433354, 0.03815348906679705, 0.03609755066086763, 0.03431153121207709, 0.03269994312791247, 0.03113246913067769, 0.029533434333839276, 0.02779284963423818, 0.02581340528028532, 0.023636664296078556, 0.021032966406022018, 0.018298152858289164, 0.015471223173718233, 0.012975006021594128, 0.011476514573927241, 0.011190786613452559, 0.012013514795745658, 0.013192708648177051, 0.0146026096239084, 0.016627808096549106, 0.019288816219412905, 0.022115031993867204, 0.024956066779425322, 0.027947127033299147, 0.030317719296220055, 0.03213024736687776, 0.033908117916643665, 0.035613155393420214, 0.03695858371541455, 0.0370883147011733, 0.035844860180821725, 0.03331269225961453, 0.030127822662769057, 0.026675716455458534, 0.02305094507263966, 0.019294584365168215, 0.016588874620184203, 0.013459760460278334, 0.010513659470637583, 0.008184205378854309, 0.005908681970234855, 0.003908372487361734, 0.002250880846271649, 0.001837561814419065, 0.003902446460586522, 0.00649131804032715, 0.008842266053540701, 0.011337576744963709, 0.013847821453172829, 0.016241515374979285, 0.018506880743639053, 0.020753891025054552, 0.022854281545735794, 0.025177910908837288, 0.027764777035113285, 0.0302577363231247, 0.032552204835272186, 0.033962244268502154, 0.03530995724171245, 0.036795414568091225, 0.03840706162943578, 0.039993850675796264, 0.04133645030179679, 0.04211247094820217, 0.04239213751353172, 0.042192499106345205, 0.04200269786908514, 0.041897190162155235, 0.041830932940717325, 0.04166737666619139, 0.04206882264734189, 0.0426127097658282, 0.042895687146734904, 0.04300135533202284, 0.04249799814293581, 0.041897582995049115, 0.04072077112408416, 0.03927976254850985, 0.037331499513228325, 0.035889992777759706, 0.03456359233645024, 0.033243529781910974, 0.03199033675126687, 0.03059935779738079, 0.029272240636492235, 0.027900707354997015, 0.02654938414970694, 0.02543173352052397, 0.024311103096379235, 0.023065212419431085, 0.021685454855791198, 0.02041159885695607, 0.019056064221564174, 0.017656707279948437, 0.01626614648165674, 0.015012383850973622, 0.013603567963072178, 0.012189757837366814, 0.010674529938407772, 0.009407142987148039, 0.008344525906195775, 0.007439054007672372, 0.0072034584519923735, 0.007775010970036668, 0.009047582903156274, 0.010731538882415681, 0.01253460028234948, 0.014333543563369548, 0.016070624592636203, 0.017817726146123574, 0.019557256660804743, 0.02116824086555951, 0.022529303997840977, 0.023628588936546305, 0.02391411988476377, 0.02359656311707365, 0.022355277074164143, 0.020961866673625245, 0.018393580144489934, 0.015660552711922182, 0.013874328661167971, 0.01254026736778108, 0.011812131260623127, 0.010800298354986543, 0.00961805971638548, 0.008471507575266851, 0.007656757785702683, 0.006719580941926242, 0.0056999472982024405, 0.005125787188458596, 0.00504686530895439, 0.005697178935649704, 0.006245540782853768, 0.0070976650798796875, 0.007900543705723831, 0.008755370167568399, 0.009807746909975117, 0.011209592216881203, 0.01276960312030194, 0.014467251258771754, 0.015865855510978952, 0.01751794577394112, 0.01978728846519214, 0.022540086452385207, 0.024859037758439572, 0.02589623397823137, 0.02611181133516041, 0.026565850619759173, 0.0272557734372972, 0.02776644526036269, 0.02799937699621002, 0.02818388188652303, 0.02806005928616626, 0.028083982827741123, 0.02781538632605852, 0.027763976455106594, 0.028120518002563644, 0.028688559534023904, 0.029389365084960088, 0.030059907204608147, 0.03052096911154336, 0.031053468449087778, 0.03142000488428638, 0.03173833045042581, 0.031892653890475096, 0.03198060527161537, 0.031944507243272385, 0.03180892531117334, 0.03180195743523648, 0.03175983113429147, 0.03185651864929952, 0.032146459060636644, 0.032526908876218445, 0.033087790299913135, 0.03370146462957083, 0.0342847740780508, 0.0344768243549477, 0.03441738754137779, 0.034008301029805295]",0.028688559534023904,0.09974444868153554,0.022197416487581445,0.018174381679003038,0.0,0.0,0.004308140592477527,0.09974444868153554,0.022197416487581445,0.018174381679003038,9.456,1717635310.1781633,2024-06-06_10-55-10
0.5059,0.1344,0.4230942958380078,0.40616779166790357,0.15844222388500284,0.40619144842224764,0.5059,0.1344,0.42895157228413205,0.40616779166790357,0.15844222388500284,0.40619144842224764,0.029389365084960088,"[0.011315756658919754, 0.012192407496521018, 0.01288995615295488, 0.01359963525141729, 0.014321891165186378, 0.015181047888625853, 0.01592941522152252, 0.01673874496494045, 0.01751440457689525, 0.01835087734908702, 0.019202544572813795, 0.020070622325609303, 0.02095627718778323, 0.02186061264947246, 0.022737260153569413, 0.023681097053535004, 0.024646250751560458, 0.025633386418693636, 0.02659237614956749, 0.027623542314219474, 0.0286250346734827, 0.029647102596467904, 0.03056454213255984, 0.031680305841655834, 0.03263530150735364, 0.033606764937046466, 0.034593095597664145, 0.03536350794006898, 0.035930760474075646, 0.03631257033147624, 0.03661317474198803, 0.03688385713543919, 0.03738127616234113, 0.037934719347479336, 0.03858163380471939, 0.03921882339006296, 0.03999131852533767, 0.04074980907886149, 0.04127472956039594, 0.04151563832077664, 0.04151964454301027, 0.04123464219442919, 0.04096829512038153, 0.04056460486818273, 0.04028281736824196, 0.04000166841569801, 0.03919762289117317, 0.037812479337396496, 0.03622310391275238, 0.03453579653228067, 0.0330206041779641, 0.031565009966306234, 0.03054064037737075, 0.029904305612678588, 0.029394155816597912, 0.028896840658953926, 0.02825322628704274, 0.027685220830545497, 0.02666364029859006, 0.025486033827772144, 0.02414387260068274, 0.023028867611909868, 0.022681878550084772, 0.02299235797660897, 0.02387546679328945, 0.024738332374206702, 0.025547718436096926, 0.026640938816603423, 0.02759836215880636, 0.028240938725365098, 0.028199955208514017, 0.028168175430310402, 0.02767018559717724, 0.027414861073674215, 0.027239233260695786, 0.0274939869379551, 0.027874761581110984, 0.02868161073982207, 0.029514734605865275, 0.030345172291974937, 0.031248268714928727, 0.032298002681611045, 0.033509628354587276, 0.0348066615601669, 0.03569061118903811, 0.03631377821401384, 0.03654105211474412, 0.03646788532881584, 0.03572808397059345, 0.03427781350345514, 0.03309813106562172, 0.031639416134799855, 0.02970329439236902, 0.027599049067936567, 0.02603054913364457, 0.024090316372098155, 0.02220132238001286, 0.02051452966091278, 0.019044426362309692, 0.017805605247084858, 0.01643252777018217, 0.01523003850809785, 0.01424180324883461, 0.013706552220618947, 0.0130880570946912, 0.012988920737072255, 0.013178248200839212, 0.013386796436950147, 0.01359897371732897, 0.01439195864266014, 0.015495810506657983, 0.016686507754200334, 0.01807173050136072, 0.019341411872889052, 0.020370802976522343, 0.0213787239197115, 0.02262888584538598, 0.02401686851684336, 0.025523335513576738, 0.026670410326906566, 0.02758824337325398, 0.02810647098585074, 0.028219175888028712, 0.02804128716256827, 0.027840212128430745, 0.02799079668741686, 0.027988272685847155, 0.02831306909632167, 0.028434723397990712, 0.0285549391753426, 0.02832607944879636, 0.02800347501499142, 0.027460301198426997, 0.02681840364884072, 0.026203190519756815, 0.02552364346313934, 0.024940794741503684, 0.024553643852497812, 0.024009602077058226, 0.023587486328410737, 0.023053226444370627, 0.02237349941244249, 0.021247392964358097, 0.01948489409103017, 0.01759577829009665, 0.015969918059865678, 0.014849832783247986, 0.014164911869984548, 0.013546042864334782, 0.01328357500957488, 0.012905521640083246, 0.012806686101790404, 0.01256569256360443, 0.01270015008783326, 0.013333718053885597, 0.014364706842779438, 0.015230812921928084, 0.016214173123414017, 0.017422309714956504, 0.01848297873673576, 0.019690103784110968, 0.02062988015396428, 0.021304326954883004, 0.021542023987470748, 0.021445001132587415, 0.02128479356968176, 0.021154257299581803, 0.020548768777841446, 0.020419411659703072, 0.020346908766621045, 0.02018386842926173, 0.020060715556614095, 0.019970155121820186, 0.019905412966441507, 0.019860328269953802, 0.019689549628068632, 0.019110038324468673, 0.018401772510693467, 0.01773443768827515, 0.01691379473734185, 0.0163889904882787, 0.015891976533507178, 0.015695148472402557, 0.015634975895130635, 0.01548249397414641, 0.015250362203767827, 0.01446715870868431, 0.013690714184349355, 0.013111437378948002, 0.01280400987898366, 0.012789088065484542, 0.012885508256999974, 0.012645414791893052, 0.012533763320360268, 0.01300792748125149, 0.014045480441271196, 0.015593406388961941, 0.017496649938682926, 0.01947963017829757, 0.021814960986639112, 0.0244888991790445, 0.027455202671237973, 0.030462142682767764, 0.03347516022004274, 0.03632355277573078, 0.03911728575744543, 0.041489125175428104, 0.043617926344794986, 0.04507509866910146, 0.045973158335007626, 0.046666313335408376, 0.047747911364257295, 0.04910015737076979, 0.051170936172887156, 0.05323921785426519, 0.05484930583024696, 0.05598397968583077, 0.056516639752925084, 0.05678375349578094, 0.05655312215346535, 0.05709318659280136, 0.05753330561326649, 0.05822424761198231, 0.05856641837777238, 0.058663546697002605, 0.05829520111627496, 0.058019458378357286, 0.05786276302771312, 0.057678835712609886, 0.05721489013034267, 0.05620972754199197, 0.05488023496470325, 0.05291870088860013, 0.05085359195424363, 0.04836971777146554, 0.045888993393773454, 0.04332790860019442, 0.040721243397433354, 0.03815348906679705, 0.03609755066086763, 0.03431153121207709, 0.03269994312791247, 0.03113246913067769, 0.029533434333839276, 0.02779284963423818, 0.02581340528028532, 0.023636664296078556, 0.021032966406022018, 0.018298152858289164, 0.015471223173718233, 0.012975006021594128, 0.011476514573927241, 0.011190786613452559, 0.012013514795745658, 0.013192708648177051, 0.0146026096239084, 0.016627808096549106, 0.019288816219412905, 0.022115031993867204, 0.024956066779425322, 0.027947127033299147, 0.030317719296220055, 0.03213024736687776, 0.033908117916643665, 0.035613155393420214, 0.03695858371541455, 0.0370883147011733, 0.035844860180821725, 0.03331269225961453, 0.030127822662769057, 0.026675716455458534, 0.02305094507263966, 0.019294584365168215, 0.016588874620184203, 0.013459760460278334, 0.010513659470637583, 0.008184205378854309, 0.005908681970234855, 0.003908372487361734, 0.002250880846271649, 0.001837561814419065, 0.003902446460586522, 0.00649131804032715, 0.008842266053540701, 0.011337576744963709, 0.013847821453172829, 0.016241515374979285, 0.018506880743639053, 0.020753891025054552, 0.022854281545735794, 0.025177910908837288, 0.027764777035113285, 0.0302577363231247, 0.032552204835272186, 0.033962244268502154, 0.03530995724171245, 0.036795414568091225, 0.03840706162943578, 0.039993850675796264, 0.04133645030179679, 0.04211247094820217, 0.04239213751353172, 0.042192499106345205, 0.04200269786908514, 0.041897190162155235, 0.041830932940717325, 0.04166737666619139, 0.04206882264734189, 0.0426127097658282, 0.042895687146734904, 0.04300135533202284, 0.04249799814293581, 0.041897582995049115, 0.04072077112408416, 0.03927976254850985, 0.037331499513228325, 0.035889992777759706, 0.03456359233645024, 0.033243529781910974, 0.03199033675126687, 0.03059935779738079, 0.029272240636492235, 0.027900707354997015, 0.02654938414970694, 0.02543173352052397, 0.024311103096379235, 0.023065212419431085, 0.021685454855791198, 0.02041159885695607, 0.019056064221564174, 0.017656707279948437, 0.01626614648165674, 0.015012383850973622, 0.013603567963072178, 0.012189757837366814, 0.010674529938407772, 0.009407142987148039, 0.008344525906195775, 0.007439054007672372, 0.0072034584519923735, 0.007775010970036668, 0.009047582903156274, 0.010731538882415681, 0.01253460028234948, 0.014333543563369548, 0.016070624592636203, 0.017817726146123574, 0.019557256660804743, 0.02116824086555951, 0.022529303997840977, 0.023628588936546305, 0.02391411988476377, 0.02359656311707365, 0.022355277074164143, 0.020961866673625245, 0.018393580144489934, 0.015660552711922182, 0.013874328661167971, 0.01254026736778108, 0.011812131260623127, 0.010800298354986543, 0.00961805971638548, 0.008471507575266851, 0.007656757785702683, 0.006719580941926242, 0.0056999472982024405, 0.005125787188458596, 0.00504686530895439, 0.005697178935649704, 0.006245540782853768, 0.0070976650798796875, 0.007900543705723831, 0.008755370167568399, 0.009807746909975117, 0.011209592216881203, 0.01276960312030194, 0.014467251258771754, 0.015865855510978952, 0.01751794577394112, 0.01978728846519214, 0.022540086452385207, 0.024859037758439572, 0.02589623397823137, 0.02611181133516041, 0.026565850619759173, 0.0272557734372972, 0.02776644526036269, 0.02799937699621002, 0.02818388188652303, 0.02806005928616626, 0.028083982827741123, 0.02781538632605852, 0.027763976455106594, 0.028120518002563644, 0.028688559534023904, 0.029389365084960088, 0.030059907204608147, 0.03052096911154336, 0.031053468449087778, 0.03142000488428638, 0.03173833045042581, 0.031892653890475096, 0.03198060527161537, 0.031944507243272385, 0.03180892531117334, 0.03180195743523648, 0.03175983113429147, 0.03185651864929952, 0.032146459060636644, 0.032526908876218445, 0.033087790299913135, 0.03370146462957083, 0.0342847740780508, 0.0344768243549477, 0.03441738754137779, 0.034008301029805295]",0.029389365084960088,0.09973220833209645,0.02404222388500285,0.016902847415760147,0.0,0.0,0.005857276446124271,0.09973220833209645,0.02404222388500285,0.016902847415760147,9.48,1717635310.2011716,2024-06-06_10-55-10
0.5059,0.13512000000000005,0.4239661566210021,0.4062250333862428,0.1607272887767008,0.408222434613284,0.5059,0.13512000000000005,0.43133231923776366,0.4062250333862428,0.1607272887767008,0.408222434613284,0.030059907204608147,"[0.011315756658919754, 0.012192407496521018, 0.01288995615295488, 0.01359963525141729, 0.014321891165186378, 0.015181047888625853, 0.01592941522152252, 0.01673874496494045, 0.01751440457689525, 0.01835087734908702, 0.019202544572813795, 0.020070622325609303, 0.02095627718778323, 0.02186061264947246, 0.022737260153569413, 0.023681097053535004, 0.024646250751560458, 0.025633386418693636, 0.02659237614956749, 0.027623542314219474, 0.0286250346734827, 0.029647102596467904, 0.03056454213255984, 0.031680305841655834, 0.03263530150735364, 0.033606764937046466, 0.034593095597664145, 0.03536350794006898, 0.035930760474075646, 0.03631257033147624, 0.03661317474198803, 0.03688385713543919, 0.03738127616234113, 0.037934719347479336, 0.03858163380471939, 0.03921882339006296, 0.03999131852533767, 0.04074980907886149, 0.04127472956039594, 0.04151563832077664, 0.04151964454301027, 0.04123464219442919, 0.04096829512038153, 0.04056460486818273, 0.04028281736824196, 0.04000166841569801, 0.03919762289117317, 0.037812479337396496, 0.03622310391275238, 0.03453579653228067, 0.0330206041779641, 0.031565009966306234, 0.03054064037737075, 0.029904305612678588, 0.029394155816597912, 0.028896840658953926, 0.02825322628704274, 0.027685220830545497, 0.02666364029859006, 0.025486033827772144, 0.02414387260068274, 0.023028867611909868, 0.022681878550084772, 0.02299235797660897, 0.02387546679328945, 0.024738332374206702, 0.025547718436096926, 0.026640938816603423, 0.02759836215880636, 0.028240938725365098, 0.028199955208514017, 0.028168175430310402, 0.02767018559717724, 0.027414861073674215, 0.027239233260695786, 0.0274939869379551, 0.027874761581110984, 0.02868161073982207, 0.029514734605865275, 0.030345172291974937, 0.031248268714928727, 0.032298002681611045, 0.033509628354587276, 0.0348066615601669, 0.03569061118903811, 0.03631377821401384, 0.03654105211474412, 0.03646788532881584, 0.03572808397059345, 0.03427781350345514, 0.03309813106562172, 0.031639416134799855, 0.02970329439236902, 0.027599049067936567, 0.02603054913364457, 0.024090316372098155, 0.02220132238001286, 0.02051452966091278, 0.019044426362309692, 0.017805605247084858, 0.01643252777018217, 0.01523003850809785, 0.01424180324883461, 0.013706552220618947, 0.0130880570946912, 0.012988920737072255, 0.013178248200839212, 0.013386796436950147, 0.01359897371732897, 0.01439195864266014, 0.015495810506657983, 0.016686507754200334, 0.01807173050136072, 0.019341411872889052, 0.020370802976522343, 0.0213787239197115, 0.02262888584538598, 0.02401686851684336, 0.025523335513576738, 0.026670410326906566, 0.02758824337325398, 0.02810647098585074, 0.028219175888028712, 0.02804128716256827, 0.027840212128430745, 0.02799079668741686, 0.027988272685847155, 0.02831306909632167, 0.028434723397990712, 0.0285549391753426, 0.02832607944879636, 0.02800347501499142, 0.027460301198426997, 0.02681840364884072, 0.026203190519756815, 0.02552364346313934, 0.024940794741503684, 0.024553643852497812, 0.024009602077058226, 0.023587486328410737, 0.023053226444370627, 0.02237349941244249, 0.021247392964358097, 0.01948489409103017, 0.01759577829009665, 0.015969918059865678, 0.014849832783247986, 0.014164911869984548, 0.013546042864334782, 0.01328357500957488, 0.012905521640083246, 0.012806686101790404, 0.01256569256360443, 0.01270015008783326, 0.013333718053885597, 0.014364706842779438, 0.015230812921928084, 0.016214173123414017, 0.017422309714956504, 0.01848297873673576, 0.019690103784110968, 0.02062988015396428, 0.021304326954883004, 0.021542023987470748, 0.021445001132587415, 0.02128479356968176, 0.021154257299581803, 0.020548768777841446, 0.020419411659703072, 0.020346908766621045, 0.02018386842926173, 0.020060715556614095, 0.019970155121820186, 0.019905412966441507, 0.019860328269953802, 0.019689549628068632, 0.019110038324468673, 0.018401772510693467, 0.01773443768827515, 0.01691379473734185, 0.0163889904882787, 0.015891976533507178, 0.015695148472402557, 0.015634975895130635, 0.01548249397414641, 0.015250362203767827, 0.01446715870868431, 0.013690714184349355, 0.013111437378948002, 0.01280400987898366, 0.012789088065484542, 0.012885508256999974, 0.012645414791893052, 0.012533763320360268, 0.01300792748125149, 0.014045480441271196, 0.015593406388961941, 0.017496649938682926, 0.01947963017829757, 0.021814960986639112, 0.0244888991790445, 0.027455202671237973, 0.030462142682767764, 0.03347516022004274, 0.03632355277573078, 0.03911728575744543, 0.041489125175428104, 0.043617926344794986, 0.04507509866910146, 0.045973158335007626, 0.046666313335408376, 0.047747911364257295, 0.04910015737076979, 0.051170936172887156, 0.05323921785426519, 0.05484930583024696, 0.05598397968583077, 0.056516639752925084, 0.05678375349578094, 0.05655312215346535, 0.05709318659280136, 0.05753330561326649, 0.05822424761198231, 0.05856641837777238, 0.058663546697002605, 0.05829520111627496, 0.058019458378357286, 0.05786276302771312, 0.057678835712609886, 0.05721489013034267, 0.05620972754199197, 0.05488023496470325, 0.05291870088860013, 0.05085359195424363, 0.04836971777146554, 0.045888993393773454, 0.04332790860019442, 0.040721243397433354, 0.03815348906679705, 0.03609755066086763, 0.03431153121207709, 0.03269994312791247, 0.03113246913067769, 0.029533434333839276, 0.02779284963423818, 0.02581340528028532, 0.023636664296078556, 0.021032966406022018, 0.018298152858289164, 0.015471223173718233, 0.012975006021594128, 0.011476514573927241, 0.011190786613452559, 0.012013514795745658, 0.013192708648177051, 0.0146026096239084, 0.016627808096549106, 0.019288816219412905, 0.022115031993867204, 0.024956066779425322, 0.027947127033299147, 0.030317719296220055, 0.03213024736687776, 0.033908117916643665, 0.035613155393420214, 0.03695858371541455, 0.0370883147011733, 0.035844860180821725, 0.03331269225961453, 0.030127822662769057, 0.026675716455458534, 0.02305094507263966, 0.019294584365168215, 0.016588874620184203, 0.013459760460278334, 0.010513659470637583, 0.008184205378854309, 0.005908681970234855, 0.003908372487361734, 0.002250880846271649, 0.001837561814419065, 0.003902446460586522, 0.00649131804032715, 0.008842266053540701, 0.011337576744963709, 0.013847821453172829, 0.016241515374979285, 0.018506880743639053, 0.020753891025054552, 0.022854281545735794, 0.025177910908837288, 0.027764777035113285, 0.0302577363231247, 0.032552204835272186, 0.033962244268502154, 0.03530995724171245, 0.036795414568091225, 0.03840706162943578, 0.039993850675796264, 0.04133645030179679, 0.04211247094820217, 0.04239213751353172, 0.042192499106345205, 0.04200269786908514, 0.041897190162155235, 0.041830932940717325, 0.04166737666619139, 0.04206882264734189, 0.0426127097658282, 0.042895687146734904, 0.04300135533202284, 0.04249799814293581, 0.041897582995049115, 0.04072077112408416, 0.03927976254850985, 0.037331499513228325, 0.035889992777759706, 0.03456359233645024, 0.033243529781910974, 0.03199033675126687, 0.03059935779738079, 0.029272240636492235, 0.027900707354997015, 0.02654938414970694, 0.02543173352052397, 0.024311103096379235, 0.023065212419431085, 0.021685454855791198, 0.02041159885695607, 0.019056064221564174, 0.017656707279948437, 0.01626614648165674, 0.015012383850973622, 0.013603567963072178, 0.012189757837366814, 0.010674529938407772, 0.009407142987148039, 0.008344525906195775, 0.007439054007672372, 0.0072034584519923735, 0.007775010970036668, 0.009047582903156274, 0.010731538882415681, 0.01253460028234948, 0.014333543563369548, 0.016070624592636203, 0.017817726146123574, 0.019557256660804743, 0.02116824086555951, 0.022529303997840977, 0.023628588936546305, 0.02391411988476377, 0.02359656311707365, 0.022355277074164143, 0.020961866673625245, 0.018393580144489934, 0.015660552711922182, 0.013874328661167971, 0.01254026736778108, 0.011812131260623127, 0.010800298354986543, 0.00961805971638548, 0.008471507575266851, 0.007656757785702683, 0.006719580941926242, 0.0056999472982024405, 0.005125787188458596, 0.00504686530895439, 0.005697178935649704, 0.006245540782853768, 0.0070976650798796875, 0.007900543705723831, 0.008755370167568399, 0.009807746909975117, 0.011209592216881203, 0.01276960312030194, 0.014467251258771754, 0.015865855510978952, 0.01751794577394112, 0.01978728846519214, 0.022540086452385207, 0.024859037758439572, 0.02589623397823137, 0.02611181133516041, 0.026565850619759173, 0.0272557734372972, 0.02776644526036269, 0.02799937699621002, 0.02818388188652303, 0.02806005928616626, 0.028083982827741123, 0.02781538632605852, 0.027763976455106594, 0.028120518002563644, 0.028688559534023904, 0.029389365084960088, 0.030059907204608147, 0.03052096911154336, 0.031053468449087778, 0.03142000488428638, 0.03173833045042581, 0.031892653890475096, 0.03198060527161537, 0.031944507243272385, 0.03180892531117334, 0.03180195743523648, 0.03175983113429147, 0.03185651864929952, 0.032146459060636644, 0.032526908876218445, 0.033087790299913135, 0.03370146462957083, 0.0342847740780508, 0.0344768243549477, 0.03441738754137779, 0.034008301029805295]",0.030059907204608147,0.09967496661375724,0.025607288776700765,0.01574372200771812,0.0,0.0,0.00736616261676154,0.09967496661375724,0.025607288776700765,0.01574372200771812,9.504,1717635310.2250996,2024-06-06_10-55-10
0.5059,0.13583999999999993,0.4248039549651488,0.4063190721168153,0.16243101256805006,0.40982237941003496,0.5059,0.13583999999999993,0.43347775533750016,0.4063190721168153,0.16243101256805006,0.40982237941003496,0.03052096911154336,"[0.011315756658919754, 0.012192407496521018, 0.01288995615295488, 0.01359963525141729, 0.014321891165186378, 0.015181047888625853, 0.01592941522152252, 0.01673874496494045, 0.01751440457689525, 0.01835087734908702, 0.019202544572813795, 0.020070622325609303, 0.02095627718778323, 0.02186061264947246, 0.022737260153569413, 0.023681097053535004, 0.024646250751560458, 0.025633386418693636, 0.02659237614956749, 0.027623542314219474, 0.0286250346734827, 0.029647102596467904, 0.03056454213255984, 0.031680305841655834, 0.03263530150735364, 0.033606764937046466, 0.034593095597664145, 0.03536350794006898, 0.035930760474075646, 0.03631257033147624, 0.03661317474198803, 0.03688385713543919, 0.03738127616234113, 0.037934719347479336, 0.03858163380471939, 0.03921882339006296, 0.03999131852533767, 0.04074980907886149, 0.04127472956039594, 0.04151563832077664, 0.04151964454301027, 0.04123464219442919, 0.04096829512038153, 0.04056460486818273, 0.04028281736824196, 0.04000166841569801, 0.03919762289117317, 0.037812479337396496, 0.03622310391275238, 0.03453579653228067, 0.0330206041779641, 0.031565009966306234, 0.03054064037737075, 0.029904305612678588, 0.029394155816597912, 0.028896840658953926, 0.02825322628704274, 0.027685220830545497, 0.02666364029859006, 0.025486033827772144, 0.02414387260068274, 0.023028867611909868, 0.022681878550084772, 0.02299235797660897, 0.02387546679328945, 0.024738332374206702, 0.025547718436096926, 0.026640938816603423, 0.02759836215880636, 0.028240938725365098, 0.028199955208514017, 0.028168175430310402, 0.02767018559717724, 0.027414861073674215, 0.027239233260695786, 0.0274939869379551, 0.027874761581110984, 0.02868161073982207, 0.029514734605865275, 0.030345172291974937, 0.031248268714928727, 0.032298002681611045, 0.033509628354587276, 0.0348066615601669, 0.03569061118903811, 0.03631377821401384, 0.03654105211474412, 0.03646788532881584, 0.03572808397059345, 0.03427781350345514, 0.03309813106562172, 0.031639416134799855, 0.02970329439236902, 0.027599049067936567, 0.02603054913364457, 0.024090316372098155, 0.02220132238001286, 0.02051452966091278, 0.019044426362309692, 0.017805605247084858, 0.01643252777018217, 0.01523003850809785, 0.01424180324883461, 0.013706552220618947, 0.0130880570946912, 0.012988920737072255, 0.013178248200839212, 0.013386796436950147, 0.01359897371732897, 0.01439195864266014, 0.015495810506657983, 0.016686507754200334, 0.01807173050136072, 0.019341411872889052, 0.020370802976522343, 0.0213787239197115, 0.02262888584538598, 0.02401686851684336, 0.025523335513576738, 0.026670410326906566, 0.02758824337325398, 0.02810647098585074, 0.028219175888028712, 0.02804128716256827, 0.027840212128430745, 0.02799079668741686, 0.027988272685847155, 0.02831306909632167, 0.028434723397990712, 0.0285549391753426, 0.02832607944879636, 0.02800347501499142, 0.027460301198426997, 0.02681840364884072, 0.026203190519756815, 0.02552364346313934, 0.024940794741503684, 0.024553643852497812, 0.024009602077058226, 0.023587486328410737, 0.023053226444370627, 0.02237349941244249, 0.021247392964358097, 0.01948489409103017, 0.01759577829009665, 0.015969918059865678, 0.014849832783247986, 0.014164911869984548, 0.013546042864334782, 0.01328357500957488, 0.012905521640083246, 0.012806686101790404, 0.01256569256360443, 0.01270015008783326, 0.013333718053885597, 0.014364706842779438, 0.015230812921928084, 0.016214173123414017, 0.017422309714956504, 0.01848297873673576, 0.019690103784110968, 0.02062988015396428, 0.021304326954883004, 0.021542023987470748, 0.021445001132587415, 0.02128479356968176, 0.021154257299581803, 0.020548768777841446, 0.020419411659703072, 0.020346908766621045, 0.02018386842926173, 0.020060715556614095, 0.019970155121820186, 0.019905412966441507, 0.019860328269953802, 0.019689549628068632, 0.019110038324468673, 0.018401772510693467, 0.01773443768827515, 0.01691379473734185, 0.0163889904882787, 0.015891976533507178, 0.015695148472402557, 0.015634975895130635, 0.01548249397414641, 0.015250362203767827, 0.01446715870868431, 0.013690714184349355, 0.013111437378948002, 0.01280400987898366, 0.012789088065484542, 0.012885508256999974, 0.012645414791893052, 0.012533763320360268, 0.01300792748125149, 0.014045480441271196, 0.015593406388961941, 0.017496649938682926, 0.01947963017829757, 0.021814960986639112, 0.0244888991790445, 0.027455202671237973, 0.030462142682767764, 0.03347516022004274, 0.03632355277573078, 0.03911728575744543, 0.041489125175428104, 0.043617926344794986, 0.04507509866910146, 0.045973158335007626, 0.046666313335408376, 0.047747911364257295, 0.04910015737076979, 0.051170936172887156, 0.05323921785426519, 0.05484930583024696, 0.05598397968583077, 0.056516639752925084, 0.05678375349578094, 0.05655312215346535, 0.05709318659280136, 0.05753330561326649, 0.05822424761198231, 0.05856641837777238, 0.058663546697002605, 0.05829520111627496, 0.058019458378357286, 0.05786276302771312, 0.057678835712609886, 0.05721489013034267, 0.05620972754199197, 0.05488023496470325, 0.05291870088860013, 0.05085359195424363, 0.04836971777146554, 0.045888993393773454, 0.04332790860019442, 0.040721243397433354, 0.03815348906679705, 0.03609755066086763, 0.03431153121207709, 0.03269994312791247, 0.03113246913067769, 0.029533434333839276, 0.02779284963423818, 0.02581340528028532, 0.023636664296078556, 0.021032966406022018, 0.018298152858289164, 0.015471223173718233, 0.012975006021594128, 0.011476514573927241, 0.011190786613452559, 0.012013514795745658, 0.013192708648177051, 0.0146026096239084, 0.016627808096549106, 0.019288816219412905, 0.022115031993867204, 0.024956066779425322, 0.027947127033299147, 0.030317719296220055, 0.03213024736687776, 0.033908117916643665, 0.035613155393420214, 0.03695858371541455, 0.0370883147011733, 0.035844860180821725, 0.03331269225961453, 0.030127822662769057, 0.026675716455458534, 0.02305094507263966, 0.019294584365168215, 0.016588874620184203, 0.013459760460278334, 0.010513659470637583, 0.008184205378854309, 0.005908681970234855, 0.003908372487361734, 0.002250880846271649, 0.001837561814419065, 0.003902446460586522, 0.00649131804032715, 0.008842266053540701, 0.011337576744963709, 0.013847821453172829, 0.016241515374979285, 0.018506880743639053, 0.020753891025054552, 0.022854281545735794, 0.025177910908837288, 0.027764777035113285, 0.0302577363231247, 0.032552204835272186, 0.033962244268502154, 0.03530995724171245, 0.036795414568091225, 0.03840706162943578, 0.039993850675796264, 0.04133645030179679, 0.04211247094820217, 0.04239213751353172, 0.042192499106345205, 0.04200269786908514, 0.041897190162155235, 0.041830932940717325, 0.04166737666619139, 0.04206882264734189, 0.0426127097658282, 0.042895687146734904, 0.04300135533202284, 0.04249799814293581, 0.041897582995049115, 0.04072077112408416, 0.03927976254850985, 0.037331499513228325, 0.035889992777759706, 0.03456359233645024, 0.033243529781910974, 0.03199033675126687, 0.03059935779738079, 0.029272240636492235, 0.027900707354997015, 0.02654938414970694, 0.02543173352052397, 0.024311103096379235, 0.023065212419431085, 0.021685454855791198, 0.02041159885695607, 0.019056064221564174, 0.017656707279948437, 0.01626614648165674, 0.015012383850973622, 0.013603567963072178, 0.012189757837366814, 0.010674529938407772, 0.009407142987148039, 0.008344525906195775, 0.007439054007672372, 0.0072034584519923735, 0.007775010970036668, 0.009047582903156274, 0.010731538882415681, 0.01253460028234948, 0.014333543563369548, 0.016070624592636203, 0.017817726146123574, 0.019557256660804743, 0.02116824086555951, 0.022529303997840977, 0.023628588936546305, 0.02391411988476377, 0.02359656311707365, 0.022355277074164143, 0.020961866673625245, 0.018393580144489934, 0.015660552711922182, 0.013874328661167971, 0.01254026736778108, 0.011812131260623127, 0.010800298354986543, 0.00961805971638548, 0.008471507575266851, 0.007656757785702683, 0.006719580941926242, 0.0056999472982024405, 0.005125787188458596, 0.00504686530895439, 0.005697178935649704, 0.006245540782853768, 0.0070976650798796875, 0.007900543705723831, 0.008755370167568399, 0.009807746909975117, 0.011209592216881203, 0.01276960312030194, 0.014467251258771754, 0.015865855510978952, 0.01751794577394112, 0.01978728846519214, 0.022540086452385207, 0.024859037758439572, 0.02589623397823137, 0.02611181133516041, 0.026565850619759173, 0.0272557734372972, 0.02776644526036269, 0.02799937699621002, 0.02818388188652303, 0.02806005928616626, 0.028083982827741123, 0.02781538632605852, 0.027763976455106594, 0.028120518002563644, 0.028688559534023904, 0.029389365084960088, 0.030059907204608147, 0.03052096911154336, 0.031053468449087778, 0.03142000488428638, 0.03173833045042581, 0.031892653890475096, 0.03198060527161537, 0.031944507243272385, 0.03180892531117334, 0.03180195743523648, 0.03175983113429147, 0.03185651864929952, 0.032146459060636644, 0.032526908876218445, 0.033087790299913135, 0.03370146462957083, 0.0342847740780508, 0.0344768243549477, 0.03441738754137779, 0.034008301029805295]",0.03052096911154336,0.09958092788318473,0.026591012568050132,0.014981575555113813,0.0,0.0,0.008673800372351381,0.09958092788318473,0.026591012568050132,0.014981575555113813,9.528,1717635310.2491994,2024-06-06_10-55-10
0.5059,0.13656,0.4256061487244268,0.4064047875497778,0.16423817735571644,0.4115265038075976,0.5059,0.13656,0.43558758685236804,0.4064047875497778,0.16423817735571644,0.4115265038075976,0.031053468449087778,"[0.011315756658919754, 0.012192407496521018, 0.01288995615295488, 0.01359963525141729, 0.014321891165186378, 0.015181047888625853, 0.01592941522152252, 0.01673874496494045, 0.01751440457689525, 0.01835087734908702, 0.019202544572813795, 0.020070622325609303, 0.02095627718778323, 0.02186061264947246, 0.022737260153569413, 0.023681097053535004, 0.024646250751560458, 0.025633386418693636, 0.02659237614956749, 0.027623542314219474, 0.0286250346734827, 0.029647102596467904, 0.03056454213255984, 0.031680305841655834, 0.03263530150735364, 0.033606764937046466, 0.034593095597664145, 0.03536350794006898, 0.035930760474075646, 0.03631257033147624, 0.03661317474198803, 0.03688385713543919, 0.03738127616234113, 0.037934719347479336, 0.03858163380471939, 0.03921882339006296, 0.03999131852533767, 0.04074980907886149, 0.04127472956039594, 0.04151563832077664, 0.04151964454301027, 0.04123464219442919, 0.04096829512038153, 0.04056460486818273, 0.04028281736824196, 0.04000166841569801, 0.03919762289117317, 0.037812479337396496, 0.03622310391275238, 0.03453579653228067, 0.0330206041779641, 0.031565009966306234, 0.03054064037737075, 0.029904305612678588, 0.029394155816597912, 0.028896840658953926, 0.02825322628704274, 0.027685220830545497, 0.02666364029859006, 0.025486033827772144, 0.02414387260068274, 0.023028867611909868, 0.022681878550084772, 0.02299235797660897, 0.02387546679328945, 0.024738332374206702, 0.025547718436096926, 0.026640938816603423, 0.02759836215880636, 0.028240938725365098, 0.028199955208514017, 0.028168175430310402, 0.02767018559717724, 0.027414861073674215, 0.027239233260695786, 0.0274939869379551, 0.027874761581110984, 0.02868161073982207, 0.029514734605865275, 0.030345172291974937, 0.031248268714928727, 0.032298002681611045, 0.033509628354587276, 0.0348066615601669, 0.03569061118903811, 0.03631377821401384, 0.03654105211474412, 0.03646788532881584, 0.03572808397059345, 0.03427781350345514, 0.03309813106562172, 0.031639416134799855, 0.02970329439236902, 0.027599049067936567, 0.02603054913364457, 0.024090316372098155, 0.02220132238001286, 0.02051452966091278, 0.019044426362309692, 0.017805605247084858, 0.01643252777018217, 0.01523003850809785, 0.01424180324883461, 0.013706552220618947, 0.0130880570946912, 0.012988920737072255, 0.013178248200839212, 0.013386796436950147, 0.01359897371732897, 0.01439195864266014, 0.015495810506657983, 0.016686507754200334, 0.01807173050136072, 0.019341411872889052, 0.020370802976522343, 0.0213787239197115, 0.02262888584538598, 0.02401686851684336, 0.025523335513576738, 0.026670410326906566, 0.02758824337325398, 0.02810647098585074, 0.028219175888028712, 0.02804128716256827, 0.027840212128430745, 0.02799079668741686, 0.027988272685847155, 0.02831306909632167, 0.028434723397990712, 0.0285549391753426, 0.02832607944879636, 0.02800347501499142, 0.027460301198426997, 0.02681840364884072, 0.026203190519756815, 0.02552364346313934, 0.024940794741503684, 0.024553643852497812, 0.024009602077058226, 0.023587486328410737, 0.023053226444370627, 0.02237349941244249, 0.021247392964358097, 0.01948489409103017, 0.01759577829009665, 0.015969918059865678, 0.014849832783247986, 0.014164911869984548, 0.013546042864334782, 0.01328357500957488, 0.012905521640083246, 0.012806686101790404, 0.01256569256360443, 0.01270015008783326, 0.013333718053885597, 0.014364706842779438, 0.015230812921928084, 0.016214173123414017, 0.017422309714956504, 0.01848297873673576, 0.019690103784110968, 0.02062988015396428, 0.021304326954883004, 0.021542023987470748, 0.021445001132587415, 0.02128479356968176, 0.021154257299581803, 0.020548768777841446, 0.020419411659703072, 0.020346908766621045, 0.02018386842926173, 0.020060715556614095, 0.019970155121820186, 0.019905412966441507, 0.019860328269953802, 0.019689549628068632, 0.019110038324468673, 0.018401772510693467, 0.01773443768827515, 0.01691379473734185, 0.0163889904882787, 0.015891976533507178, 0.015695148472402557, 0.015634975895130635, 0.01548249397414641, 0.015250362203767827, 0.01446715870868431, 0.013690714184349355, 0.013111437378948002, 0.01280400987898366, 0.012789088065484542, 0.012885508256999974, 0.012645414791893052, 0.012533763320360268, 0.01300792748125149, 0.014045480441271196, 0.015593406388961941, 0.017496649938682926, 0.01947963017829757, 0.021814960986639112, 0.0244888991790445, 0.027455202671237973, 0.030462142682767764, 0.03347516022004274, 0.03632355277573078, 0.03911728575744543, 0.041489125175428104, 0.043617926344794986, 0.04507509866910146, 0.045973158335007626, 0.046666313335408376, 0.047747911364257295, 0.04910015737076979, 0.051170936172887156, 0.05323921785426519, 0.05484930583024696, 0.05598397968583077, 0.056516639752925084, 0.05678375349578094, 0.05655312215346535, 0.05709318659280136, 0.05753330561326649, 0.05822424761198231, 0.05856641837777238, 0.058663546697002605, 0.05829520111627496, 0.058019458378357286, 0.05786276302771312, 0.057678835712609886, 0.05721489013034267, 0.05620972754199197, 0.05488023496470325, 0.05291870088860013, 0.05085359195424363, 0.04836971777146554, 0.045888993393773454, 0.04332790860019442, 0.040721243397433354, 0.03815348906679705, 0.03609755066086763, 0.03431153121207709, 0.03269994312791247, 0.03113246913067769, 0.029533434333839276, 0.02779284963423818, 0.02581340528028532, 0.023636664296078556, 0.021032966406022018, 0.018298152858289164, 0.015471223173718233, 0.012975006021594128, 0.011476514573927241, 0.011190786613452559, 0.012013514795745658, 0.013192708648177051, 0.0146026096239084, 0.016627808096549106, 0.019288816219412905, 0.022115031993867204, 0.024956066779425322, 0.027947127033299147, 0.030317719296220055, 0.03213024736687776, 0.033908117916643665, 0.035613155393420214, 0.03695858371541455, 0.0370883147011733, 0.035844860180821725, 0.03331269225961453, 0.030127822662769057, 0.026675716455458534, 0.02305094507263966, 0.019294584365168215, 0.016588874620184203, 0.013459760460278334, 0.010513659470637583, 0.008184205378854309, 0.005908681970234855, 0.003908372487361734, 0.002250880846271649, 0.001837561814419065, 0.003902446460586522, 0.00649131804032715, 0.008842266053540701, 0.011337576744963709, 0.013847821453172829, 0.016241515374979285, 0.018506880743639053, 0.020753891025054552, 0.022854281545735794, 0.025177910908837288, 0.027764777035113285, 0.0302577363231247, 0.032552204835272186, 0.033962244268502154, 0.03530995724171245, 0.036795414568091225, 0.03840706162943578, 0.039993850675796264, 0.04133645030179679, 0.04211247094820217, 0.04239213751353172, 0.042192499106345205, 0.04200269786908514, 0.041897190162155235, 0.041830932940717325, 0.04166737666619139, 0.04206882264734189, 0.0426127097658282, 0.042895687146734904, 0.04300135533202284, 0.04249799814293581, 0.041897582995049115, 0.04072077112408416, 0.03927976254850985, 0.037331499513228325, 0.035889992777759706, 0.03456359233645024, 0.033243529781910974, 0.03199033675126687, 0.03059935779738079, 0.029272240636492235, 0.027900707354997015, 0.02654938414970694, 0.02543173352052397, 0.024311103096379235, 0.023065212419431085, 0.021685454855791198, 0.02041159885695607, 0.019056064221564174, 0.017656707279948437, 0.01626614648165674, 0.015012383850973622, 0.013603567963072178, 0.012189757837366814, 0.010674529938407772, 0.009407142987148039, 0.008344525906195775, 0.007439054007672372, 0.0072034584519923735, 0.007775010970036668, 0.009047582903156274, 0.010731538882415681, 0.01253460028234948, 0.014333543563369548, 0.016070624592636203, 0.017817726146123574, 0.019557256660804743, 0.02116824086555951, 0.022529303997840977, 0.023628588936546305, 0.02391411988476377, 0.02359656311707365, 0.022355277074164143, 0.020961866673625245, 0.018393580144489934, 0.015660552711922182, 0.013874328661167971, 0.01254026736778108, 0.011812131260623127, 0.010800298354986543, 0.00961805971638548, 0.008471507575266851, 0.007656757785702683, 0.006719580941926242, 0.0056999472982024405, 0.005125787188458596, 0.00504686530895439, 0.005697178935649704, 0.006245540782853768, 0.0070976650798796875, 0.007900543705723831, 0.008755370167568399, 0.009807746909975117, 0.011209592216881203, 0.01276960312030194, 0.014467251258771754, 0.015865855510978952, 0.01751794577394112, 0.01978728846519214, 0.022540086452385207, 0.024859037758439572, 0.02589623397823137, 0.02611181133516041, 0.026565850619759173, 0.0272557734372972, 0.02776644526036269, 0.02799937699621002, 0.02818388188652303, 0.02806005928616626, 0.028083982827741123, 0.02781538632605852, 0.027763976455106594, 0.028120518002563644, 0.028688559534023904, 0.029389365084960088, 0.030059907204608147, 0.03052096911154336, 0.031053468449087778, 0.03142000488428638, 0.03173833045042581, 0.031892653890475096, 0.03198060527161537, 0.031944507243272385, 0.03180892531117334, 0.03180195743523648, 0.03175983113429147, 0.03185651864929952, 0.032146459060636644, 0.032526908876218445, 0.033087790299913135, 0.03370146462957083, 0.0342847740780508, 0.0344768243549477, 0.03441738754137779, 0.034008301029805295]",0.031053468449087778,0.09949521245022219,0.027678177355716455,0.014079644916829226,0.0,0.0,0.009981438127941222,0.09949521245022219,0.027678177355716455,0.014079644916829226,9.552,1717635310.2730837,2024-06-06_10-55-10
0.5059,0.13727999999999999,0.42637158448945717,0.40646150157002064,0.16564598616638376,0.4128590889487695,0.5059,0.13727999999999999,0.43766066037298823,0.40646150157002064,0.16564598616638376,0.4128590889487695,0.03142000488428638,"[0.011315756658919754, 0.012192407496521018, 0.01288995615295488, 0.01359963525141729, 0.014321891165186378, 0.015181047888625853, 0.01592941522152252, 0.01673874496494045, 0.01751440457689525, 0.01835087734908702, 0.019202544572813795, 0.020070622325609303, 0.02095627718778323, 0.02186061264947246, 0.022737260153569413, 0.023681097053535004, 0.024646250751560458, 0.025633386418693636, 0.02659237614956749, 0.027623542314219474, 0.0286250346734827, 0.029647102596467904, 0.03056454213255984, 0.031680305841655834, 0.03263530150735364, 0.033606764937046466, 0.034593095597664145, 0.03536350794006898, 0.035930760474075646, 0.03631257033147624, 0.03661317474198803, 0.03688385713543919, 0.03738127616234113, 0.037934719347479336, 0.03858163380471939, 0.03921882339006296, 0.03999131852533767, 0.04074980907886149, 0.04127472956039594, 0.04151563832077664, 0.04151964454301027, 0.04123464219442919, 0.04096829512038153, 0.04056460486818273, 0.04028281736824196, 0.04000166841569801, 0.03919762289117317, 0.037812479337396496, 0.03622310391275238, 0.03453579653228067, 0.0330206041779641, 0.031565009966306234, 0.03054064037737075, 0.029904305612678588, 0.029394155816597912, 0.028896840658953926, 0.02825322628704274, 0.027685220830545497, 0.02666364029859006, 0.025486033827772144, 0.02414387260068274, 0.023028867611909868, 0.022681878550084772, 0.02299235797660897, 0.02387546679328945, 0.024738332374206702, 0.025547718436096926, 0.026640938816603423, 0.02759836215880636, 0.028240938725365098, 0.028199955208514017, 0.028168175430310402, 0.02767018559717724, 0.027414861073674215, 0.027239233260695786, 0.0274939869379551, 0.027874761581110984, 0.02868161073982207, 0.029514734605865275, 0.030345172291974937, 0.031248268714928727, 0.032298002681611045, 0.033509628354587276, 0.0348066615601669, 0.03569061118903811, 0.03631377821401384, 0.03654105211474412, 0.03646788532881584, 0.03572808397059345, 0.03427781350345514, 0.03309813106562172, 0.031639416134799855, 0.02970329439236902, 0.027599049067936567, 0.02603054913364457, 0.024090316372098155, 0.02220132238001286, 0.02051452966091278, 0.019044426362309692, 0.017805605247084858, 0.01643252777018217, 0.01523003850809785, 0.01424180324883461, 0.013706552220618947, 0.0130880570946912, 0.012988920737072255, 0.013178248200839212, 0.013386796436950147, 0.01359897371732897, 0.01439195864266014, 0.015495810506657983, 0.016686507754200334, 0.01807173050136072, 0.019341411872889052, 0.020370802976522343, 0.0213787239197115, 0.02262888584538598, 0.02401686851684336, 0.025523335513576738, 0.026670410326906566, 0.02758824337325398, 0.02810647098585074, 0.028219175888028712, 0.02804128716256827, 0.027840212128430745, 0.02799079668741686, 0.027988272685847155, 0.02831306909632167, 0.028434723397990712, 0.0285549391753426, 0.02832607944879636, 0.02800347501499142, 0.027460301198426997, 0.02681840364884072, 0.026203190519756815, 0.02552364346313934, 0.024940794741503684, 0.024553643852497812, 0.024009602077058226, 0.023587486328410737, 0.023053226444370627, 0.02237349941244249, 0.021247392964358097, 0.01948489409103017, 0.01759577829009665, 0.015969918059865678, 0.014849832783247986, 0.014164911869984548, 0.013546042864334782, 0.01328357500957488, 0.012905521640083246, 0.012806686101790404, 0.01256569256360443, 0.01270015008783326, 0.013333718053885597, 0.014364706842779438, 0.015230812921928084, 0.016214173123414017, 0.017422309714956504, 0.01848297873673576, 0.019690103784110968, 0.02062988015396428, 0.021304326954883004, 0.021542023987470748, 0.021445001132587415, 0.02128479356968176, 0.021154257299581803, 0.020548768777841446, 0.020419411659703072, 0.020346908766621045, 0.02018386842926173, 0.020060715556614095, 0.019970155121820186, 0.019905412966441507, 0.019860328269953802, 0.019689549628068632, 0.019110038324468673, 0.018401772510693467, 0.01773443768827515, 0.01691379473734185, 0.0163889904882787, 0.015891976533507178, 0.015695148472402557, 0.015634975895130635, 0.01548249397414641, 0.015250362203767827, 0.01446715870868431, 0.013690714184349355, 0.013111437378948002, 0.01280400987898366, 0.012789088065484542, 0.012885508256999974, 0.012645414791893052, 0.012533763320360268, 0.01300792748125149, 0.014045480441271196, 0.015593406388961941, 0.017496649938682926, 0.01947963017829757, 0.021814960986639112, 0.0244888991790445, 0.027455202671237973, 0.030462142682767764, 0.03347516022004274, 0.03632355277573078, 0.03911728575744543, 0.041489125175428104, 0.043617926344794986, 0.04507509866910146, 0.045973158335007626, 0.046666313335408376, 0.047747911364257295, 0.04910015737076979, 0.051170936172887156, 0.05323921785426519, 0.05484930583024696, 0.05598397968583077, 0.056516639752925084, 0.05678375349578094, 0.05655312215346535, 0.05709318659280136, 0.05753330561326649, 0.05822424761198231, 0.05856641837777238, 0.058663546697002605, 0.05829520111627496, 0.058019458378357286, 0.05786276302771312, 0.057678835712609886, 0.05721489013034267, 0.05620972754199197, 0.05488023496470325, 0.05291870088860013, 0.05085359195424363, 0.04836971777146554, 0.045888993393773454, 0.04332790860019442, 0.040721243397433354, 0.03815348906679705, 0.03609755066086763, 0.03431153121207709, 0.03269994312791247, 0.03113246913067769, 0.029533434333839276, 0.02779284963423818, 0.02581340528028532, 0.023636664296078556, 0.021032966406022018, 0.018298152858289164, 0.015471223173718233, 0.012975006021594128, 0.011476514573927241, 0.011190786613452559, 0.012013514795745658, 0.013192708648177051, 0.0146026096239084, 0.016627808096549106, 0.019288816219412905, 0.022115031993867204, 0.024956066779425322, 0.027947127033299147, 0.030317719296220055, 0.03213024736687776, 0.033908117916643665, 0.035613155393420214, 0.03695858371541455, 0.0370883147011733, 0.035844860180821725, 0.03331269225961453, 0.030127822662769057, 0.026675716455458534, 0.02305094507263966, 0.019294584365168215, 0.016588874620184203, 0.013459760460278334, 0.010513659470637583, 0.008184205378854309, 0.005908681970234855, 0.003908372487361734, 0.002250880846271649, 0.001837561814419065, 0.003902446460586522, 0.00649131804032715, 0.008842266053540701, 0.011337576744963709, 0.013847821453172829, 0.016241515374979285, 0.018506880743639053, 0.020753891025054552, 0.022854281545735794, 0.025177910908837288, 0.027764777035113285, 0.0302577363231247, 0.032552204835272186, 0.033962244268502154, 0.03530995724171245, 0.036795414568091225, 0.03840706162943578, 0.039993850675796264, 0.04133645030179679, 0.04211247094820217, 0.04239213751353172, 0.042192499106345205, 0.04200269786908514, 0.041897190162155235, 0.041830932940717325, 0.04166737666619139, 0.04206882264734189, 0.0426127097658282, 0.042895687146734904, 0.04300135533202284, 0.04249799814293581, 0.041897582995049115, 0.04072077112408416, 0.03927976254850985, 0.037331499513228325, 0.035889992777759706, 0.03456359233645024, 0.033243529781910974, 0.03199033675126687, 0.03059935779738079, 0.029272240636492235, 0.027900707354997015, 0.02654938414970694, 0.02543173352052397, 0.024311103096379235, 0.023065212419431085, 0.021685454855791198, 0.02041159885695607, 0.019056064221564174, 0.017656707279948437, 0.01626614648165674, 0.015012383850973622, 0.013603567963072178, 0.012189757837366814, 0.010674529938407772, 0.009407142987148039, 0.008344525906195775, 0.007439054007672372, 0.0072034584519923735, 0.007775010970036668, 0.009047582903156274, 0.010731538882415681, 0.01253460028234948, 0.014333543563369548, 0.016070624592636203, 0.017817726146123574, 0.019557256660804743, 0.02116824086555951, 0.022529303997840977, 0.023628588936546305, 0.02391411988476377, 0.02359656311707365, 0.022355277074164143, 0.020961866673625245, 0.018393580144489934, 0.015660552711922182, 0.013874328661167971, 0.01254026736778108, 0.011812131260623127, 0.010800298354986543, 0.00961805971638548, 0.008471507575266851, 0.007656757785702683, 0.006719580941926242, 0.0056999472982024405, 0.005125787188458596, 0.00504686530895439, 0.005697178935649704, 0.006245540782853768, 0.0070976650798796875, 0.007900543705723831, 0.008755370167568399, 0.009807746909975117, 0.011209592216881203, 0.01276960312030194, 0.014467251258771754, 0.015865855510978952, 0.01751794577394112, 0.01978728846519214, 0.022540086452385207, 0.024859037758439572, 0.02589623397823137, 0.02611181133516041, 0.026565850619759173, 0.0272557734372972, 0.02776644526036269, 0.02799937699621002, 0.02818388188652303, 0.02806005928616626, 0.028083982827741123, 0.02781538632605852, 0.027763976455106594, 0.028120518002563644, 0.028688559534023904, 0.029389365084960088, 0.030059907204608147, 0.03052096911154336, 0.031053468449087778, 0.03142000488428638, 0.03173833045042581, 0.031892653890475096, 0.03198060527161537, 0.031944507243272385, 0.03180892531117334, 0.03180195743523648, 0.03175983113429147, 0.03185651864929952, 0.032146459060636644, 0.032526908876218445, 0.033087790299913135, 0.03370146462957083, 0.0342847740780508, 0.0344768243549477, 0.03441738754137779, 0.034008301029805295]",0.03142000488428638,0.09943849842997937,0.028365986166383778,0.013512495540687675,0.0,0.0,0.011289075883531063,0.09943849842997937,0.028365986166383778,0.013512495540687675,9.576,1717635310.2970035,2024-06-06_10-55-10
0.5059,0.13799999999999998,0.42709949833382843,0.40650629316545206,0.16695494910569117,0.4141020931286631,0.5059,0.13799999999999998,0.4396962119729493,0.40650629316545206,0.16695494910569117,0.4141020931286631,0.03173833045042581,"[0.011315756658919754, 0.012192407496521018, 0.01288995615295488, 0.01359963525141729, 0.014321891165186378, 0.015181047888625853, 0.01592941522152252, 0.01673874496494045, 0.01751440457689525, 0.01835087734908702, 0.019202544572813795, 0.020070622325609303, 0.02095627718778323, 0.02186061264947246, 0.022737260153569413, 0.023681097053535004, 0.024646250751560458, 0.025633386418693636, 0.02659237614956749, 0.027623542314219474, 0.0286250346734827, 0.029647102596467904, 0.03056454213255984, 0.031680305841655834, 0.03263530150735364, 0.033606764937046466, 0.034593095597664145, 0.03536350794006898, 0.035930760474075646, 0.03631257033147624, 0.03661317474198803, 0.03688385713543919, 0.03738127616234113, 0.037934719347479336, 0.03858163380471939, 0.03921882339006296, 0.03999131852533767, 0.04074980907886149, 0.04127472956039594, 0.04151563832077664, 0.04151964454301027, 0.04123464219442919, 0.04096829512038153, 0.04056460486818273, 0.04028281736824196, 0.04000166841569801, 0.03919762289117317, 0.037812479337396496, 0.03622310391275238, 0.03453579653228067, 0.0330206041779641, 0.031565009966306234, 0.03054064037737075, 0.029904305612678588, 0.029394155816597912, 0.028896840658953926, 0.02825322628704274, 0.027685220830545497, 0.02666364029859006, 0.025486033827772144, 0.02414387260068274, 0.023028867611909868, 0.022681878550084772, 0.02299235797660897, 0.02387546679328945, 0.024738332374206702, 0.025547718436096926, 0.026640938816603423, 0.02759836215880636, 0.028240938725365098, 0.028199955208514017, 0.028168175430310402, 0.02767018559717724, 0.027414861073674215, 0.027239233260695786, 0.0274939869379551, 0.027874761581110984, 0.02868161073982207, 0.029514734605865275, 0.030345172291974937, 0.031248268714928727, 0.032298002681611045, 0.033509628354587276, 0.0348066615601669, 0.03569061118903811, 0.03631377821401384, 0.03654105211474412, 0.03646788532881584, 0.03572808397059345, 0.03427781350345514, 0.03309813106562172, 0.031639416134799855, 0.02970329439236902, 0.027599049067936567, 0.02603054913364457, 0.024090316372098155, 0.02220132238001286, 0.02051452966091278, 0.019044426362309692, 0.017805605247084858, 0.01643252777018217, 0.01523003850809785, 0.01424180324883461, 0.013706552220618947, 0.0130880570946912, 0.012988920737072255, 0.013178248200839212, 0.013386796436950147, 0.01359897371732897, 0.01439195864266014, 0.015495810506657983, 0.016686507754200334, 0.01807173050136072, 0.019341411872889052, 0.020370802976522343, 0.0213787239197115, 0.02262888584538598, 0.02401686851684336, 0.025523335513576738, 0.026670410326906566, 0.02758824337325398, 0.02810647098585074, 0.028219175888028712, 0.02804128716256827, 0.027840212128430745, 0.02799079668741686, 0.027988272685847155, 0.02831306909632167, 0.028434723397990712, 0.0285549391753426, 0.02832607944879636, 0.02800347501499142, 0.027460301198426997, 0.02681840364884072, 0.026203190519756815, 0.02552364346313934, 0.024940794741503684, 0.024553643852497812, 0.024009602077058226, 0.023587486328410737, 0.023053226444370627, 0.02237349941244249, 0.021247392964358097, 0.01948489409103017, 0.01759577829009665, 0.015969918059865678, 0.014849832783247986, 0.014164911869984548, 0.013546042864334782, 0.01328357500957488, 0.012905521640083246, 0.012806686101790404, 0.01256569256360443, 0.01270015008783326, 0.013333718053885597, 0.014364706842779438, 0.015230812921928084, 0.016214173123414017, 0.017422309714956504, 0.01848297873673576, 0.019690103784110968, 0.02062988015396428, 0.021304326954883004, 0.021542023987470748, 0.021445001132587415, 0.02128479356968176, 0.021154257299581803, 0.020548768777841446, 0.020419411659703072, 0.020346908766621045, 0.02018386842926173, 0.020060715556614095, 0.019970155121820186, 0.019905412966441507, 0.019860328269953802, 0.019689549628068632, 0.019110038324468673, 0.018401772510693467, 0.01773443768827515, 0.01691379473734185, 0.0163889904882787, 0.015891976533507178, 0.015695148472402557, 0.015634975895130635, 0.01548249397414641, 0.015250362203767827, 0.01446715870868431, 0.013690714184349355, 0.013111437378948002, 0.01280400987898366, 0.012789088065484542, 0.012885508256999974, 0.012645414791893052, 0.012533763320360268, 0.01300792748125149, 0.014045480441271196, 0.015593406388961941, 0.017496649938682926, 0.01947963017829757, 0.021814960986639112, 0.0244888991790445, 0.027455202671237973, 0.030462142682767764, 0.03347516022004274, 0.03632355277573078, 0.03911728575744543, 0.041489125175428104, 0.043617926344794986, 0.04507509866910146, 0.045973158335007626, 0.046666313335408376, 0.047747911364257295, 0.04910015737076979, 0.051170936172887156, 0.05323921785426519, 0.05484930583024696, 0.05598397968583077, 0.056516639752925084, 0.05678375349578094, 0.05655312215346535, 0.05709318659280136, 0.05753330561326649, 0.05822424761198231, 0.05856641837777238, 0.058663546697002605, 0.05829520111627496, 0.058019458378357286, 0.05786276302771312, 0.057678835712609886, 0.05721489013034267, 0.05620972754199197, 0.05488023496470325, 0.05291870088860013, 0.05085359195424363, 0.04836971777146554, 0.045888993393773454, 0.04332790860019442, 0.040721243397433354, 0.03815348906679705, 0.03609755066086763, 0.03431153121207709, 0.03269994312791247, 0.03113246913067769, 0.029533434333839276, 0.02779284963423818, 0.02581340528028532, 0.023636664296078556, 0.021032966406022018, 0.018298152858289164, 0.015471223173718233, 0.012975006021594128, 0.011476514573927241, 0.011190786613452559, 0.012013514795745658, 0.013192708648177051, 0.0146026096239084, 0.016627808096549106, 0.019288816219412905, 0.022115031993867204, 0.024956066779425322, 0.027947127033299147, 0.030317719296220055, 0.03213024736687776, 0.033908117916643665, 0.035613155393420214, 0.03695858371541455, 0.0370883147011733, 0.035844860180821725, 0.03331269225961453, 0.030127822662769057, 0.026675716455458534, 0.02305094507263966, 0.019294584365168215, 0.016588874620184203, 0.013459760460278334, 0.010513659470637583, 0.008184205378854309, 0.005908681970234855, 0.003908372487361734, 0.002250880846271649, 0.001837561814419065, 0.003902446460586522, 0.00649131804032715, 0.008842266053540701, 0.011337576744963709, 0.013847821453172829, 0.016241515374979285, 0.018506880743639053, 0.020753891025054552, 0.022854281545735794, 0.025177910908837288, 0.027764777035113285, 0.0302577363231247, 0.032552204835272186, 0.033962244268502154, 0.03530995724171245, 0.036795414568091225, 0.03840706162943578, 0.039993850675796264, 0.04133645030179679, 0.04211247094820217, 0.04239213751353172, 0.042192499106345205, 0.04200269786908514, 0.041897190162155235, 0.041830932940717325, 0.04166737666619139, 0.04206882264734189, 0.0426127097658282, 0.042895687146734904, 0.04300135533202284, 0.04249799814293581, 0.041897582995049115, 0.04072077112408416, 0.03927976254850985, 0.037331499513228325, 0.035889992777759706, 0.03456359233645024, 0.033243529781910974, 0.03199033675126687, 0.03059935779738079, 0.029272240636492235, 0.027900707354997015, 0.02654938414970694, 0.02543173352052397, 0.024311103096379235, 0.023065212419431085, 0.021685454855791198, 0.02041159885695607, 0.019056064221564174, 0.017656707279948437, 0.01626614648165674, 0.015012383850973622, 0.013603567963072178, 0.012189757837366814, 0.010674529938407772, 0.009407142987148039, 0.008344525906195775, 0.007439054007672372, 0.0072034584519923735, 0.007775010970036668, 0.009047582903156274, 0.010731538882415681, 0.01253460028234948, 0.014333543563369548, 0.016070624592636203, 0.017817726146123574, 0.019557256660804743, 0.02116824086555951, 0.022529303997840977, 0.023628588936546305, 0.02391411988476377, 0.02359656311707365, 0.022355277074164143, 0.020961866673625245, 0.018393580144489934, 0.015660552711922182, 0.013874328661167971, 0.01254026736778108, 0.011812131260623127, 0.010800298354986543, 0.00961805971638548, 0.008471507575266851, 0.007656757785702683, 0.006719580941926242, 0.0056999472982024405, 0.005125787188458596, 0.00504686530895439, 0.005697178935649704, 0.006245540782853768, 0.0070976650798796875, 0.007900543705723831, 0.008755370167568399, 0.009807746909975117, 0.011209592216881203, 0.01276960312030194, 0.014467251258771754, 0.015865855510978952, 0.01751794577394112, 0.01978728846519214, 0.022540086452385207, 0.024859037758439572, 0.02589623397823137, 0.02611181133516041, 0.026565850619759173, 0.0272557734372972, 0.02776644526036269, 0.02799937699621002, 0.02818388188652303, 0.02806005928616626, 0.028083982827741123, 0.02781538632605852, 0.027763976455106594, 0.028120518002563644, 0.028688559534023904, 0.029389365084960088, 0.030059907204608147, 0.03052096911154336, 0.031053468449087778, 0.03142000488428638, 0.03173833045042581, 0.031892653890475096, 0.03198060527161537, 0.031944507243272385, 0.03180892531117334, 0.03180195743523648, 0.03175983113429147, 0.03185651864929952, 0.032146459060636644, 0.032526908876218445, 0.033087790299913135, 0.03370146462957083, 0.0342847740780508, 0.0344768243549477, 0.03441738754137779, 0.034008301029805295]",0.03173833045042581,0.09939370683454796,0.028954949105691186,0.012997405205165347,0.0,0.0,0.012596713639120849,0.09939370683454796,0.028954949105691186,0.012997405205165347,9.6,1717635310.3211138,2024-06-06_10-55-10
0.5059,0.13871999999999998,0.4277895138167437,0.4065355508713372,0.167962943541951,0.41506192075364245,0.5059,0.13871999999999998,0.4414034188115271,0.4065355508713372,0.167962943541951,0.41506192075364245,0.031892653890475096,"[0.011315756658919754, 0.012192407496521018, 0.01288995615295488, 0.01359963525141729, 0.014321891165186378, 0.015181047888625853, 0.01592941522152252, 0.01673874496494045, 0.01751440457689525, 0.01835087734908702, 0.019202544572813795, 0.020070622325609303, 0.02095627718778323, 0.02186061264947246, 0.022737260153569413, 0.023681097053535004, 0.024646250751560458, 0.025633386418693636, 0.02659237614956749, 0.027623542314219474, 0.0286250346734827, 0.029647102596467904, 0.03056454213255984, 0.031680305841655834, 0.03263530150735364, 0.033606764937046466, 0.034593095597664145, 0.03536350794006898, 0.035930760474075646, 0.03631257033147624, 0.03661317474198803, 0.03688385713543919, 0.03738127616234113, 0.037934719347479336, 0.03858163380471939, 0.03921882339006296, 0.03999131852533767, 0.04074980907886149, 0.04127472956039594, 0.04151563832077664, 0.04151964454301027, 0.04123464219442919, 0.04096829512038153, 0.04056460486818273, 0.04028281736824196, 0.04000166841569801, 0.03919762289117317, 0.037812479337396496, 0.03622310391275238, 0.03453579653228067, 0.0330206041779641, 0.031565009966306234, 0.03054064037737075, 0.029904305612678588, 0.029394155816597912, 0.028896840658953926, 0.02825322628704274, 0.027685220830545497, 0.02666364029859006, 0.025486033827772144, 0.02414387260068274, 0.023028867611909868, 0.022681878550084772, 0.02299235797660897, 0.02387546679328945, 0.024738332374206702, 0.025547718436096926, 0.026640938816603423, 0.02759836215880636, 0.028240938725365098, 0.028199955208514017, 0.028168175430310402, 0.02767018559717724, 0.027414861073674215, 0.027239233260695786, 0.0274939869379551, 0.027874761581110984, 0.02868161073982207, 0.029514734605865275, 0.030345172291974937, 0.031248268714928727, 0.032298002681611045, 0.033509628354587276, 0.0348066615601669, 0.03569061118903811, 0.03631377821401384, 0.03654105211474412, 0.03646788532881584, 0.03572808397059345, 0.03427781350345514, 0.03309813106562172, 0.031639416134799855, 0.02970329439236902, 0.027599049067936567, 0.02603054913364457, 0.024090316372098155, 0.02220132238001286, 0.02051452966091278, 0.019044426362309692, 0.017805605247084858, 0.01643252777018217, 0.01523003850809785, 0.01424180324883461, 0.013706552220618947, 0.0130880570946912, 0.012988920737072255, 0.013178248200839212, 0.013386796436950147, 0.01359897371732897, 0.01439195864266014, 0.015495810506657983, 0.016686507754200334, 0.01807173050136072, 0.019341411872889052, 0.020370802976522343, 0.0213787239197115, 0.02262888584538598, 0.02401686851684336, 0.025523335513576738, 0.026670410326906566, 0.02758824337325398, 0.02810647098585074, 0.028219175888028712, 0.02804128716256827, 0.027840212128430745, 0.02799079668741686, 0.027988272685847155, 0.02831306909632167, 0.028434723397990712, 0.0285549391753426, 0.02832607944879636, 0.02800347501499142, 0.027460301198426997, 0.02681840364884072, 0.026203190519756815, 0.02552364346313934, 0.024940794741503684, 0.024553643852497812, 0.024009602077058226, 0.023587486328410737, 0.023053226444370627, 0.02237349941244249, 0.021247392964358097, 0.01948489409103017, 0.01759577829009665, 0.015969918059865678, 0.014849832783247986, 0.014164911869984548, 0.013546042864334782, 0.01328357500957488, 0.012905521640083246, 0.012806686101790404, 0.01256569256360443, 0.01270015008783326, 0.013333718053885597, 0.014364706842779438, 0.015230812921928084, 0.016214173123414017, 0.017422309714956504, 0.01848297873673576, 0.019690103784110968, 0.02062988015396428, 0.021304326954883004, 0.021542023987470748, 0.021445001132587415, 0.02128479356968176, 0.021154257299581803, 0.020548768777841446, 0.020419411659703072, 0.020346908766621045, 0.02018386842926173, 0.020060715556614095, 0.019970155121820186, 0.019905412966441507, 0.019860328269953802, 0.019689549628068632, 0.019110038324468673, 0.018401772510693467, 0.01773443768827515, 0.01691379473734185, 0.0163889904882787, 0.015891976533507178, 0.015695148472402557, 0.015634975895130635, 0.01548249397414641, 0.015250362203767827, 0.01446715870868431, 0.013690714184349355, 0.013111437378948002, 0.01280400987898366, 0.012789088065484542, 0.012885508256999974, 0.012645414791893052, 0.012533763320360268, 0.01300792748125149, 0.014045480441271196, 0.015593406388961941, 0.017496649938682926, 0.01947963017829757, 0.021814960986639112, 0.0244888991790445, 0.027455202671237973, 0.030462142682767764, 0.03347516022004274, 0.03632355277573078, 0.03911728575744543, 0.041489125175428104, 0.043617926344794986, 0.04507509866910146, 0.045973158335007626, 0.046666313335408376, 0.047747911364257295, 0.04910015737076979, 0.051170936172887156, 0.05323921785426519, 0.05484930583024696, 0.05598397968583077, 0.056516639752925084, 0.05678375349578094, 0.05655312215346535, 0.05709318659280136, 0.05753330561326649, 0.05822424761198231, 0.05856641837777238, 0.058663546697002605, 0.05829520111627496, 0.058019458378357286, 0.05786276302771312, 0.057678835712609886, 0.05721489013034267, 0.05620972754199197, 0.05488023496470325, 0.05291870088860013, 0.05085359195424363, 0.04836971777146554, 0.045888993393773454, 0.04332790860019442, 0.040721243397433354, 0.03815348906679705, 0.03609755066086763, 0.03431153121207709, 0.03269994312791247, 0.03113246913067769, 0.029533434333839276, 0.02779284963423818, 0.02581340528028532, 0.023636664296078556, 0.021032966406022018, 0.018298152858289164, 0.015471223173718233, 0.012975006021594128, 0.011476514573927241, 0.011190786613452559, 0.012013514795745658, 0.013192708648177051, 0.0146026096239084, 0.016627808096549106, 0.019288816219412905, 0.022115031993867204, 0.024956066779425322, 0.027947127033299147, 0.030317719296220055, 0.03213024736687776, 0.033908117916643665, 0.035613155393420214, 0.03695858371541455, 0.0370883147011733, 0.035844860180821725, 0.03331269225961453, 0.030127822662769057, 0.026675716455458534, 0.02305094507263966, 0.019294584365168215, 0.016588874620184203, 0.013459760460278334, 0.010513659470637583, 0.008184205378854309, 0.005908681970234855, 0.003908372487361734, 0.002250880846271649, 0.001837561814419065, 0.003902446460586522, 0.00649131804032715, 0.008842266053540701, 0.011337576744963709, 0.013847821453172829, 0.016241515374979285, 0.018506880743639053, 0.020753891025054552, 0.022854281545735794, 0.025177910908837288, 0.027764777035113285, 0.0302577363231247, 0.032552204835272186, 0.033962244268502154, 0.03530995724171245, 0.036795414568091225, 0.03840706162943578, 0.039993850675796264, 0.04133645030179679, 0.04211247094820217, 0.04239213751353172, 0.042192499106345205, 0.04200269786908514, 0.041897190162155235, 0.041830932940717325, 0.04166737666619139, 0.04206882264734189, 0.0426127097658282, 0.042895687146734904, 0.04300135533202284, 0.04249799814293581, 0.041897582995049115, 0.04072077112408416, 0.03927976254850985, 0.037331499513228325, 0.035889992777759706, 0.03456359233645024, 0.033243529781910974, 0.03199033675126687, 0.03059935779738079, 0.029272240636492235, 0.027900707354997015, 0.02654938414970694, 0.02543173352052397, 0.024311103096379235, 0.023065212419431085, 0.021685454855791198, 0.02041159885695607, 0.019056064221564174, 0.017656707279948437, 0.01626614648165674, 0.015012383850973622, 0.013603567963072178, 0.012189757837366814, 0.010674529938407772, 0.009407142987148039, 0.008344525906195775, 0.007439054007672372, 0.0072034584519923735, 0.007775010970036668, 0.009047582903156274, 0.010731538882415681, 0.01253460028234948, 0.014333543563369548, 0.016070624592636203, 0.017817726146123574, 0.019557256660804743, 0.02116824086555951, 0.022529303997840977, 0.023628588936546305, 0.02391411988476377, 0.02359656311707365, 0.022355277074164143, 0.020961866673625245, 0.018393580144489934, 0.015660552711922182, 0.013874328661167971, 0.01254026736778108, 0.011812131260623127, 0.010800298354986543, 0.00961805971638548, 0.008471507575266851, 0.007656757785702683, 0.006719580941926242, 0.0056999472982024405, 0.005125787188458596, 0.00504686530895439, 0.005697178935649704, 0.006245540782853768, 0.0070976650798796875, 0.007900543705723831, 0.008755370167568399, 0.009807746909975117, 0.011209592216881203, 0.01276960312030194, 0.014467251258771754, 0.015865855510978952, 0.01751794577394112, 0.01978728846519214, 0.022540086452385207, 0.024859037758439572, 0.02589623397823137, 0.02611181133516041, 0.026565850619759173, 0.0272557734372972, 0.02776644526036269, 0.02799937699621002, 0.02818388188652303, 0.02806005928616626, 0.028083982827741123, 0.02781538632605852, 0.027763976455106594, 0.028120518002563644, 0.028688559534023904, 0.029389365084960088, 0.030059907204608147, 0.03052096911154336, 0.031053468449087778, 0.03142000488428638, 0.03173833045042581, 0.031892653890475096, 0.03198060527161537, 0.031944507243272385, 0.03180892531117334, 0.03180195743523648, 0.03175983113429147, 0.03185651864929952, 0.032146459060636644, 0.032526908876218445, 0.033087790299913135, 0.03370146462957083, 0.0342847740780508, 0.0344768243549477, 0.03441738754137779, 0.034008301029805295]",0.031892653890475096,0.09936444912866282,0.029242943541951005,0.012727593063101228,0.0,0.0,0.013613904994783432,0.09936444912866282,0.029242943541951005,0.012727593063101228,9.624,1717635310.345206,2024-06-06_10-55-10
0.5059,0.13943999999999998,0.42844163727029616,0.4065579932419208,0.16887094203748465,0.41592849360752737,0.5059,0.13943999999999998,0.4430727336207422,0.4065579932419208,0.16887094203748465,0.41592849360752737,0.03198060527161537,"[0.011315756658919754, 0.012192407496521018, 0.01288995615295488, 0.01359963525141729, 0.014321891165186378, 0.015181047888625853, 0.01592941522152252, 0.01673874496494045, 0.01751440457689525, 0.01835087734908702, 0.019202544572813795, 0.020070622325609303, 0.02095627718778323, 0.02186061264947246, 0.022737260153569413, 0.023681097053535004, 0.024646250751560458, 0.025633386418693636, 0.02659237614956749, 0.027623542314219474, 0.0286250346734827, 0.029647102596467904, 0.03056454213255984, 0.031680305841655834, 0.03263530150735364, 0.033606764937046466, 0.034593095597664145, 0.03536350794006898, 0.035930760474075646, 0.03631257033147624, 0.03661317474198803, 0.03688385713543919, 0.03738127616234113, 0.037934719347479336, 0.03858163380471939, 0.03921882339006296, 0.03999131852533767, 0.04074980907886149, 0.04127472956039594, 0.04151563832077664, 0.04151964454301027, 0.04123464219442919, 0.04096829512038153, 0.04056460486818273, 0.04028281736824196, 0.04000166841569801, 0.03919762289117317, 0.037812479337396496, 0.03622310391275238, 0.03453579653228067, 0.0330206041779641, 0.031565009966306234, 0.03054064037737075, 0.029904305612678588, 0.029394155816597912, 0.028896840658953926, 0.02825322628704274, 0.027685220830545497, 0.02666364029859006, 0.025486033827772144, 0.02414387260068274, 0.023028867611909868, 0.022681878550084772, 0.02299235797660897, 0.02387546679328945, 0.024738332374206702, 0.025547718436096926, 0.026640938816603423, 0.02759836215880636, 0.028240938725365098, 0.028199955208514017, 0.028168175430310402, 0.02767018559717724, 0.027414861073674215, 0.027239233260695786, 0.0274939869379551, 0.027874761581110984, 0.02868161073982207, 0.029514734605865275, 0.030345172291974937, 0.031248268714928727, 0.032298002681611045, 0.033509628354587276, 0.0348066615601669, 0.03569061118903811, 0.03631377821401384, 0.03654105211474412, 0.03646788532881584, 0.03572808397059345, 0.03427781350345514, 0.03309813106562172, 0.031639416134799855, 0.02970329439236902, 0.027599049067936567, 0.02603054913364457, 0.024090316372098155, 0.02220132238001286, 0.02051452966091278, 0.019044426362309692, 0.017805605247084858, 0.01643252777018217, 0.01523003850809785, 0.01424180324883461, 0.013706552220618947, 0.0130880570946912, 0.012988920737072255, 0.013178248200839212, 0.013386796436950147, 0.01359897371732897, 0.01439195864266014, 0.015495810506657983, 0.016686507754200334, 0.01807173050136072, 0.019341411872889052, 0.020370802976522343, 0.0213787239197115, 0.02262888584538598, 0.02401686851684336, 0.025523335513576738, 0.026670410326906566, 0.02758824337325398, 0.02810647098585074, 0.028219175888028712, 0.02804128716256827, 0.027840212128430745, 0.02799079668741686, 0.027988272685847155, 0.02831306909632167, 0.028434723397990712, 0.0285549391753426, 0.02832607944879636, 0.02800347501499142, 0.027460301198426997, 0.02681840364884072, 0.026203190519756815, 0.02552364346313934, 0.024940794741503684, 0.024553643852497812, 0.024009602077058226, 0.023587486328410737, 0.023053226444370627, 0.02237349941244249, 0.021247392964358097, 0.01948489409103017, 0.01759577829009665, 0.015969918059865678, 0.014849832783247986, 0.014164911869984548, 0.013546042864334782, 0.01328357500957488, 0.012905521640083246, 0.012806686101790404, 0.01256569256360443, 0.01270015008783326, 0.013333718053885597, 0.014364706842779438, 0.015230812921928084, 0.016214173123414017, 0.017422309714956504, 0.01848297873673576, 0.019690103784110968, 0.02062988015396428, 0.021304326954883004, 0.021542023987470748, 0.021445001132587415, 0.02128479356968176, 0.021154257299581803, 0.020548768777841446, 0.020419411659703072, 0.020346908766621045, 0.02018386842926173, 0.020060715556614095, 0.019970155121820186, 0.019905412966441507, 0.019860328269953802, 0.019689549628068632, 0.019110038324468673, 0.018401772510693467, 0.01773443768827515, 0.01691379473734185, 0.0163889904882787, 0.015891976533507178, 0.015695148472402557, 0.015634975895130635, 0.01548249397414641, 0.015250362203767827, 0.01446715870868431, 0.013690714184349355, 0.013111437378948002, 0.01280400987898366, 0.012789088065484542, 0.012885508256999974, 0.012645414791893052, 0.012533763320360268, 0.01300792748125149, 0.014045480441271196, 0.015593406388961941, 0.017496649938682926, 0.01947963017829757, 0.021814960986639112, 0.0244888991790445, 0.027455202671237973, 0.030462142682767764, 0.03347516022004274, 0.03632355277573078, 0.03911728575744543, 0.041489125175428104, 0.043617926344794986, 0.04507509866910146, 0.045973158335007626, 0.046666313335408376, 0.047747911364257295, 0.04910015737076979, 0.051170936172887156, 0.05323921785426519, 0.05484930583024696, 0.05598397968583077, 0.056516639752925084, 0.05678375349578094, 0.05655312215346535, 0.05709318659280136, 0.05753330561326649, 0.05822424761198231, 0.05856641837777238, 0.058663546697002605, 0.05829520111627496, 0.058019458378357286, 0.05786276302771312, 0.057678835712609886, 0.05721489013034267, 0.05620972754199197, 0.05488023496470325, 0.05291870088860013, 0.05085359195424363, 0.04836971777146554, 0.045888993393773454, 0.04332790860019442, 0.040721243397433354, 0.03815348906679705, 0.03609755066086763, 0.03431153121207709, 0.03269994312791247, 0.03113246913067769, 0.029533434333839276, 0.02779284963423818, 0.02581340528028532, 0.023636664296078556, 0.021032966406022018, 0.018298152858289164, 0.015471223173718233, 0.012975006021594128, 0.011476514573927241, 0.011190786613452559, 0.012013514795745658, 0.013192708648177051, 0.0146026096239084, 0.016627808096549106, 0.019288816219412905, 0.022115031993867204, 0.024956066779425322, 0.027947127033299147, 0.030317719296220055, 0.03213024736687776, 0.033908117916643665, 0.035613155393420214, 0.03695858371541455, 0.0370883147011733, 0.035844860180821725, 0.03331269225961453, 0.030127822662769057, 0.026675716455458534, 0.02305094507263966, 0.019294584365168215, 0.016588874620184203, 0.013459760460278334, 0.010513659470637583, 0.008184205378854309, 0.005908681970234855, 0.003908372487361734, 0.002250880846271649, 0.001837561814419065, 0.003902446460586522, 0.00649131804032715, 0.008842266053540701, 0.011337576744963709, 0.013847821453172829, 0.016241515374979285, 0.018506880743639053, 0.020753891025054552, 0.022854281545735794, 0.025177910908837288, 0.027764777035113285, 0.0302577363231247, 0.032552204835272186, 0.033962244268502154, 0.03530995724171245, 0.036795414568091225, 0.03840706162943578, 0.039993850675796264, 0.04133645030179679, 0.04211247094820217, 0.04239213751353172, 0.042192499106345205, 0.04200269786908514, 0.041897190162155235, 0.041830932940717325, 0.04166737666619139, 0.04206882264734189, 0.0426127097658282, 0.042895687146734904, 0.04300135533202284, 0.04249799814293581, 0.041897582995049115, 0.04072077112408416, 0.03927976254850985, 0.037331499513228325, 0.035889992777759706, 0.03456359233645024, 0.033243529781910974, 0.03199033675126687, 0.03059935779738079, 0.029272240636492235, 0.027900707354997015, 0.02654938414970694, 0.02543173352052397, 0.024311103096379235, 0.023065212419431085, 0.021685454855791198, 0.02041159885695607, 0.019056064221564174, 0.017656707279948437, 0.01626614648165674, 0.015012383850973622, 0.013603567963072178, 0.012189757837366814, 0.010674529938407772, 0.009407142987148039, 0.008344525906195775, 0.007439054007672372, 0.0072034584519923735, 0.007775010970036668, 0.009047582903156274, 0.010731538882415681, 0.01253460028234948, 0.014333543563369548, 0.016070624592636203, 0.017817726146123574, 0.019557256660804743, 0.02116824086555951, 0.022529303997840977, 0.023628588936546305, 0.02391411988476377, 0.02359656311707365, 0.022355277074164143, 0.020961866673625245, 0.018393580144489934, 0.015660552711922182, 0.013874328661167971, 0.01254026736778108, 0.011812131260623127, 0.010800298354986543, 0.00961805971638548, 0.008471507575266851, 0.007656757785702683, 0.006719580941926242, 0.0056999472982024405, 0.005125787188458596, 0.00504686530895439, 0.005697178935649704, 0.006245540782853768, 0.0070976650798796875, 0.007900543705723831, 0.008755370167568399, 0.009807746909975117, 0.011209592216881203, 0.01276960312030194, 0.014467251258771754, 0.015865855510978952, 0.01751794577394112, 0.01978728846519214, 0.022540086452385207, 0.024859037758439572, 0.02589623397823137, 0.02611181133516041, 0.026565850619759173, 0.0272557734372972, 0.02776644526036269, 0.02799937699621002, 0.02818388188652303, 0.02806005928616626, 0.028083982827741123, 0.02781538632605852, 0.027763976455106594, 0.028120518002563644, 0.028688559534023904, 0.029389365084960088, 0.030059907204608147, 0.03052096911154336, 0.031053468449087778, 0.03142000488428638, 0.03173833045042581, 0.031892653890475096, 0.03198060527161537, 0.031944507243272385, 0.03180892531117334, 0.03180195743523648, 0.03175983113429147, 0.03185651864929952, 0.032146459060636644, 0.032526908876218445, 0.033087790299913135, 0.03370146462957083, 0.0342847740780508, 0.0344768243549477, 0.03441738754137779, 0.034008301029805295]",0.03198060527161537,0.0993420067580792,0.02943094203748467,0.012513143662768789,0.0,0.0,0.014631096350446016,0.0993420067580792,0.02943094203748467,0.012513143662768789,9.648,1717635310.3693378,2024-06-06_10-55-10
0.5059,0.14015999999999998,0.4290562504168688,0.40657288730308366,0.16957768172312432,0.41660428089183227,0.5059,0.14015999999999998,0.4447045381229774,0.40657288730308366,0.16957768172312432,0.41660428089183227,0.031944507243272385,"[0.011315756658919754, 0.012192407496521018, 0.01288995615295488, 0.01359963525141729, 0.014321891165186378, 0.015181047888625853, 0.01592941522152252, 0.01673874496494045, 0.01751440457689525, 0.01835087734908702, 0.019202544572813795, 0.020070622325609303, 0.02095627718778323, 0.02186061264947246, 0.022737260153569413, 0.023681097053535004, 0.024646250751560458, 0.025633386418693636, 0.02659237614956749, 0.027623542314219474, 0.0286250346734827, 0.029647102596467904, 0.03056454213255984, 0.031680305841655834, 0.03263530150735364, 0.033606764937046466, 0.034593095597664145, 0.03536350794006898, 0.035930760474075646, 0.03631257033147624, 0.03661317474198803, 0.03688385713543919, 0.03738127616234113, 0.037934719347479336, 0.03858163380471939, 0.03921882339006296, 0.03999131852533767, 0.04074980907886149, 0.04127472956039594, 0.04151563832077664, 0.04151964454301027, 0.04123464219442919, 0.04096829512038153, 0.04056460486818273, 0.04028281736824196, 0.04000166841569801, 0.03919762289117317, 0.037812479337396496, 0.03622310391275238, 0.03453579653228067, 0.0330206041779641, 0.031565009966306234, 0.03054064037737075, 0.029904305612678588, 0.029394155816597912, 0.028896840658953926, 0.02825322628704274, 0.027685220830545497, 0.02666364029859006, 0.025486033827772144, 0.02414387260068274, 0.023028867611909868, 0.022681878550084772, 0.02299235797660897, 0.02387546679328945, 0.024738332374206702, 0.025547718436096926, 0.026640938816603423, 0.02759836215880636, 0.028240938725365098, 0.028199955208514017, 0.028168175430310402, 0.02767018559717724, 0.027414861073674215, 0.027239233260695786, 0.0274939869379551, 0.027874761581110984, 0.02868161073982207, 0.029514734605865275, 0.030345172291974937, 0.031248268714928727, 0.032298002681611045, 0.033509628354587276, 0.0348066615601669, 0.03569061118903811, 0.03631377821401384, 0.03654105211474412, 0.03646788532881584, 0.03572808397059345, 0.03427781350345514, 0.03309813106562172, 0.031639416134799855, 0.02970329439236902, 0.027599049067936567, 0.02603054913364457, 0.024090316372098155, 0.02220132238001286, 0.02051452966091278, 0.019044426362309692, 0.017805605247084858, 0.01643252777018217, 0.01523003850809785, 0.01424180324883461, 0.013706552220618947, 0.0130880570946912, 0.012988920737072255, 0.013178248200839212, 0.013386796436950147, 0.01359897371732897, 0.01439195864266014, 0.015495810506657983, 0.016686507754200334, 0.01807173050136072, 0.019341411872889052, 0.020370802976522343, 0.0213787239197115, 0.02262888584538598, 0.02401686851684336, 0.025523335513576738, 0.026670410326906566, 0.02758824337325398, 0.02810647098585074, 0.028219175888028712, 0.02804128716256827, 0.027840212128430745, 0.02799079668741686, 0.027988272685847155, 0.02831306909632167, 0.028434723397990712, 0.0285549391753426, 0.02832607944879636, 0.02800347501499142, 0.027460301198426997, 0.02681840364884072, 0.026203190519756815, 0.02552364346313934, 0.024940794741503684, 0.024553643852497812, 0.024009602077058226, 0.023587486328410737, 0.023053226444370627, 0.02237349941244249, 0.021247392964358097, 0.01948489409103017, 0.01759577829009665, 0.015969918059865678, 0.014849832783247986, 0.014164911869984548, 0.013546042864334782, 0.01328357500957488, 0.012905521640083246, 0.012806686101790404, 0.01256569256360443, 0.01270015008783326, 0.013333718053885597, 0.014364706842779438, 0.015230812921928084, 0.016214173123414017, 0.017422309714956504, 0.01848297873673576, 0.019690103784110968, 0.02062988015396428, 0.021304326954883004, 0.021542023987470748, 0.021445001132587415, 0.02128479356968176, 0.021154257299581803, 0.020548768777841446, 0.020419411659703072, 0.020346908766621045, 0.02018386842926173, 0.020060715556614095, 0.019970155121820186, 0.019905412966441507, 0.019860328269953802, 0.019689549628068632, 0.019110038324468673, 0.018401772510693467, 0.01773443768827515, 0.01691379473734185, 0.0163889904882787, 0.015891976533507178, 0.015695148472402557, 0.015634975895130635, 0.01548249397414641, 0.015250362203767827, 0.01446715870868431, 0.013690714184349355, 0.013111437378948002, 0.01280400987898366, 0.012789088065484542, 0.012885508256999974, 0.012645414791893052, 0.012533763320360268, 0.01300792748125149, 0.014045480441271196, 0.015593406388961941, 0.017496649938682926, 0.01947963017829757, 0.021814960986639112, 0.0244888991790445, 0.027455202671237973, 0.030462142682767764, 0.03347516022004274, 0.03632355277573078, 0.03911728575744543, 0.041489125175428104, 0.043617926344794986, 0.04507509866910146, 0.045973158335007626, 0.046666313335408376, 0.047747911364257295, 0.04910015737076979, 0.051170936172887156, 0.05323921785426519, 0.05484930583024696, 0.05598397968583077, 0.056516639752925084, 0.05678375349578094, 0.05655312215346535, 0.05709318659280136, 0.05753330561326649, 0.05822424761198231, 0.05856641837777238, 0.058663546697002605, 0.05829520111627496, 0.058019458378357286, 0.05786276302771312, 0.057678835712609886, 0.05721489013034267, 0.05620972754199197, 0.05488023496470325, 0.05291870088860013, 0.05085359195424363, 0.04836971777146554, 0.045888993393773454, 0.04332790860019442, 0.040721243397433354, 0.03815348906679705, 0.03609755066086763, 0.03431153121207709, 0.03269994312791247, 0.03113246913067769, 0.029533434333839276, 0.02779284963423818, 0.02581340528028532, 0.023636664296078556, 0.021032966406022018, 0.018298152858289164, 0.015471223173718233, 0.012975006021594128, 0.011476514573927241, 0.011190786613452559, 0.012013514795745658, 0.013192708648177051, 0.0146026096239084, 0.016627808096549106, 0.019288816219412905, 0.022115031993867204, 0.024956066779425322, 0.027947127033299147, 0.030317719296220055, 0.03213024736687776, 0.033908117916643665, 0.035613155393420214, 0.03695858371541455, 0.0370883147011733, 0.035844860180821725, 0.03331269225961453, 0.030127822662769057, 0.026675716455458534, 0.02305094507263966, 0.019294584365168215, 0.016588874620184203, 0.013459760460278334, 0.010513659470637583, 0.008184205378854309, 0.005908681970234855, 0.003908372487361734, 0.002250880846271649, 0.001837561814419065, 0.003902446460586522, 0.00649131804032715, 0.008842266053540701, 0.011337576744963709, 0.013847821453172829, 0.016241515374979285, 0.018506880743639053, 0.020753891025054552, 0.022854281545735794, 0.025177910908837288, 0.027764777035113285, 0.0302577363231247, 0.032552204835272186, 0.033962244268502154, 0.03530995724171245, 0.036795414568091225, 0.03840706162943578, 0.039993850675796264, 0.04133645030179679, 0.04211247094820217, 0.04239213751353172, 0.042192499106345205, 0.04200269786908514, 0.041897190162155235, 0.041830932940717325, 0.04166737666619139, 0.04206882264734189, 0.0426127097658282, 0.042895687146734904, 0.04300135533202284, 0.04249799814293581, 0.041897582995049115, 0.04072077112408416, 0.03927976254850985, 0.037331499513228325, 0.035889992777759706, 0.03456359233645024, 0.033243529781910974, 0.03199033675126687, 0.03059935779738079, 0.029272240636492235, 0.027900707354997015, 0.02654938414970694, 0.02543173352052397, 0.024311103096379235, 0.023065212419431085, 0.021685454855791198, 0.02041159885695607, 0.019056064221564174, 0.017656707279948437, 0.01626614648165674, 0.015012383850973622, 0.013603567963072178, 0.012189757837366814, 0.010674529938407772, 0.009407142987148039, 0.008344525906195775, 0.007439054007672372, 0.0072034584519923735, 0.007775010970036668, 0.009047582903156274, 0.010731538882415681, 0.01253460028234948, 0.014333543563369548, 0.016070624592636203, 0.017817726146123574, 0.019557256660804743, 0.02116824086555951, 0.022529303997840977, 0.023628588936546305, 0.02391411988476377, 0.02359656311707365, 0.022355277074164143, 0.020961866673625245, 0.018393580144489934, 0.015660552711922182, 0.013874328661167971, 0.01254026736778108, 0.011812131260623127, 0.010800298354986543, 0.00961805971638548, 0.008471507575266851, 0.007656757785702683, 0.006719580941926242, 0.0056999472982024405, 0.005125787188458596, 0.00504686530895439, 0.005697178935649704, 0.006245540782853768, 0.0070976650798796875, 0.007900543705723831, 0.008755370167568399, 0.009807746909975117, 0.011209592216881203, 0.01276960312030194, 0.014467251258771754, 0.015865855510978952, 0.01751794577394112, 0.01978728846519214, 0.022540086452385207, 0.024859037758439572, 0.02589623397823137, 0.02611181133516041, 0.026565850619759173, 0.0272557734372972, 0.02776644526036269, 0.02799937699621002, 0.02818388188652303, 0.02806005928616626, 0.028083982827741123, 0.02781538632605852, 0.027763976455106594, 0.028120518002563644, 0.028688559534023904, 0.029389365084960088, 0.030059907204608147, 0.03052096911154336, 0.031053468449087778, 0.03142000488428638, 0.03173833045042581, 0.031892653890475096, 0.03198060527161537, 0.031944507243272385, 0.03180892531117334, 0.03180195743523648, 0.03175983113429147, 0.03185651864929952, 0.032146459060636644, 0.032526908876218445, 0.033087790299913135, 0.03370146462957083, 0.0342847740780508, 0.0344768243549477, 0.03441738754137779, 0.034008301029805295]",0.031944507243272385,0.09932711269691635,0.02941768172312434,0.012451969525036521,0.0,0.0,0.0156482877061086,0.09932711269691635,0.02941768172312434,0.012451969525036521,9.671999999999999,1717635310.393204,2024-06-06_10-55-10
0.5059,0.14088000000000003,0.42963410037901606,0.4065688232321949,0.1702455970091557,0.41740833080210715,0.5059,0.14088000000000003,0.4462995794407872,0.4065688232321949,0.1702455970091557,0.41740833080210715,0.03180892531117334,"[0.011315756658919754, 0.012192407496521018, 0.01288995615295488, 0.01359963525141729, 0.014321891165186378, 0.015181047888625853, 0.01592941522152252, 0.01673874496494045, 0.01751440457689525, 0.01835087734908702, 0.019202544572813795, 0.020070622325609303, 0.02095627718778323, 0.02186061264947246, 0.022737260153569413, 0.023681097053535004, 0.024646250751560458, 0.025633386418693636, 0.02659237614956749, 0.027623542314219474, 0.0286250346734827, 0.029647102596467904, 0.03056454213255984, 0.031680305841655834, 0.03263530150735364, 0.033606764937046466, 0.034593095597664145, 0.03536350794006898, 0.035930760474075646, 0.03631257033147624, 0.03661317474198803, 0.03688385713543919, 0.03738127616234113, 0.037934719347479336, 0.03858163380471939, 0.03921882339006296, 0.03999131852533767, 0.04074980907886149, 0.04127472956039594, 0.04151563832077664, 0.04151964454301027, 0.04123464219442919, 0.04096829512038153, 0.04056460486818273, 0.04028281736824196, 0.04000166841569801, 0.03919762289117317, 0.037812479337396496, 0.03622310391275238, 0.03453579653228067, 0.0330206041779641, 0.031565009966306234, 0.03054064037737075, 0.029904305612678588, 0.029394155816597912, 0.028896840658953926, 0.02825322628704274, 0.027685220830545497, 0.02666364029859006, 0.025486033827772144, 0.02414387260068274, 0.023028867611909868, 0.022681878550084772, 0.02299235797660897, 0.02387546679328945, 0.024738332374206702, 0.025547718436096926, 0.026640938816603423, 0.02759836215880636, 0.028240938725365098, 0.028199955208514017, 0.028168175430310402, 0.02767018559717724, 0.027414861073674215, 0.027239233260695786, 0.0274939869379551, 0.027874761581110984, 0.02868161073982207, 0.029514734605865275, 0.030345172291974937, 0.031248268714928727, 0.032298002681611045, 0.033509628354587276, 0.0348066615601669, 0.03569061118903811, 0.03631377821401384, 0.03654105211474412, 0.03646788532881584, 0.03572808397059345, 0.03427781350345514, 0.03309813106562172, 0.031639416134799855, 0.02970329439236902, 0.027599049067936567, 0.02603054913364457, 0.024090316372098155, 0.02220132238001286, 0.02051452966091278, 0.019044426362309692, 0.017805605247084858, 0.01643252777018217, 0.01523003850809785, 0.01424180324883461, 0.013706552220618947, 0.0130880570946912, 0.012988920737072255, 0.013178248200839212, 0.013386796436950147, 0.01359897371732897, 0.01439195864266014, 0.015495810506657983, 0.016686507754200334, 0.01807173050136072, 0.019341411872889052, 0.020370802976522343, 0.0213787239197115, 0.02262888584538598, 0.02401686851684336, 0.025523335513576738, 0.026670410326906566, 0.02758824337325398, 0.02810647098585074, 0.028219175888028712, 0.02804128716256827, 0.027840212128430745, 0.02799079668741686, 0.027988272685847155, 0.02831306909632167, 0.028434723397990712, 0.0285549391753426, 0.02832607944879636, 0.02800347501499142, 0.027460301198426997, 0.02681840364884072, 0.026203190519756815, 0.02552364346313934, 0.024940794741503684, 0.024553643852497812, 0.024009602077058226, 0.023587486328410737, 0.023053226444370627, 0.02237349941244249, 0.021247392964358097, 0.01948489409103017, 0.01759577829009665, 0.015969918059865678, 0.014849832783247986, 0.014164911869984548, 0.013546042864334782, 0.01328357500957488, 0.012905521640083246, 0.012806686101790404, 0.01256569256360443, 0.01270015008783326, 0.013333718053885597, 0.014364706842779438, 0.015230812921928084, 0.016214173123414017, 0.017422309714956504, 0.01848297873673576, 0.019690103784110968, 0.02062988015396428, 0.021304326954883004, 0.021542023987470748, 0.021445001132587415, 0.02128479356968176, 0.021154257299581803, 0.020548768777841446, 0.020419411659703072, 0.020346908766621045, 0.02018386842926173, 0.020060715556614095, 0.019970155121820186, 0.019905412966441507, 0.019860328269953802, 0.019689549628068632, 0.019110038324468673, 0.018401772510693467, 0.01773443768827515, 0.01691379473734185, 0.0163889904882787, 0.015891976533507178, 0.015695148472402557, 0.015634975895130635, 0.01548249397414641, 0.015250362203767827, 0.01446715870868431, 0.013690714184349355, 0.013111437378948002, 0.01280400987898366, 0.012789088065484542, 0.012885508256999974, 0.012645414791893052, 0.012533763320360268, 0.01300792748125149, 0.014045480441271196, 0.015593406388961941, 0.017496649938682926, 0.01947963017829757, 0.021814960986639112, 0.0244888991790445, 0.027455202671237973, 0.030462142682767764, 0.03347516022004274, 0.03632355277573078, 0.03911728575744543, 0.041489125175428104, 0.043617926344794986, 0.04507509866910146, 0.045973158335007626, 0.046666313335408376, 0.047747911364257295, 0.04910015737076979, 0.051170936172887156, 0.05323921785426519, 0.05484930583024696, 0.05598397968583077, 0.056516639752925084, 0.05678375349578094, 0.05655312215346535, 0.05709318659280136, 0.05753330561326649, 0.05822424761198231, 0.05856641837777238, 0.058663546697002605, 0.05829520111627496, 0.058019458378357286, 0.05786276302771312, 0.057678835712609886, 0.05721489013034267, 0.05620972754199197, 0.05488023496470325, 0.05291870088860013, 0.05085359195424363, 0.04836971777146554, 0.045888993393773454, 0.04332790860019442, 0.040721243397433354, 0.03815348906679705, 0.03609755066086763, 0.03431153121207709, 0.03269994312791247, 0.03113246913067769, 0.029533434333839276, 0.02779284963423818, 0.02581340528028532, 0.023636664296078556, 0.021032966406022018, 0.018298152858289164, 0.015471223173718233, 0.012975006021594128, 0.011476514573927241, 0.011190786613452559, 0.012013514795745658, 0.013192708648177051, 0.0146026096239084, 0.016627808096549106, 0.019288816219412905, 0.022115031993867204, 0.024956066779425322, 0.027947127033299147, 0.030317719296220055, 0.03213024736687776, 0.033908117916643665, 0.035613155393420214, 0.03695858371541455, 0.0370883147011733, 0.035844860180821725, 0.03331269225961453, 0.030127822662769057, 0.026675716455458534, 0.02305094507263966, 0.019294584365168215, 0.016588874620184203, 0.013459760460278334, 0.010513659470637583, 0.008184205378854309, 0.005908681970234855, 0.003908372487361734, 0.002250880846271649, 0.001837561814419065, 0.003902446460586522, 0.00649131804032715, 0.008842266053540701, 0.011337576744963709, 0.013847821453172829, 0.016241515374979285, 0.018506880743639053, 0.020753891025054552, 0.022854281545735794, 0.025177910908837288, 0.027764777035113285, 0.0302577363231247, 0.032552204835272186, 0.033962244268502154, 0.03530995724171245, 0.036795414568091225, 0.03840706162943578, 0.039993850675796264, 0.04133645030179679, 0.04211247094820217, 0.04239213751353172, 0.042192499106345205, 0.04200269786908514, 0.041897190162155235, 0.041830932940717325, 0.04166737666619139, 0.04206882264734189, 0.0426127097658282, 0.042895687146734904, 0.04300135533202284, 0.04249799814293581, 0.041897582995049115, 0.04072077112408416, 0.03927976254850985, 0.037331499513228325, 0.035889992777759706, 0.03456359233645024, 0.033243529781910974, 0.03199033675126687, 0.03059935779738079, 0.029272240636492235, 0.027900707354997015, 0.02654938414970694, 0.02543173352052397, 0.024311103096379235, 0.023065212419431085, 0.021685454855791198, 0.02041159885695607, 0.019056064221564174, 0.017656707279948437, 0.01626614648165674, 0.015012383850973622, 0.013603567963072178, 0.012189757837366814, 0.010674529938407772, 0.009407142987148039, 0.008344525906195775, 0.007439054007672372, 0.0072034584519923735, 0.007775010970036668, 0.009047582903156274, 0.010731538882415681, 0.01253460028234948, 0.014333543563369548, 0.016070624592636203, 0.017817726146123574, 0.019557256660804743, 0.02116824086555951, 0.022529303997840977, 0.023628588936546305, 0.02391411988476377, 0.02359656311707365, 0.022355277074164143, 0.020961866673625245, 0.018393580144489934, 0.015660552711922182, 0.013874328661167971, 0.01254026736778108, 0.011812131260623127, 0.010800298354986543, 0.00961805971638548, 0.008471507575266851, 0.007656757785702683, 0.006719580941926242, 0.0056999472982024405, 0.005125787188458596, 0.00504686530895439, 0.005697178935649704, 0.006245540782853768, 0.0070976650798796875, 0.007900543705723831, 0.008755370167568399, 0.009807746909975117, 0.011209592216881203, 0.01276960312030194, 0.014467251258771754, 0.015865855510978952, 0.01751794577394112, 0.01978728846519214, 0.022540086452385207, 0.024859037758439572, 0.02589623397823137, 0.02611181133516041, 0.026565850619759173, 0.0272557734372972, 0.02776644526036269, 0.02799937699621002, 0.02818388188652303, 0.02806005928616626, 0.028083982827741123, 0.02781538632605852, 0.027763976455106594, 0.028120518002563644, 0.028688559534023904, 0.029389365084960088, 0.030059907204608147, 0.03052096911154336, 0.031053468449087778, 0.03142000488428638, 0.03173833045042581, 0.031892653890475096, 0.03198060527161537, 0.031944507243272385, 0.03180892531117334, 0.03180195743523648, 0.03175983113429147, 0.03185651864929952, 0.032146459060636644, 0.032526908876218445, 0.033087790299913135, 0.03370146462957083, 0.0342847740780508, 0.0344768243549477, 0.03441738754137779, 0.034008301029805295]",0.03180892531117334,0.09933117676780512,0.02936559700915567,0.012225769576908907,0.0,0.0,0.016665479061771127,0.09933117676780512,0.02936559700915567,0.012225769576908907,9.696,1717635310.4170017,2024-06-06_10-55-10
0.5059,0.14160000000000003,0.43017628716063655,0.4065803533185434,0.171054330672158,0.4181843356360611,0.5059,0.14160000000000003,0.44760818165550764,0.4065803533185434,0.171054330672158,0.4181843356360611,0.03180195743523648,"[0.011315756658919754, 0.012192407496521018, 0.01288995615295488, 0.01359963525141729, 0.014321891165186378, 0.015181047888625853, 0.01592941522152252, 0.01673874496494045, 0.01751440457689525, 0.01835087734908702, 0.019202544572813795, 0.020070622325609303, 0.02095627718778323, 0.02186061264947246, 0.022737260153569413, 0.023681097053535004, 0.024646250751560458, 0.025633386418693636, 0.02659237614956749, 0.027623542314219474, 0.0286250346734827, 0.029647102596467904, 0.03056454213255984, 0.031680305841655834, 0.03263530150735364, 0.033606764937046466, 0.034593095597664145, 0.03536350794006898, 0.035930760474075646, 0.03631257033147624, 0.03661317474198803, 0.03688385713543919, 0.03738127616234113, 0.037934719347479336, 0.03858163380471939, 0.03921882339006296, 0.03999131852533767, 0.04074980907886149, 0.04127472956039594, 0.04151563832077664, 0.04151964454301027, 0.04123464219442919, 0.04096829512038153, 0.04056460486818273, 0.04028281736824196, 0.04000166841569801, 0.03919762289117317, 0.037812479337396496, 0.03622310391275238, 0.03453579653228067, 0.0330206041779641, 0.031565009966306234, 0.03054064037737075, 0.029904305612678588, 0.029394155816597912, 0.028896840658953926, 0.02825322628704274, 0.027685220830545497, 0.02666364029859006, 0.025486033827772144, 0.02414387260068274, 0.023028867611909868, 0.022681878550084772, 0.02299235797660897, 0.02387546679328945, 0.024738332374206702, 0.025547718436096926, 0.026640938816603423, 0.02759836215880636, 0.028240938725365098, 0.028199955208514017, 0.028168175430310402, 0.02767018559717724, 0.027414861073674215, 0.027239233260695786, 0.0274939869379551, 0.027874761581110984, 0.02868161073982207, 0.029514734605865275, 0.030345172291974937, 0.031248268714928727, 0.032298002681611045, 0.033509628354587276, 0.0348066615601669, 0.03569061118903811, 0.03631377821401384, 0.03654105211474412, 0.03646788532881584, 0.03572808397059345, 0.03427781350345514, 0.03309813106562172, 0.031639416134799855, 0.02970329439236902, 0.027599049067936567, 0.02603054913364457, 0.024090316372098155, 0.02220132238001286, 0.02051452966091278, 0.019044426362309692, 0.017805605247084858, 0.01643252777018217, 0.01523003850809785, 0.01424180324883461, 0.013706552220618947, 0.0130880570946912, 0.012988920737072255, 0.013178248200839212, 0.013386796436950147, 0.01359897371732897, 0.01439195864266014, 0.015495810506657983, 0.016686507754200334, 0.01807173050136072, 0.019341411872889052, 0.020370802976522343, 0.0213787239197115, 0.02262888584538598, 0.02401686851684336, 0.025523335513576738, 0.026670410326906566, 0.02758824337325398, 0.02810647098585074, 0.028219175888028712, 0.02804128716256827, 0.027840212128430745, 0.02799079668741686, 0.027988272685847155, 0.02831306909632167, 0.028434723397990712, 0.0285549391753426, 0.02832607944879636, 0.02800347501499142, 0.027460301198426997, 0.02681840364884072, 0.026203190519756815, 0.02552364346313934, 0.024940794741503684, 0.024553643852497812, 0.024009602077058226, 0.023587486328410737, 0.023053226444370627, 0.02237349941244249, 0.021247392964358097, 0.01948489409103017, 0.01759577829009665, 0.015969918059865678, 0.014849832783247986, 0.014164911869984548, 0.013546042864334782, 0.01328357500957488, 0.012905521640083246, 0.012806686101790404, 0.01256569256360443, 0.01270015008783326, 0.013333718053885597, 0.014364706842779438, 0.015230812921928084, 0.016214173123414017, 0.017422309714956504, 0.01848297873673576, 0.019690103784110968, 0.02062988015396428, 0.021304326954883004, 0.021542023987470748, 0.021445001132587415, 0.02128479356968176, 0.021154257299581803, 0.020548768777841446, 0.020419411659703072, 0.020346908766621045, 0.02018386842926173, 0.020060715556614095, 0.019970155121820186, 0.019905412966441507, 0.019860328269953802, 0.019689549628068632, 0.019110038324468673, 0.018401772510693467, 0.01773443768827515, 0.01691379473734185, 0.0163889904882787, 0.015891976533507178, 0.015695148472402557, 0.015634975895130635, 0.01548249397414641, 0.015250362203767827, 0.01446715870868431, 0.013690714184349355, 0.013111437378948002, 0.01280400987898366, 0.012789088065484542, 0.012885508256999974, 0.012645414791893052, 0.012533763320360268, 0.01300792748125149, 0.014045480441271196, 0.015593406388961941, 0.017496649938682926, 0.01947963017829757, 0.021814960986639112, 0.0244888991790445, 0.027455202671237973, 0.030462142682767764, 0.03347516022004274, 0.03632355277573078, 0.03911728575744543, 0.041489125175428104, 0.043617926344794986, 0.04507509866910146, 0.045973158335007626, 0.046666313335408376, 0.047747911364257295, 0.04910015737076979, 0.051170936172887156, 0.05323921785426519, 0.05484930583024696, 0.05598397968583077, 0.056516639752925084, 0.05678375349578094, 0.05655312215346535, 0.05709318659280136, 0.05753330561326649, 0.05822424761198231, 0.05856641837777238, 0.058663546697002605, 0.05829520111627496, 0.058019458378357286, 0.05786276302771312, 0.057678835712609886, 0.05721489013034267, 0.05620972754199197, 0.05488023496470325, 0.05291870088860013, 0.05085359195424363, 0.04836971777146554, 0.045888993393773454, 0.04332790860019442, 0.040721243397433354, 0.03815348906679705, 0.03609755066086763, 0.03431153121207709, 0.03269994312791247, 0.03113246913067769, 0.029533434333839276, 0.02779284963423818, 0.02581340528028532, 0.023636664296078556, 0.021032966406022018, 0.018298152858289164, 0.015471223173718233, 0.012975006021594128, 0.011476514573927241, 0.011190786613452559, 0.012013514795745658, 0.013192708648177051, 0.0146026096239084, 0.016627808096549106, 0.019288816219412905, 0.022115031993867204, 0.024956066779425322, 0.027947127033299147, 0.030317719296220055, 0.03213024736687776, 0.033908117916643665, 0.035613155393420214, 0.03695858371541455, 0.0370883147011733, 0.035844860180821725, 0.03331269225961453, 0.030127822662769057, 0.026675716455458534, 0.02305094507263966, 0.019294584365168215, 0.016588874620184203, 0.013459760460278334, 0.010513659470637583, 0.008184205378854309, 0.005908681970234855, 0.003908372487361734, 0.002250880846271649, 0.001837561814419065, 0.003902446460586522, 0.00649131804032715, 0.008842266053540701, 0.011337576744963709, 0.013847821453172829, 0.016241515374979285, 0.018506880743639053, 0.020753891025054552, 0.022854281545735794, 0.025177910908837288, 0.027764777035113285, 0.0302577363231247, 0.032552204835272186, 0.033962244268502154, 0.03530995724171245, 0.036795414568091225, 0.03840706162943578, 0.039993850675796264, 0.04133645030179679, 0.04211247094820217, 0.04239213751353172, 0.042192499106345205, 0.04200269786908514, 0.041897190162155235, 0.041830932940717325, 0.04166737666619139, 0.04206882264734189, 0.0426127097658282, 0.042895687146734904, 0.04300135533202284, 0.04249799814293581, 0.041897582995049115, 0.04072077112408416, 0.03927976254850985, 0.037331499513228325, 0.035889992777759706, 0.03456359233645024, 0.033243529781910974, 0.03199033675126687, 0.03059935779738079, 0.029272240636492235, 0.027900707354997015, 0.02654938414970694, 0.02543173352052397, 0.024311103096379235, 0.023065212419431085, 0.021685454855791198, 0.02041159885695607, 0.019056064221564174, 0.017656707279948437, 0.01626614648165674, 0.015012383850973622, 0.013603567963072178, 0.012189757837366814, 0.010674529938407772, 0.009407142987148039, 0.008344525906195775, 0.007439054007672372, 0.0072034584519923735, 0.007775010970036668, 0.009047582903156274, 0.010731538882415681, 0.01253460028234948, 0.014333543563369548, 0.016070624592636203, 0.017817726146123574, 0.019557256660804743, 0.02116824086555951, 0.022529303997840977, 0.023628588936546305, 0.02391411988476377, 0.02359656311707365, 0.022355277074164143, 0.020961866673625245, 0.018393580144489934, 0.015660552711922182, 0.013874328661167971, 0.01254026736778108, 0.011812131260623127, 0.010800298354986543, 0.00961805971638548, 0.008471507575266851, 0.007656757785702683, 0.006719580941926242, 0.0056999472982024405, 0.005125787188458596, 0.00504686530895439, 0.005697178935649704, 0.006245540782853768, 0.0070976650798796875, 0.007900543705723831, 0.008755370167568399, 0.009807746909975117, 0.011209592216881203, 0.01276960312030194, 0.014467251258771754, 0.015865855510978952, 0.01751794577394112, 0.01978728846519214, 0.022540086452385207, 0.024859037758439572, 0.02589623397823137, 0.02611181133516041, 0.026565850619759173, 0.0272557734372972, 0.02776644526036269, 0.02799937699621002, 0.02818388188652303, 0.02806005928616626, 0.028083982827741123, 0.02781538632605852, 0.027763976455106594, 0.028120518002563644, 0.028688559534023904, 0.029389365084960088, 0.030059907204608147, 0.03052096911154336, 0.031053468449087778, 0.03142000488428638, 0.03173833045042581, 0.031892653890475096, 0.03198060527161537, 0.031944507243272385, 0.03180892531117334, 0.03180195743523648, 0.03175983113429147, 0.03185651864929952, 0.032146459060636644, 0.032526908876218445, 0.033087790299913135, 0.03370146462957083, 0.0342847740780508, 0.0344768243549477, 0.03441738754137779, 0.034008301029805295]",0.03180195743523648,0.0993196466814566,0.02945433067215797,0.01199195152457544,0.0,0.0,0.017431894494871092,0.0993196466814566,0.02945433067215797,0.01199195152457544,9.719999999999999,1717635310.4410124,2024-06-06_10-55-10
0.5059,0.14232000000000003,0.43068424869416205,0.406572714626891,0.17192550981109578,0.4191863940027936,0.5059,0.14232000000000003,0.4488324034376206,0.406572714626891,0.17192550981109578,0.4191863940027936,0.03175983113429147,"[0.011315756658919754, 0.012192407496521018, 0.01288995615295488, 0.01359963525141729, 0.014321891165186378, 0.015181047888625853, 0.01592941522152252, 0.01673874496494045, 0.01751440457689525, 0.01835087734908702, 0.019202544572813795, 0.020070622325609303, 0.02095627718778323, 0.02186061264947246, 0.022737260153569413, 0.023681097053535004, 0.024646250751560458, 0.025633386418693636, 0.02659237614956749, 0.027623542314219474, 0.0286250346734827, 0.029647102596467904, 0.03056454213255984, 0.031680305841655834, 0.03263530150735364, 0.033606764937046466, 0.034593095597664145, 0.03536350794006898, 0.035930760474075646, 0.03631257033147624, 0.03661317474198803, 0.03688385713543919, 0.03738127616234113, 0.037934719347479336, 0.03858163380471939, 0.03921882339006296, 0.03999131852533767, 0.04074980907886149, 0.04127472956039594, 0.04151563832077664, 0.04151964454301027, 0.04123464219442919, 0.04096829512038153, 0.04056460486818273, 0.04028281736824196, 0.04000166841569801, 0.03919762289117317, 0.037812479337396496, 0.03622310391275238, 0.03453579653228067, 0.0330206041779641, 0.031565009966306234, 0.03054064037737075, 0.029904305612678588, 0.029394155816597912, 0.028896840658953926, 0.02825322628704274, 0.027685220830545497, 0.02666364029859006, 0.025486033827772144, 0.02414387260068274, 0.023028867611909868, 0.022681878550084772, 0.02299235797660897, 0.02387546679328945, 0.024738332374206702, 0.025547718436096926, 0.026640938816603423, 0.02759836215880636, 0.028240938725365098, 0.028199955208514017, 0.028168175430310402, 0.02767018559717724, 0.027414861073674215, 0.027239233260695786, 0.0274939869379551, 0.027874761581110984, 0.02868161073982207, 0.029514734605865275, 0.030345172291974937, 0.031248268714928727, 0.032298002681611045, 0.033509628354587276, 0.0348066615601669, 0.03569061118903811, 0.03631377821401384, 0.03654105211474412, 0.03646788532881584, 0.03572808397059345, 0.03427781350345514, 0.03309813106562172, 0.031639416134799855, 0.02970329439236902, 0.027599049067936567, 0.02603054913364457, 0.024090316372098155, 0.02220132238001286, 0.02051452966091278, 0.019044426362309692, 0.017805605247084858, 0.01643252777018217, 0.01523003850809785, 0.01424180324883461, 0.013706552220618947, 0.0130880570946912, 0.012988920737072255, 0.013178248200839212, 0.013386796436950147, 0.01359897371732897, 0.01439195864266014, 0.015495810506657983, 0.016686507754200334, 0.01807173050136072, 0.019341411872889052, 0.020370802976522343, 0.0213787239197115, 0.02262888584538598, 0.02401686851684336, 0.025523335513576738, 0.026670410326906566, 0.02758824337325398, 0.02810647098585074, 0.028219175888028712, 0.02804128716256827, 0.027840212128430745, 0.02799079668741686, 0.027988272685847155, 0.02831306909632167, 0.028434723397990712, 0.0285549391753426, 0.02832607944879636, 0.02800347501499142, 0.027460301198426997, 0.02681840364884072, 0.026203190519756815, 0.02552364346313934, 0.024940794741503684, 0.024553643852497812, 0.024009602077058226, 0.023587486328410737, 0.023053226444370627, 0.02237349941244249, 0.021247392964358097, 0.01948489409103017, 0.01759577829009665, 0.015969918059865678, 0.014849832783247986, 0.014164911869984548, 0.013546042864334782, 0.01328357500957488, 0.012905521640083246, 0.012806686101790404, 0.01256569256360443, 0.01270015008783326, 0.013333718053885597, 0.014364706842779438, 0.015230812921928084, 0.016214173123414017, 0.017422309714956504, 0.01848297873673576, 0.019690103784110968, 0.02062988015396428, 0.021304326954883004, 0.021542023987470748, 0.021445001132587415, 0.02128479356968176, 0.021154257299581803, 0.020548768777841446, 0.020419411659703072, 0.020346908766621045, 0.02018386842926173, 0.020060715556614095, 0.019970155121820186, 0.019905412966441507, 0.019860328269953802, 0.019689549628068632, 0.019110038324468673, 0.018401772510693467, 0.01773443768827515, 0.01691379473734185, 0.0163889904882787, 0.015891976533507178, 0.015695148472402557, 0.015634975895130635, 0.01548249397414641, 0.015250362203767827, 0.01446715870868431, 0.013690714184349355, 0.013111437378948002, 0.01280400987898366, 0.012789088065484542, 0.012885508256999974, 0.012645414791893052, 0.012533763320360268, 0.01300792748125149, 0.014045480441271196, 0.015593406388961941, 0.017496649938682926, 0.01947963017829757, 0.021814960986639112, 0.0244888991790445, 0.027455202671237973, 0.030462142682767764, 0.03347516022004274, 0.03632355277573078, 0.03911728575744543, 0.041489125175428104, 0.043617926344794986, 0.04507509866910146, 0.045973158335007626, 0.046666313335408376, 0.047747911364257295, 0.04910015737076979, 0.051170936172887156, 0.05323921785426519, 0.05484930583024696, 0.05598397968583077, 0.056516639752925084, 0.05678375349578094, 0.05655312215346535, 0.05709318659280136, 0.05753330561326649, 0.05822424761198231, 0.05856641837777238, 0.058663546697002605, 0.05829520111627496, 0.058019458378357286, 0.05786276302771312, 0.057678835712609886, 0.05721489013034267, 0.05620972754199197, 0.05488023496470325, 0.05291870088860013, 0.05085359195424363, 0.04836971777146554, 0.045888993393773454, 0.04332790860019442, 0.040721243397433354, 0.03815348906679705, 0.03609755066086763, 0.03431153121207709, 0.03269994312791247, 0.03113246913067769, 0.029533434333839276, 0.02779284963423818, 0.02581340528028532, 0.023636664296078556, 0.021032966406022018, 0.018298152858289164, 0.015471223173718233, 0.012975006021594128, 0.011476514573927241, 0.011190786613452559, 0.012013514795745658, 0.013192708648177051, 0.0146026096239084, 0.016627808096549106, 0.019288816219412905, 0.022115031993867204, 0.024956066779425322, 0.027947127033299147, 0.030317719296220055, 0.03213024736687776, 0.033908117916643665, 0.035613155393420214, 0.03695858371541455, 0.0370883147011733, 0.035844860180821725, 0.03331269225961453, 0.030127822662769057, 0.026675716455458534, 0.02305094507263966, 0.019294584365168215, 0.016588874620184203, 0.013459760460278334, 0.010513659470637583, 0.008184205378854309, 0.005908681970234855, 0.003908372487361734, 0.002250880846271649, 0.001837561814419065, 0.003902446460586522, 0.00649131804032715, 0.008842266053540701, 0.011337576744963709, 0.013847821453172829, 0.016241515374979285, 0.018506880743639053, 0.020753891025054552, 0.022854281545735794, 0.025177910908837288, 0.027764777035113285, 0.0302577363231247, 0.032552204835272186, 0.033962244268502154, 0.03530995724171245, 0.036795414568091225, 0.03840706162943578, 0.039993850675796264, 0.04133645030179679, 0.04211247094820217, 0.04239213751353172, 0.042192499106345205, 0.04200269786908514, 0.041897190162155235, 0.041830932940717325, 0.04166737666619139, 0.04206882264734189, 0.0426127097658282, 0.042895687146734904, 0.04300135533202284, 0.04249799814293581, 0.041897582995049115, 0.04072077112408416, 0.03927976254850985, 0.037331499513228325, 0.035889992777759706, 0.03456359233645024, 0.033243529781910974, 0.03199033675126687, 0.03059935779738079, 0.029272240636492235, 0.027900707354997015, 0.02654938414970694, 0.02543173352052397, 0.024311103096379235, 0.023065212419431085, 0.021685454855791198, 0.02041159885695607, 0.019056064221564174, 0.017656707279948437, 0.01626614648165674, 0.015012383850973622, 0.013603567963072178, 0.012189757837366814, 0.010674529938407772, 0.009407142987148039, 0.008344525906195775, 0.007439054007672372, 0.0072034584519923735, 0.007775010970036668, 0.009047582903156274, 0.010731538882415681, 0.01253460028234948, 0.014333543563369548, 0.016070624592636203, 0.017817726146123574, 0.019557256660804743, 0.02116824086555951, 0.022529303997840977, 0.023628588936546305, 0.02391411988476377, 0.02359656311707365, 0.022355277074164143, 0.020961866673625245, 0.018393580144489934, 0.015660552711922182, 0.013874328661167971, 0.01254026736778108, 0.011812131260623127, 0.010800298354986543, 0.00961805971638548, 0.008471507575266851, 0.007656757785702683, 0.006719580941926242, 0.0056999472982024405, 0.005125787188458596, 0.00504686530895439, 0.005697178935649704, 0.006245540782853768, 0.0070976650798796875, 0.007900543705723831, 0.008755370167568399, 0.009807746909975117, 0.011209592216881203, 0.01276960312030194, 0.014467251258771754, 0.015865855510978952, 0.01751794577394112, 0.01978728846519214, 0.022540086452385207, 0.024859037758439572, 0.02589623397823137, 0.02611181133516041, 0.026565850619759173, 0.0272557734372972, 0.02776644526036269, 0.02799937699621002, 0.02818388188652303, 0.02806005928616626, 0.028083982827741123, 0.02781538632605852, 0.027763976455106594, 0.028120518002563644, 0.028688559534023904, 0.029389365084960088, 0.030059907204608147, 0.03052096911154336, 0.031053468449087778, 0.03142000488428638, 0.03173833045042581, 0.031892653890475096, 0.03198060527161537, 0.031944507243272385, 0.03180892531117334, 0.03180195743523648, 0.03175983113429147, 0.03185651864929952, 0.032146459060636644, 0.032526908876218445, 0.033087790299913135, 0.03370146462957083, 0.0342847740780508, 0.0344768243549477, 0.03441738754137779, 0.034008301029805295]",0.03175983113429147,0.09932728537310903,0.029605509811095748,0.011497854691368437,0.0,0.0,0.018148154743458544,0.09932728537310903,0.029605509811095748,0.011497854691368437,9.744,1717635310.4653003,2024-06-06_10-55-10
0.5059,0.14303999999999997,0.43115974356379466,0.4065785663844371,0.17293798727660456,0.4201621012136744,0.5059,0.14303999999999997,0.45002415855584066,0.4065785663844371,0.17293798727660456,0.4201621012136744,0.03185651864929952,"[0.011315756658919754, 0.012192407496521018, 0.01288995615295488, 0.01359963525141729, 0.014321891165186378, 0.015181047888625853, 0.01592941522152252, 0.01673874496494045, 0.01751440457689525, 0.01835087734908702, 0.019202544572813795, 0.020070622325609303, 0.02095627718778323, 0.02186061264947246, 0.022737260153569413, 0.023681097053535004, 0.024646250751560458, 0.025633386418693636, 0.02659237614956749, 0.027623542314219474, 0.0286250346734827, 0.029647102596467904, 0.03056454213255984, 0.031680305841655834, 0.03263530150735364, 0.033606764937046466, 0.034593095597664145, 0.03536350794006898, 0.035930760474075646, 0.03631257033147624, 0.03661317474198803, 0.03688385713543919, 0.03738127616234113, 0.037934719347479336, 0.03858163380471939, 0.03921882339006296, 0.03999131852533767, 0.04074980907886149, 0.04127472956039594, 0.04151563832077664, 0.04151964454301027, 0.04123464219442919, 0.04096829512038153, 0.04056460486818273, 0.04028281736824196, 0.04000166841569801, 0.03919762289117317, 0.037812479337396496, 0.03622310391275238, 0.03453579653228067, 0.0330206041779641, 0.031565009966306234, 0.03054064037737075, 0.029904305612678588, 0.029394155816597912, 0.028896840658953926, 0.02825322628704274, 0.027685220830545497, 0.02666364029859006, 0.025486033827772144, 0.02414387260068274, 0.023028867611909868, 0.022681878550084772, 0.02299235797660897, 0.02387546679328945, 0.024738332374206702, 0.025547718436096926, 0.026640938816603423, 0.02759836215880636, 0.028240938725365098, 0.028199955208514017, 0.028168175430310402, 0.02767018559717724, 0.027414861073674215, 0.027239233260695786, 0.0274939869379551, 0.027874761581110984, 0.02868161073982207, 0.029514734605865275, 0.030345172291974937, 0.031248268714928727, 0.032298002681611045, 0.033509628354587276, 0.0348066615601669, 0.03569061118903811, 0.03631377821401384, 0.03654105211474412, 0.03646788532881584, 0.03572808397059345, 0.03427781350345514, 0.03309813106562172, 0.031639416134799855, 0.02970329439236902, 0.027599049067936567, 0.02603054913364457, 0.024090316372098155, 0.02220132238001286, 0.02051452966091278, 0.019044426362309692, 0.017805605247084858, 0.01643252777018217, 0.01523003850809785, 0.01424180324883461, 0.013706552220618947, 0.0130880570946912, 0.012988920737072255, 0.013178248200839212, 0.013386796436950147, 0.01359897371732897, 0.01439195864266014, 0.015495810506657983, 0.016686507754200334, 0.01807173050136072, 0.019341411872889052, 0.020370802976522343, 0.0213787239197115, 0.02262888584538598, 0.02401686851684336, 0.025523335513576738, 0.026670410326906566, 0.02758824337325398, 0.02810647098585074, 0.028219175888028712, 0.02804128716256827, 0.027840212128430745, 0.02799079668741686, 0.027988272685847155, 0.02831306909632167, 0.028434723397990712, 0.0285549391753426, 0.02832607944879636, 0.02800347501499142, 0.027460301198426997, 0.02681840364884072, 0.026203190519756815, 0.02552364346313934, 0.024940794741503684, 0.024553643852497812, 0.024009602077058226, 0.023587486328410737, 0.023053226444370627, 0.02237349941244249, 0.021247392964358097, 0.01948489409103017, 0.01759577829009665, 0.015969918059865678, 0.014849832783247986, 0.014164911869984548, 0.013546042864334782, 0.01328357500957488, 0.012905521640083246, 0.012806686101790404, 0.01256569256360443, 0.01270015008783326, 0.013333718053885597, 0.014364706842779438, 0.015230812921928084, 0.016214173123414017, 0.017422309714956504, 0.01848297873673576, 0.019690103784110968, 0.02062988015396428, 0.021304326954883004, 0.021542023987470748, 0.021445001132587415, 0.02128479356968176, 0.021154257299581803, 0.020548768777841446, 0.020419411659703072, 0.020346908766621045, 0.02018386842926173, 0.020060715556614095, 0.019970155121820186, 0.019905412966441507, 0.019860328269953802, 0.019689549628068632, 0.019110038324468673, 0.018401772510693467, 0.01773443768827515, 0.01691379473734185, 0.0163889904882787, 0.015891976533507178, 0.015695148472402557, 0.015634975895130635, 0.01548249397414641, 0.015250362203767827, 0.01446715870868431, 0.013690714184349355, 0.013111437378948002, 0.01280400987898366, 0.012789088065484542, 0.012885508256999974, 0.012645414791893052, 0.012533763320360268, 0.01300792748125149, 0.014045480441271196, 0.015593406388961941, 0.017496649938682926, 0.01947963017829757, 0.021814960986639112, 0.0244888991790445, 0.027455202671237973, 0.030462142682767764, 0.03347516022004274, 0.03632355277573078, 0.03911728575744543, 0.041489125175428104, 0.043617926344794986, 0.04507509866910146, 0.045973158335007626, 0.046666313335408376, 0.047747911364257295, 0.04910015737076979, 0.051170936172887156, 0.05323921785426519, 0.05484930583024696, 0.05598397968583077, 0.056516639752925084, 0.05678375349578094, 0.05655312215346535, 0.05709318659280136, 0.05753330561326649, 0.05822424761198231, 0.05856641837777238, 0.058663546697002605, 0.05829520111627496, 0.058019458378357286, 0.05786276302771312, 0.057678835712609886, 0.05721489013034267, 0.05620972754199197, 0.05488023496470325, 0.05291870088860013, 0.05085359195424363, 0.04836971777146554, 0.045888993393773454, 0.04332790860019442, 0.040721243397433354, 0.03815348906679705, 0.03609755066086763, 0.03431153121207709, 0.03269994312791247, 0.03113246913067769, 0.029533434333839276, 0.02779284963423818, 0.02581340528028532, 0.023636664296078556, 0.021032966406022018, 0.018298152858289164, 0.015471223173718233, 0.012975006021594128, 0.011476514573927241, 0.011190786613452559, 0.012013514795745658, 0.013192708648177051, 0.0146026096239084, 0.016627808096549106, 0.019288816219412905, 0.022115031993867204, 0.024956066779425322, 0.027947127033299147, 0.030317719296220055, 0.03213024736687776, 0.033908117916643665, 0.035613155393420214, 0.03695858371541455, 0.0370883147011733, 0.035844860180821725, 0.03331269225961453, 0.030127822662769057, 0.026675716455458534, 0.02305094507263966, 0.019294584365168215, 0.016588874620184203, 0.013459760460278334, 0.010513659470637583, 0.008184205378854309, 0.005908681970234855, 0.003908372487361734, 0.002250880846271649, 0.001837561814419065, 0.003902446460586522, 0.00649131804032715, 0.008842266053540701, 0.011337576744963709, 0.013847821453172829, 0.016241515374979285, 0.018506880743639053, 0.020753891025054552, 0.022854281545735794, 0.025177910908837288, 0.027764777035113285, 0.0302577363231247, 0.032552204835272186, 0.033962244268502154, 0.03530995724171245, 0.036795414568091225, 0.03840706162943578, 0.039993850675796264, 0.04133645030179679, 0.04211247094820217, 0.04239213751353172, 0.042192499106345205, 0.04200269786908514, 0.041897190162155235, 0.041830932940717325, 0.04166737666619139, 0.04206882264734189, 0.0426127097658282, 0.042895687146734904, 0.04300135533202284, 0.04249799814293581, 0.041897582995049115, 0.04072077112408416, 0.03927976254850985, 0.037331499513228325, 0.035889992777759706, 0.03456359233645024, 0.033243529781910974, 0.03199033675126687, 0.03059935779738079, 0.029272240636492235, 0.027900707354997015, 0.02654938414970694, 0.02543173352052397, 0.024311103096379235, 0.023065212419431085, 0.021685454855791198, 0.02041159885695607, 0.019056064221564174, 0.017656707279948437, 0.01626614648165674, 0.015012383850973622, 0.013603567963072178, 0.012189757837366814, 0.010674529938407772, 0.009407142987148039, 0.008344525906195775, 0.007439054007672372, 0.0072034584519923735, 0.007775010970036668, 0.009047582903156274, 0.010731538882415681, 0.01253460028234948, 0.014333543563369548, 0.016070624592636203, 0.017817726146123574, 0.019557256660804743, 0.02116824086555951, 0.022529303997840977, 0.023628588936546305, 0.02391411988476377, 0.02359656311707365, 0.022355277074164143, 0.020961866673625245, 0.018393580144489934, 0.015660552711922182, 0.013874328661167971, 0.01254026736778108, 0.011812131260623127, 0.010800298354986543, 0.00961805971638548, 0.008471507575266851, 0.007656757785702683, 0.006719580941926242, 0.0056999472982024405, 0.005125787188458596, 0.00504686530895439, 0.005697178935649704, 0.006245540782853768, 0.0070976650798796875, 0.007900543705723831, 0.008755370167568399, 0.009807746909975117, 0.011209592216881203, 0.01276960312030194, 0.014467251258771754, 0.015865855510978952, 0.01751794577394112, 0.01978728846519214, 0.022540086452385207, 0.024859037758439572, 0.02589623397823137, 0.02611181133516041, 0.026565850619759173, 0.0272557734372972, 0.02776644526036269, 0.02799937699621002, 0.02818388188652303, 0.02806005928616626, 0.028083982827741123, 0.02781538632605852, 0.027763976455106594, 0.028120518002563644, 0.028688559534023904, 0.029389365084960088, 0.030059907204608147, 0.03052096911154336, 0.031053468449087778, 0.03142000488428638, 0.03173833045042581, 0.031892653890475096, 0.03198060527161537, 0.031944507243272385, 0.03180892531117334, 0.03180195743523648, 0.03175983113429147, 0.03185651864929952, 0.032146459060636644, 0.032526908876218445, 0.033087790299913135, 0.03370146462957083, 0.0342847740780508, 0.0344768243549477, 0.03441738754137779, 0.034008301029805295]",0.03185651864929952,0.09932143361556289,0.029897987276604587,0.01099764235012024,0.0,0.0,0.018864414992045997,0.09932143361556289,0.029897987276604587,0.01099764235012024,9.768,1717635310.4890752,2024-06-06_10-55-10
0.5059,0.14375999999999997,0.4316048315294165,0.4065791554684689,0.1742554905298419,0.4214352746324072,0.5059,0.14375999999999997,0.4511855067700499,0.4065791554684689,0.1742554905298419,0.4214352746324072,0.032146459060636644,"[0.011315756658919754, 0.012192407496521018, 0.01288995615295488, 0.01359963525141729, 0.014321891165186378, 0.015181047888625853, 0.01592941522152252, 0.01673874496494045, 0.01751440457689525, 0.01835087734908702, 0.019202544572813795, 0.020070622325609303, 0.02095627718778323, 0.02186061264947246, 0.022737260153569413, 0.023681097053535004, 0.024646250751560458, 0.025633386418693636, 0.02659237614956749, 0.027623542314219474, 0.0286250346734827, 0.029647102596467904, 0.03056454213255984, 0.031680305841655834, 0.03263530150735364, 0.033606764937046466, 0.034593095597664145, 0.03536350794006898, 0.035930760474075646, 0.03631257033147624, 0.03661317474198803, 0.03688385713543919, 0.03738127616234113, 0.037934719347479336, 0.03858163380471939, 0.03921882339006296, 0.03999131852533767, 0.04074980907886149, 0.04127472956039594, 0.04151563832077664, 0.04151964454301027, 0.04123464219442919, 0.04096829512038153, 0.04056460486818273, 0.04028281736824196, 0.04000166841569801, 0.03919762289117317, 0.037812479337396496, 0.03622310391275238, 0.03453579653228067, 0.0330206041779641, 0.031565009966306234, 0.03054064037737075, 0.029904305612678588, 0.029394155816597912, 0.028896840658953926, 0.02825322628704274, 0.027685220830545497, 0.02666364029859006, 0.025486033827772144, 0.02414387260068274, 0.023028867611909868, 0.022681878550084772, 0.02299235797660897, 0.02387546679328945, 0.024738332374206702, 0.025547718436096926, 0.026640938816603423, 0.02759836215880636, 0.028240938725365098, 0.028199955208514017, 0.028168175430310402, 0.02767018559717724, 0.027414861073674215, 0.027239233260695786, 0.0274939869379551, 0.027874761581110984, 0.02868161073982207, 0.029514734605865275, 0.030345172291974937, 0.031248268714928727, 0.032298002681611045, 0.033509628354587276, 0.0348066615601669, 0.03569061118903811, 0.03631377821401384, 0.03654105211474412, 0.03646788532881584, 0.03572808397059345, 0.03427781350345514, 0.03309813106562172, 0.031639416134799855, 0.02970329439236902, 0.027599049067936567, 0.02603054913364457, 0.024090316372098155, 0.02220132238001286, 0.02051452966091278, 0.019044426362309692, 0.017805605247084858, 0.01643252777018217, 0.01523003850809785, 0.01424180324883461, 0.013706552220618947, 0.0130880570946912, 0.012988920737072255, 0.013178248200839212, 0.013386796436950147, 0.01359897371732897, 0.01439195864266014, 0.015495810506657983, 0.016686507754200334, 0.01807173050136072, 0.019341411872889052, 0.020370802976522343, 0.0213787239197115, 0.02262888584538598, 0.02401686851684336, 0.025523335513576738, 0.026670410326906566, 0.02758824337325398, 0.02810647098585074, 0.028219175888028712, 0.02804128716256827, 0.027840212128430745, 0.02799079668741686, 0.027988272685847155, 0.02831306909632167, 0.028434723397990712, 0.0285549391753426, 0.02832607944879636, 0.02800347501499142, 0.027460301198426997, 0.02681840364884072, 0.026203190519756815, 0.02552364346313934, 0.024940794741503684, 0.024553643852497812, 0.024009602077058226, 0.023587486328410737, 0.023053226444370627, 0.02237349941244249, 0.021247392964358097, 0.01948489409103017, 0.01759577829009665, 0.015969918059865678, 0.014849832783247986, 0.014164911869984548, 0.013546042864334782, 0.01328357500957488, 0.012905521640083246, 0.012806686101790404, 0.01256569256360443, 0.01270015008783326, 0.013333718053885597, 0.014364706842779438, 0.015230812921928084, 0.016214173123414017, 0.017422309714956504, 0.01848297873673576, 0.019690103784110968, 0.02062988015396428, 0.021304326954883004, 0.021542023987470748, 0.021445001132587415, 0.02128479356968176, 0.021154257299581803, 0.020548768777841446, 0.020419411659703072, 0.020346908766621045, 0.02018386842926173, 0.020060715556614095, 0.019970155121820186, 0.019905412966441507, 0.019860328269953802, 0.019689549628068632, 0.019110038324468673, 0.018401772510693467, 0.01773443768827515, 0.01691379473734185, 0.0163889904882787, 0.015891976533507178, 0.015695148472402557, 0.015634975895130635, 0.01548249397414641, 0.015250362203767827, 0.01446715870868431, 0.013690714184349355, 0.013111437378948002, 0.01280400987898366, 0.012789088065484542, 0.012885508256999974, 0.012645414791893052, 0.012533763320360268, 0.01300792748125149, 0.014045480441271196, 0.015593406388961941, 0.017496649938682926, 0.01947963017829757, 0.021814960986639112, 0.0244888991790445, 0.027455202671237973, 0.030462142682767764, 0.03347516022004274, 0.03632355277573078, 0.03911728575744543, 0.041489125175428104, 0.043617926344794986, 0.04507509866910146, 0.045973158335007626, 0.046666313335408376, 0.047747911364257295, 0.04910015737076979, 0.051170936172887156, 0.05323921785426519, 0.05484930583024696, 0.05598397968583077, 0.056516639752925084, 0.05678375349578094, 0.05655312215346535, 0.05709318659280136, 0.05753330561326649, 0.05822424761198231, 0.05856641837777238, 0.058663546697002605, 0.05829520111627496, 0.058019458378357286, 0.05786276302771312, 0.057678835712609886, 0.05721489013034267, 0.05620972754199197, 0.05488023496470325, 0.05291870088860013, 0.05085359195424363, 0.04836971777146554, 0.045888993393773454, 0.04332790860019442, 0.040721243397433354, 0.03815348906679705, 0.03609755066086763, 0.03431153121207709, 0.03269994312791247, 0.03113246913067769, 0.029533434333839276, 0.02779284963423818, 0.02581340528028532, 0.023636664296078556, 0.021032966406022018, 0.018298152858289164, 0.015471223173718233, 0.012975006021594128, 0.011476514573927241, 0.011190786613452559, 0.012013514795745658, 0.013192708648177051, 0.0146026096239084, 0.016627808096549106, 0.019288816219412905, 0.022115031993867204, 0.024956066779425322, 0.027947127033299147, 0.030317719296220055, 0.03213024736687776, 0.033908117916643665, 0.035613155393420214, 0.03695858371541455, 0.0370883147011733, 0.035844860180821725, 0.03331269225961453, 0.030127822662769057, 0.026675716455458534, 0.02305094507263966, 0.019294584365168215, 0.016588874620184203, 0.013459760460278334, 0.010513659470637583, 0.008184205378854309, 0.005908681970234855, 0.003908372487361734, 0.002250880846271649, 0.001837561814419065, 0.003902446460586522, 0.00649131804032715, 0.008842266053540701, 0.011337576744963709, 0.013847821453172829, 0.016241515374979285, 0.018506880743639053, 0.020753891025054552, 0.022854281545735794, 0.025177910908837288, 0.027764777035113285, 0.0302577363231247, 0.032552204835272186, 0.033962244268502154, 0.03530995724171245, 0.036795414568091225, 0.03840706162943578, 0.039993850675796264, 0.04133645030179679, 0.04211247094820217, 0.04239213751353172, 0.042192499106345205, 0.04200269786908514, 0.041897190162155235, 0.041830932940717325, 0.04166737666619139, 0.04206882264734189, 0.0426127097658282, 0.042895687146734904, 0.04300135533202284, 0.04249799814293581, 0.041897582995049115, 0.04072077112408416, 0.03927976254850985, 0.037331499513228325, 0.035889992777759706, 0.03456359233645024, 0.033243529781910974, 0.03199033675126687, 0.03059935779738079, 0.029272240636492235, 0.027900707354997015, 0.02654938414970694, 0.02543173352052397, 0.024311103096379235, 0.023065212419431085, 0.021685454855791198, 0.02041159885695607, 0.019056064221564174, 0.017656707279948437, 0.01626614648165674, 0.015012383850973622, 0.013603567963072178, 0.012189757837366814, 0.010674529938407772, 0.009407142987148039, 0.008344525906195775, 0.007439054007672372, 0.0072034584519923735, 0.007775010970036668, 0.009047582903156274, 0.010731538882415681, 0.01253460028234948, 0.014333543563369548, 0.016070624592636203, 0.017817726146123574, 0.019557256660804743, 0.02116824086555951, 0.022529303997840977, 0.023628588936546305, 0.02391411988476377, 0.02359656311707365, 0.022355277074164143, 0.020961866673625245, 0.018393580144489934, 0.015660552711922182, 0.013874328661167971, 0.01254026736778108, 0.011812131260623127, 0.010800298354986543, 0.00961805971638548, 0.008471507575266851, 0.007656757785702683, 0.006719580941926242, 0.0056999472982024405, 0.005125787188458596, 0.00504686530895439, 0.005697178935649704, 0.006245540782853768, 0.0070976650798796875, 0.007900543705723831, 0.008755370167568399, 0.009807746909975117, 0.011209592216881203, 0.01276960312030194, 0.014467251258771754, 0.015865855510978952, 0.01751794577394112, 0.01978728846519214, 0.022540086452385207, 0.024859037758439572, 0.02589623397823137, 0.02611181133516041, 0.026565850619759173, 0.0272557734372972, 0.02776644526036269, 0.02799937699621002, 0.02818388188652303, 0.02806005928616626, 0.028083982827741123, 0.02781538632605852, 0.027763976455106594, 0.028120518002563644, 0.028688559534023904, 0.029389365084960088, 0.030059907204608147, 0.03052096911154336, 0.031053468449087778, 0.03142000488428638, 0.03173833045042581, 0.031892653890475096, 0.03198060527161537, 0.031944507243272385, 0.03180892531117334, 0.03180195743523648, 0.03175983113429147, 0.03185651864929952, 0.032146459060636644, 0.032526908876218445, 0.033087790299913135, 0.03370146462957083, 0.0342847740780508, 0.0344768243549477, 0.03441738754137779, 0.034008301029805295]",0.032146459060636644,0.09932084453153112,0.030495490529841934,0.010169556897009269,0.0,0.0,0.01958067524063345,0.09932084453153112,0.030495490529841934,0.010169556897009269,9.792,1717635310.5129042,2024-06-06_10-55-10
0.5059,0.14448000000000003,0.43202185198959275,0.4065708514650883,0.1756759230958414,0.4228123903744836,0.5059,0.14448000000000003,0.45213672620272816,0.4065708514650883,0.1756759230958414,0.4228123903744836,0.032526908876218445,"[0.011315756658919754, 0.012192407496521018, 0.01288995615295488, 0.01359963525141729, 0.014321891165186378, 0.015181047888625853, 0.01592941522152252, 0.01673874496494045, 0.01751440457689525, 0.01835087734908702, 0.019202544572813795, 0.020070622325609303, 0.02095627718778323, 0.02186061264947246, 0.022737260153569413, 0.023681097053535004, 0.024646250751560458, 0.025633386418693636, 0.02659237614956749, 0.027623542314219474, 0.0286250346734827, 0.029647102596467904, 0.03056454213255984, 0.031680305841655834, 0.03263530150735364, 0.033606764937046466, 0.034593095597664145, 0.03536350794006898, 0.035930760474075646, 0.03631257033147624, 0.03661317474198803, 0.03688385713543919, 0.03738127616234113, 0.037934719347479336, 0.03858163380471939, 0.03921882339006296, 0.03999131852533767, 0.04074980907886149, 0.04127472956039594, 0.04151563832077664, 0.04151964454301027, 0.04123464219442919, 0.04096829512038153, 0.04056460486818273, 0.04028281736824196, 0.04000166841569801, 0.03919762289117317, 0.037812479337396496, 0.03622310391275238, 0.03453579653228067, 0.0330206041779641, 0.031565009966306234, 0.03054064037737075, 0.029904305612678588, 0.029394155816597912, 0.028896840658953926, 0.02825322628704274, 0.027685220830545497, 0.02666364029859006, 0.025486033827772144, 0.02414387260068274, 0.023028867611909868, 0.022681878550084772, 0.02299235797660897, 0.02387546679328945, 0.024738332374206702, 0.025547718436096926, 0.026640938816603423, 0.02759836215880636, 0.028240938725365098, 0.028199955208514017, 0.028168175430310402, 0.02767018559717724, 0.027414861073674215, 0.027239233260695786, 0.0274939869379551, 0.027874761581110984, 0.02868161073982207, 0.029514734605865275, 0.030345172291974937, 0.031248268714928727, 0.032298002681611045, 0.033509628354587276, 0.0348066615601669, 0.03569061118903811, 0.03631377821401384, 0.03654105211474412, 0.03646788532881584, 0.03572808397059345, 0.03427781350345514, 0.03309813106562172, 0.031639416134799855, 0.02970329439236902, 0.027599049067936567, 0.02603054913364457, 0.024090316372098155, 0.02220132238001286, 0.02051452966091278, 0.019044426362309692, 0.017805605247084858, 0.01643252777018217, 0.01523003850809785, 0.01424180324883461, 0.013706552220618947, 0.0130880570946912, 0.012988920737072255, 0.013178248200839212, 0.013386796436950147, 0.01359897371732897, 0.01439195864266014, 0.015495810506657983, 0.016686507754200334, 0.01807173050136072, 0.019341411872889052, 0.020370802976522343, 0.0213787239197115, 0.02262888584538598, 0.02401686851684336, 0.025523335513576738, 0.026670410326906566, 0.02758824337325398, 0.02810647098585074, 0.028219175888028712, 0.02804128716256827, 0.027840212128430745, 0.02799079668741686, 0.027988272685847155, 0.02831306909632167, 0.028434723397990712, 0.0285549391753426, 0.02832607944879636, 0.02800347501499142, 0.027460301198426997, 0.02681840364884072, 0.026203190519756815, 0.02552364346313934, 0.024940794741503684, 0.024553643852497812, 0.024009602077058226, 0.023587486328410737, 0.023053226444370627, 0.02237349941244249, 0.021247392964358097, 0.01948489409103017, 0.01759577829009665, 0.015969918059865678, 0.014849832783247986, 0.014164911869984548, 0.013546042864334782, 0.01328357500957488, 0.012905521640083246, 0.012806686101790404, 0.01256569256360443, 0.01270015008783326, 0.013333718053885597, 0.014364706842779438, 0.015230812921928084, 0.016214173123414017, 0.017422309714956504, 0.01848297873673576, 0.019690103784110968, 0.02062988015396428, 0.021304326954883004, 0.021542023987470748, 0.021445001132587415, 0.02128479356968176, 0.021154257299581803, 0.020548768777841446, 0.020419411659703072, 0.020346908766621045, 0.02018386842926173, 0.020060715556614095, 0.019970155121820186, 0.019905412966441507, 0.019860328269953802, 0.019689549628068632, 0.019110038324468673, 0.018401772510693467, 0.01773443768827515, 0.01691379473734185, 0.0163889904882787, 0.015891976533507178, 0.015695148472402557, 0.015634975895130635, 0.01548249397414641, 0.015250362203767827, 0.01446715870868431, 0.013690714184349355, 0.013111437378948002, 0.01280400987898366, 0.012789088065484542, 0.012885508256999974, 0.012645414791893052, 0.012533763320360268, 0.01300792748125149, 0.014045480441271196, 0.015593406388961941, 0.017496649938682926, 0.01947963017829757, 0.021814960986639112, 0.0244888991790445, 0.027455202671237973, 0.030462142682767764, 0.03347516022004274, 0.03632355277573078, 0.03911728575744543, 0.041489125175428104, 0.043617926344794986, 0.04507509866910146, 0.045973158335007626, 0.046666313335408376, 0.047747911364257295, 0.04910015737076979, 0.051170936172887156, 0.05323921785426519, 0.05484930583024696, 0.05598397968583077, 0.056516639752925084, 0.05678375349578094, 0.05655312215346535, 0.05709318659280136, 0.05753330561326649, 0.05822424761198231, 0.05856641837777238, 0.058663546697002605, 0.05829520111627496, 0.058019458378357286, 0.05786276302771312, 0.057678835712609886, 0.05721489013034267, 0.05620972754199197, 0.05488023496470325, 0.05291870088860013, 0.05085359195424363, 0.04836971777146554, 0.045888993393773454, 0.04332790860019442, 0.040721243397433354, 0.03815348906679705, 0.03609755066086763, 0.03431153121207709, 0.03269994312791247, 0.03113246913067769, 0.029533434333839276, 0.02779284963423818, 0.02581340528028532, 0.023636664296078556, 0.021032966406022018, 0.018298152858289164, 0.015471223173718233, 0.012975006021594128, 0.011476514573927241, 0.011190786613452559, 0.012013514795745658, 0.013192708648177051, 0.0146026096239084, 0.016627808096549106, 0.019288816219412905, 0.022115031993867204, 0.024956066779425322, 0.027947127033299147, 0.030317719296220055, 0.03213024736687776, 0.033908117916643665, 0.035613155393420214, 0.03695858371541455, 0.0370883147011733, 0.035844860180821725, 0.03331269225961453, 0.030127822662769057, 0.026675716455458534, 0.02305094507263966, 0.019294584365168215, 0.016588874620184203, 0.013459760460278334, 0.010513659470637583, 0.008184205378854309, 0.005908681970234855, 0.003908372487361734, 0.002250880846271649, 0.001837561814419065, 0.003902446460586522, 0.00649131804032715, 0.008842266053540701, 0.011337576744963709, 0.013847821453172829, 0.016241515374979285, 0.018506880743639053, 0.020753891025054552, 0.022854281545735794, 0.025177910908837288, 0.027764777035113285, 0.0302577363231247, 0.032552204835272186, 0.033962244268502154, 0.03530995724171245, 0.036795414568091225, 0.03840706162943578, 0.039993850675796264, 0.04133645030179679, 0.04211247094820217, 0.04239213751353172, 0.042192499106345205, 0.04200269786908514, 0.041897190162155235, 0.041830932940717325, 0.04166737666619139, 0.04206882264734189, 0.0426127097658282, 0.042895687146734904, 0.04300135533202284, 0.04249799814293581, 0.041897582995049115, 0.04072077112408416, 0.03927976254850985, 0.037331499513228325, 0.035889992777759706, 0.03456359233645024, 0.033243529781910974, 0.03199033675126687, 0.03059935779738079, 0.029272240636492235, 0.027900707354997015, 0.02654938414970694, 0.02543173352052397, 0.024311103096379235, 0.023065212419431085, 0.021685454855791198, 0.02041159885695607, 0.019056064221564174, 0.017656707279948437, 0.01626614648165674, 0.015012383850973622, 0.013603567963072178, 0.012189757837366814, 0.010674529938407772, 0.009407142987148039, 0.008344525906195775, 0.007439054007672372, 0.0072034584519923735, 0.007775010970036668, 0.009047582903156274, 0.010731538882415681, 0.01253460028234948, 0.014333543563369548, 0.016070624592636203, 0.017817726146123574, 0.019557256660804743, 0.02116824086555951, 0.022529303997840977, 0.023628588936546305, 0.02391411988476377, 0.02359656311707365, 0.022355277074164143, 0.020961866673625245, 0.018393580144489934, 0.015660552711922182, 0.013874328661167971, 0.01254026736778108, 0.011812131260623127, 0.010800298354986543, 0.00961805971638548, 0.008471507575266851, 0.007656757785702683, 0.006719580941926242, 0.0056999472982024405, 0.005125787188458596, 0.00504686530895439, 0.005697178935649704, 0.006245540782853768, 0.0070976650798796875, 0.007900543705723831, 0.008755370167568399, 0.009807746909975117, 0.011209592216881203, 0.01276960312030194, 0.014467251258771754, 0.015865855510978952, 0.01751794577394112, 0.01978728846519214, 0.022540086452385207, 0.024859037758439572, 0.02589623397823137, 0.02611181133516041, 0.026565850619759173, 0.0272557734372972, 0.02776644526036269, 0.02799937699621002, 0.02818388188652303, 0.02806005928616626, 0.028083982827741123, 0.02781538632605852, 0.027763976455106594, 0.028120518002563644, 0.028688559534023904, 0.029389365084960088, 0.030059907204608147, 0.03052096911154336, 0.031053468449087778, 0.03142000488428638, 0.03173833045042581, 0.031892653890475096, 0.03198060527161537, 0.031944507243272385, 0.03180892531117334, 0.03180195743523648, 0.03175983113429147, 0.03185651864929952, 0.032146459060636644, 0.032526908876218445, 0.033087790299913135, 0.03370146462957083, 0.0342847740780508, 0.0344768243549477, 0.03441738754137779, 0.034008301029805295]",0.032526908876218445,0.0993291485349117,0.031195923095841377,0.00920946161510916,0.0,0.0,0.020114874213135403,0.0993291485349117,0.031195923095841377,0.00920946161510916,9.816,1717635310.5371017,2024-06-06_10-55-10
0.5059,0.14519999999999997,0.432413400535002,0.40654991331178064,0.17730122714519925,0.4243938567385416,0.5059,0.14519999999999997,0.4529714430825966,0.40654991331178064,0.17730122714519925,0.4243938567385416,0.033087790299913135,"[0.011315756658919754, 0.012192407496521018, 0.01288995615295488, 0.01359963525141729, 0.014321891165186378, 0.015181047888625853, 0.01592941522152252, 0.01673874496494045, 0.01751440457689525, 0.01835087734908702, 0.019202544572813795, 0.020070622325609303, 0.02095627718778323, 0.02186061264947246, 0.022737260153569413, 0.023681097053535004, 0.024646250751560458, 0.025633386418693636, 0.02659237614956749, 0.027623542314219474, 0.0286250346734827, 0.029647102596467904, 0.03056454213255984, 0.031680305841655834, 0.03263530150735364, 0.033606764937046466, 0.034593095597664145, 0.03536350794006898, 0.035930760474075646, 0.03631257033147624, 0.03661317474198803, 0.03688385713543919, 0.03738127616234113, 0.037934719347479336, 0.03858163380471939, 0.03921882339006296, 0.03999131852533767, 0.04074980907886149, 0.04127472956039594, 0.04151563832077664, 0.04151964454301027, 0.04123464219442919, 0.04096829512038153, 0.04056460486818273, 0.04028281736824196, 0.04000166841569801, 0.03919762289117317, 0.037812479337396496, 0.03622310391275238, 0.03453579653228067, 0.0330206041779641, 0.031565009966306234, 0.03054064037737075, 0.029904305612678588, 0.029394155816597912, 0.028896840658953926, 0.02825322628704274, 0.027685220830545497, 0.02666364029859006, 0.025486033827772144, 0.02414387260068274, 0.023028867611909868, 0.022681878550084772, 0.02299235797660897, 0.02387546679328945, 0.024738332374206702, 0.025547718436096926, 0.026640938816603423, 0.02759836215880636, 0.028240938725365098, 0.028199955208514017, 0.028168175430310402, 0.02767018559717724, 0.027414861073674215, 0.027239233260695786, 0.0274939869379551, 0.027874761581110984, 0.02868161073982207, 0.029514734605865275, 0.030345172291974937, 0.031248268714928727, 0.032298002681611045, 0.033509628354587276, 0.0348066615601669, 0.03569061118903811, 0.03631377821401384, 0.03654105211474412, 0.03646788532881584, 0.03572808397059345, 0.03427781350345514, 0.03309813106562172, 0.031639416134799855, 0.02970329439236902, 0.027599049067936567, 0.02603054913364457, 0.024090316372098155, 0.02220132238001286, 0.02051452966091278, 0.019044426362309692, 0.017805605247084858, 0.01643252777018217, 0.01523003850809785, 0.01424180324883461, 0.013706552220618947, 0.0130880570946912, 0.012988920737072255, 0.013178248200839212, 0.013386796436950147, 0.01359897371732897, 0.01439195864266014, 0.015495810506657983, 0.016686507754200334, 0.01807173050136072, 0.019341411872889052, 0.020370802976522343, 0.0213787239197115, 0.02262888584538598, 0.02401686851684336, 0.025523335513576738, 0.026670410326906566, 0.02758824337325398, 0.02810647098585074, 0.028219175888028712, 0.02804128716256827, 0.027840212128430745, 0.02799079668741686, 0.027988272685847155, 0.02831306909632167, 0.028434723397990712, 0.0285549391753426, 0.02832607944879636, 0.02800347501499142, 0.027460301198426997, 0.02681840364884072, 0.026203190519756815, 0.02552364346313934, 0.024940794741503684, 0.024553643852497812, 0.024009602077058226, 0.023587486328410737, 0.023053226444370627, 0.02237349941244249, 0.021247392964358097, 0.01948489409103017, 0.01759577829009665, 0.015969918059865678, 0.014849832783247986, 0.014164911869984548, 0.013546042864334782, 0.01328357500957488, 0.012905521640083246, 0.012806686101790404, 0.01256569256360443, 0.01270015008783326, 0.013333718053885597, 0.014364706842779438, 0.015230812921928084, 0.016214173123414017, 0.017422309714956504, 0.01848297873673576, 0.019690103784110968, 0.02062988015396428, 0.021304326954883004, 0.021542023987470748, 0.021445001132587415, 0.02128479356968176, 0.021154257299581803, 0.020548768777841446, 0.020419411659703072, 0.020346908766621045, 0.02018386842926173, 0.020060715556614095, 0.019970155121820186, 0.019905412966441507, 0.019860328269953802, 0.019689549628068632, 0.019110038324468673, 0.018401772510693467, 0.01773443768827515, 0.01691379473734185, 0.0163889904882787, 0.015891976533507178, 0.015695148472402557, 0.015634975895130635, 0.01548249397414641, 0.015250362203767827, 0.01446715870868431, 0.013690714184349355, 0.013111437378948002, 0.01280400987898366, 0.012789088065484542, 0.012885508256999974, 0.012645414791893052, 0.012533763320360268, 0.01300792748125149, 0.014045480441271196, 0.015593406388961941, 0.017496649938682926, 0.01947963017829757, 0.021814960986639112, 0.0244888991790445, 0.027455202671237973, 0.030462142682767764, 0.03347516022004274, 0.03632355277573078, 0.03911728575744543, 0.041489125175428104, 0.043617926344794986, 0.04507509866910146, 0.045973158335007626, 0.046666313335408376, 0.047747911364257295, 0.04910015737076979, 0.051170936172887156, 0.05323921785426519, 0.05484930583024696, 0.05598397968583077, 0.056516639752925084, 0.05678375349578094, 0.05655312215346535, 0.05709318659280136, 0.05753330561326649, 0.05822424761198231, 0.05856641837777238, 0.058663546697002605, 0.05829520111627496, 0.058019458378357286, 0.05786276302771312, 0.057678835712609886, 0.05721489013034267, 0.05620972754199197, 0.05488023496470325, 0.05291870088860013, 0.05085359195424363, 0.04836971777146554, 0.045888993393773454, 0.04332790860019442, 0.040721243397433354, 0.03815348906679705, 0.03609755066086763, 0.03431153121207709, 0.03269994312791247, 0.03113246913067769, 0.029533434333839276, 0.02779284963423818, 0.02581340528028532, 0.023636664296078556, 0.021032966406022018, 0.018298152858289164, 0.015471223173718233, 0.012975006021594128, 0.011476514573927241, 0.011190786613452559, 0.012013514795745658, 0.013192708648177051, 0.0146026096239084, 0.016627808096549106, 0.019288816219412905, 0.022115031993867204, 0.024956066779425322, 0.027947127033299147, 0.030317719296220055, 0.03213024736687776, 0.033908117916643665, 0.035613155393420214, 0.03695858371541455, 0.0370883147011733, 0.035844860180821725, 0.03331269225961453, 0.030127822662769057, 0.026675716455458534, 0.02305094507263966, 0.019294584365168215, 0.016588874620184203, 0.013459760460278334, 0.010513659470637583, 0.008184205378854309, 0.005908681970234855, 0.003908372487361734, 0.002250880846271649, 0.001837561814419065, 0.003902446460586522, 0.00649131804032715, 0.008842266053540701, 0.011337576744963709, 0.013847821453172829, 0.016241515374979285, 0.018506880743639053, 0.020753891025054552, 0.022854281545735794, 0.025177910908837288, 0.027764777035113285, 0.0302577363231247, 0.032552204835272186, 0.033962244268502154, 0.03530995724171245, 0.036795414568091225, 0.03840706162943578, 0.039993850675796264, 0.04133645030179679, 0.04211247094820217, 0.04239213751353172, 0.042192499106345205, 0.04200269786908514, 0.041897190162155235, 0.041830932940717325, 0.04166737666619139, 0.04206882264734189, 0.0426127097658282, 0.042895687146734904, 0.04300135533202284, 0.04249799814293581, 0.041897582995049115, 0.04072077112408416, 0.03927976254850985, 0.037331499513228325, 0.035889992777759706, 0.03456359233645024, 0.033243529781910974, 0.03199033675126687, 0.03059935779738079, 0.029272240636492235, 0.027900707354997015, 0.02654938414970694, 0.02543173352052397, 0.024311103096379235, 0.023065212419431085, 0.021685454855791198, 0.02041159885695607, 0.019056064221564174, 0.017656707279948437, 0.01626614648165674, 0.015012383850973622, 0.013603567963072178, 0.012189757837366814, 0.010674529938407772, 0.009407142987148039, 0.008344525906195775, 0.007439054007672372, 0.0072034584519923735, 0.007775010970036668, 0.009047582903156274, 0.010731538882415681, 0.01253460028234948, 0.014333543563369548, 0.016070624592636203, 0.017817726146123574, 0.019557256660804743, 0.02116824086555951, 0.022529303997840977, 0.023628588936546305, 0.02391411988476377, 0.02359656311707365, 0.022355277074164143, 0.020961866673625245, 0.018393580144489934, 0.015660552711922182, 0.013874328661167971, 0.01254026736778108, 0.011812131260623127, 0.010800298354986543, 0.00961805971638548, 0.008471507575266851, 0.007656757785702683, 0.006719580941926242, 0.0056999472982024405, 0.005125787188458596, 0.00504686530895439, 0.005697178935649704, 0.006245540782853768, 0.0070976650798796875, 0.007900543705723831, 0.008755370167568399, 0.009807746909975117, 0.011209592216881203, 0.01276960312030194, 0.014467251258771754, 0.015865855510978952, 0.01751794577394112, 0.01978728846519214, 0.022540086452385207, 0.024859037758439572, 0.02589623397823137, 0.02611181133516041, 0.026565850619759173, 0.0272557734372972, 0.02776644526036269, 0.02799937699621002, 0.02818388188652303, 0.02806005928616626, 0.028083982827741123, 0.02781538632605852, 0.027763976455106594, 0.028120518002563644, 0.028688559534023904, 0.029389365084960088, 0.030059907204608147, 0.03052096911154336, 0.031053468449087778, 0.03142000488428638, 0.03173833045042581, 0.031892653890475096, 0.03198060527161537, 0.031944507243272385, 0.03180892531117334, 0.03180195743523648, 0.03175983113429147, 0.03185651864929952, 0.032146459060636644, 0.032526908876218445, 0.033087790299913135, 0.03370146462957083, 0.0342847740780508, 0.0344768243549477, 0.03441738754137779, 0.034008301029805295]",0.033087790299913135,0.09935008668821937,0.03210122714519928,0.008019543796460415,0.0,0.0,0.020558042547594635,0.09935008668821937,0.03210122714519928,0.008019543796460415,9.84,1717635310.5614412,2024-06-06_10-55-10
0.5059,0.14592000000000002,0.4327823037555806,0.4065166524945933,0.1789285474425249,0.42598344253381715,0.5059,0.14592000000000002,0.45378351463763444,0.4065166524945933,0.1789285474425249,0.42598344253381715,0.03370146462957083,"[0.011315756658919754, 0.012192407496521018, 0.01288995615295488, 0.01359963525141729, 0.014321891165186378, 0.015181047888625853, 0.01592941522152252, 0.01673874496494045, 0.01751440457689525, 0.01835087734908702, 0.019202544572813795, 0.020070622325609303, 0.02095627718778323, 0.02186061264947246, 0.022737260153569413, 0.023681097053535004, 0.024646250751560458, 0.025633386418693636, 0.02659237614956749, 0.027623542314219474, 0.0286250346734827, 0.029647102596467904, 0.03056454213255984, 0.031680305841655834, 0.03263530150735364, 0.033606764937046466, 0.034593095597664145, 0.03536350794006898, 0.035930760474075646, 0.03631257033147624, 0.03661317474198803, 0.03688385713543919, 0.03738127616234113, 0.037934719347479336, 0.03858163380471939, 0.03921882339006296, 0.03999131852533767, 0.04074980907886149, 0.04127472956039594, 0.04151563832077664, 0.04151964454301027, 0.04123464219442919, 0.04096829512038153, 0.04056460486818273, 0.04028281736824196, 0.04000166841569801, 0.03919762289117317, 0.037812479337396496, 0.03622310391275238, 0.03453579653228067, 0.0330206041779641, 0.031565009966306234, 0.03054064037737075, 0.029904305612678588, 0.029394155816597912, 0.028896840658953926, 0.02825322628704274, 0.027685220830545497, 0.02666364029859006, 0.025486033827772144, 0.02414387260068274, 0.023028867611909868, 0.022681878550084772, 0.02299235797660897, 0.02387546679328945, 0.024738332374206702, 0.025547718436096926, 0.026640938816603423, 0.02759836215880636, 0.028240938725365098, 0.028199955208514017, 0.028168175430310402, 0.02767018559717724, 0.027414861073674215, 0.027239233260695786, 0.0274939869379551, 0.027874761581110984, 0.02868161073982207, 0.029514734605865275, 0.030345172291974937, 0.031248268714928727, 0.032298002681611045, 0.033509628354587276, 0.0348066615601669, 0.03569061118903811, 0.03631377821401384, 0.03654105211474412, 0.03646788532881584, 0.03572808397059345, 0.03427781350345514, 0.03309813106562172, 0.031639416134799855, 0.02970329439236902, 0.027599049067936567, 0.02603054913364457, 0.024090316372098155, 0.02220132238001286, 0.02051452966091278, 0.019044426362309692, 0.017805605247084858, 0.01643252777018217, 0.01523003850809785, 0.01424180324883461, 0.013706552220618947, 0.0130880570946912, 0.012988920737072255, 0.013178248200839212, 0.013386796436950147, 0.01359897371732897, 0.01439195864266014, 0.015495810506657983, 0.016686507754200334, 0.01807173050136072, 0.019341411872889052, 0.020370802976522343, 0.0213787239197115, 0.02262888584538598, 0.02401686851684336, 0.025523335513576738, 0.026670410326906566, 0.02758824337325398, 0.02810647098585074, 0.028219175888028712, 0.02804128716256827, 0.027840212128430745, 0.02799079668741686, 0.027988272685847155, 0.02831306909632167, 0.028434723397990712, 0.0285549391753426, 0.02832607944879636, 0.02800347501499142, 0.027460301198426997, 0.02681840364884072, 0.026203190519756815, 0.02552364346313934, 0.024940794741503684, 0.024553643852497812, 0.024009602077058226, 0.023587486328410737, 0.023053226444370627, 0.02237349941244249, 0.021247392964358097, 0.01948489409103017, 0.01759577829009665, 0.015969918059865678, 0.014849832783247986, 0.014164911869984548, 0.013546042864334782, 0.01328357500957488, 0.012905521640083246, 0.012806686101790404, 0.01256569256360443, 0.01270015008783326, 0.013333718053885597, 0.014364706842779438, 0.015230812921928084, 0.016214173123414017, 0.017422309714956504, 0.01848297873673576, 0.019690103784110968, 0.02062988015396428, 0.021304326954883004, 0.021542023987470748, 0.021445001132587415, 0.02128479356968176, 0.021154257299581803, 0.020548768777841446, 0.020419411659703072, 0.020346908766621045, 0.02018386842926173, 0.020060715556614095, 0.019970155121820186, 0.019905412966441507, 0.019860328269953802, 0.019689549628068632, 0.019110038324468673, 0.018401772510693467, 0.01773443768827515, 0.01691379473734185, 0.0163889904882787, 0.015891976533507178, 0.015695148472402557, 0.015634975895130635, 0.01548249397414641, 0.015250362203767827, 0.01446715870868431, 0.013690714184349355, 0.013111437378948002, 0.01280400987898366, 0.012789088065484542, 0.012885508256999974, 0.012645414791893052, 0.012533763320360268, 0.01300792748125149, 0.014045480441271196, 0.015593406388961941, 0.017496649938682926, 0.01947963017829757, 0.021814960986639112, 0.0244888991790445, 0.027455202671237973, 0.030462142682767764, 0.03347516022004274, 0.03632355277573078, 0.03911728575744543, 0.041489125175428104, 0.043617926344794986, 0.04507509866910146, 0.045973158335007626, 0.046666313335408376, 0.047747911364257295, 0.04910015737076979, 0.051170936172887156, 0.05323921785426519, 0.05484930583024696, 0.05598397968583077, 0.056516639752925084, 0.05678375349578094, 0.05655312215346535, 0.05709318659280136, 0.05753330561326649, 0.05822424761198231, 0.05856641837777238, 0.058663546697002605, 0.05829520111627496, 0.058019458378357286, 0.05786276302771312, 0.057678835712609886, 0.05721489013034267, 0.05620972754199197, 0.05488023496470325, 0.05291870088860013, 0.05085359195424363, 0.04836971777146554, 0.045888993393773454, 0.04332790860019442, 0.040721243397433354, 0.03815348906679705, 0.03609755066086763, 0.03431153121207709, 0.03269994312791247, 0.03113246913067769, 0.029533434333839276, 0.02779284963423818, 0.02581340528028532, 0.023636664296078556, 0.021032966406022018, 0.018298152858289164, 0.015471223173718233, 0.012975006021594128, 0.011476514573927241, 0.011190786613452559, 0.012013514795745658, 0.013192708648177051, 0.0146026096239084, 0.016627808096549106, 0.019288816219412905, 0.022115031993867204, 0.024956066779425322, 0.027947127033299147, 0.030317719296220055, 0.03213024736687776, 0.033908117916643665, 0.035613155393420214, 0.03695858371541455, 0.0370883147011733, 0.035844860180821725, 0.03331269225961453, 0.030127822662769057, 0.026675716455458534, 0.02305094507263966, 0.019294584365168215, 0.016588874620184203, 0.013459760460278334, 0.010513659470637583, 0.008184205378854309, 0.005908681970234855, 0.003908372487361734, 0.002250880846271649, 0.001837561814419065, 0.003902446460586522, 0.00649131804032715, 0.008842266053540701, 0.011337576744963709, 0.013847821453172829, 0.016241515374979285, 0.018506880743639053, 0.020753891025054552, 0.022854281545735794, 0.025177910908837288, 0.027764777035113285, 0.0302577363231247, 0.032552204835272186, 0.033962244268502154, 0.03530995724171245, 0.036795414568091225, 0.03840706162943578, 0.039993850675796264, 0.04133645030179679, 0.04211247094820217, 0.04239213751353172, 0.042192499106345205, 0.04200269786908514, 0.041897190162155235, 0.041830932940717325, 0.04166737666619139, 0.04206882264734189, 0.0426127097658282, 0.042895687146734904, 0.04300135533202284, 0.04249799814293581, 0.041897582995049115, 0.04072077112408416, 0.03927976254850985, 0.037331499513228325, 0.035889992777759706, 0.03456359233645024, 0.033243529781910974, 0.03199033675126687, 0.03059935779738079, 0.029272240636492235, 0.027900707354997015, 0.02654938414970694, 0.02543173352052397, 0.024311103096379235, 0.023065212419431085, 0.021685454855791198, 0.02041159885695607, 0.019056064221564174, 0.017656707279948437, 0.01626614648165674, 0.015012383850973622, 0.013603567963072178, 0.012189757837366814, 0.010674529938407772, 0.009407142987148039, 0.008344525906195775, 0.007439054007672372, 0.0072034584519923735, 0.007775010970036668, 0.009047582903156274, 0.010731538882415681, 0.01253460028234948, 0.014333543563369548, 0.016070624592636203, 0.017817726146123574, 0.019557256660804743, 0.02116824086555951, 0.022529303997840977, 0.023628588936546305, 0.02391411988476377, 0.02359656311707365, 0.022355277074164143, 0.020961866673625245, 0.018393580144489934, 0.015660552711922182, 0.013874328661167971, 0.01254026736778108, 0.011812131260623127, 0.010800298354986543, 0.00961805971638548, 0.008471507575266851, 0.007656757785702683, 0.006719580941926242, 0.0056999472982024405, 0.005125787188458596, 0.00504686530895439, 0.005697178935649704, 0.006245540782853768, 0.0070976650798796875, 0.007900543705723831, 0.008755370167568399, 0.009807746909975117, 0.011209592216881203, 0.01276960312030194, 0.014467251258771754, 0.015865855510978952, 0.01751794577394112, 0.01978728846519214, 0.022540086452385207, 0.024859037758439572, 0.02589623397823137, 0.02611181133516041, 0.026565850619759173, 0.0272557734372972, 0.02776644526036269, 0.02799937699621002, 0.02818388188652303, 0.02806005928616626, 0.028083982827741123, 0.02781538632605852, 0.027763976455106594, 0.028120518002563644, 0.028688559534023904, 0.029389365084960088, 0.030059907204608147, 0.03052096911154336, 0.031053468449087778, 0.03142000488428638, 0.03173833045042581, 0.031892653890475096, 0.03198060527161537, 0.031944507243272385, 0.03180892531117334, 0.03180195743523648, 0.03175983113429147, 0.03185651864929952, 0.032146459060636644, 0.032526908876218445, 0.033087790299913135, 0.03370146462957083, 0.0342847740780508, 0.0344768243549477, 0.03441738754137779, 0.034008301029805295]",0.03370146462957083,0.09938334750540673,0.03300854744252488,0.00679886122176343,0.0,0.0,0.021001210882053867,0.09938334750540673,0.03300854744252488,0.00679886122176343,9.864,1717635310.585094,2024-06-06_10-55-10
0.5059,0.14664000000000002,0.43313159247559513,0.4064741751070171,0.18045592887752193,0.42748104491510475,0.5059,0.14664000000000002,0.45457597169210817,0.4064741751070171,0.18045592887752193,0.42748104491510475,0.0342847740780508,"[0.011315756658919754, 0.012192407496521018, 0.01288995615295488, 0.01359963525141729, 0.014321891165186378, 0.015181047888625853, 0.01592941522152252, 0.01673874496494045, 0.01751440457689525, 0.01835087734908702, 0.019202544572813795, 0.020070622325609303, 0.02095627718778323, 0.02186061264947246, 0.022737260153569413, 0.023681097053535004, 0.024646250751560458, 0.025633386418693636, 0.02659237614956749, 0.027623542314219474, 0.0286250346734827, 0.029647102596467904, 0.03056454213255984, 0.031680305841655834, 0.03263530150735364, 0.033606764937046466, 0.034593095597664145, 0.03536350794006898, 0.035930760474075646, 0.03631257033147624, 0.03661317474198803, 0.03688385713543919, 0.03738127616234113, 0.037934719347479336, 0.03858163380471939, 0.03921882339006296, 0.03999131852533767, 0.04074980907886149, 0.04127472956039594, 0.04151563832077664, 0.04151964454301027, 0.04123464219442919, 0.04096829512038153, 0.04056460486818273, 0.04028281736824196, 0.04000166841569801, 0.03919762289117317, 0.037812479337396496, 0.03622310391275238, 0.03453579653228067, 0.0330206041779641, 0.031565009966306234, 0.03054064037737075, 0.029904305612678588, 0.029394155816597912, 0.028896840658953926, 0.02825322628704274, 0.027685220830545497, 0.02666364029859006, 0.025486033827772144, 0.02414387260068274, 0.023028867611909868, 0.022681878550084772, 0.02299235797660897, 0.02387546679328945, 0.024738332374206702, 0.025547718436096926, 0.026640938816603423, 0.02759836215880636, 0.028240938725365098, 0.028199955208514017, 0.028168175430310402, 0.02767018559717724, 0.027414861073674215, 0.027239233260695786, 0.0274939869379551, 0.027874761581110984, 0.02868161073982207, 0.029514734605865275, 0.030345172291974937, 0.031248268714928727, 0.032298002681611045, 0.033509628354587276, 0.0348066615601669, 0.03569061118903811, 0.03631377821401384, 0.03654105211474412, 0.03646788532881584, 0.03572808397059345, 0.03427781350345514, 0.03309813106562172, 0.031639416134799855, 0.02970329439236902, 0.027599049067936567, 0.02603054913364457, 0.024090316372098155, 0.02220132238001286, 0.02051452966091278, 0.019044426362309692, 0.017805605247084858, 0.01643252777018217, 0.01523003850809785, 0.01424180324883461, 0.013706552220618947, 0.0130880570946912, 0.012988920737072255, 0.013178248200839212, 0.013386796436950147, 0.01359897371732897, 0.01439195864266014, 0.015495810506657983, 0.016686507754200334, 0.01807173050136072, 0.019341411872889052, 0.020370802976522343, 0.0213787239197115, 0.02262888584538598, 0.02401686851684336, 0.025523335513576738, 0.026670410326906566, 0.02758824337325398, 0.02810647098585074, 0.028219175888028712, 0.02804128716256827, 0.027840212128430745, 0.02799079668741686, 0.027988272685847155, 0.02831306909632167, 0.028434723397990712, 0.0285549391753426, 0.02832607944879636, 0.02800347501499142, 0.027460301198426997, 0.02681840364884072, 0.026203190519756815, 0.02552364346313934, 0.024940794741503684, 0.024553643852497812, 0.024009602077058226, 0.023587486328410737, 0.023053226444370627, 0.02237349941244249, 0.021247392964358097, 0.01948489409103017, 0.01759577829009665, 0.015969918059865678, 0.014849832783247986, 0.014164911869984548, 0.013546042864334782, 0.01328357500957488, 0.012905521640083246, 0.012806686101790404, 0.01256569256360443, 0.01270015008783326, 0.013333718053885597, 0.014364706842779438, 0.015230812921928084, 0.016214173123414017, 0.017422309714956504, 0.01848297873673576, 0.019690103784110968, 0.02062988015396428, 0.021304326954883004, 0.021542023987470748, 0.021445001132587415, 0.02128479356968176, 0.021154257299581803, 0.020548768777841446, 0.020419411659703072, 0.020346908766621045, 0.02018386842926173, 0.020060715556614095, 0.019970155121820186, 0.019905412966441507, 0.019860328269953802, 0.019689549628068632, 0.019110038324468673, 0.018401772510693467, 0.01773443768827515, 0.01691379473734185, 0.0163889904882787, 0.015891976533507178, 0.015695148472402557, 0.015634975895130635, 0.01548249397414641, 0.015250362203767827, 0.01446715870868431, 0.013690714184349355, 0.013111437378948002, 0.01280400987898366, 0.012789088065484542, 0.012885508256999974, 0.012645414791893052, 0.012533763320360268, 0.01300792748125149, 0.014045480441271196, 0.015593406388961941, 0.017496649938682926, 0.01947963017829757, 0.021814960986639112, 0.0244888991790445, 0.027455202671237973, 0.030462142682767764, 0.03347516022004274, 0.03632355277573078, 0.03911728575744543, 0.041489125175428104, 0.043617926344794986, 0.04507509866910146, 0.045973158335007626, 0.046666313335408376, 0.047747911364257295, 0.04910015737076979, 0.051170936172887156, 0.05323921785426519, 0.05484930583024696, 0.05598397968583077, 0.056516639752925084, 0.05678375349578094, 0.05655312215346535, 0.05709318659280136, 0.05753330561326649, 0.05822424761198231, 0.05856641837777238, 0.058663546697002605, 0.05829520111627496, 0.058019458378357286, 0.05786276302771312, 0.057678835712609886, 0.05721489013034267, 0.05620972754199197, 0.05488023496470325, 0.05291870088860013, 0.05085359195424363, 0.04836971777146554, 0.045888993393773454, 0.04332790860019442, 0.040721243397433354, 0.03815348906679705, 0.03609755066086763, 0.03431153121207709, 0.03269994312791247, 0.03113246913067769, 0.029533434333839276, 0.02779284963423818, 0.02581340528028532, 0.023636664296078556, 0.021032966406022018, 0.018298152858289164, 0.015471223173718233, 0.012975006021594128, 0.011476514573927241, 0.011190786613452559, 0.012013514795745658, 0.013192708648177051, 0.0146026096239084, 0.016627808096549106, 0.019288816219412905, 0.022115031993867204, 0.024956066779425322, 0.027947127033299147, 0.030317719296220055, 0.03213024736687776, 0.033908117916643665, 0.035613155393420214, 0.03695858371541455, 0.0370883147011733, 0.035844860180821725, 0.03331269225961453, 0.030127822662769057, 0.026675716455458534, 0.02305094507263966, 0.019294584365168215, 0.016588874620184203, 0.013459760460278334, 0.010513659470637583, 0.008184205378854309, 0.005908681970234855, 0.003908372487361734, 0.002250880846271649, 0.001837561814419065, 0.003902446460586522, 0.00649131804032715, 0.008842266053540701, 0.011337576744963709, 0.013847821453172829, 0.016241515374979285, 0.018506880743639053, 0.020753891025054552, 0.022854281545735794, 0.025177910908837288, 0.027764777035113285, 0.0302577363231247, 0.032552204835272186, 0.033962244268502154, 0.03530995724171245, 0.036795414568091225, 0.03840706162943578, 0.039993850675796264, 0.04133645030179679, 0.04211247094820217, 0.04239213751353172, 0.042192499106345205, 0.04200269786908514, 0.041897190162155235, 0.041830932940717325, 0.04166737666619139, 0.04206882264734189, 0.0426127097658282, 0.042895687146734904, 0.04300135533202284, 0.04249799814293581, 0.041897582995049115, 0.04072077112408416, 0.03927976254850985, 0.037331499513228325, 0.035889992777759706, 0.03456359233645024, 0.033243529781910974, 0.03199033675126687, 0.03059935779738079, 0.029272240636492235, 0.027900707354997015, 0.02654938414970694, 0.02543173352052397, 0.024311103096379235, 0.023065212419431085, 0.021685454855791198, 0.02041159885695607, 0.019056064221564174, 0.017656707279948437, 0.01626614648165674, 0.015012383850973622, 0.013603567963072178, 0.012189757837366814, 0.010674529938407772, 0.009407142987148039, 0.008344525906195775, 0.007439054007672372, 0.0072034584519923735, 0.007775010970036668, 0.009047582903156274, 0.010731538882415681, 0.01253460028234948, 0.014333543563369548, 0.016070624592636203, 0.017817726146123574, 0.019557256660804743, 0.02116824086555951, 0.022529303997840977, 0.023628588936546305, 0.02391411988476377, 0.02359656311707365, 0.022355277074164143, 0.020961866673625245, 0.018393580144489934, 0.015660552711922182, 0.013874328661167971, 0.01254026736778108, 0.011812131260623127, 0.010800298354986543, 0.00961805971638548, 0.008471507575266851, 0.007656757785702683, 0.006719580941926242, 0.0056999472982024405, 0.005125787188458596, 0.00504686530895439, 0.005697178935649704, 0.006245540782853768, 0.0070976650798796875, 0.007900543705723831, 0.008755370167568399, 0.009807746909975117, 0.011209592216881203, 0.01276960312030194, 0.014467251258771754, 0.015865855510978952, 0.01751794577394112, 0.01978728846519214, 0.022540086452385207, 0.024859037758439572, 0.02589623397823137, 0.02611181133516041, 0.026565850619759173, 0.0272557734372972, 0.02776644526036269, 0.02799937699621002, 0.02818388188652303, 0.02806005928616626, 0.028083982827741123, 0.02781538632605852, 0.027763976455106594, 0.028120518002563644, 0.028688559534023904, 0.029389365084960088, 0.030059907204608147, 0.03052096911154336, 0.031053468449087778, 0.03142000488428638, 0.03173833045042581, 0.031892653890475096, 0.03198060527161537, 0.031944507243272385, 0.03180892531117334, 0.03180195743523648, 0.03175983113429147, 0.03185651864929952, 0.032146459060636644, 0.032526908876218445, 0.033087790299913135, 0.03370146462957083, 0.0342847740780508, 0.0344768243549477, 0.03441738754137779, 0.034008301029805295]",0.0342847740780508,0.0994258248929829,0.03381592887752191,0.005650547560490382,0.0,0.0,0.021444379216513043,0.0994258248929829,0.03381592887752191,0.005650547560490382,9.888,1717635310.6093934,2024-06-06_10-55-10
0.5059,0.14736000000000002,0.4334644736006842,0.4064397352041599,0.18147510437693667,0.42848340233511967,0.5059,0.14736000000000002,0.4552345029827605,0.4064397352041599,0.18147510437693667,0.42848340233511967,0.0344768243549477,"[0.011315756658919754, 0.012192407496521018, 0.01288995615295488, 0.01359963525141729, 0.014321891165186378, 0.015181047888625853, 0.01592941522152252, 0.01673874496494045, 0.01751440457689525, 0.01835087734908702, 0.019202544572813795, 0.020070622325609303, 0.02095627718778323, 0.02186061264947246, 0.022737260153569413, 0.023681097053535004, 0.024646250751560458, 0.025633386418693636, 0.02659237614956749, 0.027623542314219474, 0.0286250346734827, 0.029647102596467904, 0.03056454213255984, 0.031680305841655834, 0.03263530150735364, 0.033606764937046466, 0.034593095597664145, 0.03536350794006898, 0.035930760474075646, 0.03631257033147624, 0.03661317474198803, 0.03688385713543919, 0.03738127616234113, 0.037934719347479336, 0.03858163380471939, 0.03921882339006296, 0.03999131852533767, 0.04074980907886149, 0.04127472956039594, 0.04151563832077664, 0.04151964454301027, 0.04123464219442919, 0.04096829512038153, 0.04056460486818273, 0.04028281736824196, 0.04000166841569801, 0.03919762289117317, 0.037812479337396496, 0.03622310391275238, 0.03453579653228067, 0.0330206041779641, 0.031565009966306234, 0.03054064037737075, 0.029904305612678588, 0.029394155816597912, 0.028896840658953926, 0.02825322628704274, 0.027685220830545497, 0.02666364029859006, 0.025486033827772144, 0.02414387260068274, 0.023028867611909868, 0.022681878550084772, 0.02299235797660897, 0.02387546679328945, 0.024738332374206702, 0.025547718436096926, 0.026640938816603423, 0.02759836215880636, 0.028240938725365098, 0.028199955208514017, 0.028168175430310402, 0.02767018559717724, 0.027414861073674215, 0.027239233260695786, 0.0274939869379551, 0.027874761581110984, 0.02868161073982207, 0.029514734605865275, 0.030345172291974937, 0.031248268714928727, 0.032298002681611045, 0.033509628354587276, 0.0348066615601669, 0.03569061118903811, 0.03631377821401384, 0.03654105211474412, 0.03646788532881584, 0.03572808397059345, 0.03427781350345514, 0.03309813106562172, 0.031639416134799855, 0.02970329439236902, 0.027599049067936567, 0.02603054913364457, 0.024090316372098155, 0.02220132238001286, 0.02051452966091278, 0.019044426362309692, 0.017805605247084858, 0.01643252777018217, 0.01523003850809785, 0.01424180324883461, 0.013706552220618947, 0.0130880570946912, 0.012988920737072255, 0.013178248200839212, 0.013386796436950147, 0.01359897371732897, 0.01439195864266014, 0.015495810506657983, 0.016686507754200334, 0.01807173050136072, 0.019341411872889052, 0.020370802976522343, 0.0213787239197115, 0.02262888584538598, 0.02401686851684336, 0.025523335513576738, 0.026670410326906566, 0.02758824337325398, 0.02810647098585074, 0.028219175888028712, 0.02804128716256827, 0.027840212128430745, 0.02799079668741686, 0.027988272685847155, 0.02831306909632167, 0.028434723397990712, 0.0285549391753426, 0.02832607944879636, 0.02800347501499142, 0.027460301198426997, 0.02681840364884072, 0.026203190519756815, 0.02552364346313934, 0.024940794741503684, 0.024553643852497812, 0.024009602077058226, 0.023587486328410737, 0.023053226444370627, 0.02237349941244249, 0.021247392964358097, 0.01948489409103017, 0.01759577829009665, 0.015969918059865678, 0.014849832783247986, 0.014164911869984548, 0.013546042864334782, 0.01328357500957488, 0.012905521640083246, 0.012806686101790404, 0.01256569256360443, 0.01270015008783326, 0.013333718053885597, 0.014364706842779438, 0.015230812921928084, 0.016214173123414017, 0.017422309714956504, 0.01848297873673576, 0.019690103784110968, 0.02062988015396428, 0.021304326954883004, 0.021542023987470748, 0.021445001132587415, 0.02128479356968176, 0.021154257299581803, 0.020548768777841446, 0.020419411659703072, 0.020346908766621045, 0.02018386842926173, 0.020060715556614095, 0.019970155121820186, 0.019905412966441507, 0.019860328269953802, 0.019689549628068632, 0.019110038324468673, 0.018401772510693467, 0.01773443768827515, 0.01691379473734185, 0.0163889904882787, 0.015891976533507178, 0.015695148472402557, 0.015634975895130635, 0.01548249397414641, 0.015250362203767827, 0.01446715870868431, 0.013690714184349355, 0.013111437378948002, 0.01280400987898366, 0.012789088065484542, 0.012885508256999974, 0.012645414791893052, 0.012533763320360268, 0.01300792748125149, 0.014045480441271196, 0.015593406388961941, 0.017496649938682926, 0.01947963017829757, 0.021814960986639112, 0.0244888991790445, 0.027455202671237973, 0.030462142682767764, 0.03347516022004274, 0.03632355277573078, 0.03911728575744543, 0.041489125175428104, 0.043617926344794986, 0.04507509866910146, 0.045973158335007626, 0.046666313335408376, 0.047747911364257295, 0.04910015737076979, 0.051170936172887156, 0.05323921785426519, 0.05484930583024696, 0.05598397968583077, 0.056516639752925084, 0.05678375349578094, 0.05655312215346535, 0.05709318659280136, 0.05753330561326649, 0.05822424761198231, 0.05856641837777238, 0.058663546697002605, 0.05829520111627496, 0.058019458378357286, 0.05786276302771312, 0.057678835712609886, 0.05721489013034267, 0.05620972754199197, 0.05488023496470325, 0.05291870088860013, 0.05085359195424363, 0.04836971777146554, 0.045888993393773454, 0.04332790860019442, 0.040721243397433354, 0.03815348906679705, 0.03609755066086763, 0.03431153121207709, 0.03269994312791247, 0.03113246913067769, 0.029533434333839276, 0.02779284963423818, 0.02581340528028532, 0.023636664296078556, 0.021032966406022018, 0.018298152858289164, 0.015471223173718233, 0.012975006021594128, 0.011476514573927241, 0.011190786613452559, 0.012013514795745658, 0.013192708648177051, 0.0146026096239084, 0.016627808096549106, 0.019288816219412905, 0.022115031993867204, 0.024956066779425322, 0.027947127033299147, 0.030317719296220055, 0.03213024736687776, 0.033908117916643665, 0.035613155393420214, 0.03695858371541455, 0.0370883147011733, 0.035844860180821725, 0.03331269225961453, 0.030127822662769057, 0.026675716455458534, 0.02305094507263966, 0.019294584365168215, 0.016588874620184203, 0.013459760460278334, 0.010513659470637583, 0.008184205378854309, 0.005908681970234855, 0.003908372487361734, 0.002250880846271649, 0.001837561814419065, 0.003902446460586522, 0.00649131804032715, 0.008842266053540701, 0.011337576744963709, 0.013847821453172829, 0.016241515374979285, 0.018506880743639053, 0.020753891025054552, 0.022854281545735794, 0.025177910908837288, 0.027764777035113285, 0.0302577363231247, 0.032552204835272186, 0.033962244268502154, 0.03530995724171245, 0.036795414568091225, 0.03840706162943578, 0.039993850675796264, 0.04133645030179679, 0.04211247094820217, 0.04239213751353172, 0.042192499106345205, 0.04200269786908514, 0.041897190162155235, 0.041830932940717325, 0.04166737666619139, 0.04206882264734189, 0.0426127097658282, 0.042895687146734904, 0.04300135533202284, 0.04249799814293581, 0.041897582995049115, 0.04072077112408416, 0.03927976254850985, 0.037331499513228325, 0.035889992777759706, 0.03456359233645024, 0.033243529781910974, 0.03199033675126687, 0.03059935779738079, 0.029272240636492235, 0.027900707354997015, 0.02654938414970694, 0.02543173352052397, 0.024311103096379235, 0.023065212419431085, 0.021685454855791198, 0.02041159885695607, 0.019056064221564174, 0.017656707279948437, 0.01626614648165674, 0.015012383850973622, 0.013603567963072178, 0.012189757837366814, 0.010674529938407772, 0.009407142987148039, 0.008344525906195775, 0.007439054007672372, 0.0072034584519923735, 0.007775010970036668, 0.009047582903156274, 0.010731538882415681, 0.01253460028234948, 0.014333543563369548, 0.016070624592636203, 0.017817726146123574, 0.019557256660804743, 0.02116824086555951, 0.022529303997840977, 0.023628588936546305, 0.02391411988476377, 0.02359656311707365, 0.022355277074164143, 0.020961866673625245, 0.018393580144489934, 0.015660552711922182, 0.013874328661167971, 0.01254026736778108, 0.011812131260623127, 0.010800298354986543, 0.00961805971638548, 0.008471507575266851, 0.007656757785702683, 0.006719580941926242, 0.0056999472982024405, 0.005125787188458596, 0.00504686530895439, 0.005697178935649704, 0.006245540782853768, 0.0070976650798796875, 0.007900543705723831, 0.008755370167568399, 0.009807746909975117, 0.011209592216881203, 0.01276960312030194, 0.014467251258771754, 0.015865855510978952, 0.01751794577394112, 0.01978728846519214, 0.022540086452385207, 0.024859037758439572, 0.02589623397823137, 0.02611181133516041, 0.026565850619759173, 0.0272557734372972, 0.02776644526036269, 0.02799937699621002, 0.02818388188652303, 0.02806005928616626, 0.028083982827741123, 0.02781538632605852, 0.027763976455106594, 0.028120518002563644, 0.028688559534023904, 0.029389365084960088, 0.030059907204608147, 0.03052096911154336, 0.031053468449087778, 0.03142000488428638, 0.03173833045042581, 0.031892653890475096, 0.03198060527161537, 0.031944507243272385, 0.03180892531117334, 0.03180195743523648, 0.03175983113429147, 0.03185651864929952, 0.032146459060636644, 0.032526908876218445, 0.033087790299913135, 0.03370146462957083, 0.0342847740780508, 0.0344768243549477, 0.03441738754137779, 0.034008301029805295]",0.0344768243549477,0.09946026479584014,0.034115104376936656,0.004981071265564518,0.0,0.0,0.02177002938207634,0.09946026479584014,0.034115104376936656,0.004981071265564518,9.911999999999999,1717635310.6331375,2024-06-06_10-55-10
0.5059,0.14808000000000002,0.4337843007695766,0.4064126951724017,0.18218895458031698,0.42918693384803747,0.5059,0.14808000000000002,0.4557624621483204,0.4064126951724017,0.18218895458031698,0.42918693384803747,0.03441738754137779,"[0.011315756658919754, 0.012192407496521018, 0.01288995615295488, 0.01359963525141729, 0.014321891165186378, 0.015181047888625853, 0.01592941522152252, 0.01673874496494045, 0.01751440457689525, 0.01835087734908702, 0.019202544572813795, 0.020070622325609303, 0.02095627718778323, 0.02186061264947246, 0.022737260153569413, 0.023681097053535004, 0.024646250751560458, 0.025633386418693636, 0.02659237614956749, 0.027623542314219474, 0.0286250346734827, 0.029647102596467904, 0.03056454213255984, 0.031680305841655834, 0.03263530150735364, 0.033606764937046466, 0.034593095597664145, 0.03536350794006898, 0.035930760474075646, 0.03631257033147624, 0.03661317474198803, 0.03688385713543919, 0.03738127616234113, 0.037934719347479336, 0.03858163380471939, 0.03921882339006296, 0.03999131852533767, 0.04074980907886149, 0.04127472956039594, 0.04151563832077664, 0.04151964454301027, 0.04123464219442919, 0.04096829512038153, 0.04056460486818273, 0.04028281736824196, 0.04000166841569801, 0.03919762289117317, 0.037812479337396496, 0.03622310391275238, 0.03453579653228067, 0.0330206041779641, 0.031565009966306234, 0.03054064037737075, 0.029904305612678588, 0.029394155816597912, 0.028896840658953926, 0.02825322628704274, 0.027685220830545497, 0.02666364029859006, 0.025486033827772144, 0.02414387260068274, 0.023028867611909868, 0.022681878550084772, 0.02299235797660897, 0.02387546679328945, 0.024738332374206702, 0.025547718436096926, 0.026640938816603423, 0.02759836215880636, 0.028240938725365098, 0.028199955208514017, 0.028168175430310402, 0.02767018559717724, 0.027414861073674215, 0.027239233260695786, 0.0274939869379551, 0.027874761581110984, 0.02868161073982207, 0.029514734605865275, 0.030345172291974937, 0.031248268714928727, 0.032298002681611045, 0.033509628354587276, 0.0348066615601669, 0.03569061118903811, 0.03631377821401384, 0.03654105211474412, 0.03646788532881584, 0.03572808397059345, 0.03427781350345514, 0.03309813106562172, 0.031639416134799855, 0.02970329439236902, 0.027599049067936567, 0.02603054913364457, 0.024090316372098155, 0.02220132238001286, 0.02051452966091278, 0.019044426362309692, 0.017805605247084858, 0.01643252777018217, 0.01523003850809785, 0.01424180324883461, 0.013706552220618947, 0.0130880570946912, 0.012988920737072255, 0.013178248200839212, 0.013386796436950147, 0.01359897371732897, 0.01439195864266014, 0.015495810506657983, 0.016686507754200334, 0.01807173050136072, 0.019341411872889052, 0.020370802976522343, 0.0213787239197115, 0.02262888584538598, 0.02401686851684336, 0.025523335513576738, 0.026670410326906566, 0.02758824337325398, 0.02810647098585074, 0.028219175888028712, 0.02804128716256827, 0.027840212128430745, 0.02799079668741686, 0.027988272685847155, 0.02831306909632167, 0.028434723397990712, 0.0285549391753426, 0.02832607944879636, 0.02800347501499142, 0.027460301198426997, 0.02681840364884072, 0.026203190519756815, 0.02552364346313934, 0.024940794741503684, 0.024553643852497812, 0.024009602077058226, 0.023587486328410737, 0.023053226444370627, 0.02237349941244249, 0.021247392964358097, 0.01948489409103017, 0.01759577829009665, 0.015969918059865678, 0.014849832783247986, 0.014164911869984548, 0.013546042864334782, 0.01328357500957488, 0.012905521640083246, 0.012806686101790404, 0.01256569256360443, 0.01270015008783326, 0.013333718053885597, 0.014364706842779438, 0.015230812921928084, 0.016214173123414017, 0.017422309714956504, 0.01848297873673576, 0.019690103784110968, 0.02062988015396428, 0.021304326954883004, 0.021542023987470748, 0.021445001132587415, 0.02128479356968176, 0.021154257299581803, 0.020548768777841446, 0.020419411659703072, 0.020346908766621045, 0.02018386842926173, 0.020060715556614095, 0.019970155121820186, 0.019905412966441507, 0.019860328269953802, 0.019689549628068632, 0.019110038324468673, 0.018401772510693467, 0.01773443768827515, 0.01691379473734185, 0.0163889904882787, 0.015891976533507178, 0.015695148472402557, 0.015634975895130635, 0.01548249397414641, 0.015250362203767827, 0.01446715870868431, 0.013690714184349355, 0.013111437378948002, 0.01280400987898366, 0.012789088065484542, 0.012885508256999974, 0.012645414791893052, 0.012533763320360268, 0.01300792748125149, 0.014045480441271196, 0.015593406388961941, 0.017496649938682926, 0.01947963017829757, 0.021814960986639112, 0.0244888991790445, 0.027455202671237973, 0.030462142682767764, 0.03347516022004274, 0.03632355277573078, 0.03911728575744543, 0.041489125175428104, 0.043617926344794986, 0.04507509866910146, 0.045973158335007626, 0.046666313335408376, 0.047747911364257295, 0.04910015737076979, 0.051170936172887156, 0.05323921785426519, 0.05484930583024696, 0.05598397968583077, 0.056516639752925084, 0.05678375349578094, 0.05655312215346535, 0.05709318659280136, 0.05753330561326649, 0.05822424761198231, 0.05856641837777238, 0.058663546697002605, 0.05829520111627496, 0.058019458378357286, 0.05786276302771312, 0.057678835712609886, 0.05721489013034267, 0.05620972754199197, 0.05488023496470325, 0.05291870088860013, 0.05085359195424363, 0.04836971777146554, 0.045888993393773454, 0.04332790860019442, 0.040721243397433354, 0.03815348906679705, 0.03609755066086763, 0.03431153121207709, 0.03269994312791247, 0.03113246913067769, 0.029533434333839276, 0.02779284963423818, 0.02581340528028532, 0.023636664296078556, 0.021032966406022018, 0.018298152858289164, 0.015471223173718233, 0.012975006021594128, 0.011476514573927241, 0.011190786613452559, 0.012013514795745658, 0.013192708648177051, 0.0146026096239084, 0.016627808096549106, 0.019288816219412905, 0.022115031993867204, 0.024956066779425322, 0.027947127033299147, 0.030317719296220055, 0.03213024736687776, 0.033908117916643665, 0.035613155393420214, 0.03695858371541455, 0.0370883147011733, 0.035844860180821725, 0.03331269225961453, 0.030127822662769057, 0.026675716455458534, 0.02305094507263966, 0.019294584365168215, 0.016588874620184203, 0.013459760460278334, 0.010513659470637583, 0.008184205378854309, 0.005908681970234855, 0.003908372487361734, 0.002250880846271649, 0.001837561814419065, 0.003902446460586522, 0.00649131804032715, 0.008842266053540701, 0.011337576744963709, 0.013847821453172829, 0.016241515374979285, 0.018506880743639053, 0.020753891025054552, 0.022854281545735794, 0.025177910908837288, 0.027764777035113285, 0.0302577363231247, 0.032552204835272186, 0.033962244268502154, 0.03530995724171245, 0.036795414568091225, 0.03840706162943578, 0.039993850675796264, 0.04133645030179679, 0.04211247094820217, 0.04239213751353172, 0.042192499106345205, 0.04200269786908514, 0.041897190162155235, 0.041830932940717325, 0.04166737666619139, 0.04206882264734189, 0.0426127097658282, 0.042895687146734904, 0.04300135533202284, 0.04249799814293581, 0.041897582995049115, 0.04072077112408416, 0.03927976254850985, 0.037331499513228325, 0.035889992777759706, 0.03456359233645024, 0.033243529781910974, 0.03199033675126687, 0.03059935779738079, 0.029272240636492235, 0.027900707354997015, 0.02654938414970694, 0.02543173352052397, 0.024311103096379235, 0.023065212419431085, 0.021685454855791198, 0.02041159885695607, 0.019056064221564174, 0.017656707279948437, 0.01626614648165674, 0.015012383850973622, 0.013603567963072178, 0.012189757837366814, 0.010674529938407772, 0.009407142987148039, 0.008344525906195775, 0.007439054007672372, 0.0072034584519923735, 0.007775010970036668, 0.009047582903156274, 0.010731538882415681, 0.01253460028234948, 0.014333543563369548, 0.016070624592636203, 0.017817726146123574, 0.019557256660804743, 0.02116824086555951, 0.022529303997840977, 0.023628588936546305, 0.02391411988476377, 0.02359656311707365, 0.022355277074164143, 0.020961866673625245, 0.018393580144489934, 0.015660552711922182, 0.013874328661167971, 0.01254026736778108, 0.011812131260623127, 0.010800298354986543, 0.00961805971638548, 0.008471507575266851, 0.007656757785702683, 0.006719580941926242, 0.0056999472982024405, 0.005125787188458596, 0.00504686530895439, 0.005697178935649704, 0.006245540782853768, 0.0070976650798796875, 0.007900543705723831, 0.008755370167568399, 0.009807746909975117, 0.011209592216881203, 0.01276960312030194, 0.014467251258771754, 0.015865855510978952, 0.01751794577394112, 0.01978728846519214, 0.022540086452385207, 0.024859037758439572, 0.02589623397823137, 0.02611181133516041, 0.026565850619759173, 0.0272557734372972, 0.02776644526036269, 0.02799937699621002, 0.02818388188652303, 0.02806005928616626, 0.028083982827741123, 0.02781538632605852, 0.027763976455106594, 0.028120518002563644, 0.028688559534023904, 0.029389365084960088, 0.030059907204608147, 0.03052096911154336, 0.031053468449087778, 0.03142000488428638, 0.03173833045042581, 0.031892653890475096, 0.03198060527161537, 0.031944507243272385, 0.03180892531117334, 0.03180195743523648, 0.03175983113429147, 0.03185651864929952, 0.032146459060636644, 0.032526908876218445, 0.033087790299913135, 0.03370146462957083, 0.0342847740780508, 0.0344768243549477, 0.03441738754137779, 0.034008301029805295]",0.03441738754137779,0.09948730482759832,0.03410895458031696,0.004597366921539114,0.0,0.0,0.02197816137874381,0.09948730482759832,0.03410895458031696,0.004597366921539114,9.936,1717635310.6582263,2024-06-06_10-55-10
0.5059,0.14880000000000002,0.4340945440106664,0.406400364530429,0.18249499634918845,0.42948892136415767,0.5059,0.14880000000000002,0.4562808373860777,0.406400364530429,0.18249499634918845,0.42948892136415767,0.034008301029805295,"[0.011315756658919754, 0.012192407496521018, 0.01288995615295488, 0.01359963525141729, 0.014321891165186378, 0.015181047888625853, 0.01592941522152252, 0.01673874496494045, 0.01751440457689525, 0.01835087734908702, 0.019202544572813795, 0.020070622325609303, 0.02095627718778323, 0.02186061264947246, 0.022737260153569413, 0.023681097053535004, 0.024646250751560458, 0.025633386418693636, 0.02659237614956749, 0.027623542314219474, 0.0286250346734827, 0.029647102596467904, 0.03056454213255984, 0.031680305841655834, 0.03263530150735364, 0.033606764937046466, 0.034593095597664145, 0.03536350794006898, 0.035930760474075646, 0.03631257033147624, 0.03661317474198803, 0.03688385713543919, 0.03738127616234113, 0.037934719347479336, 0.03858163380471939, 0.03921882339006296, 0.03999131852533767, 0.04074980907886149, 0.04127472956039594, 0.04151563832077664, 0.04151964454301027, 0.04123464219442919, 0.04096829512038153, 0.04056460486818273, 0.04028281736824196, 0.04000166841569801, 0.03919762289117317, 0.037812479337396496, 0.03622310391275238, 0.03453579653228067, 0.0330206041779641, 0.031565009966306234, 0.03054064037737075, 0.029904305612678588, 0.029394155816597912, 0.028896840658953926, 0.02825322628704274, 0.027685220830545497, 0.02666364029859006, 0.025486033827772144, 0.02414387260068274, 0.023028867611909868, 0.022681878550084772, 0.02299235797660897, 0.02387546679328945, 0.024738332374206702, 0.025547718436096926, 0.026640938816603423, 0.02759836215880636, 0.028240938725365098, 0.028199955208514017, 0.028168175430310402, 0.02767018559717724, 0.027414861073674215, 0.027239233260695786, 0.0274939869379551, 0.027874761581110984, 0.02868161073982207, 0.029514734605865275, 0.030345172291974937, 0.031248268714928727, 0.032298002681611045, 0.033509628354587276, 0.0348066615601669, 0.03569061118903811, 0.03631377821401384, 0.03654105211474412, 0.03646788532881584, 0.03572808397059345, 0.03427781350345514, 0.03309813106562172, 0.031639416134799855, 0.02970329439236902, 0.027599049067936567, 0.02603054913364457, 0.024090316372098155, 0.02220132238001286, 0.02051452966091278, 0.019044426362309692, 0.017805605247084858, 0.01643252777018217, 0.01523003850809785, 0.01424180324883461, 0.013706552220618947, 0.0130880570946912, 0.012988920737072255, 0.013178248200839212, 0.013386796436950147, 0.01359897371732897, 0.01439195864266014, 0.015495810506657983, 0.016686507754200334, 0.01807173050136072, 0.019341411872889052, 0.020370802976522343, 0.0213787239197115, 0.02262888584538598, 0.02401686851684336, 0.025523335513576738, 0.026670410326906566, 0.02758824337325398, 0.02810647098585074, 0.028219175888028712, 0.02804128716256827, 0.027840212128430745, 0.02799079668741686, 0.027988272685847155, 0.02831306909632167, 0.028434723397990712, 0.0285549391753426, 0.02832607944879636, 0.02800347501499142, 0.027460301198426997, 0.02681840364884072, 0.026203190519756815, 0.02552364346313934, 0.024940794741503684, 0.024553643852497812, 0.024009602077058226, 0.023587486328410737, 0.023053226444370627, 0.02237349941244249, 0.021247392964358097, 0.01948489409103017, 0.01759577829009665, 0.015969918059865678, 0.014849832783247986, 0.014164911869984548, 0.013546042864334782, 0.01328357500957488, 0.012905521640083246, 0.012806686101790404, 0.01256569256360443, 0.01270015008783326, 0.013333718053885597, 0.014364706842779438, 0.015230812921928084, 0.016214173123414017, 0.017422309714956504, 0.01848297873673576, 0.019690103784110968, 0.02062988015396428, 0.021304326954883004, 0.021542023987470748, 0.021445001132587415, 0.02128479356968176, 0.021154257299581803, 0.020548768777841446, 0.020419411659703072, 0.020346908766621045, 0.02018386842926173, 0.020060715556614095, 0.019970155121820186, 0.019905412966441507, 0.019860328269953802, 0.019689549628068632, 0.019110038324468673, 0.018401772510693467, 0.01773443768827515, 0.01691379473734185, 0.0163889904882787, 0.015891976533507178, 0.015695148472402557, 0.015634975895130635, 0.01548249397414641, 0.015250362203767827, 0.01446715870868431, 0.013690714184349355, 0.013111437378948002, 0.01280400987898366, 0.012789088065484542, 0.012885508256999974, 0.012645414791893052, 0.012533763320360268, 0.01300792748125149, 0.014045480441271196, 0.015593406388961941, 0.017496649938682926, 0.01947963017829757, 0.021814960986639112, 0.0244888991790445, 0.027455202671237973, 0.030462142682767764, 0.03347516022004274, 0.03632355277573078, 0.03911728575744543, 0.041489125175428104, 0.043617926344794986, 0.04507509866910146, 0.045973158335007626, 0.046666313335408376, 0.047747911364257295, 0.04910015737076979, 0.051170936172887156, 0.05323921785426519, 0.05484930583024696, 0.05598397968583077, 0.056516639752925084, 0.05678375349578094, 0.05655312215346535, 0.05709318659280136, 0.05753330561326649, 0.05822424761198231, 0.05856641837777238, 0.058663546697002605, 0.05829520111627496, 0.058019458378357286, 0.05786276302771312, 0.057678835712609886, 0.05721489013034267, 0.05620972754199197, 0.05488023496470325, 0.05291870088860013, 0.05085359195424363, 0.04836971777146554, 0.045888993393773454, 0.04332790860019442, 0.040721243397433354, 0.03815348906679705, 0.03609755066086763, 0.03431153121207709, 0.03269994312791247, 0.03113246913067769, 0.029533434333839276, 0.02779284963423818, 0.02581340528028532, 0.023636664296078556, 0.021032966406022018, 0.018298152858289164, 0.015471223173718233, 0.012975006021594128, 0.011476514573927241, 0.011190786613452559, 0.012013514795745658, 0.013192708648177051, 0.0146026096239084, 0.016627808096549106, 0.019288816219412905, 0.022115031993867204, 0.024956066779425322, 0.027947127033299147, 0.030317719296220055, 0.03213024736687776, 0.033908117916643665, 0.035613155393420214, 0.03695858371541455, 0.0370883147011733, 0.035844860180821725, 0.03331269225961453, 0.030127822662769057, 0.026675716455458534, 0.02305094507263966, 0.019294584365168215, 0.016588874620184203, 0.013459760460278334, 0.010513659470637583, 0.008184205378854309, 0.005908681970234855, 0.003908372487361734, 0.002250880846271649, 0.001837561814419065, 0.003902446460586522, 0.00649131804032715, 0.008842266053540701, 0.011337576744963709, 0.013847821453172829, 0.016241515374979285, 0.018506880743639053, 0.020753891025054552, 0.022854281545735794, 0.025177910908837288, 0.027764777035113285, 0.0302577363231247, 0.032552204835272186, 0.033962244268502154, 0.03530995724171245, 0.036795414568091225, 0.03840706162943578, 0.039993850675796264, 0.04133645030179679, 0.04211247094820217, 0.04239213751353172, 0.042192499106345205, 0.04200269786908514, 0.041897190162155235, 0.041830932940717325, 0.04166737666619139, 0.04206882264734189, 0.0426127097658282, 0.042895687146734904, 0.04300135533202284, 0.04249799814293581, 0.041897582995049115, 0.04072077112408416, 0.03927976254850985, 0.037331499513228325, 0.035889992777759706, 0.03456359233645024, 0.033243529781910974, 0.03199033675126687, 0.03059935779738079, 0.029272240636492235, 0.027900707354997015, 0.02654938414970694, 0.02543173352052397, 0.024311103096379235, 0.023065212419431085, 0.021685454855791198, 0.02041159885695607, 0.019056064221564174, 0.017656707279948437, 0.01626614648165674, 0.015012383850973622, 0.013603567963072178, 0.012189757837366814, 0.010674529938407772, 0.009407142987148039, 0.008344525906195775, 0.007439054007672372, 0.0072034584519923735, 0.007775010970036668, 0.009047582903156274, 0.010731538882415681, 0.01253460028234948, 0.014333543563369548, 0.016070624592636203, 0.017817726146123574, 0.019557256660804743, 0.02116824086555951, 0.022529303997840977, 0.023628588936546305, 0.02391411988476377, 0.02359656311707365, 0.022355277074164143, 0.020961866673625245, 0.018393580144489934, 0.015660552711922182, 0.013874328661167971, 0.01254026736778108, 0.011812131260623127, 0.010800298354986543, 0.00961805971638548, 0.008471507575266851, 0.007656757785702683, 0.006719580941926242, 0.0056999472982024405, 0.005125787188458596, 0.00504686530895439, 0.005697178935649704, 0.006245540782853768, 0.0070976650798796875, 0.007900543705723831, 0.008755370167568399, 0.009807746909975117, 0.011209592216881203, 0.01276960312030194, 0.014467251258771754, 0.015865855510978952, 0.01751794577394112, 0.01978728846519214, 0.022540086452385207, 0.024859037758439572, 0.02589623397823137, 0.02611181133516041, 0.026565850619759173, 0.0272557734372972, 0.02776644526036269, 0.02799937699621002, 0.02818388188652303, 0.02806005928616626, 0.028083982827741123, 0.02781538632605852, 0.027763976455106594, 0.028120518002563644, 0.028688559534023904, 0.029389365084960088, 0.030059907204608147, 0.03052096911154336, 0.031053468449087778, 0.03142000488428638, 0.03173833045042581, 0.031892653890475096, 0.03198060527161537, 0.031944507243272385, 0.03180892531117334, 0.03180195743523648, 0.03175983113429147, 0.03185651864929952, 0.032146459060636644, 0.032526908876218445, 0.033087790299913135, 0.03370146462957083, 0.0342847740780508, 0.0344768243549477, 0.03441738754137779, 0.034008301029805295]",0.034008301029805295,0.09949963546957102,0.03369499634918843,0.004605622646508711,0.0,0.0,0.022186293375411337,0.09949963546957102,0.03369499634918843,0.004605622646508711,9.96,1717635310.681411,2024-06-06_10-55-10
